-0.612524371778468 -0.620642608089784 0.0
0.612444707374187 -0.621152142364218 0.0
-0.594396749138832 0.61237245798111 0.0
0.61237245798111 0.61237245798111 0.0
-0.551289882755322 -0.620679570471671 0.0
0.612453980917289 -0.559910061125295 0.0
0.550995482097222 0.607622920206271 0.0
-0.603537182735275 0.549819882311795 0.0
-0.490057565505591 -0.620710422888314 0.0
0.612478355224564 -0.498661005273256 0.0
0.489869511460137 0.605777005366015 0.0
-0.607105286454876 0.487024806421199 0.0
-0.428828038630499 -0.620751173370078 0.0
0.612515487193529 -0.437403217812048 0.0
0.428841449946205 0.604817606118844 0.0
-0.609014736341465 0.424533518073797 0.0
-0.367599258148342 -0.620806466692064 0.0
0.612565108102605 -0.376134900602767 0.0
0.367841609575928 0.604271486383912 0.0
-0.610151707400879 0.362329700612261 0.0
-0.306368862555985 -0.620875230567642 0.0
0.612628121858352 -0.314853717943391 0.0
0.30684962779273 0.603947035194855 0.0
-0.610867743880727 0.300352145213106 0.0
-0.245134482469433 -0.620952989738318 0.0
0.612706068344243 -0.253556607622665 0.0
0.24586437932578 0.603751175246086 0.0
-0.611334864284539 0.238546098409122 0.0
-0.183894407662919 -0.621033233778447 0.0
0.612800723784203 -0.192239700152225 0.0
0.184893454875058 0.603635454782058 0.0
-0.611647204657362 0.176869592642636 0.0
-0.122647777793895 -0.621109342134277 0.0
0.612913715073613 -0.13089801675559 0.0
0.123949698601405 0.60357617068007 0.0
-0.611860032224785 0.115291723059913 0.0
-0.0613947862336207 -0.621175942424515 0.0
0.613046080335088 -0.0695255181750232 0.0
0.0630506492882479 0.603569902722624 0.0
-0.612007459560281 0.0537897335008146 0.0
-0.000136240318286495 -0.621229466560777 0.0
0.613197757974379 -0.00811470369235592 0.0
0.00221999429440395 0.603659267209374 0.0
-0.612111504937657 -0.00765269263404058 0.0
0.0611264964421286 -0.621268112404164 0.0
0.613367028689522 0.0533434023483535 0.0
-0.0585323479958158 0.603445777172292 0.0
-0.612187444990535 -0.0690472568379335 0.0
0.122391893452861 -0.621291509851454 0.0
0.613549982957603 0.114859769010635 0.0
-0.119263455985913 0.603228845750945 0.0
-0.612248898928573 -0.130401998480314 0.0
0.183658313409049 -0.621300320161428 0.0
0.613740074252241 0.176447911246415 0.0
-0.179950232666616 0.603585502059213 0.0
-0.612330716477932 -0.191723109933962 0.0
0.244924404372581 -0.621295909482795 0.0
0.613927686310781 0.238125391629157 0.0
-0.24043376628647 0.603803868378555 0.0
-0.612325902997352 -0.253033248432692 0.0
0.306188686721339 -0.621280176033629 0.0
0.614099198133117 0.299915481068681 0.0
-0.300642962703292 0.604172108059341 0.0
-0.612329448326179 -0.31433711230872 0.0
0.367449842775694 -0.621255570100809 0.0
0.614234041986872 0.361850966766665 0.0
-0.360343015722464 0.603664074346619 0.0
-0.612376092689881 -0.375622030061177 0.0
0.428706738868907 -0.621225312284666 0.0
0.61429583732643 0.423979693049497 0.0
-0.419781837342145 0.603525182359761 0.0
-0.612416197431305 -0.436891334043632 0.0
0.489958295850196 -0.621193769051332 0.0
0.614206751537174 0.4863722465911 0.0
-0.479066053333231 0.60557379804251 0.0
-0.612459762036771 -0.498148822436419 0.0
0.551204158094475 -0.621166858708966 0.0
0.613768040316152 0.549130329060912 0.0
-0.537460998412048 0.607499650540412 0.0
-0.612488955348151 -0.559398540700617 0.0
-0.551255156682273 -0.559435330406563 0.0
-0.551223689566484 -0.498184018601671 0.0
-0.551183313554075 -0.436923965796994 0.0
-0.551146041359393 -0.375658158997096 0.0
-0.551102981459158 -0.314386438695085 0.0
-0.551091723367318 -0.253098018064947 0.0
-0.551093017232916 -0.191781150852339 0.0
-0.551031383723407 -0.13043906111162 0.0
-0.550973706312977 -0.0690794922725716 0.0
-0.550902732706278 -0.00769513808850676 0.0
-0.550806306194428 0.0537200311617993 0.0
-0.55066994989966 0.11517126544372 0.0
-0.550472892262613 0.17666260806689 0.0
-0.550183034686042 0.23819565838258 0.0
-0.549748250397661 0.299765622545213 0.0
-0.549079075854155 0.361354726033254 0.0
-0.548009409541607 0.422920212122798 0.0
-0.546189488963052 0.484378783078286 0.0
-0.542708280575555 0.545624423876711 0.0
-0.490021716861413 -0.559465975251196 0.0
-0.489986583700202 -0.498216748717194 0.0
-0.489949327469196 -0.436960088595002 0.0
-0.489914164000657 -0.375695299838091 0.0
-0.489884330407973 -0.314417454436287 0.0
-0.489874676923424 -0.253129918216894 0.0
-0.489862526598483 -0.191834674226442 0.0
-0.489818435250361 -0.130521197407953 0.0
-0.489769439612661 -0.0691955162538243 0.0
-0.489706715514208 -0.00785823711563881 0.0
-0.489619779236885 0.0534890880127624 0.0
-0.4894945419096 0.114842623092964 0.0
-0.48930992460622 0.176194783479216 0.0
-0.489032469018156 0.237532894088913 0.0
-0.488606656096816 0.298837297215004 0.0
-0.487936146050642 0.36008250900087 0.0
-0.486845593830325 0.421247387709214 0.0
-0.485009859338162 0.482358065338613 0.0
-0.482196421975631 0.543684194177427 0.0
-0.428788125887865 -0.55950946374634 0.0
-0.428751251724666 -0.498263640728963 0.0
-0.428717068621242 -0.437011742843081 0.0
-0.428688087681381 -0.37575273833738 0.0
-0.428667143516104 -0.314486857502744 0.0
-0.428656393122616 -0.253217880273568 0.0
-0.428640404554875 -0.19194524607118 0.0
-0.428606269543007 -0.130665914203804 0.0
-0.428563545150929 -0.0693850517493153 0.0
-0.428505559589615 -0.0081066985648373 0.0
-0.428421941922341 0.0531636871263307 0.0
-0.428297543929599 0.114418516772359 0.0
-0.428109168517385 0.175647618147052 0.0
-0.427820172852152 0.236838945243494 0.0
-0.427371700023279 0.297980301279065 0.0
-0.426669322892014 0.359065751211973 0.0
-0.425570813204528 0.420110608761394 0.0
-0.423956175584154 0.481187115565936 0.0
-0.422036285323846 0.542399563403703 0.0
-0.367554391593175 -0.559567989478364 0.0
-0.367517031201172 -0.498327299545487 0.0
-0.367486323103762 -0.437083084058094 0.0
-0.367462615992374 -0.375835540189326 0.0
-0.367446108662761 -0.314586250002695 0.0
-0.367434321761044 -0.25333773503498 0.0
-0.367416847272158 -0.192090592352545 0.0
-0.367386558760756 -0.130845395763242 0.0
-0.36734490041564 -0.069606818518296 0.0
-0.367284975037614 -0.00837943891966997 0.0
-0.36719557666056 0.0528315227855401 0.0
-0.367059991577503 0.11402054384052 0.0
-0.366853025055357 0.175182734031335 0.0
-0.366536539521814 0.236316524508367 0.0
-0.366053799208026 0.297427986329251 0.0
-0.365326415211182 0.358540098017105 0.0
-0.364277122288784 0.419708508035481 0.0
-0.362943920120229 0.48103114435666 0.0
-0.361958683654466 0.542629149706904 0.0
-0.306319455680598 -0.55964013459221 0.0
-0.306282280181596 -0.498405273275027 0.0
-0.306254374452423 -0.4371697774484 0.0
-0.306233906629626 -0.375934329726158 0.0
-0.306218921140771 -0.314700628113662 0.0
-0.306205249595384 -0.253470705708899 0.0
-0.306185316134681 -0.192245836695255 0.0
-0.306153738851615 -0.131027653185123 0.0
-0.306107911446918 -0.0698196480841708 0.0
-0.306040146432653 -0.00862493307236709 0.0
-0.305938493085267 0.0525539108839477 0.0
-0.305785545389614 0.113715851574233 0.0
-0.305556247033341 0.174862994580557 0.0
-0.305215391588752 0.236003785862268 0.0
-0.30471690128014 0.29715721611786 0.0
-0.304013028080617 0.358359759183855 0.0
-0.303096212656915 0.419670105473256 0.0
-0.302126708211361 0.481155884294522 0.0
-0.301527485847791 0.542762101568592 0.0
-0.245081861100849 -0.559720738361989 0.0
-0.245045181140289 -0.498490985302785 0.0
-0.245019074128738 -0.437262982194592 0.0
-0.244999897139494 -0.376037442995108 0.0
-0.244984230591538 -0.314815826346589 0.0
-0.244967359182167 -0.25359970510301 0.0
-0.2449431760047 -0.192390328562996 0.0
-0.244906677703298 -0.131189078871336 0.0
-0.244853238453089 -0.0699979347313759 0.0
-0.244774688786392 -0.00881805389755203 0.0
-0.244659089898686 0.0523506252240799 0.0
-0.244489858932372 0.113510444112116 0.0
-0.244244708373125 0.174667299821547 0.0
-0.243895590561533 0.235832825009621 0.0
-0.243412941967701 0.297025985849107 0.0
-0.242782402741111 0.358273612952872 0.0
-0.242048581211399 0.41960210954926 0.0
-0.241366657306805 0.480998989961077 0.0
-0.240844631484713 0.542359416332293 0.0
-0.18384046974312 -0.559802834539331 0.0
-0.183804552260892 -0.498576573294838 0.0
-0.183779332361571 -0.437353680760381 0.0
-0.183759884275881 -0.376134690178221 0.0
-0.183741942974891 -0.314920658758814 0.0
-0.183720716857952 -0.253712648359373 0.0
-0.183690886451394 -0.192511520685688 0.0
-0.183647511467186 -0.131318002842081 0.0
-0.183585108441286 -0.0701327949913084 0.0
-0.183495561888978 -0.00895560487456198 0.0
-0.18336772052231 0.0522151614566335 0.0
-0.183186991864968 0.113383190281643 0.0
-0.1829354034988 0.174554944634391 0.0
-0.182593571961612 0.235740723440767 0.0
-0.182147750813442 0.296954229783169 0.0
-0.181607103894339 0.358210037182725 0.0
-0.181029795478805 0.419513191282733 0.0
-0.180519190909513 0.48084331691386 0.0
-0.180180019409734 0.542193588656258 0.0
-0.122594640494805 -0.559879702410838 0.0
-0.122559831948139 -0.498655084368724 0.0
-0.122534848224309 -0.437434686585262 0.0
-0.122514052043219 -0.376218802834942 0.0
-0.122492824553947 -0.315008077686762 0.0
-0.122466527688525 -0.253803098404328 0.0
-0.122430346351185 -0.1926042799804 0.0
-0.12237944071925 -0.13141174355379 0.0
-0.122308151785856 -0.0702253447505261 0.0
-0.122208846440862 -0.00904398888968802 0.0
-0.122071650149127 0.0521345188968575 0.0
-0.121884522965311 0.113314004899718 0.0
-0.121634230328091 0.174500171045299 0.0
-0.121309576627776 0.235700932273113 0.0
-0.120909141330791 0.296924908592146 0.0
-0.120454711941433 0.358177894648626 0.0
-0.120003572707238 0.419455334816659 0.0
-0.119648251737209 0.480738495952435 0.0
-0.119508293309803 0.541992690534989 0.0
-0.0613444664887422 -0.559946115866207 0.0
-0.0613111832450697 -0.498721490945747 0.0
-0.0612860611572613 -0.43750129040615 0.0
-0.0612632771343756 -0.376285607957959 0.0
-0.0612382291481479 -0.315074749330115 0.0
-0.0612065685358118 -0.253868920830259 0.0
-0.0611638904437066 -0.19266815839196 0.0
-0.0611055667113069 -0.131472127608257 0.0
-0.0610261491127058 -0.0702801548754994 0.0
-0.0609187482258296 -0.00909069563731614 0.0
-0.0607749970250075 0.0520987222126284 0.0
-0.0605855464940803 0.113291917447461 0.0
-0.0603416500842733 0.174494148661977 0.0
-0.0600388772867557 0.235712292018327 0.0
-0.0596839759959341 0.296953413587613 0.0
-0.0593039144075378 0.358222710511245 0.0
-0.0589525519699256 0.419521060648227 0.0
-0.058711324774637 0.480844759739402 0.0
-0.0587460955887132 0.542191511716873 0.0
-9.04291988288844e-05 -0.559998750869235 0.0
-5.90837774775551e-05 -0.498772850840726 0.0
-3.3650120144517e-05 -0.437551090468694 0.0
-8.55475737373055e-06 -0.376333441970081 0.0
2.05178330609156e-05 -0.315119967532242 0.0
5.75363525225646e-05 -0.253910588566319 0.0
0.000106510590163192 -0.192705044303852 0.0
0.000171751987115038 -0.131502663433787 0.0
0.000258270519276312 -0.0703024126632137 0.0
0.000372042609554322 -0.00910244244362449 0.0
0.000519797407113903 0.0520999205386528 0.0
0.000708176174024088 0.113308534279691 0.0
0.000941783968521168 0.174528449783145 0.0
0.00121949662360915 0.235766009634186 0.0
0.00152884197386349 0.297027561792471 0.0
0.00183980728954057 0.35831821318796 0.0
0.00210098691142044 0.419640173847045 0.0
0.00223484502607168 0.480991243133885 0.0
0.00216745636804936 0.542344951269694 0.0
0.0611665553292287 -0.560036045069433 0.0
0.061195643657735 -0.498807997894854 0.0
0.0612214655036539 -0.43758346615443 0.0
0.0612490086446631 -0.376362378771796 0.0
0.0612821128057294 -0.315144637788828 0.0
0.0613243046375495 -0.25392995871523 0.0
0.0613791844705144 -0.192717859236146 0.0
0.0614506600119892 -0.13150743230821 0.0
0.0615431531937902 -0.0702974245509653 0.0
0.0616616010673823 -0.00908584806828027 0.0
0.0618110068540082 0.0521299487808161 0.0
0.0619953400388693 0.113353513204697 0.0
0.0622154298212217 0.174589078050018 0.0
0.0624655602188263 0.235841342995076 0.0
0.0627290221476913 0.297113811257771 0.0
0.0629740068982581 0.35840697966369 0.0
0.0631519256238513 0.41971526179759 0.0
0.063207539769398 0.481020334118743 0.0
0.0631490940340983 0.542289741004438 0.0
0.122425446039635 -0.560057815332586 0.0
0.122452129160795 -0.498827076028565 0.0
0.122478415083162 -0.437599010041812 0.0
0.122508461045649 -0.376373561058449 0.0
0.122545508904552 -0.315150530965799 0.0
0.122592608305698 -0.253929490461007 0.0
0.122652934901178 -0.192709805886718 0.0
0.122729933688244 -0.1314904358176 0.0
0.122827351131558 -0.0702700543349492 0.0
0.122949026681716 -0.00904673870951117 0.0
0.123098258230691 0.0521818541903231 0.0
0.123276560100126 0.113418562743437 0.0
0.123481603311325 0.174666299515287 0.0
0.123704316568002 0.235927621147101 0.0
0.123925673202187 0.297202988674801 0.0
0.124114624001117 0.358489236556 0.0
0.124230805081202 0.41977747928533 0.0
0.124241974594305 0.481053252638552 0.0
0.124146340551805 0.542314983026417 0.0
0.183685095323736 -0.560064846539498 0.0
0.18370945317328 -0.498831104845988 0.0
0.183736347885189 -0.437599063270205 0.0
0.183768943969677 -0.376368706419066 0.0
0.183809827223295 -0.315139765627681 0.0
0.183861569137606 -0.253911704168208 0.0
0.183926925529605 -0.19268378874585 0.0
0.184008860639215 -0.131454920560284 0.0
0.184110426848769 -0.0702238079095675 0.0
0.184234399223922 -0.00898872524567082 0.0
0.184382522314409 0.0522522186921909 0.0
0.184554239518217 0.11350104694824 0.0
0.184744823951754 0.174759400527411 0.0
0.184943066261085 0.236028118783038 0.0
0.185129160732819 0.29730576194015 0.0
0.185274337882025 0.358587789445093 0.0
0.185345272408182 0.419866339788396 0.0
0.185314220841299 0.481133794300193 0.0
0.185166859890973 0.542389038267247 0.0
0.244944634056153 -0.560058577773106 0.0
0.244967006782993 -0.498821677732793 0.0
0.244994757950812 -0.437585420725552 0.0
0.245029981639324 -0.376349816021527 0.0
0.245074616278594 -0.315114516441765 0.0
0.245130793768702 -0.25387888111809 0.0
0.245200885261365 -0.192642090568636 0.0
0.245287400113568 -0.131403011478971 0.0
0.245392740210196 -0.0701604118859876 0.0
0.245518724732399 -0.00891277531950062 0.0
0.245665778431138 0.0523413686625525 0.0
0.245831708678496 0.113603354524197 0.0
0.246010081937006 0.174873852575067 0.0
0.246188438634765 0.236152538674345 0.0
0.246346975724974 0.297436883863736 0.0
0.246458887072141 0.358721883959427 0.0
0.246493479464121 0.420000610707039 0.0
0.246421264996606 0.481266286394675 0.0
0.246216785605325 0.54251586766268 0.0
0.306203072792789 -0.560040958336863 0.0
0.306224059996267 -0.498800852323171 0.0
0.30625300851316 -0.437560253397931 0.0
0.306290965238425 -0.376319129342678 0.0
0.306339299789176 -0.315077006503423 0.0
0.306399782016812 -0.253833103501549 0.0
0.306474463296194 -0.192586479504932 0.0
0.306565460932379 -0.131335924622184 0.0
0.306674615578351 -0.0700802073060243 0.0
0.306802945519333 -0.00881792864240721 0.0
0.306949820632926 0.0524521041450391 0.0
0.307111826569908 0.113730754074881 0.0
0.307281382140818 0.175018024619229 0.0
0.307445357763976 0.236312790205339 0.0
0.30758416969907 0.297611735292748 0.0
0.30767193217462 0.358909289186664 0.0
0.307677729687204 0.42019801244466 0.0
0.307566687712257 0.481469852709347 0.0
0.307300293132428 0.542719045235914 0.0
0.367459603374685 -0.560014511377919 0.0
0.367480013186134 -0.498771264929032 0.0
0.367510533325483 -0.437526274812062 0.0
0.367551313655642 -0.376279353730201 0.0
0.367603298322958 -0.315029820084642 0.0
0.367668002691953 -0.253776676922576 0.0
0.367747246048645 -0.192518774878946 0.0
0.36784284420683 -0.131254717035751 0.0
0.367956198139015 -0.0699831275876515 0.0
0.36808770994806 -0.0087025346931182 0.0
0.368235973431774 0.0525882233806535 0.0
0.368396741922059 0.113889845322006 0.0
0.368561755043582 0.175202021551843 0.0
0.368717619684405 0.236523171153749 0.0
0.368844978157826 0.297849391167221 0.0
0.368918001125887 0.359174291359712 0.0
0.368903493909059 0.420488964211858 0.0
0.368758085072382 0.481782391840409 0.0
0.368424269305859 0.543043974998459 0.0
0.428713594021575 -0.559982611329759 0.0
0.428734317481819 -0.498736468346733 0.0
0.428766709165124 -0.437487148054025 0.0
0.428810312451933 -0.376234169815154 0.0
0.428865831394563 -0.314976543540344 0.0
0.428934648321041 -0.253712943828866 0.0
0.429018451979604 -0.192441868642852 0.0
0.429118866444249 -0.131161542506111 0.0
0.429236998335976 -0.06987018985268 0.0
0.429372841926412 -0.00856592925200503 0.0
0.429524509224282 0.0527528039754694 0.0
0.429687307684797 0.114087085905625 0.0
0.429852739839549 0.175436935796032 0.0
0.430007528827654 0.236801007802267 0.0
0.430132640785746 0.298175405973744 0.0
0.430201838113055 0.359553147008497 0.0
0.430178356393767 0.420923285421853 0.0
0.430007341090542 0.482269890241653 0.0
0.429602867090095 0.543573067808371 0.0
0.489964334853214 -0.559949934545291 0.0
0.489986126812006 -0.49870144142527 0.0
0.490020480888231 -0.437448089171611 0.0
0.490066718632936 -0.376188993754476 0.0
0.490125485299476 -0.314922741049327 0.0
0.490198149777837 -0.253647532370945 0.0
0.490286372854794 -0.192361309751549 0.0
0.490391703116306 -0.131061627758285 0.0
0.490515109699067 -0.0697458995914102 0.0
0.490656401224948 -0.00841126549056313 0.0
0.490813515246022 0.0529450130167111 0.0
0.490981713391397 0.11432541393336 0.0
0.491152736540195 0.175731612400749 0.0
0.491313923007906 0.237164145958317 0.0
0.491447007924524 0.298621027781047 0.0
0.491525663194919 0.360096575481067 0.0
0.491509524747573 0.421579025313122 0.0
0.491330346642424 0.483046474790225 0.0
0.490862642832078 0.544462502124403 0.0
0.551211390339711 -0.55992295003477 0.0
0.551234586844006 -0.498673130742649 0.0
0.551270672725442 -0.437416600289136 0.0
0.551319052121812 -0.376151952148721 0.0
0.551380469159979 -0.314877258888751 0.0
0.551456371807309 -0.25359011211184 0.0
0.551548471291885 -0.19228765792596 0.0
0.55165833748819 -0.130966392192198 0.0
0.551786941350515 -0.0696223292056901 0.0
0.551934107791902 -0.00825077480826955 0.0
0.552097882279745 0.053153411653535 0.0
0.552273860760301 0.114595868976983 0.0
0.552454525453975 0.176082456859119 0.0
0.552628514742982 0.237619247089263 0.0
0.552779349472589 0.299211416846451 0.0
0.552882256008229 0.360861976942924 0.0
0.552895812309193 0.422567999126853 0.0
0.55274078884211 0.484311483147298 0.0
0.552246026977087 0.546039702034794 0.0
