-0.630441086186248 -0.708782721995227 0.0
0.605551760079897 -0.807450546398551 0.0
-0.45570707321167 0.61237245798111 0.0
0.61237245798111 0.61237245798111 0.0
-0.569603738108271 -0.715596685320406 0.0
0.609382611458749 -0.745799665794456 0.0
0.569546051068257 0.548936061261406 0.0
-0.477673709720935 0.530242602667646 0.0
-0.508721842338905 -0.722074503223259 0.0
0.614161836753387 -0.683577973291384 0.0
0.51711264316226 0.507656764488702 0.0
-0.495884711163085 0.453343031619068 0.0
-0.447877784574662 -0.728637277183378 0.0
0.619572346789529 -0.620732388854789 0.0
0.461606392567442 0.480271848898314 0.0
-0.50980040645866 0.379743835716571 0.0
-0.3870594269326 -0.735448507409652 0.0
0.625414743536856 -0.557231389060315 0.0
0.405204660664694 0.46193942728271 0.0
-0.52086602248274 0.308610093657739 0.0
-0.326221164779745 -0.742558222893371 0.0
0.631545309800798 -0.493046796452204 0.0
0.348665754696985 0.449767969237829 0.0
-0.530106322181498 0.239370445708892 0.0
-0.26528872057398 -0.7499188561549 0.0
0.637846513822634 -0.428145534272116 0.0
0.292254896492774 0.442013548676439 0.0
-0.538171420869053 0.171620703352787 0.0
-0.204174692581661 -0.757388322547379 0.0
0.644209631236836 -0.362485617529336 0.0
0.236076787254613 0.437621778782918 0.0
-0.545478947034972 0.105069038997975 0.0
-0.14279931617736 -0.764764670190453 0.0
0.650522445258883 -0.296013641040215 0.0
0.180200586864995 0.435978802349058 0.0
-0.552302905793066 0.0395003013361514 0.0
-0.0811079326570352 -0.771828014863912 0.0
0.656658754365193 -0.228663320911002 0.0
0.124714670504006 0.436810278994593 0.0
-0.558826987922706 -0.0252461750913936 0.0
-0.0190803858420037 -0.778375158820255 0.0
0.662468073911916 -0.160353766880589 0.0
0.0698859917007865 0.441581309805776 0.0
-0.565178955381468 -0.0892889585625869 0.0
0.0432668423151945 -0.78424224176029 0.0
0.667764163720643 -0.0909881756480257 0.0
0.0144558201353787 0.442163108772616 0.0
-0.571459155814615 -0.152711039694116 0.0
0.10588446658655 -0.789316816321931 0.0
0.672311319558552 -0.0204518470966819 0.0
-0.0414559265437947 0.443219511596874 0.0
-0.577791628732339 -0.215559214128121 0.0
0.168696956886203 -0.793542757155286 0.0
0.675806661450693 0.0513901115611638 0.0
-0.0961292376891533 0.455125137418267 0.0
-0.584655355941786 -0.277822044472338 0.0
0.231610458849734 -0.796921680177859 0.0
0.677855757842432 0.124696740094234 0.0
-0.150962953696599 0.46559240270058 0.0
-0.590255937682403 -0.340044901429717 0.0
0.294519847560568 -0.799513724907569 0.0
0.677936458272413 0.199656696172711 0.0
-0.204648858275549 0.479371864354389 0.0
-0.596198799644719 -0.402186644033532 0.0
0.357316310410069 -0.801439774361154 0.0
0.675342382126222 0.276499808502227 0.0
-0.259860343847079 0.491082224691704 0.0
-0.603092184307692 -0.463942390642136 0.0
0.419894993499299 -0.802886408836527 0.0
0.669090966445582 0.355521724576894 0.0
-0.315997805915889 0.504699578717672 0.0
-0.609968992830822 -0.525421239615737 0.0
0.482163899659443 -0.804115027705093 0.0
0.657779041345057 0.437149289940942 0.0
-0.368949810134789 0.527823880711846 0.0
-0.616969561217983 -0.58666793499269 0.0
0.54405679230542 -0.80547803183684 0.0
0.639445624213207 0.522151477897972 0.0
-0.418957052120836 0.559857657389344 0.0
-0.623640419293075 -0.647782475673295 0.0
-0.562843972627347 -0.654559784312339 0.0
-0.556101347464531 -0.593356339211261 0.0
-0.549135336394152 -0.53196008213872 0.0
-0.542318753371542 -0.47043186529623 0.0
-0.53554272932387 -0.408783353116865 0.0
-0.529511033134277 -0.346760335273827 0.0
-0.523794276314523 -0.284165130038 0.0
-0.51717127978473 -0.221182718054861 0.0
-0.510848113535508 -0.157868748751083 0.0
-0.504604027791273 -0.0941336644599864 0.0
-0.498329887300519 -0.0298955218284476 0.0
-0.491931136641383 0.0349218516834391 0.0
-0.485294286269148 0.100393499940286 0.0
-0.478265331497406 0.166589915602541 0.0
-0.470630563405701 0.233557321744338 0.0
-0.462104361151318 0.301263761802532 0.0
-0.452361240182472 0.369461558608942 0.0
-0.441276741806113 0.4373616655069 0.0
-0.430016315733616 0.502917634996987 0.0
-0.501943164848033 -0.660999016494424 0.0
-0.495115279471216 -0.599782303465755 0.0
-0.488235834387749 -0.53837470020289 0.0
-0.481481752709284 -0.476749471827174 0.0
-0.474948636225262 -0.414803702810421 0.0
-0.468928234542396 -0.352564304312536 0.0
-0.463013948558034 -0.290087207731872 0.0
-0.456731041713616 -0.227234510781024 0.0
-0.450589271714712 -0.164041199429252 0.0
-0.44452476871909 -0.100503223927802 0.0
-0.438473699205475 -0.0366127916318169 0.0
-0.432373330804225 0.0276226925073854 0.0
-0.4261514352413 0.0921637467397972 0.0
-0.419721306960858 0.1569128667358 0.0
-0.412987573701087 0.221670840203755 0.0
-0.405875327585476 0.2860737351636 0.0
-0.398406769807333 0.349527657642977 0.0
-0.390834043060342 0.411227738058184 0.0
-0.383124913150546 0.470448743607204 0.0
-0.441025234187717 -0.667596698910277 0.0
-0.434169950505084 -0.606398494726008 0.0
-0.427388679759748 -0.544994195116452 0.0
-0.420798745538188 -0.483345888338841 0.0
-0.414485136904643 -0.421440106942172 0.0
-0.408507523074725 -0.359325820543988 0.0
-0.4026028737805 -0.296997807686707 0.0
-0.39658642561735 -0.234406081307533 0.0
-0.390679586525368 -0.171588076285321 0.0
-0.384871655866498 -0.108581995007482 0.0
-0.379133183960292 -0.0454394801610104 0.0
-0.373432928763436 0.0177597010466928 0.0
-0.367736417910238 0.0808933783422501 0.0
-0.362004686457651 0.143783643942622 0.0
-0.35619534982725 0.206189526973714 0.0
-0.350264242373669 0.26782249061449 0.0
-0.344161511170022 0.32840668624837 0.0
-0.337762687880428 0.38778318286551 0.0
-0.330846959183557 0.446063373663351 0.0
-0.380110093916672 -0.674467197361876 0.0
-0.3732760975328 -0.613330552291641 0.0
-0.36662956971416 -0.551998911819404 0.0
-0.360227720390666 -0.490458677075892 0.0
-0.354099282348676 -0.428724107653986 0.0
-0.348218391216952 -0.366829037266326 0.0
-0.342424614961265 -0.304783155635043 0.0
-0.336644089479236 -0.242591349720576 0.0
-0.330979077838016 -0.18030521311854 0.0
-0.325436451249732 -0.117987855571329 0.0
-0.320004898671145 -0.0557168249732841 0.0
-0.314666404724523 0.00641201767562692 0.0
-0.309393196991523 0.0682852624010163 0.0
-0.304140476143138 0.129781441879981 0.0
-0.298836508420137 0.190792554629461 0.0
-0.293371421873926 0.251261405894434 0.0
-0.287581440029152 0.311226353208201 0.0
-0.28121900925149 0.370861721766577 0.0
-0.273907670786523 0.430461701401623 0.0
-0.319183199498697 -0.68165220811427 0.0
-0.312410588124103 -0.620607781507073 0.0
-0.305918044444461 -0.559396532508688 0.0
-0.299701208122815 -0.498019879218965 0.0
-0.293740653404791 -0.436501793214566 0.0
-0.287981603780853 -0.374876830547421 0.0
-0.282325010279922 -0.313171388845482 0.0
-0.276739764628686 -0.251417049717461 0.0
-0.271276129415004 -0.189670092832797 0.0
-0.265943544481506 -0.127994371556136 0.0
-0.260735545726389 -0.0664581198761514 0.0
-0.255634262890139 -0.00512984915396233 0.0
-0.250606506429726 0.0559299433817585 0.0
-0.245597515341149 0.116682809650431 0.0
-0.240525334486697 0.177130316078906 0.0
-0.235276768921427 0.237334224622348 0.0
-0.229698337291195 0.29743364294563 0.0
-0.223550854103704 0.357652745990042 0.0
-0.216225897256878 0.418273258189969 0.0
-0.258198959962878 -0.689084726601923 0.0
-0.251521426578663 -0.62813410581979 0.0
-0.245190311587705 -0.56704768962133 0.0
-0.239144991099024 -0.505836092440747 0.0
-0.233331272356189 -0.444528691876087 0.0
-0.227686935805389 -0.383162079475548 0.0
-0.222148114278389 -0.321770814668085 0.0
-0.216700730150052 -0.260394150175928 0.0
-0.21137161669009 -0.199082312858382 0.0
-0.206169488300039 -0.137886427578701 0.0
-0.201090755564381 -0.0768538451942618 0.0
-0.196121090660543 -0.0160230968590031 0.0
-0.19123387093508 0.044582291873844 0.0
-0.186388891034729 0.104961038180438 0.0
-0.181533335167504 0.165139229964486 0.0
-0.176604166862931 0.225171560588137 0.0
-0.171522373934089 0.285133244575582 0.0
-0.166133414704041 0.345097356905675 0.0
-0.15986946467937 0.405113258406158 0.0
-0.197095656840591 -0.696604066724917 0.0
-0.190545151098589 -0.63572252406294 0.0
-0.184375801696127 -0.574732236830109 0.0
-0.178481029678578 -0.513649360511418 0.0
-0.172784876205531 -0.452505145526787 0.0
-0.16722686198682 -0.391335820838234 0.0
-0.161764782361155 -0.330176982926756 0.0
-0.156393579093744 -0.269066142174878 0.0
-0.151131623337918 -0.208044067870607 0.0
-0.14598995030081 -0.147148726891725 0.0
-0.140971980526801 -0.0864119131444037 0.0
-0.136074455613966 -0.0258561960213772 0.0
-0.13128803672655 0.0345076867731196 0.0
-0.126598875846692 0.0946832077012444 0.0
-0.121991480215422 0.154688524096782 0.0
-0.117449831593106 0.214556819889742 0.0
-0.112944799458633 0.274339405768068 0.0
-0.108374833622875 0.334129378323588 0.0
-0.103532571442128 0.394196792572788 0.0
-0.135812418401578 -0.703996701932532 0.0
-0.129420806273647 -0.643143361021317 0.0
-0.123409436139943 -0.582200279845781 0.0
-0.117640164497172 -0.521186811884958 0.0
-0.112027589618496 -0.460133957124784 0.0
-0.106518695832285 -0.399075821644737 0.0
-0.101087561555252 -0.338045646565941 0.0
-0.0957372735312085 -0.277076357940136 0.0
-0.0904866420010645 -0.216200516521975 0.0
-0.0853528916302253 -0.155446901230808 0.0
-0.0803499780767498 -0.0948387834041241 0.0
-0.075489611051317 -0.0343926841233034 0.0
-0.0707832069950131 0.0258818808362362 0.0
-0.0662451739052802 0.0859818405416524 0.0
-0.0618976555602795 0.145907186187761 0.0
-0.0577754969107641 0.205655101188701 0.0
-0.0539310042362108 0.265210399850615 0.0
-0.0504788213333098 0.32453931980181 0.0
-0.0480341152728909 0.383586142796312 0.0
-0.074303716611182 -0.711038828811049 0.0
-0.0681019042282376 -0.650166481820936 0.0
-0.0622424589055865 -0.589213409984846 0.0
-0.0565726492916486 -0.528201302661621 0.0
-0.0510093869848051 -0.467160259604143 0.0
-0.0455120505071082 -0.406121708120337 0.0
-0.0400698153950757 -0.345115423642846 0.0
-0.0346951744403917 -0.284169310954809 0.0
-0.0294124638517469 -0.223309101952402 0.0
-0.0242474498759499 -0.162556291790262 0.0
-0.0192257479900204 -0.101926962979618 0.0
-0.0143739213382292 -0.0414303988617302 0.0
-0.00972169297316599 0.0189323653151468 0.0
-0.0053050014434159 0.0791713113088973 0.0
-0.00116959663558287 0.139311746518651 0.0
0.00262466199940394 0.19940501844695 0.0
0.00598684166978679 0.259552764259708 0.0
0.00867748585883202 0.319954612433575 0.0
0.00949865152444949 0.380919475331342 0.0
-0.0125481075600781 -0.71752920721499 0.0
-0.00656339182590304 -0.656591723599665 0.0
-0.000847846898070226 -0.595572292040559 0.0
0.00474786823166459 -0.534495199777866 0.0
0.0102935682882727 -0.473389849112415 0.0
0.0158129486394715 -0.412285008793462 0.0
0.0213011719343352 -0.351206684772601 0.0
0.0267347755212178 -0.290177779089432 0.0
0.032080889364359 -0.229217858448489 0.0
0.0373035194337432 -0.168341657593322 0.0
0.0423642479796125 -0.107557820244794 0.0
0.0472205397233375 -0.0468667205618642 0.0
0.051822723777742 0.0137426392565968 0.0
0.0561097555789269 0.0742981885701082 0.0
0.060002951063944 0.134853031248412 0.0
0.0633933076605282 0.195499658194474 0.0
0.0661009796860938 0.256387955713575 0.0
0.0677334969202365 0.317718011553684 0.0
0.0678658134435307 0.37947798492116 0.0
0.0494486504156269 -0.723309551271317 0.0
0.0551962471448178 -0.662266507513924 0.0
0.0607788780597495 -0.601130854878326 0.0
0.0663248759443267 -0.539930286939631 0.0
0.0718810782835145 -0.478693917415715 0.0
0.0774503917174782 -0.417447971721155 0.0
0.0830113046682195 -0.356214697226044 0.0
0.0885280291672503 -0.295012414804417 0.0
0.0939570869640023 -0.233855699999919 0.0
0.099250456248976 -0.172754509293416 0.0
0.104354756350445 -0.111713408787127 0.0
0.109208188294177 -0.050730032514886 0.0
0.113735701595599 0.0102066233018818 0.0
0.117841981086564 0.0711183755420025 0.0
0.121400354290733 0.132037991611015 0.0
0.124232289145413 0.193004372631127 0.0
0.126067528171756 0.254037214489875 0.0
0.126559528669216 0.315046942051533 0.0
0.125823934173383 0.375791420598812 0.0
0.111655766504759 -0.728274641400409 0.0
0.117157382536541 -0.667093662109595 0.0
0.122622620015583 -0.60580130303073 0.0
0.128142695914275 -0.544429387176983 0.0
0.133733648281842 -0.483006808066356 0.0
0.139374903236142 -0.421557107380286 0.0
0.145027665199765 -0.360098803776186 0.0
0.150643095564166 -0.298646276379321 0.0
0.156165953180151 -0.237210693205344 0.0
0.161535032484219 -0.175800028037037 0.0
0.166680665278426 -0.114419320599295 0.0
0.171520271891879 -0.0530705744190794 0.0
0.17595213974148 0.00824672425422491 0.0
0.179847081375889 0.0695344038890036 0.0
0.183036799476241 0.130791102539543 0.0
0.185298380267361 0.192003038161966 0.0
0.186350843515025 0.253124661414563 0.0
0.185943220686284 0.31407655206646 0.0
0.183995948261321 0.374922155597729 0.0
0.174022351870686 -0.732375898177851 0.0
0.179283697758243 -0.671033547578463 0.0
0.184652956219074 -0.609554380172676 0.0
0.190170748055777 -0.547974284127271 0.0
0.195817102216507 -0.486321144520025 0.0
0.201546972925973 -0.424615033575964 0.0
0.207304654436979 -0.362870312804486 0.0
0.213028509059924 -0.301097573545495 0.0
0.218651520840066 -0.239305412028237 0.0
0.224099364088756 -0.177501326616384 0.0
0.229286395795447 -0.115692943100123 0.0
0.234110155615505 -0.0538890188016815 0.0
0.238444422394237 0.00789884592384369 0.0
0.242130706717536 0.0696540967158328 0.0
0.244968041167382 0.131351071548214 0.0
0.246704439894425 0.19295007566469 0.0
0.247044204361384 0.254396029957204 0.0
0.245675464593516 0.315647622346618 0.0
0.242239255332399 0.376726763080718 0.0
0.23648409223005 -0.735622209004584 0.0
0.241527763509939 -0.67410433988951 0.0
0.246828727798213 -0.612418757829821 0.0
0.252367448867026 -0.550603825168156 0.0
0.258086076804284 -0.488684382122207 0.0
0.26391615534666 -0.426675341432107 0.0
0.269786646456692 -0.364585690685617 0.0
0.275624340247708 -0.30242143192192 0.0
0.281351379995275 -0.240188057207404 0.0
0.286881273698765 -0.177892103584527 0.0
0.29211357911236 -0.115543063237805 0.0
0.296927526346435 -0.0531551087882579 0.0
0.30117447577132 0.00925049028865973 0.0
0.304669194918463 0.0716427362179667 0.0
0.307180317431915 0.133976728683059 0.0
0.308422645290573 0.196190288184047 0.0
0.308052961389104 0.258204798680329 0.0
0.305656533223239 0.3199324172393 0.0
0.300675317175628 0.381267913437239 0.0
0.298969383291407 -0.738080885495723 0.0
0.303835405168832 -0.676383269310819 0.0
0.309100747749695 -0.614482163366818 0.0
0.314681712969698 -0.552414654190173 0.0
0.32048463011341 -0.490199179532818 0.0
0.326420797856457 -0.427842985819606 0.0
0.332406498167779 -0.365347761709076 0.0
0.33835885376345 -0.302713247337685 0.0
0.344190591185675 -0.239940104156898 0.0
0.349804303349267 -0.177031848492885 0.0
0.355085990511923 -0.113997249626011 0.0
0.359897848601976 -0.0508527560401447 0.0
0.364070037963403 0.0123740250381974 0.0
0.367391410605531 0.0756400955611315 0.0
0.36959928341514 0.138880598458304 0.0
0.370368487955205 0.202002093510264 0.0
0.369295930651059 0.264875223264555 0.0
0.365864352889785 0.327323615920993 0.0
0.359349971746427 0.389092352551326 0.0
0.361405843632909 -0.739880849287166 0.0
0.366149563093338 -0.678010640206816 0.0
0.371413509723208 -0.615895565195334 0.0
0.377053346059931 -0.553565277077825 0.0
0.382945804132268 -0.491027555838697 0.0
0.388986892583923 -0.428279161477318 0.0
0.395083551438224 -0.365312322810086 0.0
0.40114538865208 -0.302118434222295 0.0
0.40707716304217 -0.238690858857506 0.0
0.412771652460554 -0.175026874523785 0.0
0.418102244668253 -0.11113032965819 0.0
0.422914972182143 -0.0470147570795483 0.0
0.427019575439824 0.0172917404285886 0.0
0.430179435427435 0.0817397418738639 0.0
0.432099830677597 0.146247777606784 0.0
0.432413126173018 0.21068822718752 0.0
0.430654480388126 0.274866905784943 0.0
0.426210332490033 0.338490117114175 0.0
0.418200987899639 0.401101152092803 0.0
0.423725635026895 -0.74121947528138 0.0
0.428411673546967 -0.67919751998909 0.0
0.433704236126452 -0.616880441228923 0.0
0.439411187705013 -0.55428253635975 0.0
0.445389556724303 -0.491396855654271 0.0
0.451526064438487 -0.428207499535913 0.0
0.457721736098655 -0.364695677460807 0.0
0.463880546402443 -0.300842614377116 0.0
0.469900293490378 -0.236631613117478 0.0
0.475664483466056 -0.172049470043845 0.0
0.481034188825288 -0.107088925157456 0.0
0.485839417822077 -0.0417520313287279 0.0
0.489869441141756 0.0239439688670026 0.0
0.492861713978798 0.0899576524539717 0.0
0.494488330952884 0.156208014073726 0.0
0.494337791878135 0.222550782450768 0.0
0.491884934384327 0.288738450804769 0.0
0.486430133429234 0.354349032388116 0.0
0.476948820841778 0.418649601832828 0.0
0.485868294961686 -0.742374896262016 0.0
0.490558832245767 -0.680237830640937 0.0
0.495898189387252 -0.617738509072572 0.0
0.501668606901165 -0.554868544737987 0.0
0.507719231483476 -0.491604441923908 0.0
0.51393331779402 -0.427917836906834 0.0
0.520208640328575 -0.363779189747572 0.0
0.526444522007116 -0.299158697871418 0.0
0.532531887301169 -0.234026852391236 0.0
0.538344532373391 -0.168354733376494 0.0
0.543730334452884 -0.102115601795714 0.0
0.548501811518468 -0.0352875755591439 0.0
0.552425329482614 0.0321410043140921 0.0
0.555208369341781 0.10016266220698 0.0
0.556483473459305 0.168734054105844 0.0
0.555786742042706 0.237746747212491 0.0
0.552525295239024 0.306969740143449 0.0
0.545917287871305 0.375927080648929 0.0
0.534830945952628 0.443609346343529 0.0
0.547778033852725 -0.743727380383924 0.0
0.552514115707228 -0.681525843860467 0.0
0.557899248361039 -0.618861842520749 0.0
0.563716622542482 -0.555703504454208 0.0
0.569817815524603 -0.49201581389062 0.0
0.576086245935919 -0.427763126795086 0.0
0.582417205058039 -0.362908126347136 0.0
0.588704922214776 -0.297410004542129 0.0
0.594832426834851 -0.231223349895981 0.0
0.600662276573632 -0.164297158038299 0.0
0.606026812245162 -0.0965750538798076 0.0
0.610717217130368 -0.0279961071243748 0.0
0.614470372483351 0.0415025923553208 0.0
0.616952386028047 0.111981353867263 0.0
0.617736684032967 0.183487841009413 0.0
0.616274242546521 0.256037992629039 0.0
0.611852816132009 0.329572241901256 0.0
0.603542230309299 0.403839062084301 0.0
0.590100189736236 0.478006309209321 0.0
