-0.611889370837445 -0.686271445403555 0.0
0.619486370294333 -0.728533785268562 0.0
-0.529947370290756 0.61237245798111 0.0
0.61237245798111 0.61237245798111 0.0
-0.550750022946266 -0.689175871803169 0.0
0.620949703362009 -0.667040978289958 0.0
0.561092903337547 0.567881467776013 0.0
-0.542268525774626 0.534897375299756 0.0
-0.489614841223 -0.691881193543572 0.0
0.622883913368229 -0.605238050731429 0.0
0.503756558331399 0.542600112392826 0.0
-0.552133056203854 0.461657970855698 0.0
-0.428521033400817 -0.69465905078779 0.0
0.625136314787313 -0.543102989442535 0.0
0.445492865675065 0.526996274568589 0.0
-0.559280524513438 0.391162004114317 0.0
-0.367456063694164 -0.697620469041188 0.0
0.627618919848382 -0.480621440672094 0.0
0.38714983740914 0.516875311981301 0.0
-0.564689647652358 0.322632557183552 0.0
-0.306390632979389 -0.700803595493264 0.0
0.630274489985896 -0.417777670629105 0.0
0.328858334358275 0.51021004938212 0.0
-0.569018620313152 0.255557686942313 0.0
-0.245280881211589 -0.704185025692548 0.0
0.633060084995247 -0.354550695448495 0.0
0.270630949904398 0.505932545040395 0.0
-0.572666584302864 0.189591242591894 0.0
-0.184077946562918 -0.70768231777227 0.0
0.635937224033121 -0.290912444987211 0.0
0.212475501861744 0.503448228092004 0.0
-0.575880866138144 0.124493571106717 0.0
-0.122738934853626 -0.711175890936069 0.0
0.638864744487412 -0.226826388374065 0.0
0.154416962823594 0.502430081925072 0.0
-0.578819624858655 0.0600945543556517 0.0
-0.0612353518539193 -0.714534566890134 0.0
0.641792481997591 -0.162246670789689 0.0
0.0965040684116851 0.502757863712744 0.0
-0.581587452758765 -0.00372893508757875 0.0
0.000443046938700342 -0.717636179469186 0.0
0.644654807384648 -0.0971166615783546 0.0
0.0388313069296147 0.504955646742137 0.0
-0.584257495041715 -0.0670656756497396 0.0
0.0622876191288297 -0.720380859922966 0.0
0.647363219253672 -0.0313676078283688 0.0
-0.0191157414353683 0.50538286153267 0.0
-0.586889758510908 -0.1299774665761 0.0
0.124273031195295 -0.722697994086729 0.0
0.649797318542027 0.0350837442205585 0.0
-0.0774199276973085 0.50641826899635 0.0
-0.58956601315393 -0.192501758095836 0.0
0.186360427883698 -0.724548972323137 0.0
0.651792930937824 0.102338375866308 0.0
-0.13546245300745 0.512167176219239 0.0
-0.592617587153083 -0.254652260115224 0.0
0.248501360276655 -0.725927988990847 0.0
0.653125122451069 0.170520590438581 0.0
-0.193285177037328 0.517856060003437 0.0
-0.594746414237647 -0.316719237722831 0.0
0.310640912628544 -0.726862657540558 0.0
0.653481115659997 0.239786025226477 0.0
-0.250628534351022 0.525345390883708 0.0
-0.597114820173221 -0.378743594873961 0.0
0.372721595437265 -0.727415654368104 0.0
0.652412848502476 0.310335744069152 0.0
-0.308471006384218 0.532100351439169 0.0
-0.600144252133305 -0.440555176401458 0.0
0.434687417091446 -0.727687988866944 0.0
0.649246217080625 0.382438096882304 0.0
-0.36684761229107 0.540369398644539 0.0
-0.603135393473153 -0.50217638529811 0.0
0.496488946085108 -0.727824200210443 0.0
0.642896575609387 0.456459933035268 0.0
-0.424174531363779 0.554229122023595 0.0
-0.606188943257897 -0.563641487110225 0.0
0.558091420541754 -0.728019907617573 0.0
0.631511540968962 0.53289671564023 0.0
-0.480616607740521 0.574043388373573 0.0
-0.608997156345295 -0.62499622189791 0.0
-0.547887179777473 -0.627883352346781 0.0
-0.545031780125152 -0.566477513566804 0.0
-0.542003955258046 -0.50492802374017 0.0
-0.539051789085028 -0.443294420253902 0.0
-0.536105185513136 -0.381579521942785 0.0
-0.533674480334928 -0.319650046362001 0.0
-0.531465970572529 -0.257342403253903 0.0
-0.528603346830738 -0.194725424613944 0.0
-0.525949445964103 -0.131899132770762 0.0
-0.523351765186983 -0.068792159015977 0.0
-0.520741150621297 -0.00534369949957595 0.0
-0.518062197960419 0.058501959458756 0.0
-0.515251183352273 0.122799890596161 0.0
-0.51222229720628 0.187602869849273 0.0
-0.508854609870214 0.252948160997535 0.0
-0.504980384322107 0.318821601304103 0.0
-0.500390934276444 0.385066011723677 0.0
-0.494938066129245 0.451158420737166 0.0
-0.489032377865415 0.515664302751951 0.0
-0.486740505946724 -0.630564395292672 0.0
-0.48381927119829 -0.569149159695359 0.0
-0.480840956645384 -0.507602482683902 0.0
-0.477927429698397 -0.445914545613809 0.0
-0.475153911139469 -0.384020262291389 0.0
-0.472730747137405 -0.321951306679168 0.0
-0.470369399990268 -0.259728794196231 0.0
-0.467735643788671 -0.197234690349409 0.0
-0.465197903882295 -0.134516981949308 0.0
-0.462711324153992 -0.0715705550672036 0.0
-0.460234610824299 -0.00838782837812433 0.0
-0.45772937908281 0.0550281348398558 0.0
-0.455151800004074 0.118652879196741 0.0
-0.452446189975777 0.182424376845062 0.0
-0.449540996695998 0.246215682370914 0.0
-0.44634964864461 0.309795765707153 0.0
-0.442781412317274 0.372785956287109 0.0
-0.438749739949455 0.434655092794902 0.0
-0.433618629376456 0.494848308373288 0.0
-0.425591238164549 -0.633363124243421 0.0
-0.42263868913822 -0.57196136963706 0.0
-0.419713506341809 -0.510425640906738 0.0
-0.416900865147844 -0.448735876628742 0.0
-0.414266354053366 -0.386886344619657 0.0
-0.411854886309718 -0.324913791142382 0.0
-0.409480630255377 -0.262802665705184 0.0
-0.407012765775232 -0.200507198881909 0.0
-0.404610921404646 -0.138062285427848 0.0
-0.402264789591885 -0.0754921070286648 0.0
-0.399951266708713 -0.012828452912316 0.0
-0.397644955321272 0.0498790146293343 0.0
-0.395314510017807 0.112553933102518 0.0
-0.392916771686681 0.175085313018322 0.0
-0.390388989835736 0.237322533023619 0.0
-0.387637319302333 0.299082892381054 0.0
-0.384517038927682 0.360183284924001 0.0
-0.380752780080969 0.420501357742972 0.0
-0.37601024286393 0.480162914615335 0.0
-0.364449709926802 -0.636360289978 0.0
-0.361492713602477 -0.575002599309144 0.0
-0.358638531448092 -0.513525250562026 0.0
-0.355933722094295 -0.451921507930978 0.0
-0.353404192945552 -0.390201597994293 0.0
-0.351033932306279 -0.32838669227981 0.0
-0.348708281574403 -0.266474003969942 0.0
-0.346372469592622 -0.204459598805697 0.0
-0.344096707011365 -0.142380566658342 0.0
-0.341879556071614 -0.0802768731832397 0.0
-0.339705576859965 -0.0181969216380533 0.0
-0.337552571875943 0.0437991340123711 0.0
-0.335387730806559 0.10563935336663 0.0
-0.333159988354728 0.167245275079708 0.0
-0.330789501902044 0.228543903237974 0.0
-0.328154487143798 0.289490077452836 0.0
-0.325071977621249 0.350097409412887 0.0
-0.321299616534003 0.410485996014813 0.0
-0.316713760921281 0.470900567870875 0.0
-0.303306296774972 -0.639590576483581 0.0
-0.300365504957629 -0.578299511103242 0.0
-0.297589145977597 -0.516913021423314 0.0
-0.294983888795377 -0.455431197782227 0.0
-0.292541926114525 -0.393867840994544 0.0
-0.290225672277601 -0.332241805551851 0.0
-0.287962183373752 -0.270563206376083 0.0
-0.285724542766972 -0.208847903928008 0.0
-0.283542441834847 -0.147133048485275 0.0
-0.281413963615722 -0.0854592701530557 0.0
-0.279324865270385 -0.0238701475136009 0.0
-0.277251557255111 0.037589608328451 0.0
-0.275157465152986 0.0988787767789535 0.0
-0.272986977958963 0.159968237737391 0.0
-0.270658687178762 0.220852527131609 0.0
-0.268059155905522 0.281565154258006 0.0
-0.265042793826136 0.342197023182341 0.0
-0.261459770549349 0.402912333900437 0.0
-0.257140413533943 0.463922541277779 0.0
-0.242135491330246 -0.643019611624941 0.0
-0.239228024158957 -0.581798678947544 0.0
-0.236530558984172 -0.520506829616106 0.0
-0.234012968446274 -0.4591472410631 0.0
-0.231642804292176 -0.397735063831605 0.0
-0.22937585089462 -0.336289301455188 0.0
-0.227162322235022 -0.274826795063749 0.0
-0.224985283817551 -0.213369668352354 0.0
-0.222855383873974 -0.151950227001162 0.0
-0.220768707242584 -0.0906013824191176 0.0
-0.218711767316206 -0.0293542063477552 0.0
-0.216662367885684 0.0317650269442765 0.0
-0.214587467368096 0.0927388402137777 0.0
-0.212440428502954 0.153563994670877 0.0
-0.210159439925882 0.214256412089827 0.0
-0.207669850012308 0.274855722707068 0.0
-0.204896231472585 0.335425243665112 0.0
-0.201775855979015 0.396037343532606 0.0
-0.198113468840232 0.456743768795697 0.0
-0.180905167956141 -0.646554276390896 0.0
-0.17804822194222 -0.585390103795821 0.0
-0.175428285617058 -0.524175465390888 0.0
-0.172984573776178 -0.462914802946812 0.0
-0.170668516345351 -0.401623108926316 0.0
-0.168435406427569 -0.340318824140103 0.0
-0.166248864473649 -0.279020463464399 0.0
-0.164096303194478 -0.217749708746741 0.0
-0.161980264440177 -0.156532324959653 0.0
-0.159896780315268 -0.095392630188856 0.0
-0.157835532878085 -0.0343513246627158 0.0
-0.155780088303381 0.0265766900304971 0.0
-0.153707283326007 0.0873844669932252 0.0
-0.151587055273463 0.148075616345558 0.0
-0.149384288726063 0.208665885263459 0.0
-0.147064950426417 0.269184848110619 0.0
-0.144607104576305 0.329676520048186 0.0
-0.141999627514164 0.390204373388393 0.0
-0.13926390075826 0.450919618381829 0.0
-0.119585145593252 -0.650068367705459 0.0
-0.116797140643408 -0.588937428176142 0.0
-0.114252542636405 -0.527770089481073 0.0
-0.111868442015289 -0.466571277353029 0.0
-0.10958785116786 -0.405355091012876 0.0
-0.107369015029934 -0.344138623853187 0.0
-0.105184756762942 -0.282939474893187 0.0
-0.103025997975155 -0.221776592075781 0.0
-0.100893397785983 -0.160669972776927 0.0
-0.0987853841651927 -0.0996374230939699 0.0
-0.0966970632414499 -0.0386931746073033 0.0
-0.0946205135020893 0.0221534048509842 0.0
-0.0925454100864932 0.0828986892377324 0.0
-0.0904608263843519 0.143545738298774 0.0
-0.0883597302026835 0.204103662833102 0.0
-0.0862482472933587 0.264585789839421 0.0
-0.0841617422597637 0.325004062444323 0.0
-0.0822081881160506 0.385361759305508 0.0
-0.0808038520487889 0.445634059481078 0.0
-0.0581537673111833 -0.653428345468538 0.0
-0.0554536849116061 -0.592303149838125 0.0
-0.0529820711513799 -0.531148331938236 0.0
-0.0506438745409717 -0.469969454898918 0.0
-0.0483807684087377 -0.408779756609451 0.0
-0.0461567202370926 -0.347594774048563 0.0
-0.0439525018389604 -0.286430258054164 0.0
-0.0417632540952007 -0.225302018514917 0.0
-0.0395913717435627 -0.164225399427341 0.0
-0.0374394771578544 -0.103213255526667 0.0
-0.0353093952182513 -0.0422749755543255 0.0
-0.0332027802103254 0.0185847247618287 0.0
-0.0311226083296262 0.0793669803188979 0.0
-0.0290760813073172 0.140080830558107 0.0
-0.0270800575041369 0.200745374046748 0.0
-0.0251706985517352 0.261394347909858 0.0
-0.023423845884072 0.322084649294559 0.0
-0.022025167221189 0.382910617852246 0.0
-0.0216728233437415 0.443994368495001 0.0
0.00339865373900228 -0.656512803587577 0.0
0.00599305710008472 -0.595366398147893 0.0
0.00839448574916878 -0.534190041350654 0.0
0.0106996125069456 -0.472990692083491 0.0
0.0129616243493288 -0.411781186971523 0.0
0.0152082955828613 -0.35057564561983 0.0
0.0174508305514681 -0.289387768530576 0.0
0.0196888603665945 -0.228230378714903 0.0
0.0219160625017752 -0.167114995609084 0.0
0.0241242625331519 -0.106050431423392 0.0
0.0263037866698018 -0.0450419293253376 0.0
0.0284421574583997 0.0159102821510306 0.0
0.0305215621328485 0.0768127679325282 0.0
0.0325145851478289 0.137682022899084 0.0
0.0343770456470863 0.198548258185907 0.0
0.0360353835346021 0.259461770141845 0.0
0.0373598178481437 0.320499866526058 0.0
0.0380930370329287 0.381761610312505 0.0
0.0379724866772026 0.44324714717966 0.0
0.0650686211643612 -0.659224455491503 0.0
0.0675431790118744 -0.598033108727569 0.0
0.0698786088417008 -0.536805199963048 0.0
0.0721628899063095 -0.475550042651863 0.0
0.0744383467744114 -0.414280589510122 0.0
0.0767222926723742 -0.353009752276955 0.0
0.0790174147101279 -0.291749269423879 0.0
0.0813172328603349 -0.230509396752702 0.0
0.0836100576164623 -0.169298790323795 0.0
0.08588096086407 -0.108123614748676 0.0
0.0881110787180499 -0.0469870216770355 0.0
0.0902752615555491 0.0141119180990635 0.0
0.0923381639337429 0.075179254712187 0.0
0.0942481900805214 0.13622761404472 0.0
0.0959280683540768 0.197276107267791 0.0
0.0972599253765409 0.258347819825618 0.0
0.0980627386213475 0.319456921925665 0.0
0.0981102001254017 0.380564993808808 0.0
0.0974561014439426 0.441561692174169 0.0
0.126840680972802 -0.661496038991015 0.0
0.129187268863396 -0.600240490651915 0.0
0.131463431375416 -0.538936584127508 0.0
0.133738963949546 -0.477596757805665 0.0
0.136040662343292 -0.416234342609761 0.0
0.138373789113163 -0.354861102773025 0.0
0.140732166349221 -0.293486941409655 0.0
0.143102694545123 -0.232120055494186 0.0
0.145467502263876 -0.1707672937925 0.0
0.147804130910364 -0.109433834397026 0.0
0.150083673755915 -0.0481232414113955 0.0
0.152267360195894 0.0131628467103715 0.0
0.15430152893459 0.0744246080938496 0.0
0.156110600078122 0.135663752575982 0.0
0.157587556799311 0.196881045242573 0.0
0.158582782273529 0.258071546565074 0.0
0.158903459638122 0.319214528916881 0.0
0.158374717490883 0.38027285755615 0.0
0.156930645192042 0.441290181497699 0.0
0.188689647883314 -0.663292406158498 0.0
0.190908319785401 -0.601958239394715 0.0
0.193135418153777 -0.540559820494167 0.0
0.195414508181357 -0.479112910732876 0.0
0.197753647674199 -0.417630950192183 0.0
0.200145382491088 -0.356124250365063 0.0
0.202574826656 -0.294600766396317 0.0
0.205022298597093 -0.233066873233486 0.0
0.207463591799041 -0.171528242920148 0.0
0.209868600650296 -0.109990056997241 0.0
0.21219836969281 -0.0484576115884818 0.0
0.214400786020204 0.0130633780389994 0.0
0.216404824134478 0.0745659845267434 0.0
0.218113233135414 0.13604120368253 0.0
0.219394012793699 0.197475521702114 0.0
0.220074042678682 0.258848330560633 0.0
0.219946408840808 0.320131600623572 0.0
0.21879724389872 0.381308198228108 0.0
0.216410059390664 0.44240286014312 0.0
0.250583803678087 -0.664611081312073 0.0
0.252684257959778 -0.603188784507209 0.0
0.254876250404048 -0.541683100136452 0.0
0.257171265870962 -0.480112361097175 0.0
0.25955730295203 -0.418489114319231 0.0
0.26201466903707 -0.356821399817588 0.0
0.264520584666467 -0.295114672360805 0.0
0.267049383013291 -0.233373185045035 0.0
0.269570939684546 -0.171601311477213 0.0
0.272047937514352 -0.109804179235664 0.0
0.274431943971274 -0.0479887021460785 0.0
0.276658337717057 0.0138356634230712 0.0
0.278639963358596 0.0756556704184234 0.0
0.280259584977048 0.137453074095033 0.0
0.281361909711084 0.199202242018685 0.0
0.28174818173394 0.260868806022369 0.0
0.281176952963504 0.32241170856003 0.0
0.279367149946241 0.383791336822991 0.0
0.275983311825828 0.444976059683465 0.0
0.312487463685089 -0.665483038768701 0.0
0.314489453248272 -0.603968247422431 0.0
0.316663338921858 -0.54234810601236 0.0
0.318985845948188 -0.480641512294701 0.0
0.321425838886798 -0.418858345906013 0.0
0.323953057520833 -0.357003058557104 0.0
0.326538260434293 -0.295077597123197 0.0
0.32915082824342 -0.233083229067051 0.0
0.331755517975423 -0.171022161331669 0.0
0.334308567391527 -0.108898471567658 0.0
0.336752919555382 -0.0467195048549992 0.0
0.339012449978441 0.0155028828915235 0.0
0.340985016835389 0.0777504061632359 0.0
0.342534433096615 0.139996260850062 0.0
0.343481909566834 0.202201689587319 0.0
0.343598186927007 0.264313419278639 0.0
0.342596155816983 0.326262318366117 0.0
0.340118599330132 0.387963629816711 0.0
0.335715522698393 0.4493161554092 0.0
0.374364176671908 -0.665974907790593 0.0
0.376296357001429 -0.604369164960541 0.0
0.378470215283162 -0.542632961621379 0.0
0.38082935684307 -0.480782403683521 0.0
0.383326813822326 -0.418822371455158 0.0
0.385924446156136 -0.356752125752877 0.0
0.388588407649302 -0.294568802802618 0.0
0.391284400242481 -0.232269379275757 0.0
0.393973049069664 -0.169852362558772 0.0
0.396605080486271 -0.107318859859044 0.0
0.399115840932127 -0.0446742752632873 0.0
0.401418904545926 0.0180698805715544 0.0
0.403398491474979 0.0808930957108713 0.0
0.404900631062825 0.143762221870919 0.0
0.405722967507164 0.206625688647745 0.0
0.405602876835328 0.269407218672169 0.0
0.404201458444881 0.331998338059346 0.0
0.401077909198991 0.394249371392003 0.0
0.395650143650949 0.455959172858714 0.0
0.436179333621133 -0.6661932474566 0.0
0.438075862224555 -0.604505347562234 0.0
0.440265596096419 -0.542657170778048 0.0
0.442665936479856 -0.480657703844148 0.0
0.445219425617162 -0.418504485146379 0.0
0.447883320223257 -0.356190131442689 0.0
0.450621141267166 -0.293705703036187 0.0
0.453396173550622 -0.231042338932091 0.0
0.456165868242971 -0.168192660216607 0.0
0.458876372545434 -0.105151695567267 0.0
0.461456526967101 -0.0419186618484573 0.0
0.46381096554077 0.0215008066232897 0.0
0.465811897265214 0.0850908078192436 0.0
0.46728918496484 0.148819700593779 0.0
0.468017825608409 0.212630899090981 0.0
0.467701094539242 0.276430300978536 0.0
0.465945236381471 0.340067537347818 0.0
0.462218586401894 0.403308533275133 0.0
0.455779940282698 0.465797586231609 0.0
0.497901688688263 -0.666291351637909 0.0
0.499795769274521 -0.604538812782166 0.0
0.502010904036865 -0.542587868649152 0.0
0.504450293107611 -0.480436351064949 0.0
0.507052326781199 -0.418073143699845 0.0
0.509772853614961 -0.355483750750447 0.0
0.512574402928422 -0.29265248617637 0.0
0.515418752953197 -0.229563108153989 0.0
0.518260832085394 -0.166199467838421 0.0
0.521042877346559 -0.102545884631172 0.0
0.523688069759498 -0.0385885416298922 0.0
0.526093200174279 0.0256825008460283 0.0
0.528119774369268 0.0902693673742844 0.0
0.529582783525767 0.155160107983886 0.0
0.530235405684627 0.220316941021163 0.0
0.529746571944128 0.285656934765058 0.0
0.527665500754831 0.351017100761018 0.0
0.523363039759182 0.416091088827129 0.0
0.515920664371194 0.480313811220324 0.0
0.559503019381144 -0.666479392088837 0.0
0.561417011539884 -0.604688378459065 0.0
0.56365671364087 -0.542645581332211 0.0
0.566125249756157 -0.480336917185095 0.0
0.568762381444708 -0.417744650053256 0.0
0.571524659481221 -0.354849018810053 0.0
0.574374342539192 -0.291627978015673 0.0
0.577271923843471 -0.228056362003541 0.0
0.580169920842564 -0.164105540834841 0.0
0.583006801354246 -0.0997429069328801 0.0
0.585700246582013 -0.0349322160680835 0.0
0.588139237876171 0.0303658606301858 0.0
0.590174157355809 0.0961918994068783 0.0
0.591603624322108 0.162584403148504 0.0
0.592155299530575 0.229571691870025 0.0
0.591455767694963 0.297155654341383 0.0
0.588980564600992 0.365273890021229 0.0
0.583970867859406 0.433707715101773 0.0
0.575297125394985 0.501841848259989 0.0
