-0.64275555541657 -0.681096453857206 0.0
0.588067242288716 -0.726532049056118 0.0
-0.563902854919434 0.61237245798111 0.0
0.61237245798111 0.61237245798111 0.0
-0.581615596855579 -0.684163802581875 0.0
0.58982679862039 -0.66506221126526 0.0
0.555309663090409 0.571380511518842 0.0
-0.572897671591429 0.535626661740424 0.0
-0.520472282968644 -0.687013100595169 0.0
0.592046654452127 -0.603301407272577 0.0
0.494852630841678 0.547920025428353 0.0
-0.581028281985345 0.463219640291755 0.0
-0.459359941186671 -0.689919306243017 0.0
0.594592909055147 -0.541227032574391 0.0
0.434331095205424 0.53320672483392 0.0
-0.587276534824493 0.393486972555834 0.0
-0.39826669868528 -0.692976292973648 0.0
0.597388053446088 -0.478824220795814 0.0
0.374128737579987 0.523527405402744 0.0
-0.592264098027669 0.325602639400131 0.0
-0.33716782944761 -0.696215797594096 0.0
0.600382411961556 -0.416077373146081 0.0
0.314219808123405 0.51707708018705 0.0
-0.596463643005371 0.259055782024346 0.0
-0.276025942744878 -0.699618360647411 0.0
0.603540058094558 -0.352966412799567 0.0
0.254543081986888 0.512887269794614 0.0
-0.60016735766694 0.193513826621931 0.0
-0.214798979776267 -0.703112994135196 0.0
0.606830425669563 -0.289464910883079 0.0
0.19505925126383 0.51040631673094 0.0
-0.603555722030383 0.12875238637619 0.0
-0.153449890446965 -0.706595615811454 0.0
0.610222323997322 -0.225538604904183 0.0
0.135755478924801 0.509318385939149 0.0
-0.606742685732882 0.0646154004662128 0.0
-0.0919541804987251 -0.709951332645224 0.0
0.613678734028368 -0.161144378655072 0.0
0.0766439159254242 0.509479191967495 0.0
-0.609802361502427 0.000991961124129115 0.0
-0.0303033821949198 -0.713072753550861 0.0
0.617151576498155 -0.0962285958905084 0.0
0.0177679152213904 0.511121101987916 0.0
-0.612786114926617 -0.0621962813643594 0.0
0.031494247886258 -0.715872059971665 0.0
0.62057579397668 -0.0307254490452749 0.0
-0.0411526894840243 0.512034558213037 0.0
-0.615737730945121 -0.125002232878058 0.0
0.093415594059795 -0.71828756386454 0.0
0.623862318752094 0.0354458723768883 0.0
-0.10029839094002 0.513692794968713 0.0
-0.618725740478566 -0.187455593503793 0.0
0.155425425277218 -0.720286518416465 0.0
0.626889158163851 0.102385142096728 0.0
-0.159270835729978 0.518637339513054 0.0
-0.622051801196832 -0.249563036807744 0.0
0.217479923794336 -0.721866121000843 0.0
0.629489297733645 0.170218010957475 0.0
-0.218022841852786 0.523896066373055 0.0
-0.624460410900877 -0.311591125563005 0.0
0.279529490011546 -0.723054215596503 0.0
0.631432313157909 0.239106701035052 0.0
-0.276424769457557 0.530721033329151 0.0
-0.627092899902227 -0.373588804163045 0.0
0.341522370461703 -0.723910730424514 0.0
0.632393356692127 0.309270116601485 0.0
-0.335216261354692 0.53765409167034 0.0
-0.630348384219633 -0.435394060946767 0.0
0.403408452403716 -0.72453033031149 0.0
0.631895215712356 0.381020424940267 0.0
-0.394476189862813 0.546044050105112 0.0
-0.633531009379383 -0.497012811658617 0.0
0.465143934438255 -0.725046471747771 0.0
0.629194933826144 0.45483338380055 0.0
-0.45301638918517 0.558590997448989 0.0
-0.636756813812791 -0.558473680115899 0.0
0.526698789051845 -0.725636995449189 0.0
0.623100317242761 0.531490487065961 0.0
-0.5110053914023 0.57697659870317 0.0
-0.639715974567866 -0.619826151028076 0.0
-0.578605173232886 -0.622878541048586 0.0
-0.575601960425529 -0.561478854470732 0.0
-0.572404931572046 -0.499939654885924 0.0
-0.569257655051792 -0.438319307593623 0.0
-0.566090418152323 -0.376621333829879 0.0
-0.563405964590247 -0.314726842390972 0.0
-0.56090470887247 -0.252473077658574 0.0
-0.557741880567082 -0.189920310857114 0.0
-0.554768510258528 -0.127179268521439 0.0
-0.551843189046793 -0.064183782342532 0.0
-0.548909071638654 -0.000877944294712836 0.0
-0.545926298095314 0.0627894268470738 0.0
-0.542851901560171 0.12686961246219 0.0
-0.539628591465966 0.191413381053067 0.0
-0.536175314426933 0.256460155600689 0.0
-0.532380423618346 0.322007300175447 0.0
-0.528112485893057 0.38792939112066 0.0
-0.523318667437045 0.453775091817748 0.0
-0.518470722441645 0.51823954208296 0.0
-0.517456448534898 -0.625706844788401 0.0
-0.514388108139301 -0.564303485587883 0.0
-0.511238994651633 -0.502770354222591 0.0
-0.508125963556131 -0.441099715664828 0.0
-0.505120889417612 -0.379230677831165 0.0
-0.502430934943006 -0.317195302470057 0.0
-0.499772753955738 -0.255013839048685 0.0
-0.496825376910162 -0.192574833853003 0.0
-0.493955659206708 -0.129925359996659 0.0
-0.491127453845679 -0.0670613473276907 0.0
-0.488310482771442 -0.00397526187943911 0.0
-0.48548027327082 0.059331610674824 0.0
-0.482610970629041 0.1228395174578 0.0
-0.479670221148703 0.186495751035444 0.0
-0.476616330744662 0.250189618095203 0.0
-0.473399466543566 0.313715406870617 0.0
-0.469970357572633 0.376727202480703 0.0
-0.466277866750654 0.438717352829479 0.0
-0.461636784112295 0.49908822664965 0.0
-0.456297490724739 -0.628632032628841 0.0
-0.453199065481204 -0.567238638430397 0.0
-0.450099258193163 -0.505711936335387 0.0
-0.447078382308025 -0.44403367963305 0.0
-0.444200300349138 -0.382199041913018 0.0
-0.441510594294086 -0.320244326611551 0.0
-0.438828899176015 -0.258154897517937 0.0
-0.436032246996535 -0.195886116283868 0.0
-0.433282591331513 -0.133470504513225 0.0
-0.430577004922426 -0.0709298157298551 0.0
-0.42790194716393 -0.0082919996675215 0.0
-0.425243982891059 0.0543991817295373 0.0
-0.422586819772641 0.117075819203682 0.0
-0.419906208037523 0.179638067635353 0.0
-0.417162807568313 0.24194828684607 0.0
-0.41429042814081 0.303835655025898 0.0
-0.411170973240753 0.365121737566281 0.0
-0.407522265775804 0.425673779736398 0.0
-0.402851225626542 0.485600638451777 0.0
-0.395139745923722 -0.631719073173033 0.0
-0.39203789373288 -0.570361389513378 0.0
-0.389003366697815 -0.508882363616033 0.0
-0.386080224856759 -0.447276085230929 0.0
-0.383294887212405 -0.385552658908892 0.0
-0.380633913754431 -0.323732528213055 0.0
-0.377987950212322 -0.261812259026679 0.0
-0.375308039138195 -0.199786562598937 0.0
-0.372668198909975 -0.137689263116132 0.0
-0.37007366357472 -0.0755566899460552 0.0
-0.367517640307617 -0.013432959013496 0.0
-0.364988867215967 0.0486264956752999 0.0
-0.362468466067943 0.110554102371678 0.0
-0.359923109862972 0.17227381135376 0.0
-0.357294919220051 0.233710334959083 0.0
-0.354486358389475 0.29480747907917 0.0
-0.351329621427007 0.355554103563146 0.0
-0.347548621713089 0.41602854996917 0.0
-0.342790557649158 0.4764164338622 0.0
-0.333976192424834 -0.634998593139913 0.0
-0.33089078543865 -0.573697007904458 0.0
-0.327927309231533 -0.512295179659026 0.0
-0.325093215193184 -0.450793573435588 0.0
-0.322383390585728 -0.389205369087831 0.0
-0.319764157497919 -0.32754818783455 0.0
-0.317167732750734 -0.265830674596069 0.0
-0.314572238265035 -0.204066624236317 0.0
-0.312011778502607 -0.142290335075945 0.0
-0.309490732526593 -0.0805398021885507 0.0
-0.307002941072581 -0.0188565560303785 0.0
-0.304535032684675 0.0427154080704913 0.0
-0.302063269440848 0.10413304660057 0.0
-0.299547690425047 0.165361169355687 0.0
-0.296924304853435 0.226381801782455 0.0
-0.294093923115931 0.287207034552045 0.0
-0.290907100450555 0.347895707485109 0.0
-0.287156403988112 0.408572078638854 0.0
-0.282590990108916 0.469441155816808 0.0
-0.272785195957114 -0.638441900276205 0.0
-0.2697320040799 -0.577200186867229 0.0
-0.266839986262627 -0.515879604333677 0.0
-0.264083288939635 -0.454483577336595 0.0
-0.261434155640073 -0.393026487370999 0.0
-0.25885322572695 -0.331526035744463 0.0
-0.256295759380511 -0.269997566091296 0.0
-0.253749468857312 -0.20846148638994 0.0
-0.251229485767616 -0.146948369616486 0.0
-0.248737629443245 -0.0854901169748116 0.0
-0.24626750836228 -0.024117989028751 0.0
-0.243805517757039 0.0371397394050867 0.0
-0.241328652427097 0.0982610465073554 0.0
-0.238800978166913 0.1592348863914 0.0
-0.236169420788686 0.220065715096628 0.0
-0.233359338784198 0.280778811257206 0.0
-0.230273221212954 0.341424519014217 0.0
-0.226801598334508 0.402078484207924 0.0
-0.222798910567847 0.462829026756757 0.0
-0.211539040280522 -0.641968528956184 0.0
-0.208533309916321 -0.580775330738363 0.0
-0.20571087152781 -0.519521062336228 0.0
-0.203018401012874 -0.458210501034189 0.0
-0.200413618392706 -0.396858009650031 0.0
-0.197857223305565 -0.335480965021957 0.0
-0.195317645194056 -0.274096730031442 0.0
-0.192786486231724 -0.212725883978053 0.0
-0.190270330097786 -0.151393410695944 0.0
-0.187769934341863 -0.0901236486990499 0.0
-0.185280459060536 -0.0289384290524345 0.0
-0.182791574344057 0.0321448226629905 0.0
-0.180286339186021 0.0931150239361363 0.0
-0.177739644798188 0.153970013105146 0.0
-0.175116971141272 0.214718556155439 0.0
-0.172374963965542 0.275383474237891 0.0
-0.169468207501457 0.336005652815602 0.0
-0.166366552318272 0.396651017428157 0.0
-0.163119334380971 0.457447675784922 0.0
-0.150211634275625 -0.64546835943605 0.0
-0.147269317522596 -0.584303052702058 0.0
-0.144513723082958 -0.523088832838183 0.0
-0.14187190370281 -0.461831125845938 0.0
-0.13929419280178 -0.400543631664785 0.0
-0.136744355103363 -0.339242676091559 0.0
-0.134199553290349 -0.277945061194904 0.0
-0.131654220390785 -0.216669090398475 0.0
-0.129112214072925 -0.155434494051326 0.0
-0.12657534151269 -0.0942594640738054 0.0
-0.124042237985712 -0.0331594131579424 0.0
-0.121508332199592 0.0278542622818396 0.0
-0.118965682291281 0.0887751564232686 0.0
-0.116403149292985 0.149603216609131 0.0
-0.113808042256726 0.210345214101907 0.0
-0.111171902371656 0.271015393572343 0.0
-0.108506782797658 0.33163405957769 0.0
-0.105893892678366 0.392222712850673 0.0
-0.103668078521927 0.452786136016579 0.0
-0.088784367121803 -0.648824215026938 0.0
-0.0859216433621832 -0.587662398709871 0.0
-0.0832298919037985 -0.52645735223679 0.0
-0.0806256076244139 -0.465215244914431 0.0
-0.0780581541212569 -0.403949086214856 0.0
-0.0754966837632689 -0.342673865674557 0.0
-0.0729255833955425 -0.281404794484032 0.0
-0.0703426170214031 -0.220157342177937 0.0
-0.0677522963817465 -0.158946901561326 0.0
-0.0651591413488136 -0.097786964240626 0.0
-0.0625665391933361 -0.0366882850020393 0.0
-0.0599769466251082 0.0243422028994816 0.0
-0.0573925569066739 0.0853024532691932 0.0
-0.0548168265993122 0.14619728135432 0.0
-0.0522581581770805 0.207040473480081 0.0
-0.049738667210468 0.267859078965848 0.0
-0.0473161365247661 0.328699873851323 0.0
-0.0451478978766838 0.389637705373526 0.0
-0.0437817645618526 0.450769814508068 0.0
-0.0272491338168497 -0.651929230167663 0.0
-0.0244808893462451 -0.590746792183018 0.0
-0.0218494944139948 -0.529520476906543 0.0
-0.0192703817457062 -0.468257810938393 0.0
-0.0166977316513275 -0.406971447700974 0.0
-0.0141081906579823 -0.345675076549923 0.0
-0.0114932020251052 -0.284382035513772 0.0
-0.00885468700942704 -0.223105047281419 0.0
-0.00619983197260219 -0.16185597726127 0.0
-0.00353711086727686 -0.100644634775071 0.0
-0.000875719798730874 -0.0394781348544088 0.0
0.00177362440070892 0.021640256555368 0.0
0.00439697815781813 0.0827124970761177 0.0
0.00697403069069943 0.143748341427199 0.0
0.00947197949703039 0.204768296416283 0.0
0.0118330725907542 0.265808580108107 0.0
0.0139477222139062 0.326925793655358 0.0
0.0155920328771464 0.388192237694096 0.0
0.01648738237327 0.449609599184049 0.0
0.0343905345505929 -0.654697800915767 0.0
0.0370527636840342 -0.593473418313144 0.0
0.0396285646646672 -0.532198906701955 0.0
0.0421943062146571 -0.470883919857819 0.0
0.0447859463882377 -0.40954112697562 0.0
0.0474175349211758 -0.348183018421266 0.0
0.0500903044263087 -0.286821054000631 0.0
0.0527974721419754 -0.225465520578387 0.0
0.0555279261707274 -0.164125568060701 0.0
0.058268244685458 -0.102808489542063 0.0
0.0610023505734373 -0.0415193921230104 0.0
0.063709791278625 0.0197396596658885 0.0
0.0663627202204625 0.0809704980395638 0.0
0.0689208923131902 0.142180279047034 0.0
0.0713230603717389 0.203381786451639 0.0
0.0734721398527271 0.264592332382886 0.0
0.0752116318656425 0.325825071083008 0.0
0.0763265559547849 0.38705743048141 0.0
0.0767634460682482 0.448206709696292 0.0
0.0961205252006845 -0.657071220338977 0.0
0.0986706934405332 -0.595787586602774 0.0
0.10119790591572 -0.534442935233859 0.0
0.103761878644209 -0.473049616297799 0.0
0.106384660826897 -0.411620440531677 0.0
0.109069735983365 -0.350166652489214 0.0
0.111810844942177 -0.288697835801783 0.0
0.114595979861321 -0.227222160305959 0.0
0.117409444353299 -0.165746813605765 0.0
0.120232263977785 -0.104277753343337 0.0
0.12304081148844 -0.0428198232904532 0.0
0.125804100104287 0.0186235575069549 0.0
0.128479607433977 0.0800504315434305 0.0
0.131007028909437 0.14146046058581 0.0
0.133298954434764 0.202853373408888 0.0
0.135228318365246 0.264225797192497 0.0
0.13662075717883 0.325563239750738 0.0
0.137289056463088 0.386835512951886 0.0
0.137082848751811 0.448059873022203 0.0
0.157918059449516 -0.659019908940769 0.0
0.160357454203539 -0.59766417812842 0.0
0.162846063760911 -0.536232863439054 0.0
0.165419882065555 -0.474741041788873 0.0
0.168084345836086 -0.413201315256779 0.0
0.170831922508867 -0.351623314067068 0.0
0.173649109121402 -0.290014535708258 0.0
0.176518770192085 -0.228381104335949 0.0
0.179420525879651 -0.166728621622568 0.0
0.182329764535165 -0.105062348216473 0.0
0.18521527333432 -0.0433877503473902 0.0
0.188035646973811 0.0182893212374763 0.0
0.190734248354614 0.0799620784335921 0.0
0.193232333384437 0.141622319279387 0.0
0.19542008181651 0.203258468992751 0.0
0.197147516450544 0.264853216730266 0.0
0.198223373531878 0.326381486748225 0.0
0.198425138514538 0.387820139385482 0.0
0.197492291205925 0.449164729476771 0.0
0.219754537000864 -0.660544208877238 0.0
0.222092988490927 -0.599108158575048 0.0
0.224556106196366 -0.537579037262387 0.0
0.227151171807565 -0.475973830120276 0.0
0.229866016899811 -0.414303958035296 0.0
0.232682637082456 -0.352576650305001 0.0
0.235581078430053 -0.290796760757982 0.0
0.23853963740964 -0.228968017752887 0.0
0.241533623645821 -0.167094229659068 0.0
0.244533153438595 -0.10517980768395 0.0
0.247499880339 -0.0432306710417172 0.0
0.250382633664488 0.0187451615511667 0.0
0.253111696177774 0.0807365287173337 0.0
0.255591519045196 0.142728122740462 0.0
0.257692065221152 0.204698140372562 0.0
0.259240674219812 0.266616334284278 0.0
0.260016518863597 0.328443564961763 0.0
0.25974416240289 0.390134367603733 0.0
0.258070832144534 0.451637923364575 0.0
0.281597759233186 -0.661675230869074 0.0
0.28385386356647 -0.600155562344878 0.0
0.286306982100113 -0.538522780703733 0.0
0.288933647671824 -0.476793881412111 0.0
0.291705096716659 -0.414977508507842 0.0
0.294594419436362 -0.353077319427445 0.0
0.297576513752161 -0.291094617057649 0.0
0.300626029876961 -0.229029940556736 0.0
0.303714667869738 -0.166884498690721 0.0
0.306807940685137 -0.104660929581378 0.0
0.309861127830551 -0.0423645116091626 0.0
0.31281425192739 0.0199958095374105 0.0
0.315585774317761 0.0824057386702974 0.0
0.318064888805293 0.144843738793127 0.0
0.320102522683744 0.207277571907108 0.0
0.3215016284625 0.269661065888127 0.0
0.32200593642451 0.331930753113543 0.0
0.321281710765154 0.394002378376805 0.0
0.318883654173721 0.455765232332502 0.0
0.343414804266623 -0.662476777029168 0.0
0.345614707936502 -0.600875822415563 0.0
0.348073874400872 -0.539138871550834 0.0
0.350739986944386 -0.477279927883152 0.0
0.353570765825595 -0.415302850648882 0.0
0.356532812177339 -0.353206352210005 0.0
0.359597524081571 -0.290987050640635 0.0
0.362737028985329 -0.228641143760123 0.0
0.365920288143163 -0.166165872540091 0.0
0.369109052539284 -0.103560364695557 0.0
0.372253202409114 -0.0408270634819693 0.0
0.375285200290738 0.0220268024231744 0.0
0.378113305270742 0.0849867396885409 0.0
0.380613359945447 0.148027798125563 0.0
0.382618814915661 0.211109085484352 0.0
0.383908400769129 0.274167270567698 0.0
0.384188659071141 0.337107800561072 0.0
0.383064456012867 0.399792965968627 0.0
0.379984392069409 0.462025595998111 0.0
0.405174318105463 -0.663048850363254 0.0
0.407348472652129 -0.60137571445788 0.0
0.409827373417066 -0.539539507527098 0.0
0.412536408299074 -0.477547543127707 0.0
0.415424557449083 -0.415396947972792 0.0
0.418454810084328 -0.353080252866627 0.0
0.42159679656225 -0.290588298862171 0.0
0.424821230576789 -0.22791160062704 0.0
0.42809518391968 -0.165041522154834 0.0
0.431377498075456 -0.101970935310607 0.0
0.434613710043796 -0.0386956317696584 0.0
0.43773015423256 0.0247839726806528 0.0
0.440626822583975 0.0884597170653115 0.0
0.443168623406589 0.152311176706147 0.0
0.445174165971539 0.216297572951156 0.0
0.446400407745532 0.280346250149189 0.0
0.446518765557168 0.344334373243066 0.0
0.445073072849799 0.408060058527992 0.0
0.441392336504287 0.471197089636821 0.0
0.46684775181558 -0.663533056937129 0.0
0.46902500147306 -0.601804783038843 0.0
0.471531330749784 -0.539879183046555 0.0
0.474280592456784 -0.47775363870055 0.0
0.477218504315228 -0.415417404358819 0.0
0.480307234608902 -0.352856410067781 0.0
0.48351608843015 -0.290055162758476 0.0
0.486815165141246 -0.226997214498304 0.0
0.4901702231426 -0.163665625601189 0.0
0.493537812410689 -0.10004305840244 0.0
0.496859968441847 -0.036112726743447 0.0
0.500058103186533 0.0281402837195619 0.0
0.503025614823105 0.0927261372772267 0.0
0.505618672141745 0.157645584948325 0.0
0.507643808376482 0.222880586310988 0.0
0.508839807704892 0.288378466962889 0.0
0.50884813815117 0.354021759252021 0.0
0.507159304669425 0.419569662276697 0.0
0.502993012022491 0.484540131516847 0.0
0.528408966336984 -0.664120303763161 0.0
0.530607867119307 -0.602361725030752 0.0
0.533140058253227 -0.540359199275242 0.0
0.535919733445531 -0.478099193805924 0.0
0.538894166573347 -0.415564691166539 0.0
0.542026576783992 -0.352736650165252 0.0
0.545286576813385 -0.289593727904112 0.0
0.548643828212788 -0.226111389028744 0.0
0.552062857626052 -0.162261418003492 0.0
0.55549806141224 -0.0980111401133873 0.0
0.558888203643707 -0.0333233207231464 0.0
0.562150045438543 0.0318439924985696 0.0
0.565170556867785 0.0975367834157007 0.0
0.567796953519771 0.163803665330736 0.0
0.569822708910478 0.230691118817214 0.0
0.570966231107252 0.29823335219033 0.0
0.570835438946781 0.366425899378813 0.0
0.568866274342817 0.43515435391455 0.0
0.564207570635641 0.503983754538701 0.0
