-0.658081346125497 -0.678338150918153 0.0
0.572449260599594 -0.724993329648217 0.0
-0.581538897752762 0.61237245798111 0.0
0.61237245798111 0.61237245798111 0.0
-0.596940093135877 -0.681466166210135 0.0
0.574340800272761 -0.663535674586887 0.0
0.55250703601971 0.5732052426597 0.0
-0.588671606555982 0.536044028048347 0.0
-0.535791729338232 -0.68436669158794 0.0
0.576685894838261 -0.60179724346596 0.0
0.490456767006039 0.55071899327228 0.0
-0.595840441671453 0.46408114448685 0.0
-0.474669002188663 -0.687316014359292 0.0
0.579360557216701 -0.539755303281934 0.0
0.428762734926164 0.536520059789093 0.0
-0.601577498944779 0.394750050227134 0.0
-0.413560389212926 -0.690399230364088 0.0
0.582292849773699 -0.477394826096761 0.0
0.367592315515428 0.527119841381629 0.0
-0.60630836664554 0.327203925536315 0.0
-0.352443561957663 -0.693644894311062 0.0
0.585437131599784 -0.414700354496518 0.0
0.30684052494259 0.520820186550357 0.0
-0.610406396547685 0.260933776334067 0.0
-0.291284517429824 -0.697035676192252 0.0
0.588761217663908 -0.351652337568444 0.0
0.246407029621835 0.516703598859057 0.0
-0.614107036516941 0.195614479027436 0.0
-0.230044754003343 -0.700506554898985 0.0
0.592238755989783 -0.288225244974731 0.0
0.186227380618676 0.514242242319967 0.0
-0.617555436436842 0.131029688065053 0.0
-0.168690274751851 -0.703961480591245 0.0
0.595843852831168 -0.22438603317431 0.0
0.126268657695925 0.513127855502679 0.0
-0.620842213420191 0.0670306544651268 0.0
-0.107198678902498 -0.707293999310964 0.0
0.599546453747734 -0.160093045416944 0.0
0.0665236143954914 0.5132048539187 0.0
-0.624025399440529 0.00351279147709023 0.0
-0.0455624378349549 -0.710404389471345 0.0
0.603307747266197 -0.0952942360294508 0.0
0.00701120033485698 0.514579219286591 0.0
-0.627144868492401 -0.0595968731969637 0.0
0.0162103783741161 -0.713211100117962 0.0
0.607075001086179 -0.0299253664895139 0.0
-0.0524328178077432 0.515716735743731 0.0
-0.630235840727007 -0.122346675396654 0.0
0.0780978002068771 -0.715657089792756 0.0
0.610775519878326 0.0360930456097717 0.0
-0.112024473092382 0.5176508590106 0.0
-0.633359828955792 -0.184762364208921 0.0
0.140066486909167 -0.717712653544675 0.0
0.614309184142499 0.102860028300696 0.0
-0.171482677726496 0.522198828221702 0.0
-0.636802663170098 -0.246847208634022 0.0
0.202075050685488 -0.719376517340517 0.0
0.617538745816689 0.170501660381508 0.0
-0.230738769342816 0.527220221893101 0.0
-0.639332238533651 -0.30885451559067 0.0
0.264076694564312 -0.720676576814439 0.0
0.620275711402766 0.239182933972545 0.0
-0.289715889261613 0.533691873797488 0.0
-0.642077715689822 -0.370837867738941 0.0
0.326022701789369 -0.721671225196732 0.0
0.622257440464001 0.309130430835207 0.0
-0.349041230026264 0.540687657324402 0.0
-0.645426097563112 -0.432639992325613 0.0
0.387866087125753 -0.722451686921163 0.0
0.623105545778503 0.38067505270267 0.0
-0.408800864856007 0.549087601511115 0.0
-0.648684030000812 -0.494257932883085 0.0
0.449566067996031 -0.723145481697843 0.0
0.622248532421581 0.454338271313117 0.0
-0.467991971466698 0.560934076147563 0.0
-0.651975184214582 -0.555717366067627 0.0
0.511095197896554 -0.723920999430994 0.0
0.618828859498243 0.531017669474746 0.0
-0.526827874474852 0.57854219788505 0.0
-0.654989037584772 -0.61706945452175 0.0
-0.593876834910929 -0.620183739689656 0.0
-0.590820580887548 -0.558786473494825 0.0
-0.58755970655808 -0.497251917470257 0.0
-0.584335213769176 -0.435637909515055 0.0
-0.58107779695851 -0.373948286632666 0.0
-0.578285787156371 -0.312072020660996 0.0
-0.575657039780102 -0.249846828299238 0.0
-0.572364109679541 -0.187327999299452 0.0
-0.569250890112242 -0.124632037037385 0.0
-0.566181965876566 -0.0616954115123297 0.0
-0.563107022304632 0.00153530375996898 0.0
-0.559994412905035 0.0651090236100871 0.0
-0.556812138740138 0.129075178367124 0.0
-0.55351801209182 0.193483632935767 0.0
-0.550052201355183 0.258375041527048 0.0
-0.546333227381196 0.323752664199422 0.0
-0.542272240830377 0.389506781525248 0.0
-0.537872710122182 0.45522050518181 0.0
-0.533658754666757 0.519648787991316 0.0
-0.532726188016729 -0.6230649407073 0.0
-0.529605201122547 -0.561666854079869 0.0
-0.526391316356805 -0.500140003876079 0.0
-0.523198770953655 -0.438477790622678 0.0
-0.520097740500821 -0.376621605163095 0.0
-0.517293540225192 -0.314603750043134 0.0
-0.514505896459493 -0.252443861251067 0.0
-0.511421158592602 -0.19003383664738 0.0
-0.508404950680773 -0.127420346121232 0.0
-0.50542574639885 -0.0645997953466647 0.0
-0.502459117450271 -0.00156461255640241 0.0
-0.499488003814021 0.0616848962673771 0.0
-0.496496197087443 0.125131449359522 0.0
-0.493464017282243 0.188727125594509 0.0
-0.49036632363744 0.252369424521849 0.0
-0.487174389655447 0.315865163233241 0.0
-0.483864405342936 0.378884255484495 0.0
-0.480410739222737 0.440929636471633 0.0
-0.476108599264326 0.501381581593509 0.0
-0.471561391788762 -0.626032200039742 0.0
-0.46841090506948 -0.564642219259554 0.0
-0.465244232751133 -0.50311945290738 0.0
-0.462139194586277 -0.441446653962594 0.0
-0.459158767029812 -0.379619499953079 0.0
-0.456348869924332 -0.317674037955064 0.0
-0.45353223532048 -0.25559603725308 0.0
-0.450590163972091 -0.193341429911592 0.0
-0.447685675950076 -0.13094153853376 0.0
-0.444819771206737 -0.0684168377615362 0.0
-0.441984051644207 -0.00579328250850711 0.0
-0.439171585867667 0.0568883950142583 0.0
-0.43637438633918 0.119564581650989 0.0
-0.433578836898693 0.182141035812375 0.0
-0.430759089102573 0.244486559875729 0.0
-0.427865425664069 0.306436096459762 0.0
-0.424796662972491 0.367813200054688 0.0
-0.421270080012458 0.428479391695621 0.0
-0.416705098092318 0.488534562986922 0.0
-0.410394441134878 -0.629142476237706 0.0
-0.407240946666908 -0.56778387176072 0.0
-0.40413644550082 -0.506303257185471 0.0
-0.401123758013621 -0.444695186225234 0.0
-0.398229605607382 -0.382969710025885 0.0
-0.395441943279906 -0.321146875442174 0.0
-0.392654341027054 -0.259222880108524 0.0
-0.389820969440338 -0.197191732047877 0.0
-0.387017815566796 -0.135085583239108 0.0
-0.384253699470489 -0.0729388775218338 0.0
-0.38152653534036 -0.0107935127054826 0.0
-0.378831082241364 0.051297513065255 0.0
-0.376156218857708 0.113268882518402 0.0
-0.373478600147348 0.17504580278602 0.0
-0.370752840308408 0.236551843313112 0.0
-0.36789541645998 0.297725177226473 0.0
-0.364747758947913 0.358541898247342 0.0
-0.361015098637177 0.419058644244454 0.0
-0.35621216178449 0.479430092745425 0.0
-0.349219684926431 -0.632424425971315 0.0
-0.346082613768542 -0.57111648338992 0.0
-0.343045501374001 -0.509706033435153 0.0
-0.340116284155112 -0.448193755664228 0.0
-0.337291307199362 -0.386592508278205 0.0
-0.334538998500452 -0.324919255546206 0.0
-0.331794372506884 -0.263181857526204 0.0
-0.329038249950288 -0.201393030662861 0.0
-0.326307078681245 -0.1395855911461 0.0
-0.323608643037426 -0.0777961435127045 0.0
-0.320941204188783 -0.0160651159292424 0.0
-0.318297029651991 0.0455639293058387 0.0
-0.315659523697334 0.107047093646229 0.0
-0.312997505351755 0.168346155173116 0.0
-0.310256860247715 0.229436761754611 0.0
-0.30734664938834 0.290319906541949 0.0
-0.304115477016659 0.35103752719579 0.0
-0.300322385964863 0.41169238823257 0.0
-0.295665162585496 0.472485843156537 0.0
-0.288017541444657 -0.635852386588233 0.0
-0.284911944857164 -0.574599038204372 0.0
-0.281942293213997 -0.513262963495045 0.0
-0.279085043019758 -0.451847719739708 0.0
-0.276314941955705 -0.390367277545889 0.0
-0.273595223974516 -0.32883863849321 0.0
-0.270883856108768 -0.267276341545082 0.0
-0.268171035479108 -0.205699881721936 0.0
-0.26547429871625 -0.144138906425567 0.0
-0.262798583642526 -0.0826247493279843 0.0
-0.260141402483042 -0.0211887128082209 0.0
-0.257493930558245 0.0401399535740772 0.0
-0.254838814143826 0.101336925713489 0.0
-0.252146242117839 0.162387120910856 0.0
-0.249368295202728 0.223288950829955 0.0
-0.24643067748918 0.284059932598523 0.0
-0.243223467687668 0.3447430365076 0.0
-0.239609419428074 0.405414973746719 0.0
-0.235466631599565 0.466184241450199 0.0
-0.226762624268788 -0.639352484278994 0.0
-0.223702730604606 -0.57814343831817 0.0
-0.220798409624362 -0.516868120828405 0.0
-0.21800030563142 -0.455531469342877 0.0
-0.215269471213778 -0.394147493835183 0.0
-0.212569476157562 -0.332732986176396 0.0
-0.209871313466945 -0.271304678328686 0.0
-0.207168827048434 -0.209882548884395 0.0
-0.204470786117294 -0.148491149028385 0.0
-0.201780543598083 -0.0871547996081201 0.0
-0.199096317272969 -0.0258958990276953 0.0
-0.196411246434417 0.0352668126131917 0.0
-0.193712012094015 0.0963200537991039 0.0
-0.190976525978564 0.157258532181122 0.0
-0.188170932272395 0.218087133501184 0.0
-0.185246877953291 0.278824787522363 0.0
-0.182145368211499 0.33951041621041 0.0
-0.178823803492461 0.400211506223596 0.0
-0.175341828396606 0.461044340127392 0.0
-0.165430996478071 -0.642822940383685 0.0
-0.162431480016579 -0.581639100535828 0.0
-0.159589492407897 -0.520400183042014 0.0
-0.15683734856019 -0.459111841729163 0.0
-0.154129240318554 -0.397787531699763 0.0
-0.151431847345602 -0.336443143673289 0.0
-0.148724636761189 -0.275095035816009 0.0
-0.146003924556374 -0.213761157310867 0.0
-0.143275314760743 -0.152461092114059 0.0
-0.140542502069337 -0.0912132412045155 0.0
-0.137806147395795 -0.0300336697684534 0.0
-0.13506367894187 0.0310650814750981 0.0
-0.132308707519164 0.0920749900562464 0.0
-0.129530294595938 0.152994090912954 0.0
-0.126712947368655 0.213827478702478 0.0
-0.123840270351839 0.2745892434942 0.0
-0.120911036607582 0.335303337526813 0.0
-0.117990262791929 0.395999985077662 0.0
-0.115366805652249 0.456698364080004 0.0
-0.104005652623857 -0.646155063896755 0.0
-0.101081249201483 -0.584973657138651 0.0
-0.0982982841407392 -0.523742310560268 0.0
-0.0955793237653939 -0.462467460912338 0.0
-0.092877765986085 -0.401161954645897 0.0
-0.0901654874442162 -0.339840461797514 0.0
-0.0874287874061396 -0.278517890861134 0.0
-0.0846668389547385 -0.217209527573389 0.0
-0.0818853240368547 -0.155930800503368 0.0
-0.0790898547549232 -0.0946955647619248 0.0
-0.0762847779012251 -0.033515349727359 0.0
-0.0734731512027987 0.0276016495806994 0.0
-0.0706569524655396 0.0886515681692407 0.0
-0.0678378111245922 0.149636803192632 0.0
-0.0650196179539918 0.210568137115308 0.0
-0.0622165970167904 0.271469005300857 0.0
-0.0594758144756653 0.33238112408325 0.0
-0.0569375326181211 0.393370043301806 0.0
-0.0550680830574388 0.454520500769419 0.0
-0.0424793298457535 -0.649249541458238 0.0
-0.0396434538112244 -0.588047959088044 0.0
-0.0369156980976975 -0.5267956409769 0.0
-0.0342178354344206 -0.465500349481211 0.0
-0.031507891601306 -0.404174596004268 0.0
-0.0287648211325015 -0.34283181541836 0.0
-0.0259814588432706 -0.281485142674768 0.0
-0.0231605599059263 -0.220147249666354 0.0
-0.0203098050022433 -0.158830199023346 0.0
-0.0174378920573571 -0.0975443532736146 0.0
-0.0145538585331434 -0.0362978558728252 0.0
-0.0116676043727677 0.0249043710462713 0.0
-0.00879113385430609 0.0860617959950852 0.0
-0.00594103942728607 0.147180578925413 0.0
-0.00314397466788511 0.208276140777708 0.0
-0.000448901409680666 0.269377458281597 0.0
0.00204610750068315 0.330530586693802 0.0
0.00413608322732425 0.391793964434118 0.0
0.00553545961170175 0.453170183773934 0.0
0.0191444046104962 -0.652026847340531 0.0
0.0218815580094872 -0.59078504461107 0.0
0.0245591326663117 -0.529486449936774 0.0
0.0272474442237265 -0.468140828158129 0.0
0.0299791498269491 -0.406760656923603 0.0
0.0327666133521804 -0.345358184178262 0.0
0.0356103156902081 -0.283944719278269 0.0
0.0385033115450154 -0.222530575433387 0.0
0.0414347724644 -0.161125184675854 0.0
0.0443920312108353 -0.0997364688631819 0.0
0.0473604247110004 -0.0383706143850258 0.0
0.050321915484531 0.0229686683796917 0.0
0.053252565651802 0.0842808932800413 0.0
0.0561181252642923 0.145570195061013 0.0
0.0588659154751139 0.206845805194737 0.0
0.0614100915173592 0.268121611983139 0.0
0.063607543081593 0.329409517890642 0.0
0.0652496428126376 0.390694293044222 0.0
0.0662260506164594 0.451908497015273 0.0
0.0808521215676527 -0.654432726539134 0.0
0.0834855544940621 -0.593134434515979 0.0
0.0861200597421217 -0.531768935411358 0.0
0.0888101319262467 -0.470348468544136 0.0
0.0915753871695383 -0.408885539523501 0.0
0.0944184154768275 -0.347391112367053 0.0
0.0973329398087393 -0.285874613653081 0.0
0.100307537610688 -0.224344225791806 0.0
0.103327656254391 -0.162807358231174 0.0
0.106376144633154 -0.101270443690586 0.0
0.109432139497108 -0.0397390948777018 0.0
0.112468742175335 0.0217821899806043 0.0
0.115449308379285 0.0832901154679293 0.0
0.118321636909819 0.144782942164079 0.0
0.121008768817364 0.206259374281989 0.0
0.123395691218683 0.26771620292733 0.0
0.125317835666792 0.329141521099244 0.0
0.126581195724412 0.390508763254387 0.0
0.126993284973011 0.451822708010155 0.0
0.142622288324927 -0.656440482178632 0.0
0.14515389060926 -0.59507368422725 0.0
0.147755162483655 -0.533625798500392 0.0
0.150458219734126 -0.472111491813452 0.0
0.153267196345836 -0.41054291268937 0.0
0.156174570276095 -0.348929345527607 0.0
0.159167602033624 -0.287278079283829 0.0
0.162230521891026 -0.225595158063862 0.0
0.165344984897642 -0.163886222285462 0.0
0.168489291927467 -0.102156682366957 0.0
0.171636333976348 -0.040412247959682 0.0
0.174750388569605 0.0213409402121054 0.0
0.177782469697075 0.0830958599165927 0.0
0.18066368679066 0.144844311163964 0.0
0.183296010370491 0.206575199392844 0.0
0.185541640182451 0.268272342238021 0.0
0.187217192494414 0.329911731660501 0.0
0.188095326544006 0.391467000446209 0.0
0.187894463742149 0.452919608665926 0.0
0.204427932380157 -0.658051877186065 0.0
0.206867559557847 -0.596609018388639 0.0
0.209448234858088 -0.535068431199009 0.0
0.212175152068495 -0.473446366257389 0.0
0.215036139027965 -0.41175366341764 0.0
0.218014138902919 -0.349997160408915 0.0
0.221090731376377 -0.288181450265696 0.0
0.224246341300361 -0.226310064028242 0.0
0.22745918380158 -0.16438662179743 0.0
0.230703343330303 -0.102415307960911 0.0
0.233945856997793 -0.0404017236841701 0.0
0.237142736152878 0.0216465909243446 0.0
0.240233573373133 0.0837192029905568 0.0
0.243134370173048 0.145801874759777 0.0
0.245728436110655 0.207874231430435 0.0
0.247856636310552 0.269907509586585 0.0
0.249308404457828 0.331862829646376 0.0
0.249810752590428 0.393691065399954 0.0
0.249002996611383 0.455331689845749 0.0
0.266238688408774 -0.659298007526974 0.0
0.268604290040115 -0.597776319748542 0.0
0.27117904970032 -0.536137844915261 0.0
0.273939531599964 -0.47439858430679 0.0
0.276858307055837 -0.412566567844788 0.0
0.279910294285875 -0.3506450900348 0.0
0.283072627323015 -0.288635190007933 0.0
0.286322789759875 -0.226537125123941 0.0
0.289636206472576 -0.164351716072287 0.0
0.292983361690624 -0.102081029029182 0.0
0.296326144373002 -0.0397295048596248 0.0
0.299613222336366 0.0226951080071134 0.0
0.302774065742487 0.0851801726425681 0.0
0.305711361989356 0.147706346716953 0.0
0.308291673304986 0.210244072508844 0.0
0.310334591442039 0.27274993433341 0.0
0.311599344475759 0.335162196554833 0.0
0.311763589559099 0.397395502456505 0.0
0.31038418401321 0.459333471995048 0.0
0.328023507062046 -0.660241076067723 0.0
0.330339882327729 -0.598643255631929 0.0
0.332923695831048 -0.536906907066892 0.0
0.33572490501232 -0.475044968220777 0.0
0.338703781277439 -0.413060816346022 0.0
0.341829489735512 -0.350952943279925 0.0
0.345076256279134 -0.288717781697147 0.0
0.348419666098653 -0.2263512350777 0.0
0.351833160651604 -0.163850033645672 0.0
0.355284410930408 -0.101212475238902 0.0
0.358731094386224 -0.0384397344129837 0.0
0.362115790267669 0.0244628174339466 0.0
0.365359591525571 0.0874833114558599 0.0
0.368354164112698 0.150600364685097 0.0
0.370951782684624 0.213777667496328 0.0
0.37295261829197 0.276957254985973 0.0
0.374086323021374 0.340049913934392 0.0
0.37398029873972 0.40292168326543 0.0
0.372097220153744 0.465374982919738 0.0
0.389752787412596 -0.660977507554063 0.0
0.392048427298988 -0.599312756183168 0.0
0.394653816498328 -0.537483817681322 0.0
0.397498654601097 -0.475497192475748 0.0
0.400535387331221 -0.413349855022866 0.0
0.403730092046236 -0.351034362909954 0.0
0.407055689632219 -0.288541530975838 0.0
0.410486891300493 -0.225861662081531 0.0
0.413995940569994 -0.162985616820216 0.0
0.417548495561814 -0.0999053512348463 0.0
0.421099045766269 -0.0366151635055753 0.0
0.424585533329036 0.02688683518828 0.0
0.427922755422492 0.0905959182896012 0.0
0.430994192431224 0.154496626189614 0.0
0.433641396355349 0.218555107794298 0.0
0.435649304877684 0.282707917355343 0.0
0.436722870632316 0.346843619977881 0.0
0.436443875385666 0.41077277164254 0.0
0.434174686914207 0.474178799170224 0.0
0.451399480767691 -0.661642626801452 0.0
0.453700948001981 -0.599927669503048 0.0
0.456334651270732 -0.538016289292547 0.0
0.45922012929131 -0.475905707348459 0.0
0.462307027656166 -0.413585438404367 0.0
0.465560911290088 -0.351041704758699 0.0
0.4689547283831 -0.288259194603834 0.0
0.472463048677536 -0.225221452487546 0.0
0.476057442183698 -0.161911258364673 0.0
0.479702128116813 -0.0983105939606906 0.0
0.483349223578194 -0.0344013900917379 0.0
0.486933265242734 0.0298334653890646 0.0
0.490364580932434 0.0944077203857244 0.0
0.493521085396572 0.159327789414243 0.0
0.496237333293606 0.224584378366679 0.0
0.498288597879242 0.29013804255697 0.0
0.499364250439079 0.355890784534858 0.0
0.499016272819624 0.421628779319856 0.0
0.496533394011124 0.486901543523881 0.0
0.512938692327277 -0.662417093156876 0.0
0.515262576631076 -0.600676009043837 0.0
0.517922642858921 -0.538695411574169 0.0
0.520838976735587 -0.476462141731586 0.0
0.523962870598226 -0.41395962709999 0.0
0.527261117379218 -0.351169265420246 0.0
0.530707269695524 -0.288070143567901 0.0
0.534275894518286 -0.224638125419935 0.0
0.537937933442314 -0.160845298630795 0.0
0.541656272997141 -0.0966590715860124 0.0
0.545380881007281 -0.0320418664500587 0.0
0.549043219927279 0.0330493661978245 0.0
0.552549520109104 0.0986629837569356 0.0
0.555772425466561 0.164852103330737 0.0
0.55853964836057 0.231671297981596 0.0
0.560617161529667 0.299169056638738 0.0
0.561681343337434 0.367366106875229 0.0
0.561269024543852 0.436192216733979 0.0
0.55867359485073 0.505285175511114 0.0
