-0.673034497781406 -0.675511938834204 0.0
0.557192057887273 -0.723070857947103 0.0
-0.599424523115158 0.61237245798111 0.0
0.61237245798111 0.61237245798111 0.0
-0.611891115617802 -0.67868178602153 0.0
0.55919966160097 -0.661625537501097 0.0
0.549794404398482 0.575060635510828 0.0
-0.604560829468449 0.536492995949365 0.0
-0.550737033998761 -0.681615048957872 0.0
0.561652708817856 -0.59990998688767 0.0
0.486153379500128 0.553586509534195 0.0
-0.610703903371038 0.464984869348812 0.0
-0.489603347622315 -0.684588943936 0.0
0.564437367451308 -0.537901505758018 0.0
0.423276519924936 0.539944389912795 0.0
-0.615885781557318 0.396061362218029 0.0
-0.428478921113265 -0.687679876498355 0.0
0.56748746376991 -0.475585005639752 0.0
0.361126969195027 0.530859559621576 0.0
-0.620324565004425 0.328857866625871 0.0
-0.36734386908663 -0.690913368946569 0.0
0.570761557259492 -0.412945245283852 0.0
0.299521458197861 0.524737889461653 0.0
-0.624290500196908 0.262868033609045 0.0
-0.306167618330683 -0.694274352490483 0.0
0.574231366108199 -0.349963262909152 0.0
0.238320016349395 0.52071339110976 0.0
-0.627960572819959 0.197774455804395 0.0
-0.244915253055478 -0.697703873867248 0.0
0.577874929362687 -0.286614484832479 0.0
0.177432529076635 0.518283379846567 0.0
-0.63144366096369 0.133368940137674 0.0
-0.183555840909165 -0.701113986448595 0.0
0.581671858070301 -0.222867141918853 0.0
0.11680553507191 0.517148418058849 0.0
-0.634806473907403 0.0695101018765316 0.0
-0.122069071715911 -0.704406726951561 0.0
0.585599313702547 -0.158681090238647 0.0
0.0564118888610691 0.51714248313637 0.0
-0.638090586253335 0.00609970066257658 0.0
-0.0604483423942048 -0.707490082676274 0.0
0.589628054262911 -0.0940059264535998 0.0
-0.00375332821052655 0.518257834919148 0.0
-0.641324121302713 -0.0569298493437062 0.0
0.00129848665260338 -0.710288796821519 0.0
0.593718021672035 -0.0287790340845196 0.0
-0.0637401495520277 0.519603622389754 0.0
-0.644533543367462 -0.119622320800082 0.0
0.0631506259059111 -0.712750482060033 0.0
0.597813271212969 0.0370776773286383 0.0
-0.123790861568345 0.521787360198119 0.0
-0.647773168320029 -0.181999546425884 0.0
0.125076670694033 -0.714848455705011 0.0
0.601835924965406 0.103662390410752 0.0
-0.183744655501798 0.5259430479185 0.0
-0.651312506033096 -0.244061558028859 0.0
0.187037721354772 -0.71658291715924 0.0
0.605678794249808 0.171101416904353 0.0
-0.243526713832616 0.530713800058702 0.0
-0.653944198834079 -0.306047561525572 0.0
0.248989852859126 -0.717981716530772 0.0
0.609195432871815 0.239562089393412 0.0
-0.303105398779326 0.53682070489989 0.0
-0.656784013036483 -0.368016172094273 0.0
0.310887463601682 -0.719101568178629 0.0
0.61218518962527 0.309277662103182 0.0
-0.36300219818242 0.543859355083351 0.0
-0.66020622894784 -0.429815340589571 0.0
0.372686781518366 -0.720030061232461 0.0
0.614367706113692 0.380595291468776 0.0
-0.423298813320721 0.552234252446565 0.0
-0.663520628830518 -0.491432917287764 0.0
0.434350134235071 -0.720888525481243 0.0
0.615341305929694 0.454075565394551 0.0
-0.483166451342884 0.563355519953055 0.0
-0.666858235068215 -0.552891610671119 0.0
0.49585275011783 -0.721835577834342 0.0
0.614580814185081 0.530712366953784 0.0
-0.542893683998471 0.580151450825049 0.0
-0.669908180595105 -0.614244022133565 0.0
-0.608793752417555 -0.617401384052487 0.0
-0.60570307955701 -0.55600586600104 0.0
-0.602397167464428 -0.494475332688263 0.0
-0.599114245891258 -0.432867157076026 0.0
-0.59578564665546 -0.371185448536093 0.0
-0.59290483120529 -0.309327429919202 0.0
-0.590167548359236 -0.247131303008654 0.0
-0.586764682116893 -0.18464691608246 0.0
-0.583532031975857 -0.121996737735213 0.0
-0.580340428468332 -0.0591198446127681 0.0
-0.577146260881398 0.00403474142417492 0.0
-0.573926288986066 0.0675137257450261 0.0
-0.570659747847884 0.131364773134087 0.0
-0.567319959785638 0.195636957438421 0.0
-0.563868989691185 0.260372277604852 0.0
-0.560256756334646 0.325579896410323 0.0
-0.556439538589395 0.391165350249908 0.0
-0.552483199678124 0.456744289132836 0.0
-0.548980668175727 0.521125338169586 0.0
-0.547640510029973 -0.620316964928428 0.0
-0.54448551204172 -0.558923363598141 0.0
-0.541225552094813 -0.497402108968702 0.0
-0.537972240227686 -0.435747780664532 0.0
-0.534794102407707 -0.373904152954276 0.0
-0.531894443198862 -0.311903783730119 0.0
-0.528996447045692 -0.249765549719461 0.0
-0.52579423059195 -0.187384681273429 0.0
-0.522651810608164 -0.124807480899145 0.0
-0.519542404490684 -0.0620307722406815 0.0
-0.516447591525187 0.000953112323790647 0.0
-0.513357945004679 0.0641449080572442 0.0
-0.5102672474335 0.127529857381921 0.0
-0.507169066620509 0.191064833266828 0.0
-0.504055814917367 0.254655409434879 0.0
-0.500921672697983 0.318120535244802 0.0
-0.49777156645534 0.381145051520838 0.0
-0.494610948720469 0.443240897433604 0.0
-0.490718018135131 0.503765186672571 0.0
-0.486469294082659 -0.623307682823353 0.0
-0.483285327130373 -0.561920271579531 0.0
-0.480070366330362 -0.500400714821707 0.0
-0.476899780847396 -0.438732811678771 0.0
-0.473835694814649 -0.376912764883139 0.0
-0.47092438446201 -0.314976328212404 0.0
-0.467991950403699 -0.252909618482489 0.0
-0.464924170895418 -0.19066912763824 0.0
-0.461885015066167 -0.128284983603824 0.0
-0.45887951829023 -0.0657763481189874 0.0
-0.455904607029457 -0.00316715554910503 0.0
-0.452960136334964 0.0595048973880819 0.0
-0.450046872995451 0.122180460743655 0.0
-0.447162553809779 0.184770795829003 0.0
-0.444295959777035 0.247150942488582 0.0
-0.441415587264523 0.309161264367415 0.0
-0.438439585591657 0.37062681244178 0.0
-0.435086439962859 0.431402839200529 0.0
-0.430681340613099 0.491580352541723 0.0
-0.425292644052137 -0.626422634822287 0.0
-0.422105981135514 -0.565062231787167 0.0
-0.418949934314891 -0.503579275563468 0.0
-0.415866166843061 -0.441968808271477 0.0
-0.412881768081795 -0.380240826101828 0.0
-0.409986172794403 -0.318414951586863 0.0
-0.407076061666346 -0.256486980833093 0.0
-0.404108856614245 -0.194450209915317 0.0
-0.401162514427098 -0.132335116993005 0.0
-0.398249561949042 -0.0701742441126711 0.0
-0.395372823001743 -0.00800726123443357 0.0
-0.392533386486428 0.0541152670503679 0.0
-0.3897283488907 0.116130259829548 0.0
-0.386945015876536 0.177964143044091 0.0
-0.38415142158429 0.239539276225027 0.0
-0.381279215750514 0.300788075006379 0.0
-0.378179984864379 0.36167361996329 0.0
-0.374538490741873 0.422230502688155 0.0
-0.369723550562031 0.482582281883772 0.0
-0.36410630835678 -0.629688654797781 0.0
-0.360935899927386 -0.568373467613718 0.0
-0.357843424641634 -0.506953640250554 0.0
-0.354837419017083 -0.445430078606418 0.0
-0.351915776826806 -0.383815310740848 0.0
-0.349049133157626 -0.322125620071812 0.0
-0.346175433935902 -0.260368056627273 0.0
-0.343278290137061 -0.19855424558583 0.0
-0.340396545058471 -0.136715509862052 0.0
-0.337541513938997 -0.0748870427787706 0.0
-0.334716077300938 -0.0131081481120389 0.0
-0.331918432656176 0.0485780658452529 0.0
-0.329139536178859 0.110126860676355 0.0
-0.326357536215424 0.171496977737471 0.0
-0.323528863440096 0.232657625658481 0.0
-0.320571422069993 0.293598506618969 0.0
-0.317331544735997 0.354344226708028 0.0
-0.313530892056062 0.41497536470904 0.0
-0.308807560384338 0.47568975579918 0.0
-0.302892799434225 -0.633083245246224 0.0
-0.299752951446299 -0.571817393643495 0.0
-0.296723788818837 -0.510465103081314 0.0
-0.29378421458703 -0.449030064505454 0.0
-0.29091158282939 -0.387525821883603 0.0
-0.288071819015508 -0.325968651317082 0.0
-0.285225696672763 -0.264372261057638 0.0
-0.282365972849006 -0.202755213150916 0.0
-0.279512658106314 -0.141146209630564 0.0
-0.27667392934588 -0.0795759925853078 0.0
-0.273851385607217 -0.0180758846547258 0.0
-0.271041242373675 0.0433239005848446 0.0
-0.268232146370219 0.10459672167396 0.0
-0.265400836734896 0.165723390664101 0.0
-0.262504962002005 0.226696107247647 0.0
-0.259470630856064 0.287524301420543 0.0
-0.25617428135276 0.348243075123118 0.0
-0.252447374499047 0.408929938822628 0.0
-0.248190244105396 0.46971488326275 0.0
-0.241629095211885 -0.636539227835598 0.0
-0.238532999455443 -0.575313514939871 0.0
-0.235564777776743 -0.514016490980486 0.0
-0.232679188305779 -0.452653242844401 0.0
-0.229840717153259 -0.391237403677606 0.0
-0.227015887467338 -0.329785151046477 0.0
-0.224178330165378 -0.268312558612949 0.0
-0.221324192613961 -0.206838982952005 0.0
-0.218464498297452 -0.145388526021407 0.0
-0.215605303973648 -0.0839854802461146 0.0
-0.212748044882106 -0.0226528152632332 0.0
-0.209889548363277 0.038589383375792 0.0
-0.207020390221891 0.0997255597127019 0.0
-0.204121784004473 0.160747147943717 0.0
-0.201160673601604 0.221654922449046 0.0
-0.198083305875841 0.282463615555995 0.0
-0.194815571307938 0.343209970271335 0.0
-0.191300046708174 0.403963340348656 0.0
-0.187603802425964 0.464828155171199 0.0
-0.180293432251446 -0.639963237832289 0.0
-0.177254473464784 -0.578760124955007 0.0
-0.174343946660287 -0.517495950985596 0.0
-0.17149957084825 -0.456176574348747 0.0
-0.168679485424933 -0.394815174167508 0.0
-0.165853349267681 -0.333427175198839 0.0
-0.163002986026754 -0.272028467037498 0.0
-0.160126640981863 -0.210636629809335 0.0
-0.157231721507354 -0.149271097706504 0.0
-0.154323896835023 -0.0879504932995828 0.0
-0.151405978079351 -0.026691572886191 0.0
-0.148477554449863 0.0344918995797488 0.0
-0.145533967376337 0.0955901470020858 0.0
-0.142564605068267 0.156599073109747 0.0
-0.139551079752415 0.217521782060747 0.0
-0.136468451157709 0.278371830363366 0.0
-0.133300865274538 0.339176499831389 0.0
-0.130095002469084 0.39997450113986 0.0
-0.127090431615494 0.460799098142365 0.0
-0.118870416166318 -0.643255122989248 0.0
-0.115901882352616 -0.582053495395782 0.0
-0.11304544685235 -0.520795419223262 0.0
-0.110229873507922 -0.459487563812979 0.0
-0.107412663077109 -0.398142576435605 0.0
-0.104568457670798 -0.336774777686503 0.0
-0.101685497796236 -0.275398753899263 0.0
-0.0987643914111934 -0.21402960062071 0.0
-0.0958120250303484 -0.152682790925497 0.0
-0.0928351560476621 -0.0913725715989173 0.0
-0.089839163623651 -0.0301113017890076 0.0
-0.0868277888063249 0.0310914704398474 0.0
-0.0838028516915097 0.0922299258213053 0.0
-0.0807641074716956 0.153303863983621 0.0
-0.0777106329203248 0.214320867883824 0.0
-0.074648010457725 0.275300634616494 0.0
-0.0716112378557066 0.336279907935572 0.0
-0.0687213927507445 0.397315369051983 0.0
-0.0663595369795231 0.458479288332988 0.0
-0.0573536220430814 -0.646323161824268 0.0
-0.0544674598804758 -0.585101943195141 0.0
-0.0516609974198536 -0.523823350230392 0.0
-0.0488624457988457 -0.462495336048515 0.0
-0.0460337168193673 -0.401130231113244 0.0
-0.0431560874289256 -0.339741188373776 0.0
-0.0402237870312061 -0.278341125508392 0.0
-0.0372404046738397 -0.216942663467923 0.0
-0.0342141186758295 -0.15555807689705 0.0
-0.0311538606709648 -0.0941983135931415 0.0
-0.0280685207065403 -0.03287259847463 0.0
-0.0249671774864271 0.0284124130817387 0.0
-0.0218598377430496 0.0896536001710054 0.0
-0.0187591926884505 0.150853415208378 0.0
-0.0156853377820393 0.21202209720713 0.0
-0.0126777107311466 0.273181344052278 0.0
-0.00982175603151799 0.334366690099294 0.0
-0.00730191435545663 0.395622598351259 0.0
-0.00540969223255386 0.456952810019509 0.0
0.00425335849409756 -0.649093932038022 0.0
0.00704828057808 -0.587834381474432 0.0
0.00981003708975629 -0.52651161271289 0.0
0.0126028308659049 -0.465135449124063 0.0
0.015456011108307 -0.403718138100122 0.0
0.0183802708384495 -0.342271662254121 0.0
0.0213753638518337 -0.280807172542676 0.0
0.0244342114000867 -0.219335014858711 0.0
0.0275463003265076 -0.157864924333603 0.0
0.0306997547694312 -0.0964054892471924 0.0
0.0338813763459045 -0.0349640334885647 0.0
0.0370756263256423 0.0264540028456634 0.0
0.0402626262450768 0.0878456996490664 0.0
0.0434143890668325 0.14921201564633 0.0
0.0464872447315185 0.210558423387593 0.0
0.0494072358619415 0.271895098405812 0.0
0.0520454822449944 0.333232265881189 0.0
0.0542003175927006 0.394561675502645 0.0
0.0557030344276992 0.455832139372659 0.0
0.0659377990086638 -0.651517634883641 0.0
0.0686375060303003 -0.590204541009499 0.0
0.0713617422726839 -0.528818301351569 0.0
0.0741597690806588 -0.467370988812532 0.0
0.0770487995279272 -0.4058747696517 0.0
0.0800305756281351 -0.344340312391542 0.0
0.0830988554737933 -0.282776887991725 0.0
0.086242861451759 -0.221192708123417 0.0
0.0894492536927968 -0.1595954370806 0.0
0.0927027891682572 -0.0979920355474526 0.0
0.0959854810897529 -0.0363889644572077 0.0
0.0992746786325259 0.0252080834047825 0.0
0.102539850544952 0.0867943099278317 0.0
0.10573724025247 0.148366343580114 0.0
0.108800805277359 0.209921550845277 0.0
0.111628141745257 0.271456496875873 0.0
0.114064919367047 0.332961520553718 0.0
0.115910127420103 0.394413818246744 0.0
0.116929866068941 0.455806318502667 0.0
0.12767943986461 -0.653570430860845 0.0
0.130286387694499 -0.592192617700251 0.0
0.132982753598409 -0.530728474731591 0.0
0.135796817743424 -0.469192206063151 0.0
0.138731479596898 -0.407595481971908 0.0
0.141779303306356 -0.345947237785367 0.0
0.144928394222676 -0.284254568053901 0.0
0.148164439527356 -0.222523467562744 0.0
0.151471237028533 -0.160759664933754 0.0
0.154830134932709 -0.0989687935097601 0.0
0.158218304290133 -0.0371569110768393 0.0
0.161605941965185 0.0246694048324797 0.0
0.164952029860486 0.0865026967257713 0.0
0.168197937423766 0.148334501044465 0.0
0.171257892891161 0.210153876197822 0.0
0.174006674104734 0.271945422253772 0.0
0.176268839384642 0.333685950033 0.0
0.177812045216908 0.395345809048434 0.0
0.178334690488607 0.456892909435211 0.0
0.189452971661711 -0.655255439683892 0.0
0.191976993740852 -0.593806018812888 0.0
0.194657612992632 -0.532254482360965 0.0
0.197498034705661 -0.470616304274123 0.0
0.200486187736131 -0.408901732706141 0.0
0.203606066772372 -0.347117224731888 0.0
0.206840894050442 -0.285267140858857 0.0
0.210173345611546 -0.223354860473752 0.0
0.213584689675436 -0.161383881509129 0.0
0.217053164459637 -0.0993582536577766 0.0
0.220551429942723 -0.0372833860310943 0.0
0.224042988644854 0.0248334905148049 0.0
0.227477130962316 0.086982449171555 0.0
0.230781860025941 0.1491500394924 0.0
0.233854272604289 0.21131697238072 0.0
0.236549021519418 0.273455574718737 0.0
0.238665719192425 0.335526787461713 0.0
0.239933611423015 0.397477437784253 0.0
0.239984788242741 0.459237413024734 0.0
0.251229905778558 -0.6566036325958 0.0
0.253688248648321 -0.59508034954396 0.0
0.256366952265826 -0.533436882452941 0.0
0.25924276487405 -0.471688214233384 0.0
0.262289729054545 -0.409841766833217 0.0
0.265484719907457 -0.347900497195982 0.0
0.268807242020738 -0.28586522224283 0.0
0.272237765532936 -0.223735976499574 0.0
0.275755626113014 -0.161513272888878 0.0
0.279336513027436 -0.099198713641311 0.0
0.282949221744718 -0.0367960463574355 0.0
0.286551437216034 0.0256879866115513 0.0
0.290084083476947 0.0882421557580809 0.0
0.293463825587626 0.150848987138422 0.0
0.296573292143424 0.213481178641895 0.0
0.299248941446427 0.27609750886574 0.0
0.301265391545724 0.338637237853984 0.0
0.302311318113163 0.401013073954994 0.0
0.301945604141052 0.463102535507385 0.0
0.312981117349014 -0.657675451917557 0.0
0.315397171895697 -0.59608133240591 0.0
0.318087817897629 -0.534346438855522 0.0
0.321005481528748 -0.472482643310424 0.0
0.324113145325617 -0.410492864210084 0.0
0.327382687240597 -0.348375410925576 0.0
0.330791317448277 -0.286126582946594 0.0
0.334318259193098 -0.223742058288635 0.0
0.337941654502351 -0.161218146971674 0.0
0.341635370516213 -0.0985524370942349 0.0
0.345365228101422 -0.0357449954484458 0.0
0.349084346722045 0.027200446504565 0.0
0.352727145614288 0.0902743486571183 0.0
0.356201636540168 0.153458488038992 0.0
0.359379388368282 0.216720566507449 0.0
0.362082304080798 0.280007171458287 0.0
0.364063102059575 0.343233281662874 0.0
0.364971149565171 0.406267185891911 0.0
0.364282082250795 0.46890944893841 0.0
0.374678822268874 -0.65856352657741 0.0
0.377079061977061 -0.596907817761982 0.0
0.379792982490993 -0.535087110599719 0.0
0.382754812581617 -0.473107118030832 0.0
0.385920637383409 -0.410964700085051 0.0
0.389259785355223 -0.348652489174206 0.0
0.392748641405058 -0.286161333051817 0.0
0.396366116417892 -0.223481396294062 0.0
0.400089873836724 -0.16060313011325 0.0
0.40389269840926 -0.0975176991166918 0.0
0.407738416389746 -0.0342180777284467 0.0
0.411577040593551 0.0292996895692717 0.0
0.415338705214497 0.0930339691883029 0.0
0.418926031612852 0.156973765046131 0.0
0.422204062808976 0.221091401178826 0.0
0.424986152250105 0.285331496793434 0.0
0.427010935069744 0.349592273850586 0.0
0.427897583823229 0.413694141612957 0.0
0.427039895225484 0.477326811033643 0.0
0.436297557074718 -0.659396619053823 0.0
0.438706223500018 -0.597695665015081 0.0
0.441449188226657 -0.535799535021947 0.0
0.444451894323533 -0.47370533652835 0.0
0.447668094617122 -0.411402895881706 0.0
0.451066920815468 -0.348878783435008 0.0
0.454625147814019 -0.286117930242197 0.0
0.458322031985107 -0.22310394438728 0.0
0.462135221252815 -0.159819412506636 0.0
0.466036935181315 -0.0962457493773455 0.0
0.469989778522589 -0.0323637601435843 0.0
0.473941895627924 0.0318456361541877 0.0
0.477821094592893 0.0963994235644167 0.0
0.481527633567556 0.161309133569741 0.0
0.484924705154933 0.226573332414468 0.0
0.487824669767961 0.29216433263236 0.0
0.489965278032635 0.358001110686448 0.0
0.490959939517881 0.423892551034829 0.0
0.490164590465797 0.489412763105993 0.0
0.497813796965895 -0.660344787914156 0.0
0.500245505562967 -0.598621849045057 0.0
0.503015177244469 -0.53666423402645 0.0
0.506049001245185 -0.474459230382053 0.0
0.509302464230352 -0.411990776962537 0.0
0.512746102200667 -0.349240771951082 0.0
0.51635759276678 -0.286188791855483 0.0
0.520116627838337 -0.22281116190606 0.0
0.524000833656256 -0.159080342595347 0.0
0.527981918889453 -0.0949639106074763 0.0
0.532021455141121 -0.0304240593405779 0.0
0.536066070487781 0.0345831895143649 0.0
0.540041769480876 0.100108299505144 0.0
0.543847164906929 0.166208438319828 0.0
0.547344754717694 0.232945461989578 0.0
0.550348626264139 0.300380624277875 0.0
0.552604200392988 0.36855687246019 0.0
0.553749837094659 0.437442043298442 0.0
0.553223598981649 0.506733788180686 0.0
