-0.687409423707473 -0.672659424963521 0.0
0.542500152973924 -0.72076012039231 0.0
-0.617414767295122 0.61237245798111 0.0
0.61237245798111 0.61237245798111 0.0
-0.626262973799374 -0.675848927752676 0.0
0.54460437346739 -0.659327032842012 0.0
0.547188883492049 0.576934745981304 0.0
-0.620426346347341 0.536970447116077 0.0
-0.56510252983669 -0.678793314054157 0.0
0.54714426239889 -0.597634579975023 0.0
0.481976469674716 0.556505740163651 0.0
-0.625482378929194 0.465920604976712 0.0
-0.503957481027585 -0.681770229422772 0.0
0.55001631789951 -0.535660288211179 0.0
0.417919702655343 0.543458423930198 0.0
-0.630065043665592 0.397404288814595 0.0
-0.442817133687171 -0.684847651914438 0.0
0.553160306950204 -0.473389134576723 0.0
0.354790310643777 0.534721678173378 0.0
-0.634174350761284 0.330542531378417 0.0
-0.38166406526512 -0.688048318915645 0.0
0.556539157525939 -0.410806184800443 0.0
0.292328752457839 0.528802676928848 0.0
-0.637974320648497 0.264832302006589 0.0
-0.320471123198819 -0.691359568053457 0.0
0.560128660868759 -0.347893137505083 0.0
0.230355570228744 0.524887281118967 0.0
-0.641582205462388 0.199964016974477 0.0
-0.259206943982138 -0.694728562019843 0.0
0.563911431088139 -0.28462643511857 0.0
0.16875485641062 0.522499110241644 0.0
-0.645069979815731 0.135737607815306 0.0
-0.197843610164183 -0.698075431726191 0.0
0.567872793930271 -0.220975634164364 0.0
0.107452404173707 0.521348727674431 0.0
-0.648480092161025 0.0720189924827016 0.0
-0.136362848329844 -0.701310640366002 0.0
0.571997371329958 -0.156902148385154 0.0
0.0464008516870539 0.521260731257041 0.0
-0.651837448536029 0.00871620853810746 0.0
-0.0747589314776385 -0.704349808018324 0.0
0.576265771998119 -0.0923572573571321 0.0
-0.0144281907508946 0.522125737187264 0.0
-0.655158289738991 -0.0542330134964208 0.0
-0.0130394672841057 -0.707123895136967 0.0
0.580650921272707 -0.0272800082030748 0.0
-0.0749729063386924 0.523661900956545 0.0
-0.658460233909026 -0.116867958887068 0.0
0.0487759738759902 -0.709585090049258 0.0
0.58511393519772 0.038406241731406 0.0
-0.135492558422017 0.526067542025468 0.0
-0.661790304829182 -0.179206642102487 0.0
0.110657962828893 -0.711709644720481 0.0
0.589599437143723 0.104798728775866 0.0
-0.195948363772329 0.529835261732139 0.0
-0.665401380172023 -0.241246083249441 0.0
0.172570130720635 -0.713499125687217 0.0
0.594030422855059 0.172023783628478 0.0
-0.256274218946684 0.534343165514918 0.0
-0.668111998865398 -0.30321067747007 0.0
0.234471471673934 -0.714981204277992 0.0
0.59830235373078 0.240250599656672 0.0
-0.316476689674299 0.540075767474037 0.0
-0.671023365211266 -0.365164441502482 0.0
0.296319550600319 -0.716210750180566 0.0
0.602275951963264 0.309717996647178 0.0
-0.376979483254198 0.547135811845 0.0
-0.674496506686238 -0.426961023140941 0.0
0.358073863090581 -0.717271515323424 0.0
0.605767429710986 0.380786720651936 0.0
-0.437847445985296 0.555450504170737 0.0
-0.677844996215033 -0.488578848130235 0.0
0.419699903100082 -0.718278398448522 0.0
0.608541984230618 0.454049565917784 0.0
-0.498412760044212 0.565826612658658 0.0
-0.681206754983946 -0.550037690835914 0.0
0.481175627968214 -0.719379963497375 0.0
0.61040101276393 0.530576513047666 0.0
-0.559070069585185 0.581782755115915 0.0
-0.684270996598296 -0.611391283313329 0.0
-0.623153424544545 -0.614569539115359 0.0
-0.62005012296586 -0.553174915020675 0.0
-0.616721331626099 -0.491647547079068 0.0
-0.613402318292333 -0.43004442308956 0.0
-0.610025329247495 -0.368369869318639 0.0
-0.607078521242534 -0.306529674665675 0.0
-0.60425609641775 -0.244362505662778 0.0
-0.600768132849326 -0.181912343522905 0.0
-0.597441382035349 -0.119307739141245 0.0
-0.594153112150597 -0.0564902982197336 0.0
-0.590866515529396 0.00658858499667529 0.0
-0.587566859914451 0.0699735043847114 0.0
-0.584244768009545 0.133710481479124 0.0
-0.580889340735596 0.197847936166686 0.0
-0.577485045588975 0.262429317621958 0.0
-0.574014236035723 0.327469606951941 0.0
-0.570480683282514 0.392888846922601 0.0
-0.567018728622805 0.458332472430642 0.0
-0.564307208088618 0.522654325890319 0.0
-0.561996892081512 -0.617497822984022 0.0
-0.558829671235691 -0.556107660712152 0.0
-0.555545669089662 -0.494591029395184 0.0
-0.552253911262978 -0.432943713621286 0.0
-0.549021375171912 -0.371111943545739 0.0
-0.546049218485293 -0.309128536252542 0.0
-0.543064480217671 -0.24701145184377 0.0
-0.539769435658051 -0.184659181469189 0.0
-0.536526100300629 -0.122117699839849 0.0
-0.533312506018624 -0.0593841745436311 0.0
-0.530116332496992 0.00354922334121952 0.0
-0.526935930038921 0.0666843243239056 0.0
-0.523775327299763 0.13000891560736 0.0
-0.520641812867889 0.193484597263838 0.0
-0.517546243699073 0.257024752362035 0.0
-0.514507405142247 0.320459802951721 0.0
-0.511562166541883 0.383488175044186 0.0
-0.508752627770264 0.445628578413192 0.0
-0.505341576456342 0.506213502372653 0.0
-0.500818776942263 -0.620490385697015 0.0
-0.497623039035952 -0.559104454429359 0.0
-0.494381711373197 -0.497587111668357 0.0
-0.49116782020558 -0.435923233815468 0.0
-0.488042710269326 -0.374109558999954 0.0
-0.485053045760535 -0.312181504835666 0.0
-0.482028561646722 -0.250125461005655 0.0
-0.478859686092562 -0.187898456245486 0.0
-0.475711193264657 -0.12552944146501 0.0
-0.472592216191903 -0.0630362439181565 0.0
-0.46950513115101 -0.000440776978360286 0.0
-0.466456795927485 0.0622222591833038 0.0
-0.463457104535301 0.124897673557322 0.0
-0.460515778422221 0.187502023544016 0.0
-0.45763726660829 0.249916233123865 0.0
-0.454809910555957 0.311985551756556 0.0
-0.451973493792057 0.373535816742504 0.0
-0.448849198023512 0.434415329643583 0.0
-0.444660333906205 0.494706764235078 0.0
-0.439632162082101 -0.623588784864253 0.0
-0.436433901448942 -0.562225520042718 0.0
-0.433248105763773 -0.500739273963263 0.0
-0.430115419194633 -0.439125592749793 0.0
-0.427063388890353 -0.37739441185088 0.0
-0.42408301665605 -0.315564899949341 0.0
-0.421074265151425 -0.253632416624217 0.0
-0.417997900197728 -0.191589544339004 0.0
-0.414933818671316 -0.129465108083965 0.0
-0.411898330702982 -0.0672897587877356 0.0
-0.408899317705558 -0.00510096558663917 0.0
-0.405944441975524 0.0570530898807762 0.0
-0.403039400207915 0.119111485687771 0.0
-0.400182722306687 0.181001761938487 0.0
-0.397356671840689 0.242644936156977 0.0
-0.394509084747846 0.303967496640106 0.0
-0.391502415018224 0.364919282534344 0.0
-0.387998756731857 0.425512720223321 0.0
-0.383206985326154 0.48584082300039 0.0
-0.378434208844283 -0.626818256399718 0.0
-0.375251853240563 -0.565494838499302 0.0
-0.372125687606278 -0.504064791020526 0.0
-0.369064998769439 -0.442529252909615 0.0
-0.366069327948217 -0.380900413866082 0.0
-0.363111609488823 -0.319193856589688 0.0
-0.360132832227363 -0.257415803320003 0.0
-0.357119457594103 -0.195576790063034 0.0
-0.354112741591746 -0.133706658716226 0.0
-0.351127610090244 -0.0718391967884214 0.0
-0.348171705360825 -0.010012590351522 0.0
-0.345249377447464 0.0517304980370221 0.0
-0.342359460492591 0.113344480286962 0.0
-0.339489878683378 0.174785043090745 0.0
-0.336608148618875 0.236014905654277 0.0
-0.333641446045978 0.29701234312909 0.0
-0.330433272644929 0.35778434938134 0.0
-0.326663651928313 0.418388952709569 0.0
-0.321902269385061 0.479020957227966 0.0
-0.317209533191469 -0.630159602156555 0.0
-0.314056618589352 -0.568880373940159 0.0
-0.310989501802407 -0.507511174738127 0.0
-0.307989677845218 -0.446055826694928 0.0
-0.305037200008313 -0.384527433924242 0.0
-0.302100761634045 -0.32294152788654 0.0
-0.299144013509111 -0.261310970083946 0.0
-0.296162313523007 -0.199653384177306 0.0
-0.29317817648075 -0.137996525043722 0.0
-0.290203090972337 -0.0763705363756157 0.0
-0.2872428681512 -0.0148067541543176 0.0
-0.284298954706008 0.0466636456409561 0.0
-0.281366264579051 0.108011689654221 0.0
-0.27842841666814 0.169214031702272 0.0
-0.275448923927138 0.230256529147826 0.0
-0.272354214441456 0.291140267954945 0.0
-0.269005653205782 0.351892098510864 0.0
-0.26519960804419 0.412590185843615 0.0
-0.26085692299489 0.473387296148724 0.0
-0.255937469799771 -0.63355237870383 0.0
-0.252826140177601 -0.572309259776275 0.0
-0.249815470387865 -0.510990011001875 0.0
-0.246864459468706 -0.449599853876222 0.0
-0.243941101737975 -0.388152022968588 0.0
-0.241014926141345 -0.32666205808104 0.0
-0.238062241532258 -0.265145355541224 0.0
-0.235081523367784 -0.203620639037125 0.0
-0.232086077068453 -0.142111555447974 0.0
-0.229084723314867 -0.0806423661192908 0.0
-0.226082218178115 -0.0192366195033465 0.0
-0.223079230556078 0.0420842251625953 0.0
-0.220070428755181 0.103302273198048 0.0
-0.217040523270062 0.164405564397189 0.0
-0.213957292197338 0.225390565234344 0.0
-0.210761052842761 0.286267553435913 0.0
-0.207360868240646 0.347070937785788 0.0
-0.20368192799759 0.407872305470603 0.0
-0.199795712974947 0.468764321414605 0.0
-0.194598403799773 -0.636911604706014 0.0
-0.191540755322002 -0.575688626091627 0.0
-0.188583053036576 -0.514398861923902 0.0
-0.185668518530174 -0.453048346563941 0.0
-0.182759287122579 -0.391649952382379 0.0
-0.179828022375626 -0.330218610824292 0.0
-0.176858918283696 -0.26876972338732 0.0
-0.173852156806688 -0.207320492005258 0.0
-0.170816963971298 -0.145890202319267 0.0
-0.167761023485696 -0.0844977124568784 0.0
-0.164689368189403 -0.023160505360024 0.0
-0.16160385004557 0.0381063617766744 0.0
-0.158501651939102 0.099291235371094 0.0
-0.155372538608012 0.160387693794344 0.0
-0.15219504238847 0.221396571011549 0.0
-0.148934951842808 0.282330553991231 0.0
-0.145560298834686 0.343219981700598 0.0
-0.142097204919484 0.40411183957229 0.0
-0.138733000109767 0.465053145080752 0.0
-0.133178518283298 -0.640145601337749 0.0
-0.130186404327067 -0.57892331471301 0.0
-0.127277794438945 -0.517638363472322 0.0
-0.124387712199374 -0.456297607420595 0.0
-0.121477777939371 -0.394913456714627 0.0
-0.118525396220346 -0.333499853607948 0.0
-0.115520737288582 -0.272071044903898 0.0
-0.112465830438448 -0.210641931464814 0.0
-0.109368760285095 -0.149228039894979 0.0
-0.106237438135393 -0.0878440339795896 0.0
-0.103078299623318 -0.0265031506802146 0.0
-0.0998957978283289 0.0347836302703904 0.0
-0.0966915932680551 0.0960084194982447 0.0
-0.0934634513220276 0.157168267943468 0.0
-0.0902052485947131 0.21826740228494 0.0
-0.0869130712155525 0.27932170862633 0.0
-0.0836083901461256 0.34036311061783 0.0
-0.0803909701704238 0.401439929129934 0.0
-0.0775533621669961 0.462612064370513 0.0
-0.0716721925010689 -0.643170163690251 0.0
-0.0687561171939285 -0.581929032139045 0.0
-0.065892204419487 -0.520624208157465 0.0
-0.0630151235685611 -0.459263782080034 0.0
-0.0600906543747759 -0.397859861214035 0.0
-0.057102363827107 -0.33642528832975 0.0
-0.0540458384124598 -0.274972749531077 0.0
-0.0509254626618051 -0.213514813974343 0.0
-0.0477498770651113 -0.152063980604143 0.0
-0.0445282158414807 -0.0906318089879901 0.0
-0.0412691891580424 -0.0292286486308864 0.0
-0.0379810032834398 0.0321370505516814 0.0
-0.0346715577038639 0.0934595017736337 0.0
-0.0313494006718097 0.154737372336373 0.0
-0.0280275895814765 0.215975675001463 0.0
-0.0247352223618615 0.277188867413078 0.0
-0.0215439325211516 0.338402098477809 0.0
-0.0186160441665527 0.399645887954526 0.0
-0.0162479428580708 0.460925428266619 0.0
-0.0100830123966946 -0.645917896852169 0.0
-0.00725055375471654 -0.584640489393273 0.0
-0.004425866828188 -0.523293779092992 0.0
-0.00155083452841091 -0.461887586607467 0.0
0.00140063854757737 -0.400433886506992 0.0
0.00443763610036347 -0.338944371360146 0.0
0.00755924852541264 -0.277430024293615 0.0
0.0107583288378588 -0.215901227903448 0.0
0.0140247467218137 -0.154368037169437 0.0
0.0173474907527813 -0.0928397372350153 0.0
0.0207149152693011 -0.0313248361311589 0.0
0.0241141023088301 0.0301694300060204 0.0
0.0275294233671201 0.0916376173199902 0.0
0.030939464366161 0.153077390658738 0.0
0.0343100492106256 0.2144903077719 0.0
0.037579796328286 0.275882606872296 0.0
0.0406349208157866 0.337262475404322 0.0
0.0432813715215654 0.398628295981717 0.0
0.0452910361751398 0.459946068478068 0.0
0.0515770247192051 -0.648343379247046 0.0
0.054322867926482 -0.587015545450317 0.0
0.0571155487279363 -0.52560898335966 0.0
0.0599991718247092 -0.464135536211687 0.0
0.0629886367229947 -0.402606993250582 0.0
0.0660849266250609 -0.341033710500794 0.0
0.0692819239517938 -0.279424802555148 0.0
0.0725695885544252 -0.217788523895805 0.0
0.0759358939042833 -0.156132821724002 0.0
0.0793676204598983 -0.094465229994042 0.0
0.0828498000098335 -0.0327931258379497 0.0
0.0863642170684069 0.028876504238464 0.0
0.0898867136499411 0.0905372170181541 0.0
0.0933823410265005 0.152183807186238 0.0
0.0967964558173391 0.213812025327897 0.0
0.100039830985693 0.27541785541193 0.0
0.102968840233044 0.33699356426934 0.0
0.105375379785918 0.398520258334181 0.0
0.106985209665685 0.459979696372797 0.0
0.11328895729977 -0.650425537789524 0.0
0.115951151663072 -0.589036939821201 0.0
0.118721247334164 -0.52755713490182 0.0
0.121623815063849 -0.465999806648129 0.0
0.124660641761595 -0.404376120065474 0.0
0.127824492220692 -0.342694656303223 0.0
0.131104430200787 -0.280962327258027 0.0
0.134487719776837 -0.219185105822062 0.0
0.13796043614754 -0.15736885362521 0.0
0.141507133967176 -0.0955194936063035 0.0
0.145109461506224 -0.0336435275446371 0.0
0.148743787596986 0.028251895033659 0.0
0.152377388765334 0.0901586947718549 0.0
0.155962302744272 0.152067895681556 0.0
0.159425475730112 0.213968399014718 0.0
0.162654654592885 0.275845257559586 0.0
0.165482415609699 0.337675875742182 0.0
0.167671340324815 0.39942731976109 0.0
0.16890105177694 0.461054594602605 0.0
0.175029165271896 -0.652168735380981 0.0
0.177617460657009 -0.590713138547234 0.0
0.180376539652272 -0.529151407688268 0.0
0.183307790809341 -0.467498196031353 0.0
0.186399393436821 -0.405763148372145 0.0
0.189636530393119 -0.343952350422189 0.0
0.193004202953087 -0.282069956051355 0.0
0.196487485688336 -0.22011923567008 0.0
0.200070869110601 -0.158103627527017 0.0
0.203736948317618 -0.0960271344465853 0.0
0.20746425743344 -0.0338950944662271 0.0
0.211224103413415 0.0282854069636172 0.0
0.214975856630483 0.0905047321990329 0.0
0.218659954461509 0.152749940367544 0.0
0.222187689119445 0.215002490412115 0.0
0.225427721869825 0.277235417244641 0.0
0.228189734779451 0.339409077419396 0.0
0.230205024244321 0.401465946440621 0.0
0.231099238362714 0.463326561465043 0.0
0.236771066367316 -0.653603673203207 0.0
0.23930194265785 -0.592079309607765 0.0
0.242062948664829 -0.530431734887272 0.0
0.245031224420197 -0.468674891004571 0.0
0.248182453654109 -0.40681559792373 0.0
0.251495623310049 -0.344856498641867 0.0
0.254952766018799 -0.282798226989649 0.0
0.258537511919991 -0.220640651134292 0.0
0.262233309808952 -0.15838405432482 0.0
0.266021298484467 -0.0960296811040456 0.0
0.269877479702236 -0.0335807291480179 0.0
0.273768919264 0.0289568735685399 0.0
0.277648417346523 0.0915730514379185 0.0
0.281447058783936 0.154251867562658 0.0
0.285063904897765 0.216967845619093 0.0
0.288352419872777 0.279681399332663 0.0
0.291102407238739 0.342332077389704 0.0
0.293013117638814 0.404829900386373 0.0
0.293645353198579 0.467045987477677 0.0
0.298487495959646 -0.654788849889953 0.0
0.300982876219862 -0.593199031251371 0.0
0.303758527189415 -0.531466565590444 0.0
0.306769571509379 -0.469602262843441 0.0
0.309981884696277 -0.407608605262996 0.0
0.313370226682961 -0.345483755349752 0.0
0.31691496752756 -0.283223929088486 0.0
0.320599165208451 -0.220824646017708 0.0
0.32440589396394 -0.158281885718068 0.0
0.328315497107089 -0.0955926473200743 0.0
0.332302278333174 -0.0327560534903599 0.0
0.33633029941556 0.0302255811580868 0.0
0.340347756570012 0.0933447395180641 0.0
0.344279460295055 0.156585936463769 0.0
0.34801663780878 0.219920295808372 0.0
0.351403065270537 0.283298128277139 0.0
0.354214289433952 0.346637463489982 0.0
0.356120864863909 0.409807406798295 0.0
0.356610179124602 0.472605397609485 0.0
0.360152534064227 -0.655812873936014 0.0
0.362636828645505 -0.594166834927728 0.0
0.365437250812951 -0.532355371671894 0.0
0.368492785472967 -0.470383438444126 0.0
0.371763343374188 -0.408247816254252 0.0
0.37522168331611 -0.345941257299644 0.0
0.37884784368659 -0.283454699183648 0.0
0.382625149898256 -0.220778240743641 0.0
0.386536939914995 -0.157902018326284 0.0
0.390563432048465 -0.0948165319005399 0.0
0.394678157135272 -0.0315136071871915 0.0
0.398843626279361 0.0320125303136674 0.0
0.403005780180012 0.0957629821026384 0.0
0.407086849528348 0.159730688901168 0.0
0.410975762487615 0.2238933626134 0.0
0.414514495959566 0.288202501214091 0.0
0.417475190695201 0.352564207908046 0.0
0.419513431395091 0.416806185619749 0.0
0.420052130819491 0.480621283138956 0.0
0.421742372743634 -0.656797677367152 0.0
0.42423748321532 -0.595111315355384 0.0
0.427067475059381 -0.533231437984793 0.0
0.430163904801467 -0.471155083886457 0.0
0.43348481966172 -0.408872439383077 0.0
0.437003102042702 -0.346370476988022 0.0
0.44069955044157 -0.28363443167402 0.0
0.444558333185714 -0.220648046335114 0.0
0.448563443979071 -0.157393802375313 0.0
0.45269542410997 -0.0938526639339873 0.0
0.456927746310684 -0.0300044736798414 0.0
0.461222596682343 0.0341715775280652 0.0
0.465525731711241 0.0986953413123417 0.0
0.469760218550769 0.163582884529786 0.0
0.473818299373342 0.228839693974978 0.0
0.477549704232217 0.294448291124363 0.0
0.480740550675091 0.360342038411255 0.0
0.483064872155956 0.426348203136371 0.0
0.483942944321017 0.492058691718779 0.0
0.483234971074914 -0.657902412377615 0.0
0.485753555842989 -0.596198102239151 0.0
0.488610400358632 -0.53426439659822 0.0
0.491737996106051 -0.472089103971058 0.0
0.495096205821514 -0.409656744266355 0.0
0.498659489158076 -0.346949781024431 0.0
0.502409844135766 -0.283948342254012 0.0
0.506332312450818 -0.220629276941365 0.0
0.510411471719072 -0.156965487073048 0.0
0.514628169094484 -0.092924801973505 0.0
0.518955946278233 -0.0284693023277372 0.0
0.523357001192493 0.0364457429619899 0.0
0.527777527597304 0.101872616452219 0.0
0.532142491155273 0.167872043663291 0.0
0.536349477274387 0.234512283602144 0.0
0.540260849816735 0.30186572239042 0.0
0.543691010307278 0.369994372464297 0.0
0.546379319233241 0.43889779038988 0.0
0.547906296619087 0.508320468060204 0.0
