-0.627013969570813 -0.701749299437793 0.0
0.608994467723457 -0.801523390193475 0.0
-0.44516726732254 0.61237245798111 0.0
0.61237245798111 0.61237245798111 0.0
-0.566179813146007 -0.708638310577924 0.0
0.612933871698634 -0.739902357417392 0.0
0.571067872702786 0.549750092143906 0.0
-0.470099776942661 0.532359089859605 0.0
-0.505299150832412 -0.715219577255707 0.0
0.617813228965872 -0.677732918752011 0.0
0.51936827686561 0.509334717372611 0.0
-0.4896689137797 0.456547891017141 0.0
-0.444448349501589 -0.721885023755678 0.0
0.623322365593868 -0.614959564706729 0.0
0.464362455748696 0.482871967939535 0.0
-0.504321982452056 0.3836371931626 0.0
-0.383613408370338 -0.728785746589153 0.0
0.629264117529689 -0.551548601597209 0.0
0.408387618660462 0.46542365580746 0.0
-0.515834944073794 0.313012287745936 0.0
-0.322747891284541 -0.735960975243915 0.0
0.635494930523614 -0.48747008997435 0.0
0.352236126669222 0.454037077540142 0.0
-0.52537155014856 0.24418419348776 0.0
-0.261779092313196 -0.74335584058906 0.0
0.641896185048315 -0.422689604168445 0.0
0.296176568889222 0.446943633860991 0.0
-0.533647882818504 0.176782978238014 0.0
-0.200623743659376 -0.750827759074851 0.0
0.648357088359311 -0.357164210128735 0.0
0.240313943993924 0.443084940179243 0.0
-0.54111568667697 0.110532799444956 0.0
-0.139207776141168 -0.758180978979734 0.0
0.654762426213161 -0.29083996626875 0.0
0.184720628699519 0.441852426666784 0.0
-0.548067669525958 0.0452268723755967 0.0
-0.0774822898985774 -0.765206265851789 0.0
0.660982030420808 -0.223650518297513 0.0
0.129491552261054 0.442977730148077 0.0
-0.554698101918371 -0.0192906298886702 0.0
-0.0154316158447223 -0.771712685529768 0.0
0.666860407780003 -0.155515472419185 0.0
0.0749253816194902 0.448074357007735 0.0
-0.561140693035287 -0.0831353656147006 0.0
0.0469252994135455 -0.777547906932255 0.0
0.672205177654503 -0.0863392357646279 0.0
0.0196772347043234 0.448483139366108 0.0
-0.567498569135096 -0.146388869698116 0.0
0.109538841882788 -0.782608817841212 0.0
0.676773210799573 -0.0160092311936821 0.0
-0.036028289776416 0.449103061503677 0.0
-0.573894123300221 -0.20909821303464 0.0
0.17233495688034 -0.786845783273787 0.0
0.680252539921859 0.0556061222337109 0.0
-0.0904356226879799 0.461213989014395 0.0
-0.580789412486591 -0.271254809832018 0.0
0.235222531118811 -0.790263967057237 0.0
0.682236994419452 0.128660887907522 0.0
-0.14509232009653 0.471423388234345 0.0
-0.586504326746525 -0.33338089635353 0.0
0.298099875384731 -0.792924339586076 0.0
0.682187628577575 0.203336017387758 0.0
-0.198544533065782 0.484885884449993 0.0
-0.592526851424025 -0.395423631464812 0.0
0.360861801446993 -0.794946288671732 0.0
0.679370754990457 0.279848087351883 0.0
-0.253446399328098 0.495385823571466 0.0
-0.599433747476911 -0.457091893129545 0.0
0.423406873633667 -0.796513010182942 0.0
0.672753971180448 0.358466080659093 0.0
-0.309158640764906 0.507544226661483 0.0
-0.606342642190782 -0.518501948687851 0.0
0.485646036727155 -0.797880963026578 0.0
0.660834495207009 0.439554140862027 0.0
-0.361439429642442 0.530333815464192 0.0
-0.613381811874968 -0.579698053742093 0.0
0.54751535621983 -0.799395974018742 0.0
0.641437059434545 0.523716660004019 0.0
-0.411056174573902 0.560824970821869 0.0
-0.620135364689866 -0.640774963487247 0.0
-0.559336751550076 -0.647628623167926 0.0
-0.552517551908402 -0.586466749150064 0.0
-0.545512330707955 -0.525128801062048 0.0
-0.538661162868594 -0.463667815175124 0.0
-0.531855990830111 -0.402094667006337 0.0
-0.525742984532144 -0.340163473974108 0.0
-0.519930999812004 -0.277698664093356 0.0
-0.513273601179129 -0.214881049256448 0.0
-0.506890256361343 -0.1517499047501 0.0
-0.500570757199574 -0.0882221304122381 0.0
-0.494207687759171 -0.0242215175898471 0.0
-0.487704659782774 0.0403222776353056 0.0
-0.480943399879762 0.105477048815786 0.0
-0.473761173734988 0.171303103852135 0.0
-0.46592921410155 0.237831587424492 0.0
-0.457135850755961 0.305008391523357 0.0
-0.44700861984619 0.372556748785689 0.0
-0.435328875326209 0.439664843490772 0.0
-0.423041031271716 0.504338500120779 0.0
-0.498436109438815 -0.654174668388363 0.0
-0.491542483354966 -0.593001616634601 0.0
-0.484621333277719 -0.531653323261017 0.0
-0.477831391387276 -0.470104005199823 0.0
-0.47125585009318 -0.408256978037911 0.0
-0.465161633394631 -0.346137359074246 0.0
-0.459170497955585 -0.283799920412352 0.0
-0.452834501783792 -0.221116521692153 0.0
-0.446626905356201 -0.158120150727514 0.0
-0.44048424566918 -0.0948089235639216 0.0
-0.434342462905433 -0.0311788198405907 0.0
-0.428136615098501 0.0327581357905188 0.0
-0.421789654260205 0.0969573118909996 0.0
-0.415205904354331 0.161316413329889 0.0
-0.408273486950813 0.225634423858658 0.0
-0.400886041335882 0.289554949162366 0.0
-0.393003663916999 0.352514039541806 0.0
-0.38476129619184 0.413782527579607 0.0
-0.376074122887457 0.47279443762814 0.0
-0.437515867776363 -0.660875048119631 0.0
-0.430602278098259 -0.599722418802787 0.0
-0.42377809091328 -0.538381344816401 0.0
-0.417146398581375 -0.476816456018545 0.0
-0.410780771032144 -0.415015719265907 0.0
-0.404732963382534 -0.353025604904086 0.0
-0.398756143673927 -0.290843213248448 0.0
-0.392674471159874 -0.228423931641634 0.0
-0.386692960416743 -0.165805041476802 0.0
-0.380798504231662 -0.103025466597257 0.0
-0.37495966091262 -0.0401376946921013 0.0
-0.369141303084502 0.0227785028884785 0.0
-0.363301746949237 0.0856029945445444 0.0
-0.3573893543843 0.148163692251648 0.0
-0.351340390649586 0.210231421135104 0.0
-0.345077322214626 0.271537167210371 0.0
-0.338508276150435 0.331831706434439 0.0
-0.331506694971991 0.390986980975377 0.0
-0.324091106430546 0.44914999250184 0.0
-0.376592362267384 -0.66783346921771 0.0
-0.36970512399985 -0.606741546602563 0.0
-0.363013077470524 -0.545472685031095 0.0
-0.356562523098289 -0.484014731223583 0.0
-0.350374703398069 -0.422381938588254 0.0
-0.344421900954796 -0.360607285568085 0.0
-0.338552173330274 -0.298701903815381 0.0
-0.332693987466715 -0.236672430868312 0.0
-0.326941098590096 -0.174569287299811 0.0
-0.321296846272073 -0.112453744254284 0.0
-0.31574621588204 -0.0504003776151018 0.0
-0.310265366109298 0.0114998768137793 0.0
-0.304817224246762 0.0731413610717337 0.0
-0.299342873320424 0.134413990265847 0.0
-0.293750889944797 0.195225360496861 0.0
-0.287908702864744 0.255538757621457 0.0
-0.281643714339904 0.315420843565951 0.0
-0.274783005721482 0.375091679667661 0.0
-0.267387986077397 0.434933118388803 0.0
-0.315648988863736 -0.675080028213886 0.0
-0.308826561374349 -0.614075786614276 0.0
-0.302284883321028 -0.552921746611454 0.0
-0.29601210206013 -0.491619971205844 0.0
-0.289984573110384 -0.430193937385418 0.0
-0.284147657440787 -0.368677315037358 0.0
-0.278406488545666 -0.307096321417846 0.0
-0.272729803210684 -0.245481745664389 0.0
-0.267162566522887 -0.18388714970634 0.0
-0.261710393572497 -0.122372541302981 0.0
-0.256362469669178 -0.061000962951818 0.0
-0.25109485051412 0.000165992378473971 0.0
-0.245865855240993 0.0610768260023836 0.0
-0.240609665838707 0.12170454758769 0.0
-0.235232245131211 0.182065345334436 0.0
-0.229614664215958 0.242240428307225 0.0
-0.223630170704992 0.302395850291183 0.0
-0.21717556916996 0.362788242615433 0.0
-0.209942913126846 0.423670682212225 0.0
-0.254640385091802 -0.68254112796764 0.0
-0.247915299655408 -0.621623649561196 0.0
-0.241530819400998 -0.56058560606183 0.0
-0.235422202376689 -0.499437649007545 0.0
-0.229533504342829 -0.438208174751538 0.0
-0.223803325890011 -0.376932389987624 0.0
-0.218169823867402 -0.315643445503075 0.0
-0.212618024144692 -0.254378424993374 0.0
-0.207171179501049 -0.193184110407999 0.0
-0.201834696177436 -0.132107270528053 0.0
-0.196601236738146 -0.0711899773910403 0.0
-0.191451739127683 -0.0104644603670578 0.0
-0.186353807947743 0.0500532024692524 0.0
-0.181261351569381 0.110370514828574 0.0
-0.176119153069394 0.17052394715279 0.0
-0.170876005752094 0.230579897095498 0.0
-0.165505390239876 0.290622718271314 0.0
-0.159977495410418 0.350712367756688 0.0
-0.153822616752846 0.410830647836113 0.0
-0.193507291665389 -0.690056914986596 0.0
-0.186910481018799 -0.629200769135438 0.0
-0.180683350698006 -0.56824898387291 0.0
-0.174718381678923 -0.507217330921868 0.0
-0.16893975868209 -0.446135777144926 0.0
-0.163288209585855 -0.385038858004755 0.0
-0.157722677546138 -0.323960235485447 0.0
-0.152237290522663 -0.26293489263636 0.0
-0.146848108285019 -0.202000313250938 0.0
-0.141563808875708 -0.141190639820709 0.0
-0.13638524925106 -0.0805333632642322 0.0
-0.131306306954528 -0.0200462607633949 0.0
-0.126314941052278 0.0402652560858556 0.0
-0.121396484832156 0.100410563821429 0.0
-0.116541116524764 0.160414122100582 0.0
-0.111755171260751 0.220314519654059 0.0
-0.107063314120444 0.280162576177854 0.0
-0.102442863325934 0.340036165446568 0.0
-0.0977224103794825 0.400191018722523 0.0
-0.132192844857394 -0.697421285240125 0.0
-0.125755124035526 -0.636586500205792 0.0
-0.119681763100311 -0.575673057362984 0.0
-0.113836443857857 -0.514699747899434 0.0
-0.108135360280371 -0.453696251683714 0.0
-0.102527049244703 -0.392694991935992 0.0
-0.0969865282613971 -0.331727282918891 0.0
-0.0915164730865414 -0.270823738865022 0.0
-0.0861344076367738 -0.210014194960887 0.0
-0.0808562077476424 -0.149324430079731 0.0
-0.0756945242992204 -0.0887745063907838 0.0
-0.0706600399839348 -0.0283775580295413 0.0
-0.0657642859123617 0.0318604015815294 0.0
-0.0610251198153795 0.0919396834496155 0.0
-0.0564760943074547 0.151862724932721 0.0
-0.0521788389026398 0.211625848057122 0.0
-0.0482328084788082 0.271204752831486 0.0
-0.0448080736539453 0.330544367298965 0.0
-0.0425504911711137 0.389557506270849 0.0
-0.0706559515574178 -0.704421869464308 0.0
-0.0644070433825771 -0.643563223094055 0.0
-0.0584817871728016 -0.582633349760027 0.0
-0.0527314207014217 -0.521653387769905 0.0
-0.0470754775665277 -0.460652261496247 0.0
-0.0414751738377869 -0.399659915571904 0.0
-0.0359206863364788 -0.338704436758664 0.0
-0.0304245507038026 -0.277811785997166 0.0
-0.025010628251751 -0.217005494466329 0.0
-0.0197042268664385 -0.156304657801455 0.0
-0.0145307654238748 -0.0957227628935402 0.0
-0.00951730309890377 -0.0352662610250712 0.0
-0.00469578737260146 0.0250669212400989 0.0
-0.000108232772232086 0.0852900846448236 0.0
0.00418615191079606 0.145431633928736 0.0
0.00810294222029357 0.20554465980746 0.0
0.0115164751287384 0.265729893976814 0.0
0.0141537046060536 0.326184413194473 0.0
0.0147634301747917 0.387216986664683 0.0
-0.00887890320672115 -0.710869978634355 0.0
-0.00284476936794248 -0.649943795385649 0.0
0.00294005510751126 -0.58894417816737 0.0
0.00861955293080399 -0.527894955447031 0.0
0.0142603244114911 -0.466824553003558 0.0
0.0198840581360419 -0.405760498005739 0.0
0.0254847824861781 -0.344727372362535 0.0
0.0310385751338442 -0.283746446894127 0.0
0.0365123733399194 -0.222835426992118 0.0
0.0418698409826116 -0.1620069352603 0.0
0.0470717372561911 -0.101267176241753 0.0
0.0520736702885771 -0.0406136321223093 0.0
0.0568219995581827 0.0199681685500967 0.0
0.061247765853052 0.0805102167472109 0.0
0.0652580762813166 0.14106989391068 0.0
0.0687221878955679 0.201743171401841 0.0
0.0714341976102227 0.262681065143732 0.0
0.0729783697954357 0.324080426574427 0.0
0.0729390362572446 0.385907246512193 0.0
0.053130224684711 -0.716618745000716 0.0
0.0589309715724901 -0.655587025136688 0.0
0.0645861525544397 -0.594470852105643 0.0
0.070218137952354 -0.533297540422345 0.0
0.0758703719395031 -0.47209539955058 0.0
0.0815437180495759 -0.410889628839935 0.0
0.0872153943886025 -0.349701288088515 0.0
0.0928487628511143 -0.288547322407241 0.0
0.0983995326769303 -0.227440698391069 0.0
0.103818532783342 -0.166389472902385 0.0
0.109050500441228 -0.105395936471704 0.0
0.114030398529141 -0.0444549941076285 0.0
0.118677554479045 0.0164475072980793 0.0
0.122887233916756 0.0773365971130502 0.0
0.126518321229118 0.138247300282143 0.0
0.129373377489381 0.199217827147242 0.0
0.13116323500864 0.260261300236413 0.0
0.131534669128631 0.321271891189457 0.0
0.130643706130899 0.381989640172936 0.0
0.115339945462983 -0.721571935127855 0.0
0.12089978068355 -0.660404388103483 0.0
0.12644079111981 -0.599133832002907 0.0
0.132048355336474 -0.537791727376467 0.0
0.137735297894689 -0.476406288492059 0.0
0.143479081555862 -0.415000224338904 0.0
0.149239511588633 -0.353591102106792 0.0
0.154966511339306 -0.292192196427233 0.0
0.160603408269303 -0.230813367657678 0.0
0.166087019148599 -0.169461028473308 0.0
0.171344734415806 -0.108138367108881 0.0
0.176289470606704 -0.0468452800541528 0.0
0.180812633200169 0.0144208843879146 0.0
0.18477496462757 0.0756635331509198 0.0
0.187994823898658 0.136881228933222 0.0
0.190234649753992 0.198057055734081 0.0
0.191203372299826 0.259138545677363 0.0
0.190657250809774 0.320038911736202 0.0
0.188566978362891 0.380826558788991 0.0
0.177700109389357 -0.725687021677777 0.0
0.183025842274541 -0.6643618176005 0.0
0.188474130540907 -0.602908858779902 0.0
0.194080498822867 -0.541363611952856 0.0
0.199822224845465 -0.479753375708696 0.0
0.205652463683025 -0.41809758712077 0.0
0.211513986878744 -0.356409924549166 0.0
0.217343531788679 -0.294700204003589 0.0
0.223072044618307 -0.232976109204374 0.0
0.22862242946286 -0.171244061208981 0.0
0.233905157368954 -0.109510454409516 0.0
0.23881228318404 -0.0477827602425332 0.0
0.243209993105264 0.0139284981284416 0.0
0.24692987330941 0.0756071507787615 0.0
0.249759400934785 0.137226609002437 0.0
0.251435980534502 0.198744612891819 0.0
0.25165991340026 0.260102849697669 0.0
0.250132970767122 0.321259854197476 0.0
0.246542385171966 0.38224847206682 0.0
0.240148183276455 -0.728976016673768 0.0
0.245263125451249 -0.66748009898519 0.0
0.250646406703119 -0.60582656435309 0.0
0.256274621033993 -0.544053234683576 0.0
0.26208782353558 -0.482184452175578 0.0
0.268015969300605 -0.420234715041748 0.0
0.273986376478379 -0.358212633292089 0.0
0.279923837398495 -0.296123811980858 0.0
0.285747894395896 -0.233973290798412 0.0
0.291368582220804 -0.171767094119463 0.0
0.296680799389329 -0.109514180361927 0.0
0.30155759519421 -0.0472282779465986 0.0
0.305842395680665 0.0150694935110436 0.0
0.309340446216199 0.0773477181103001 0.0
0.311810314859358 0.139560321500751 0.0
0.312958773079319 0.201643448118978 0.0
0.312441719710653 0.263517601017658 0.0
0.309859314497404 0.325098289881615 0.0
0.304695071046819 0.386294386681881 0.0
0.302614924108188 -0.73150671504354 0.0
0.307559324089256 -0.669836445777138 0.0
0.312910223930468 -0.607973993739757 0.0
0.318581620361539 -0.54595576843325 0.0
0.324478496512998 -0.483799824402146 0.0
0.330510774011465 -0.421513238631985 0.0
0.336592967228364 -0.359097640843492 0.0
0.34263985748179 -0.296552759570471 0.0
0.34856107711559 -0.233879274651313 0.0
0.354255159262508 -0.171080776036121 0.0
0.359602840814385 -0.108166231720444 0.0
0.364459642243302 -0.0451525359436669 0.0
0.368647587977344 0.0179318492477033 0.0
0.371946280492068 0.0810425255048757 0.0
0.374083762663358 0.144112755555547 0.0
0.374727893141885 0.207047338077071 0.0
0.373475129067611 0.269717027679875 0.0
0.369820925732775 0.331951304217371 0.0
0.36307692090063 0.393513852833014 0.0
0.365030440144306 -0.733406297905776 0.0
0.369859300337166 -0.671568956871387 0.0
0.375211877414164 -0.609499271358127 0.0
0.380943260715257 -0.547226138810697 0.0
0.386929555293532 -0.484757122113096 0.0
0.393065553373386 -0.422089055226882 0.0
0.399256295977638 -0.359214382156475 0.0
0.40540875229467 -0.29612480776821 0.0
0.411424187566978 -0.232814121809967 0.0
0.417190868780231 -0.169280218423666 0.0
0.422576480559151 -0.105527875142281 0.0
0.427420035858876 -0.0415720381242245 0.0
0.431522972416788 0.0225570997413326 0.0
0.434639436059064 0.0868072245954462 0.0
0.43646543133057 0.151093326202897 0.0
0.436625758432101 0.215284457103413 0.0
0.43465276698884 0.279185651558291 0.0
0.429939968785646 0.342509858183249 0.0
0.421634538500359 0.404823276002952 0.0
0.427329107206199 -0.734868605187465 0.0
0.432106108417021 -0.672884737507738 0.0
0.437490101679432 -0.610619371230714 0.0
0.443290037195279 -0.548086138195605 0.0
0.449362854954387 -0.485278077682706 0.0
0.455594121411919 -0.422179516505537 0.0
0.461882832341038 -0.358772007211715 0.0
0.468130096073943 -0.295037242940916 0.0
0.474229936645988 -0.230959198019493 0.0
0.480061053581491 -0.166525677824754 0.0
0.485478550151791 -0.101730960691682 0.0
0.490305219396979 -0.0365794225394443 0.0
0.494321893796897 0.0289082846477474 0.0
0.497256558444168 0.0946859654773996 0.0
0.498771232848224 0.160666432230323 0.0
0.498444506352523 0.226698468475057 0.0
0.495742960926275 0.2925292085718 0.0
0.489964093920588 0.357738970546479 0.0
0.48009658612775 0.421618450831019 0.0
0.489452066184611 -0.736166708317275 0.0
0.494237931004283 -0.67407226775662 0.0
0.499671254134065 -0.611630309754044 0.0
0.505536553869266 -0.548832129408907 0.0
0.51168308433002 -0.485654259166097 0.0
0.517992921494077 -0.422068445679947 0.0
0.524361715440386 -0.358045340694783 0.0
0.530685791819603 -0.293555500334058 0.0
0.53685215312422 -0.228570071307686 0.0
0.54272964943545 -0.163061262936767 0.0
0.548160087078733 -0.0970041782122163 0.0
0.552948711645421 -0.0303798153053805 0.0
0.556853356022543 0.0368191368944259 0.0
0.559571599047806 0.104578847649825 0.0
0.560724405173174 0.172847004605947 0.0
0.55983391789067 0.241503111092629 0.0
0.556289971066571 0.310301454020995 0.0
0.549290958230108 0.37875324199688 0.0
0.537693228068858 0.445857116956529 0.0
0.551344311524475 -0.737674007552459 0.0
0.556178477843365 -0.675518802769416 0.0
0.561660074676451 -0.612917945771696 0.0
0.567574660195372 -0.549839074904124 0.0
0.573773895064725 -0.486246665040625 0.0
0.580140011917739 -0.422104609395262 0.0
0.586566168032605 -0.357375286935262 0.0
0.592943569191563 -0.29201785732388 0.0
0.599151284379585 -0.225987274990758 0.0
0.605046892532017 -0.159233463049838 0.0
0.610456653164701 -0.0917017590990473 0.0
0.615164468370778 -0.0233340466877218 0.0
0.618898545027388 0.0459282142347065 0.0
0.621314415710347 0.116138710660929 0.0
0.621971770243466 0.187335068632415 0.0
0.620301913218508 0.259517640447656 0.0
0.615561725679551 0.332601802044097 0.0
0.606771326312128 0.406295992714717 0.0
0.592618700884918 0.479717674405997 0.0
