-0.745470863349198 -0.659532914680013 0.0
0.482634552966559 -0.704065686913773 0.0
-0.703878211975098 0.61237245798111 0.0
0.61237245798111 0.61237245798111 0.0
-0.684295276636559 -0.66241724878468 0.0
0.484852533523906 -0.642685453937507 0.0
0.536130994523278 0.586232718668843 0.0
-0.695042361861961 0.539649561172355 0.0
-0.623097481270359 -0.665028825006144 0.0
0.487426557874711 -0.581103923891906 0.0
0.463811438924058 0.57128285857181 0.0
-0.694040436955062 0.470692607701315 0.0
-0.5618982347664 -0.667638429131682 0.0
0.490305188358981 -0.519303138598299 0.0
0.394274208369228 0.561558514538902 0.0
-0.695105931013599 0.403980478967471 0.0
-0.500690047212132 -0.670280454937345 0.0
0.493460040317308 -0.457270656610228 0.0
0.32653607517679 0.554871181731629 0.0
-0.697055025327543 0.338626392507107 0.0
-0.439467036087359 -0.672969658820066 0.0
0.496878438651719 -0.394994581734462 0.0
0.260013220241201 0.550195285048637 0.0
-0.699507478790199 0.274149631463678 0.0
-0.378217228753175 -0.675707354552174 0.0
0.500559225372571 -0.332460898255738 0.0
0.194349672698575 0.546974573871965 0.0
-0.702282638560825 0.210275698469672 0.0
-0.316924504806874 -0.678469910810642 0.0
0.504510667438662 -0.269651730119584 0.0
0.129310384901574 0.544875027467818 0.0
-0.705271238978191 0.146839988333034 0.0
-0.255573417474731 -0.681214237784742 0.0
0.50874954543413 -0.20654356410764 0.0
0.0647224557125817 0.543671323340211 0.0
-0.708397905421207 0.0837402515664866 0.0
-0.194153611775985 -0.683888330274074 0.0
0.513300759939013 -0.14310567088152 0.0
0.000439256976796438 0.543160022907973 0.0
-0.711607400340472 0.0209118924044583 0.0
-0.132662049671075 -0.686441325666762 0.0
0.518197135097644 -0.0792976662446657 0.0
-0.0636797823155256 0.542876317884949 0.0
-0.714859404676658 -0.0416842688528861 0.0
-0.071103990522644 -0.688831081260537 0.0
0.523479164686861 -0.0150668490540709 0.0
-0.127067474191968 0.54503905274648 0.0
-0.71812979777328 -0.104068249174499 0.0
-0.00949232804151551 -0.691029061315628 0.0
0.529194999434647 0.0496559254553684 0.0
-0.18994495566417 0.548115359263281 0.0
-0.721431160351578 -0.166242169462263 0.0
0.0521536160065756 -0.693023079912369 0.0
0.535401525903646 0.114961968899096 0.0
-0.252868230628282 0.550010648432307 0.0
-0.724936724444602 -0.228192401605157 0.0
0.113810143957126 -0.694818727174177 0.0
0.542168777352157 0.180974384060236 0.0
-0.31600064787736 0.553065120328346 0.0
-0.727596428026343 -0.290066274813401 0.0
0.175450742466002 -0.696440081927603 0.0
0.549591636633149 0.247863763189207 0.0
-0.37945436780455 0.556847173556297 0.0
-0.730431716498372 -0.351958796499744 0.0
0.237048629671726 -0.697930075506769 0.0
0.557816935254541 0.315878817025606 0.0
-0.443297687985983 0.563656226845902 0.0
-0.733735639522809 -0.413756629807556 0.0
0.29857939159161 -0.699350489030061 0.0
0.567103754866064 0.385406930151085 0.0
-0.507323982539405 0.571197006262225 0.0
-0.73684592355488 -0.475390996791607 0.0
0.360024007898498 -0.700781258686913 0.0
0.577972879509445 0.45710054915404 0.0
-0.571453415071436 0.577778087362866 0.0
-0.739924467202839 -0.536869343932293 0.0
0.4213735393896 -0.702318158986347 0.0
0.591680789328495 0.532133484646426 0.0
-0.637010235723067 0.589439696254036 0.0
-0.742666590898282 -0.598245213888358 0.0
-0.681520003740135 -0.601124208519951 0.0
-0.678745789631325 -0.539717387965579 0.0
-0.675703275861397 -0.478186539205265 0.0
-0.672612535180199 -0.416588663499019 0.0
-0.669414914839729 -0.354928216939787 0.0
-0.666569836358372 -0.293154870397683 0.0
-0.663772268958538 -0.23110745656351 0.0
-0.660330339743687 -0.168796982044174 0.0
-0.657017837575528 -0.106382218973177 0.0
-0.653743835221324 -0.0438148337670577 0.0
-0.650503962642905 0.0189442835472292 0.0
-0.647324054951659 0.0819316554724639 0.0
-0.644249679878723 0.145187631352388 0.0
-0.641347378646484 0.208759525727763 0.0
-0.638714013748039 0.272698434877382 0.0
-0.636499838587687 0.337043108228466 0.0
-0.634967429878508 0.401764252889986 0.0
-0.634662339936007 0.466588442691129 0.0
-0.636904195533036 0.530401748419892 0.0
-0.620338980113698 -0.603725937055208 0.0
-0.61750181663139 -0.542331780844181 0.0
-0.614496453796844 -0.480816412705293 0.0
-0.611421849414324 -0.419181457845433 0.0
-0.608340440083563 -0.357385198293777 0.0
-0.605442810864272 -0.295461715274849 0.0
-0.602478861152889 -0.233422215103833 0.0
-0.599192973791292 -0.171178505601637 0.0
-0.595933385227779 -0.108775874666507 0.0
-0.592701084090112 -0.0462119255204614 0.0
-0.5895130186515 0.016522844095825 0.0
-0.586405478146328 0.0794358773623461 0.0
-0.583433735544903 0.14252643268426 0.0
-0.580675904381936 0.205775776987034 0.0
-0.578241931388153 0.26912720432379 0.0
-0.576289930410749 0.332450090613804 0.0
-0.575050839700103 0.395477446436411 0.0
-0.574811623483026 0.457710676703408 0.0
-0.574735881927979 0.518337054184146 0.0
-0.559125205867531 -0.606344920164607 0.0
-0.556259619063969 -0.54494528638981 0.0
-0.553284292254754 -0.483417722007143 0.0
-0.55026432838089 -0.421752374769925 0.0
-0.547259589850505 -0.359948482714079 0.0
-0.544319639980073 -0.298039321314517 0.0
-0.541294389362488 -0.23601115863475 0.0
-0.538097729954443 -0.173822881990111 0.0
-0.534896473587717 -0.111498448818459 0.0
-0.531719342382817 -0.0490493706096929 0.0
-0.528595417942651 0.0135114534393049 0.0
-0.525566815466561 0.0761619887197174 0.0
-0.522690836549831 0.13886369349425 0.0
-0.520041558610917 0.201552859872331 0.0
-0.517710496685084 0.264129682131635 0.0
-0.515800283399053 0.326449873319056 0.0
-0.514380910907973 0.38832652819196 0.0
-0.51319385431605 0.449561793415995 0.0
-0.510826803802511 0.510227225478083 0.0
-0.497894509074676 -0.608994266149419 0.0
-0.495024270535564 -0.547598047403579 0.0
-0.492086846450259 -0.486077372494548 0.0
-0.48912145048885 -0.424430255315799 0.0
-0.486159881674938 -0.362666221739989 0.0
-0.483201978302153 -0.300801883292211 0.0
-0.480165018857062 -0.238829926625239 0.0
-0.477026224867605 -0.176739571298235 0.0
-0.473874009342929 -0.114552542409468 0.0
-0.470742909933365 -0.0522912532754242 0.0
-0.467665857852657 0.010016043754491 0.0
-0.464683906155645 0.0723305624487308 0.0
-0.461847450277035 0.134598900648766 0.0
-0.459214455438497 0.19675028352379 0.0
-0.4568435439899 0.258694912602713 0.0
-0.454769898085721 0.320326046049691 0.0
-0.452910866013649 0.381526070254081 0.0
-0.450774055164601 0.442205960867538 0.0
-0.446584755765822 0.502345843345056 0.0
-0.436650651065632 -0.611696253761768 0.0
-0.433791017337753 -0.550316974383395 0.0
-0.43089297219837 -0.488822983005764 0.0
-0.427972545754955 -0.427216549818021 0.0
-0.425038922369823 -0.365508161455162 0.0
-0.422077110726763 -0.303709861984714 0.0
-0.419043449151798 -0.241823768951144 0.0
-0.415938069127106 -0.179855519537779 0.0
-0.412813309395455 -0.11782859767933 0.0
-0.409701389826342 -0.05577083460619 0.0
-0.406633340920883 0.00628397328839186 0.0
-0.403644373326586 0.0682941437811972 0.0
-0.400773492787187 0.130208725188314 0.0
-0.398059008385502 0.191967383829435 0.0
-0.395525596346884 0.253500240586716 0.0
-0.393145979585101 0.314729149530481 0.0
-0.390734596213817 0.375575821557759 0.0
-0.387699711704061 0.43599457912574 0.0
-0.383158918981991 0.496183211004923 0.0
-0.375387693044412 -0.614449503929307 0.0
-0.372548109159344 -0.553093252340285 0.0
-0.369687377477658 -0.491632598380989 0.0
-0.366801931739431 -0.430071912935237 0.0
-0.363885995701164 -0.368422071733369 0.0
-0.360922077837563 -0.306694901803263 0.0
-0.357887739378252 -0.244899169357787 0.0
-0.35479044539355 -0.183048248139028 0.0
-0.35166415723147 -0.121165805821232 0.0
-0.348535962788379 -0.0592795697205886 0.0
-0.34543203343509 0.00257856500078119 0.0
-0.342379660238286 0.0643722443918539 0.0
-0.339405228454899 0.126060625255261 0.0
-0.336527128132918 0.187599462249109 0.0
-0.333737614134221 0.248942718759058 0.0
-0.330958819930012 0.310049335595743 0.0
-0.327953159697425 0.370904745646063 0.0
-0.324288386182248 0.431593355832627 0.0
-0.31996348505381 0.492394426882363 0.0
-0.314095187572981 -0.61722539470645 0.0
-0.311282635744383 -0.55588961064366 0.0
-0.308455583055812 -0.494458159637579 0.0
-0.305595032822643 -0.432936648965765 0.0
-0.302686370879297 -0.371336147511397 0.0
-0.299713494506966 -0.309668922149852 0.0
-0.296665117544478 -0.247947020402663 0.0
-0.293550155827213 -0.186186224820297 0.0
-0.290392068939864 -0.124408229671451 0.0
-0.287212344464227 -0.0626374235646362 0.0
-0.284031417109413 -0.000900509910347342 0.0
-0.280868541174801 0.0607738928125316 0.0
-0.27773844553059 0.122355778465823 0.0
-0.27464258275445 0.183815522819937 0.0
-0.271549872189646 0.245126982378098 0.0
-0.268360516916648 0.306277034694466 0.0
-0.264873640575739 0.367289133317258 0.0
-0.260892608663317 0.428252897195537 0.0
-0.256473495130093 0.489207113363583 0.0
-0.252762480621359 -0.619976978306633 0.0
-0.249983010888971 -0.558653053979992 0.0
-0.247185189288702 -0.497239431242904 0.0
-0.244339348499983 -0.43574249454378 0.0
-0.241426628160393 -0.374173214242491 0.0
-0.238433458035671 -0.312543825777298 0.0
-0.23535446971739 -0.250867204575818 0.0
-0.232198045454445 -0.189158734784426 0.0
-0.228981038303785 -0.127437139702175 0.0
-0.225719838514307 -0.06572269500681 0.0
-0.222429392880007 -0.00403687334282686 0.0
-0.219121833920807 0.0575982187986594 0.0
-0.215802430674585 0.119160574420585 0.0
-0.212460770428972 0.180630586952709 0.0
-0.209054795053791 0.241995466442221 0.0
-0.205491713187721 0.303260864197441 0.0
-0.201637665724068 0.364470398107603 0.0
-0.197389112951096 0.425710029036732 0.0
-0.192650126427945 0.48708928015094 0.0
-0.191381972154631 -0.622650258159841 0.0
-0.188640966410872 -0.561326426477293 0.0
-0.185867495293679 -0.499915473666683 0.0
-0.183026350280424 -0.438424437302358 0.0
-0.180098009727854 -0.376863995387906 0.0
-0.177071904674313 -0.315245849981268 0.0
-0.173946066136964 -0.253582376733485 0.0
-0.170727864889288 -0.191887489565845 0.0
-0.167429649644044 -0.130177090545951 0.0
-0.164063430885362 -0.0684681350789819 0.0
-0.160639303586727 -0.00677858772206273 0.0
-0.157163578963765 0.054872894906994 0.0
-0.153634911160868 0.116467353306386 0.0
-0.150037355477834 0.177987273488225 0.0
-0.146331458780001 0.239419632472844 0.0
-0.14245254283405 0.300762335233965 0.0
-0.138334512466188 0.362027583916008 0.0
-0.133946491589754 0.423231199620677 0.0
-0.129121428896806 0.484375149760598 0.0
-0.129950736710602 -0.625194007509365 0.0
-0.127252447566743 -0.563857786979867 0.0
-0.124498071698784 -0.502433569321664 0.0
-0.121652033738062 -0.440929156099928 0.0
-0.118697047624877 -0.379354870535278 0.0
-0.115625894904197 -0.317721585756591 0.0
-0.112438829646106 -0.256040603591272 0.0
-0.10914216411701 -0.194324156871806 0.0
-0.105744822752105 -0.13258589053281 0.0
-0.102254908844728 -0.0708405129519621 0.0
-0.0986780940820222 -0.00910413142920852 0.0
-0.0950157820833589 0.052605695913926 0.0
-0.091262108535737 0.114269839959669 0.0
-0.0873999653400098 0.175868445353415 0.0
-0.0833992460837918 0.237381798798698 0.0
-0.0792254064053799 0.298791369378823 0.0
-0.0748658024899601 0.36007571565807 0.0
-0.0703558943439748 0.421200295742583 0.0
-0.0660065429065749 0.48218111838438 0.0
-0.0684714373248292 -0.627566873460858 0.0
-0.0658181438855556 -0.566206823081141 0.0
-0.0630770415356167 -0.504754756406604 0.0
-0.0602170509507904 -0.443219387575792 0.0
-0.0572253992767961 -0.381610618846379 0.0
-0.0540984533564 -0.319938267777818 0.0
-0.0508380422621616 -0.258212249186939 0.0
-0.0474493390920237 -0.19644303588983 0.0
-0.0439382378182417 -0.134642277195879 0.0
-0.0403090227640115 -0.0728227934795297 0.0
-0.0365629772217579 -0.010999102385395 0.0
-0.0326969108399957 0.0508124691998526 0.0
-0.0287013958212933 0.112593747953969 0.0
-0.0245597891526317 0.17432582601445 0.0
-0.0202516662086452 0.235990481118151 0.0
-0.0157665228320546 0.297573406072038 0.0
-0.0111328366536732 0.359069566008833 0.0
-0.00649994770226154 0.4205051786817 0.0
-0.00239517753979713 0.481939705674399 0.0
-0.00695192952887941 -0.629741806199931 0.0
-0.00434301700363323 -0.568348600166139 0.0
-0.00160855323455248 -0.506856680116669 0.0
0.00127385805015417 -0.445275644151761 0.0
0.00431089116799758 -0.383614746899076 0.0
0.00750259469797942 -0.321882428733811 0.0
0.0108460933858848 -0.260086863178642 0.0
0.0143375820391314 -0.198236498561595 0.0
0.0179741928017349 -0.136340788602019 0.0
0.0217555558960501 -0.0744103379694233 0.0
0.0256847922629483 -0.0124574532906512 0.0
0.0297693115212301 0.0495038459793948 0.0
0.0340209993884329 0.111457980959743 0.0
0.0384541344315007 0.173389098684708 0.0
0.043077306977674 0.235282482258382 0.0
0.0478738283276961 0.297127583978489 0.0
0.0527585969891324 0.358922324929684 0.0
0.0574884307831851 0.420668428265565 0.0
0.0616106011818716 0.482301391951217 0.0
0.0545955092159182 -0.63170849328469 0.0
0.0571642635078033 -0.57027553115498 0.0
0.0598996086156592 -0.508734953312776 0.0
0.0628121262898197 -0.447096875203631 0.0
0.0659016215725536 -0.385369441150821 0.0
0.069164889943799 -0.323559249989343 0.0
0.0725985805922732 -0.261672277673143 0.0
0.0762005963303444 -0.199714522246335 0.0
0.079971247435536 -0.137692806453509 0.0
0.083914172352197 -0.0756149958404801 0.0
0.0880367897381833 -0.0134905804143635 0.0
0.0923501998762111 0.048669266477232 0.0
0.0968676611097639 0.110851624209823 0.0
0.10159968404995 0.173042450338256 0.0
0.106542065130086 0.23522646511232 0.0
0.111651284222942 0.297387081486374 0.0
0.116800136113344 0.359501968125092 0.0
0.121726537891319 0.421522592866993 0.0
0.126037403720162 0.483349777719034 0.0
0.116155707871797 -0.633474665553453 0.0
0.11869240171491 -0.571998477357879 0.0
0.12143675534989 -0.510403968774115 0.0
0.124385869314328 -0.448700989464452 0.0
0.127532830393773 -0.386895896499506 0.0
0.130871874196892 -0.32499288550444 0.0
0.134399826380677 -0.262995221966063 0.0
0.138116699567012 -0.200905956842999 0.0
0.142026193973816 -0.138728770277894 0.0
0.146136055525219 -0.076468250685234 0.0
0.150457944217302 -0.0141305801085036 0.0
0.155006429991594 0.0482761650588504 0.0
0.159795995195149 0.110741386269072 0.0
0.164834077050842 0.17325143092222 0.0
0.170106835281462 0.235787343255073 0.0
0.175553940106564 0.298320932353037 0.0
0.181032371726674 0.360804950195538 0.0
0.186281466648964 0.423157719235422 0.0
0.190907003286051 0.48525833000956 0.0
0.177711531030285 -0.635066850621684 0.0
0.180227749570114 -0.573547475811737 0.0
0.182989132744468 -0.511897527634825 0.0
0.185979508629035 -0.450125412212861 0.0
0.189186338850864 -0.388234908198741 0.0
0.192602303335947 -0.326227224464716 0.0
0.196225114724305 -0.264102381422968 0.0
0.200057324061586 -0.201859922874919 0.0
0.204106275276267 -0.139499755937175 0.0
0.208384001248055 -0.0770224629192899 0.0
0.212906590489359 -0.0144301001578794 0.0
0.217692488170843 0.0482732101936027 0.0
0.22275857332779 0.111080014981339 0.0
0.228112296726454 0.173977774851946 0.0
0.233737347916223 0.236944450887653 0.0
0.239570973121016 0.299941317116213 0.0
0.24547299584958 0.362900662749348 0.0
0.25118762515656 0.425710988125225 0.0
0.256284494216633 0.488210378049837 0.0
0.239245545741312 -0.636530900070035 0.0
0.241755120245114 -0.574972302280805 0.0
0.244540311980927 -0.513269356094694 0.0
0.247574037263384 -0.451427626379878 0.0
0.250840004225077 -0.389447574604225 0.0
0.254330505320043 -0.327326888841394 0.0
0.258044840953208 -0.265061793307421 0.0
0.261988510211666 -0.202647667917649 0.0
0.266172763694926 -0.140079797274188 0.0
0.270614179112615 -0.0773536153756519 0.0
0.27533371238107 -0.0144655046304413 0.0
0.280354673910965 0.0485864628946061 0.0
0.285698628281552 0.111800815971572 0.0
0.291377985871804 0.175169960576095 0.0
0.297383578439394 0.238673939017101 0.0
0.303665699668027 0.302270329271261 0.0
0.310105240457416 0.365877483807094 0.0
0.316463028199607 0.429351396827509 0.0
0.322267775189408 0.492461522124896 0.0
0.300741231970667 -0.637932247484183 0.0
0.303257979424578 -0.576342705041045 0.0
0.306071113088399 -0.514593280777513 0.0
0.309146972588366 -0.452685495818465 0.0
0.312467724667997 -0.390615997266068 0.0
0.31602639033204 -0.328378491672387 0.0
0.319824465786861 -0.265964887638815 0.0
0.323870707605484 -0.203365697564672 0.0
0.328180449030334 -0.140570531328732 0.0
0.332775028538081 -0.0775680691576521 0.0
0.337680773576467 -0.0143465985564406 0.0
0.342927103463402 0.0491054576793003 0.0
0.348543088204186 0.112797915214626 0.0
0.3545519027414 0.176735902083433 0.0
0.360962250116415 0.2409127825764 0.0
0.367755121598287 0.305297658074626 0.0
0.37485869457893 0.369811758704889 0.0
0.382086795884806 0.434286499893085 0.0
0.3889695711776 0.49839519254147 0.0
0.362183490190526 -0.63935554863905 0.0
0.364717969501421 -0.577747824078034 0.0
0.367559247256701 -0.515962677609147 0.0
0.370672205908352 -0.453997214029144 0.0
0.374039352838636 -0.391843828488032 0.0
0.377655400989979 -0.329492012856402 0.0
0.381524445109389 -0.266929135563147 0.0
0.38565856593495 -0.204140360215212 0.0
0.390077095126821 -0.141108607884591 0.0
0.394806080254919 -0.0778139492459461 0.0
0.399877447696993 -0.0142334714305589 0.0
0.405327650419918 0.0496590242036595 0.0
0.41119563139849 0.113892483097466 0.0
0.417520417783807 0.178497133134722 0.0
0.424338588113741 0.243499212941406 0.0
0.431681066424829 0.308909746974502 0.0
0.439561788820088 0.374697436167074 0.0
0.447927209955314 0.440723410429019 0.0
0.456456809700587 0.50658595001787 0.0
0.42355876274763 -0.640902690477957 0.0
0.426114822177323 -0.579293853554391 0.0
0.428979953552267 -0.517489418552454 0.0
0.432120662800269 -0.455480685595755 0.0
0.435521541843931 -0.393255952911086 0.0
0.439179610262166 -0.330801298248145 0.0
0.443101509451138 -0.268100289010898 0.0
0.447302233376489 -0.20513300355295 0.0
0.451804534662726 -0.141875180782538 0.0
0.456638564085545 -0.0782967307888773 0.0
0.461841357413646 -0.0143604715838094 0.0
0.467456239783464 0.0499798032013682 0.0
0.473532548495143 0.114781334421103 0.0
0.480127037707535 0.180115153979826 0.0
0.48730906454205 0.246067990188184 0.0
0.495172772227895 0.312743080793519 0.0
0.50385780916982 0.380251247135175 0.0
0.513568882745163 0.448661264931408 0.0
0.524509412661006 0.517782093702284 0.0
