-0.753811969282372 -0.657379259933053 0.0
0.473892553122344 -0.700008525117891 0.0
-0.719491803646088 0.61237245798111 0.0
0.61237245798111 0.61237245798111 0.0
-0.692628824332686 -0.660123947219164 0.0
0.476058389953385 -0.638636590507184 0.0
0.534352775602193 0.587999690171686 0.0
-0.708268075619542 0.540208152308772 0.0
-0.631423812928803 -0.662593765173544 0.0
0.478558515691198 -0.577075431335766 0.0
0.460826912559563 0.574133405881039 0.0
-0.706025186259514 0.471591627149715 0.0
-0.57021611199507 -0.665056624237275 0.0
0.481351553233456 -0.515308590173002 0.0
0.390334018566221 0.565090094428981 0.0
-0.706338194153503 0.405160035303133 0.0
-0.508999044587376 -0.667542502472995 0.0
0.484415732595516 -0.45332453524458 0.0
0.321779851237401 0.558832495322789 0.0
-0.707787531124276 0.340038957258095 0.0
-0.447768682750676 -0.670065908551022 0.0
0.487743663985757 -0.391112206083615 0.0
0.254530342115647 0.554419622732024 0.0
-0.70988947880036 0.27575259499227 0.0
-0.386515424429347 -0.672631173663828 0.0
0.491339236418735 -0.328658542516037 0.0
0.188200912810436 0.551344681799828 0.0
-0.71240820359671 0.21203185801868 0.0
-0.325225406078689 -0.675219842274974 0.0
0.495216261782621 -0.265946798791052 0.0
0.122536392166874 0.549302668153559 0.0
-0.715201426099836 0.14871753228219 0.0
-0.263884912093643 -0.677794953297093 0.0
0.499398171647041 -0.202954755945329 0.0
0.0573465024191516 0.548082877112178 0.0
-0.718172606801473 0.0857122715823925 0.0
-0.20248454893564 -0.680310559450907 0.0
0.503918196632683 -0.139653096462041 0.0
-0.00753358849180337 0.547479965162642 0.0
-0.721252314663795 0.0229557346343286 0.0
-0.141021389277608 -0.682721087608763 0.0
0.508819743863213 -0.0760029015159575 0.0
-0.0722652676068606 0.546982603675834 0.0
-0.724390371532728 -0.0395876669569821 0.0
-0.0794999926316719 -0.684988535764458 0.0
0.514156741744416 -0.0119529197324736 0.0
-0.136194366393045 0.549201303962445 0.0
-0.727555500724195 -0.101934988714613 0.0
-0.0179318526208523 -0.687087204707762 0.0
0.519994302607669 0.0525646161972952 0.0
-0.19951566230161 0.552327446186385 0.0
-0.730754436952017 -0.164086003712972 0.0
0.0436656735351188 -0.689006406730247 0.0
0.526410713952854 0.117639741229891 0.0
-0.262893492394971 0.553867489734796 0.0
-0.734146806782421 -0.226025830450383 0.0
0.105271284206598 -0.690751884488609 0.0
0.533503382882866 0.183394365246745 0.0
-0.326563044260052 0.556617160177305 0.0
-0.736705657352837 -0.287887525854512 0.0
0.166861174626435 -0.692346464776901 0.0
0.541403466697069 0.249997896787866 0.0
-0.390644343636161 0.560009796570128 0.0
-0.739437877021821 -0.349772609681273 0.0
0.228411468914226 -0.69383024659421 0.0
0.550308781128101 0.317697677302541 0.0
-0.455159639225796 0.566699629400237 0.0
-0.742624071038493 -0.411574419337957 0.0
0.289900717731811 -0.695260254170686 0.0
0.560555948444951 0.386878925441129 0.0
-0.519817703253695 0.574015024886039 0.0
-0.745606549413014 -0.473215418532286 0.0
0.351312710657569 -0.69670917832884 0.0
0.57279572996924 0.458188484500425 0.0
-0.584616174490298 0.579877042785151 0.0
-0.748549752874393 -0.534701311411757 0.0
0.412640786690877 -0.69826220066961 0.0
0.588527584725204 0.532776641106693 0.0
-0.651117375611756 0.590730381527373 0.0
-0.75115097425793 -0.596084510871354 0.0
-0.68999697565898 -0.598824908334362 0.0
-0.687364617587095 -0.537412586495186 0.0
-0.684457354853637 -0.475877054374452 0.0
-0.681492592319556 -0.414275756118979 0.0
-0.678414180113057 -0.352613020882996 0.0
-0.675676423413424 -0.290846664942844 0.0
-0.672975686454933 -0.228814849817403 0.0
-0.669637527013447 -0.166522005792 0.0
-0.666425519718855 -0.104132570679181 0.0
-0.663254320024645 -0.0415995358326147 0.0
-0.66012515091579 0.021114916319671 0.0
-0.657070920975113 0.0840462692238523 0.0
-0.654146975122143 0.147234249878711 0.0
-0.651433954372737 0.210726265963391 0.0
-0.649049699188742 0.274574687388754 0.0
-0.647176735099021 0.338821224137515 0.0
-0.646129389412312 0.403440889082434 0.0
-0.646540425858649 0.468160114486842 0.0
-0.649877836029703 0.531827651212127 0.0
-0.628810623137298 -0.60128572122026 0.0
-0.626115165140304 -0.539886702635321 0.0
-0.62324327259966 -0.478367065002949 0.0
-0.620292705732073 -0.416729462467551 0.0
-0.617325791279138 -0.35493427849982 0.0
-0.614531482342466 -0.293015848736082 0.0
-0.61166422391746 -0.230983755144317 0.0
-0.608475979417118 -0.16875159790257 0.0
-0.605312165698865 -0.106364778566769 0.0
-0.602177720437072 -0.043820771526785 0.0
-0.59909469678673 0.0188903503726931 0.0
-0.596106169099934 0.0817770086810575 0.0
-0.593276851088377 0.144840203100796 0.0
-0.590698318097707 0.208063854302332 0.0
-0.588499975793565 0.271394680629181 0.0
-0.586868280000004 0.33470514120023 0.0
-0.586075147490821 0.397727219848942 0.0
-0.586460914249006 0.459947631994442 0.0
-0.587157020973115 0.520523763637927 0.0
-0.567591026132743 -0.60375677362457 0.0
-0.564866655061552 -0.542350522420502 0.0
-0.562022257962948 -0.480816696787847 0.0
-0.559122316678264 -0.419146370242385 0.0
-0.556227001093428 -0.357339198798086 0.0
-0.553386669479905 -0.295428017198641 0.0
-0.550455100718607 -0.233398774351823 0.0
-0.547350370814816 -0.171210501953555 0.0
-0.544239450159808 -0.108886446514123 0.0
-0.541154447231608 -0.0464370709095702 0.0
-0.53812918587448 0.0161261112535932 0.0
-0.535212236558638 0.0787828541893446 0.0
-0.532469849814804 0.141496735410326 0.0
-0.529988591932896 0.204206154502555 0.0
-0.527877277147806 0.266812548922458 0.0
-0.526261689854869 0.329170344711132 0.0
-0.525238540110021 0.391086424847853 0.0
-0.524551290975387 0.452352282140029 0.0
-0.522640042315128 0.513047423160044 0.0
-0.50635456439687 -0.606247810360681 0.0
-0.503624486701166 -0.544841940773551 0.0
-0.500814593130372 -0.48331123519176 0.0
-0.497964641262964 -0.421654147290381 0.0
-0.495107666319836 -0.359880115085868 0.0
-0.492245323192346 -0.29800524016995 0.0
-0.489298100998032 -0.23602161302481 0.0
-0.486246097510228 -0.173917863396744 0.0
-0.483179092551641 -0.111714666406567 0.0
-0.480134770776999 -0.0494332069172076 0.0
-0.477150515655442 0.0128995326595213 0.0
-0.474273479532929 0.0752458827889663 0.0
-0.471562408801335 0.13755300119034 0.0
-0.469086548149025 0.199749391760918 0.0
-0.466919119924332 0.261742088321767 0.0
-0.46511189166592 0.323417093394675 0.0
-0.463591201907161 0.384643884368242 0.0
-0.461826082473804 0.445317442598822 0.0
-0.457824195285831 0.505408358505182 0.0
-0.445106102083867 -0.60878161140647 0.0
-0.442384862712797 -0.54738928216355 0.0
-0.439610474796769 -0.485880896414946 0.0
-0.436800872516654 -0.424258930594376 0.0
-0.433967326064498 -0.362533563002119 0.0
-0.431097141619037 -0.300716186751715 0.0
-0.428149393248494 -0.238808168853352 0.0
-0.425126524440391 -0.176814358572312 0.0
-0.422082672964354 -0.114757311454258 0.0
-0.419052983663695 -0.0526640377129781 0.0
-0.416072559232843 0.0094321384893767 0.0
-0.413182116524426 0.0714893228799373 0.0
-0.410427955107931 0.13345515396629 0.0
-0.407857608793146 0.195265944728494 0.0
-0.405506130655425 0.256845506512498 0.0
-0.40335377395047 0.318105256908981 0.0
-0.401205698367635 0.378951952982009 0.0
-0.398406639043374 0.439323804241562 0.0
-0.393972495040366 0.499423934771165 0.0
-0.383841174636803 -0.611360395781907 0.0
-0.381137383473875 -0.54998815104612 0.0
-0.378396149040685 -0.488509276453033 0.0
-0.375617104567935 -0.426928231713013 0.0
-0.37279722312697 -0.365255483521811 0.0
-0.369921494968252 -0.303502186484935 0.0
-0.36696984239309 -0.24167638582364 0.0
-0.36395168026712 -0.179790777641015 0.0
-0.36090276530957 -0.117868446820103 0.0
-0.357852723704416 -0.0559368568786495 0.0
-0.354831150839078 0.00597180180475727 0.0
-0.351869800420626 0.0678200273201364 0.0
-0.349000581183823 0.12956460825619 0.0
-0.346247974074361 0.19115729554315 0.0
-0.343608911643028 0.252546076562414 0.0
-0.34100293681457 0.31368217653336 0.0
-0.338168882399748 0.374543926819526 0.0
-0.334621982130852 0.435218427243847 0.0
-0.330374038122122 0.496010464379273 0.0
-0.322550848035482 -0.613961098734335 0.0
-0.319870511891043 -0.552607385521417 0.0
-0.317158590527028 -0.491155118933433 0.0
-0.31440033999746 -0.429609931726719 0.0
-0.311584304152513 -0.3679824664966 0.0
-0.308696822897554 -0.306284375970341 0.0
-0.305728587703983 -0.244527105832876 0.0
-0.302690075987411 -0.182725958260274 0.0
-0.299606229354091 -0.120902364099404 0.0
-0.296500461703493 -0.0590808378616566 0.0
-0.293395691232991 0.00271122782972445 0.0
-0.290314201647525 0.0644437803244675 0.0
-0.287274005622773 0.126084457049747 0.0
-0.284279087790926 0.187600245401467 0.0
-0.281297496601034 0.24896072403856 0.0
-0.278219451000894 0.31014850672305 0.0
-0.274818383452075 0.371185625079532 0.0
-0.270869096540281 0.432166645773148 0.0
-0.266420470737075 0.493121096666444 0.0
-0.261225713952604 -0.616543072935569 0.0
-0.258573808503747 -0.555200539871566 0.0
-0.255886578891033 -0.493765049801614 0.0
-0.253139296730862 -0.432242957557552 0.0
-0.250316372488009 -0.370644814064419 0.0
-0.247406432294841 -0.30898231331363 0.0
-0.244405623342898 -0.247267849489694 0.0
-0.241323396978844 -0.185516491773346 0.0
-0.238177549268577 -0.123746906574153 0.0
-0.234985596246826 -0.0619796911431536 0.0
-0.231763825874272 -0.0002371311414044 0.0
-0.228525764213501 0.0614572632090825 0.0
-0.225277597643582 0.123079433778727 0.0
-0.222008063498791 0.184607156104485 0.0
-0.218669824084773 0.246024920752187 0.0
-0.215156437586976 0.307336965441536 0.0
-0.211310935152449 0.368589534132663 0.0
-0.207001441876926 0.429875906113726 0.0
-0.202076765006321 0.491316441206928 0.0
-0.19985894131168 -0.619058387514794 0.0
-0.197239760858572 -0.557716545900657 0.0
-0.194572200421578 -0.496284245504416 0.0
-0.191826236652291 -0.434768410017248 0.0
-0.188985418130421 -0.373179287530103 0.0
-0.18604092717806 -0.311528090467791 0.0
-0.182991743012117 -0.249826805529455 0.0
-0.179845700517385 -0.188089152552052 0.0
-0.176615395907006 -0.126331114568518 0.0
-0.17331303544731 -0.064570097226374 0.0
-0.169948801785086 -0.00282498115006201 0.0
-0.166528706193205 0.058884099079926 0.0
-0.163050064629632 0.12053606856017 0.0
-0.159493279534977 0.182110672282913 0.0
-0.155810921580916 0.243591761112144 0.0
-0.151924221455572 0.304974283277466 0.0
-0.147747171779088 0.366267676206233 0.0
-0.1432209365528 0.427483217167263 0.0
-0.138091002984961 0.488612596218487 0.0
-0.138447796162213 -0.621461012957465 0.0
-0.135864605669217 -0.560108544307552 0.0
-0.133211388253852 -0.498664927314307 0.0
-0.130457528425478 -0.437137716736685 0.0
-0.127588299058852 -0.375536763064243 0.0
-0.124597603641288 -0.313872475399461 0.0
-0.121485970816593 -0.252155834512339 0.0
-0.118259471644089 -0.190398973622447 0.0
-0.114926466206036 -0.12861573014465 0.0
-0.111494218927334 -0.0668213841045399 0.0
-0.107967141727873 -0.00503309894837483 0.0
-0.10434459072883 0.0567299006093266 0.0
-0.100617182306794 0.118446069858485 0.0
-0.0967617364857847 0.180092266232739 0.0
-0.092738269959116 0.241644522651127 0.0
-0.088497945146853 0.303078812725936 0.0
-0.0840097266688977 0.364365946528008 0.0
-0.0792831070155266 0.425459947695518 0.0
-0.0746318451904468 0.486379151779701 0.0
-0.07699455220047 -0.623713599258024 0.0
-0.0744488674033441 -0.562340046689903 0.0
-0.0718042343557017 -0.500871734607669 0.0
-0.0690338339675704 -0.439316945753101 0.0
-0.0661266512503615 -0.377685037302113 0.0
-0.0630793860026444 -0.315985367634294 0.0
-0.0598933755143055 -0.254227576587116 0.0
-0.0565727617608749 -0.192422100446435 0.0
-0.0531219661456107 -0.130580844219777 0.0
-0.0495432981348413 -0.0687172484743013 0.0
-0.0458353270026708 -0.00684690771788815 0.0
-0.0419909752808317 0.0550122123148358 0.0
-0.0379950871092552 0.116839642948588 0.0
-0.0338226004434886 0.178613492956972 0.0
-0.0294412631946633 0.240311969163784 0.0
-0.0248253153819688 0.301916955342206 0.0
-0.0199856298065183 0.363420590187995 0.0
-0.0150626466755598 0.424853452946461 0.0
-0.0106413295540263 0.486293315800198 0.0
-0.0155061613802651 -0.625791786730286 0.0
-0.0129969504435215 -0.564388613119514 0.0
-0.0103545310333924 -0.502884562337233 0.0
-0.00755961316043802 -0.441288576566785 0.0
-0.00460623064321737 -0.379609278240458 0.0
-0.00149375841735913 -0.317854642301444 0.0
0.00177625112025431 -0.256032591174192 0.0
0.00520187229142325 -0.194151554826728 0.0
0.00878268583028976 -0.132221226540348 0.0
0.0125215046117444 -0.0702527510570317 0.0
0.0164256809092096 -0.00825933093566763 0.0
0.0205083681736278 0.0537437101912988 0.0
0.0247892924712043 0.115739063948345 0.0
0.0292932179862595 0.177708796240071 0.0
0.0340419779411749 0.239636006055246 0.0
0.0390338007237861 0.301508472421759 0.0
0.0441953249734966 0.363324575536377 0.0
0.0492763894199665 0.425089931398015 0.0
0.0537939074773659 0.486732365399298 0.0
0.0460064100329936 -0.627686625567519 0.0
0.0484833310852821 -0.566247829586112 0.0
0.0511305373077573 -0.50469996203231 0.0
0.0539570662024643 -0.443052247495614 0.0
0.0569632466819259 -0.381312124190782 0.0
0.0601474236906552 -0.319485727332687 0.0
0.0635084221660611 -0.257578794884818 0.0
0.0670468917690219 -0.195597288119142 0.0
0.0707665906297701 -0.133548186154837 0.0
0.0746755641170293 -0.0714397142332188 0.0
0.0787869664544812 -0.00928194565627509 0.0
0.083119414813639 0.0529131235843922 0.0
0.0876959136432094 0.115131521656589 0.0
0.0925391569095423 0.177357993413969 0.0
0.0976590346941547 0.239576049438673 0.0
0.103025736101057 0.301768231782779 0.0
0.108519577596714 0.363911802142075 0.0
0.113873724152194 0.42595527494724 0.0
0.118684559143286 0.487790532245551 0.0
0.107529586985255 -0.629405876869774 0.0
0.109981736626103 -0.567928405513069 0.0
0.112641059753327 -0.506331964866227 0.0
0.115504997366664 -0.444625319912372 0.0
0.118568478728781 -0.382814102056334 0.0
0.121828253596726 -0.320902082726192 0.0
0.125284146837312 -0.258892317475266 0.0
0.128939759748495 -0.196787796070063 0.0
0.13280321657786 -0.134592248876662 0.0
0.136887859774017 -0.0723104107956144 0.0
0.141212523267466 -0.00994870477528087 0.0
0.145800949290305 0.0524844543019649 0.0
0.150679101043581 0.11497802990247 0.0
0.155868129478835 0.177517830424329 0.0
0.161369166822453 0.240084239663207 0.0
0.167135526859086 0.302648106220529 0.0
0.173032576987958 0.365159987483681 0.0
0.178800749676623 0.42753320879451 0.0
0.184043940245762 0.489639695789002 0.0
0.169047992164008 -0.630974691060498 0.0
0.171485795186967 -0.569458807905233 0.0
0.174164212195513 -0.507812614741116 0.0
0.177069473791669 -0.446043353614054 0.0
0.180192165153277 -0.384154159260388 0.0
0.183528358409857 -0.322145924929579 0.0
0.187079509590976 -0.260018533035492 0.0
0.190852535543682 -0.197771469949293 0.0
0.194860120637399 -0.135404607785868 0.0
0.199121015719515 -0.072918483917523 0.0
0.203659834998482 -0.0103150839946669 0.0
0.208505751680932 0.0524015685243741 0.0
0.213688796581939 0.115224129517456 0.0
0.219231785353811 0.178140113302505 0.0
0.225134962152145 0.241127282967594 0.0
0.231351252294161 0.30414593277852 0.0
0.237752717139175 0.367125606657968 0.0
0.244090776695638 0.429949495919596 0.0
0.249936675430958 0.492449294839099 0.0
0.230545998935316 -0.632435920742069 0.0
0.232981582808095 -0.570885576068512 0.0
0.235684686049596 -0.509192226762718 0.0
0.238632640429375 -0.447360393774274 0.0
0.241813378424894 -0.38539011629809 0.0
0.245223303777742 -0.323278965892187 0.0
0.248866085245274 -0.261023164377565 0.0
0.252752271033613 -0.198618090671258 0.0
0.256899283346527 -0.136058961794255 0.0
0.261331450264305 -0.0733410351711786 0.0
0.266079510893937 -0.0104603799838709 0.0
0.271178984489764 0.0525853954342488 0.0
0.276666286474069 0.115795420822959 0.0
0.282571179888706 0.179162753182638 0.0
0.28890366318584 0.242667864165354 0.0
0.295633719725014 0.306267917199419 0.0
0.30266066074135 0.369878982436346 0.0
0.309759812300733 0.433351990490702 0.0
0.316465125424635 0.496449485373362 0.0
0.292008849594436 -0.633849966927955 0.0
0.294453951874905 -0.572273106179664 0.0
0.297184735995118 -0.510539116329435 0.0
0.300173610879811 -0.448648865382888 0.0
0.303407752652899 -0.386598950881104 0.0
0.306884802634677 -0.324383251161334 0.0
0.310611107329612 -0.261993873474329 0.0
0.314601044891821 -0.199421450956423 0.0
0.318876849814523 -0.136655573845893 0.0
0.323468538943638 -0.0736847184786522 0.0
0.32841337630679 -0.0104967461149847 0.0
0.333754401043255 0.0529206028445008 0.0
0.339537293521973 0.116578099498624 0.0
0.345804959911145 0.180482054310681 0.0
0.352588893374504 0.244627030941502 0.0
0.359895673078368 0.308982798846432 0.0
0.367680957984419 0.37346963334571 0.0
0.375784417850698 0.437914712614024 0.0
0.383750405205327 0.501982906013575 0.0
0.353423128883125 -0.635293746035429 0.0
0.355886220873936 -0.573702385565561 0.0
0.35864406445225 -0.511938416696 0.0
0.361668570702685 -0.449998958669035 0.0
0.364947643159824 -0.387876834328746 0.0
0.368480900331925 -0.325562040868648 0.0
0.372277625021369 -0.263042390619471 0.0
0.376355977983988 -0.200303366022471 0.0
0.380742810949532 -0.137328041915262 0.0
0.385473658293183 -0.0740964399015662 0.0
0.390592413199012 -0.0105853492888026 0.0
0.396150465601014 0.0532320307542179 0.0
0.402205144702959 0.117385612298351 0.0
0.40881786518155 0.181906992964842 0.0
0.416052408861819 0.2468241359988 0.0
0.423972967852043 0.312149844935766 0.0
0.432633989706782 0.377853705598018 0.0
0.44202781542379 0.443794372744958 0.0
0.451871999192614 0.509559745041226 0.0
0.41477701704077 -0.636857661276056 0.0
0.417260472817254 -0.575267705698874 0.0
0.420040858883069 -0.513490273588579 0.0
0.423091787654738 -0.45151743823821 0.0
0.426403266698269 -0.389338331461373 0.0
0.429977326356496 -0.326939812347551 0.0
0.433826017059249 -0.264306164006021 0.0
0.437970762738884 -0.201418110225201 0.0
0.442442330403521 -0.138251945274088 0.0
0.447281018533953 -0.0747780072715305 0.0
0.452536696375009 -0.010959360833591 0.0
0.458268787298676 0.0532502030524588 0.0
0.464546688511495 0.117908258705028 0.0
0.471452229376354 0.183086592695484 0.0
0.479086729732308 0.248873189475902 0.0
0.487586559583093 0.315373012138379 0.0
0.497149366131159 0.382698529225162 0.0
0.508060317450109 0.450917514557756 0.0
0.520623034710479 0.519826146126367 0.0
