-0.761073705533172 -0.655424922913814 0.0
0.466223009204201 -0.695871455819029 0.0
-0.734238302707672 0.61237245798111 0.0
0.61237245798111 0.61237245798111 0.0
-0.699883060181975 -0.65801114450026 0.0
0.468317275854246 -0.634507116013611 0.0
0.532724761154494 0.589702105573502 0.0
-0.720711288272958 0.540758772125257 0.0
-0.638671478589414 -0.660321415826631 0.0
0.470722868795898 -0.572965586481678 0.0
0.458078793391984 0.576889124100867 0.0
-0.717257887940921 0.472450748618596 0.0
-0.577456655662893 -0.662620486976463 0.0
0.473408177072285 -0.511232024631591 0.0
0.386691024305239 0.568512222656773 0.0
-0.71682789362166 0.406268210832175 0.0
-0.516232749567544 -0.664934706301517 0.0
0.476357999996408 -0.449295878471691 0.0
0.317368740998357 0.562676341163434 0.0
-0.717774182694653 0.341353324807607 0.0
-0.454997619575417 -0.667278721228862 0.0
0.479570260929615 -0.387146946096103 0.0
0.249432891849028 0.558521150374964 0.0
-0.719514116432947 0.277235265974084 0.0
-0.393743763640386 -0.669659858887663 0.0
0.48305393340062 -0.324773103071637 0.0
0.182472963716145 0.555587667952391 0.0
-0.721759489505549 0.213649738368795 0.0
-0.332459273563887 -0.672064510285784 0.0
0.486828388742111 -0.262158676800635 0.0
0.116215267924879 0.553599354094522 0.0
-0.724336854640042 0.150442282535635 0.0
-0.271131889893873 -0.674461331521363 0.0
0.490923677988101 -0.199282653316526 0.0
0.0504532886390196 0.552360229156585 0.0
-0.727129789004125 0.0875199075006949 0.0
-0.20975296982689 -0.676809861765183 0.0
0.495381263108407 -0.136117011873281 0.0
-0.014995058967167 0.551664058518114 0.0
-0.730055600403617 0.0248260704081599 0.0
-0.148319566415322 -0.679069275661378 0.0
0.500254942739833 -0.0726241678099529 0.0
-0.0803110735441197 0.550959325697332 0.0
-0.733054959712775 -0.037671606689561 0.0
-0.0868354877408305 -0.681205249898785 0.0
0.50561176079719 -0.00875418809529358 0.0
-0.144759282699138 0.553213086145148 0.0
-0.736089998379851 -0.0999875413899605 0.0
-0.0253108420002015 -0.683194556640885 0.0
0.511533290713514 0.0555594224544713 0.0
-0.20850449242208 0.556365694584852 0.0
-0.739162104027754 -0.162119444147462 0.0
0.0362389134561772 -0.68502773481256 0.0
0.518118456028533 0.120405458999425 0.0
-0.272313600191109 0.557561881004481 0.0
-0.742418466833146 -0.224051416248866 0.0
0.097794773637813 -0.686710489095488 0.0
0.52549087756259 0.185904537584326 0.0
-0.336497550293793 0.560009462077796 0.0
-0.744853256681553 -0.285903131055252 0.0
0.159335519837659 -0.688264272326421 0.0
0.533816217042379 0.252224521607292 0.0
-0.401181048488313 0.563020967202225 0.0
-0.747460045744691 -0.347782510574501 0.0
0.220840044125188 -0.689726290895539 0.0
0.543340497385322 0.319610517017162 0.0
-0.466347082405091 0.569574262044427 0.0
-0.750507816455507 -0.409589293272629 0.0
0.282289712398658 -0.691148816227167 0.0
0.554473254536328 0.388443661528846 0.0
-0.531614328952371 0.576652859061982 0.0
-0.753343023089014 -0.471237630178228 0.0
0.343670964404342 -0.692597380262372 0.0
0.567986665729569 0.45936091298575 0.0
-0.597047226030366 0.581827767082207 0.0
-0.756132006551089 -0.532731749525521 0.0
0.404979244956717 -0.694146789757409 0.0
0.585604395922847 0.533479241292742 0.0
-0.664450670227494 0.59191190260214 0.0
-0.758574109231573 -0.59412268703065 0.0
-0.69741278934155 -0.596705609542401 0.0
-0.694940336184115 -0.535287283230234 0.0
-0.692187014666577 -0.473746216351675 0.0
-0.689367794957538 -0.412140419177355 0.0
-0.686429115988323 -0.350474069987586 0.0
-0.683820657186779 -0.288712667320919 0.0
-0.681240362047359 -0.226693461824395 0.0
-0.678029791695305 -0.164414574118845 0.0
-0.674943009860981 -0.102045866877214 0.0
-0.671899809409228 -0.0395414239385169 0.0
-0.668906564241815 0.0231354807424003 0.0
-0.666002744776988 0.08601946580867 0.0
-0.663252845778812 0.149149767752276 0.0
-0.660750815348766 0.212573924765395 0.0
-0.658634449565176 0.276345393951304 0.0
-0.657117213310861 0.340508126166153 0.0
-0.656563460731132 0.405039443061784 0.0
-0.657691015690426 0.46966056309979 0.0
-0.662113287925491 0.533170766565756 0.0
-0.636221506910488 -0.599007587443778 0.0
-0.633685682753228 -0.53760291873498 0.0
-0.630965933088761 -0.476078018387501 0.0
-0.628159101303427 -0.414436499890714 0.0
-0.625327647027184 -0.352640682167727 0.0
-0.622659145595057 -0.290725159826041 0.0
-0.619912334174408 -0.228697880948742 0.0
-0.616846168104228 -0.166473924172332 0.0
-0.613803435250647 -0.104098888158348 0.0
-0.610792702193181 -0.0415700776694257 0.0
-0.607840746582505 0.0211228528042334 0.0
-0.60499698733512 0.0839892058865393 0.0
-0.60233505748814 0.147031475089151 0.0
-0.599959368008388 0.210235737976525 0.0
-0.598018025401267 0.273551231236301 0.0
-0.596724902719687 0.336851954485586 0.0
-0.596391733660867 0.399866469638571 0.0
-0.597410572736727 0.462063868755631 0.0
-0.598875744195489 0.522573395046309 0.0
-0.574997028114774 -0.601313735233749 0.0
-0.572431653769611 -0.539900192035249 0.0
-0.569736929261675 -0.478359267599251 0.0
-0.566977017401255 -0.416682895183262 0.0
-0.564212574127851 -0.35487111516972 0.0
-0.561494800813163 -0.29295634727932 0.0
-0.558681108015624 -0.230924151085251 0.0
-0.555693432405461 -0.168733627557249 0.0
-0.552698872269327 -0.106407425383005 0.0
-0.549732654065498 -0.0439550651275101 0.0
-0.546833008599357 0.0186131476231595 0.0
-0.544054569207394 0.0812784668345902 0.0
-0.541472070464219 0.144006147853323 0.0
-0.539184003890064 0.206736063256676 0.0
-0.537315780711511 0.269370045015807 0.0
-0.536015443902655 0.331760218603707 0.0
-0.535405304402866 0.393706322970935 0.0
-0.535229319916631 0.454989320217353 0.0
-0.533777627196318 0.515700586774777 0.0
-0.513756272247966 -0.60363118614671 0.0
-0.511183973498621 -0.54221531860888 0.0
-0.508520486438331 -0.480674170914631 0.0
-0.505806339652041 -0.419006611038827 0.0
-0.503075883846743 -0.357221995935397 0.0
-0.50033253974492 -0.295335940941096 0.0
-0.497499790159376 -0.233339941514593 0.0
-0.494560372899207 -0.171222076898416 0.0
-0.4916053033768 -0.109002115933101 0.0
-0.488675153404054 -0.0467001831407981 0.0
-0.485811431592041 0.0156577899391202 0.0
-0.483066995075788 0.0780349731686575 0.0
-0.480508456727196 0.140378758793222 0.0
-0.478215730315256 0.202616593574468 0.0
-0.476275857307038 0.264652081644696 0.0
-0.474756209794964 0.326363947934159 0.0
-0.473590943266884 0.38760933326168 0.0
-0.472209066890289 0.448269281086882 0.0
-0.468401905669337 0.508309778365456 0.0
-0.452505102575984 -0.605983515098735 0.0
-0.44993970728114 -0.544578230302159 0.0
-0.447308004853959 -0.483055615799229 0.0
-0.444629939499152 -0.421418347401793 0.0
-0.441918848359118 -0.359676318254544 0.0
-0.439164215033399 -0.297840310059806 0.0
-0.436327635293117 -0.23591098218605 0.0
-0.433413647160533 -0.173892475008935 0.0
-0.430477998620395 -0.11180654849055 0.0
-0.427558487163615 -0.0496795354791512 0.0
-0.424693949162849 0.012455561222547 0.0
-0.42193019628498 0.0745564945921663 0.0
-0.419320317890123 0.136569398169875 0.0
-0.416920452699412 0.198427240395607 0.0
-0.414775281941762 0.260047726859158 0.0
-0.412871731334952 0.321332384881375 0.0
-0.411004758244038 0.382174176703689 0.0
-0.408454819702682 0.442497377232375 0.0
-0.404137360102501 0.5025118542016 0.0
-0.391240352900872 -0.608376447160013 0.0
-0.388689646694729 -0.546988760807197 0.0
-0.386087089694862 -0.48549242997781 0.0
-0.383435482398202 -0.423892000202008 0.0
-0.380734434479675 -0.362197555520104 0.0
-0.377971242578387 -0.300419619944953 0.0
-0.375127966904803 -0.238565568042425 0.0
-0.372215749125882 -0.176647490197401 0.0
-0.369271917788188 -0.114687980431323 0.0
-0.366328355045209 -0.0527143220992024 0.0
-0.363417741671795 0.00924093690977442 0.0
-0.360575895356415 0.0711391250901173 0.0
-0.357839783522242 0.132934709180063 0.0
-0.355239449401999 0.194575585567938 0.0
-0.352775934589906 0.25600406034609 0.0
-0.350365635941478 0.317164134724626 0.0
-0.347723330033151 0.378027759642697 0.0
-0.344311609387087 0.438685301193286 0.0
-0.340154975812423 0.499466183348022 0.0
-0.329954394357406 -0.610792093901516 0.0
-0.327423443062081 -0.549421401779657 0.0
-0.32484598016521 -0.487949610912271 0.0
-0.322211347226642 -0.426382369701899 0.0
-0.319511050494281 -0.364729911971679 0.0
-0.316733653328395 -0.303003307280999 0.0
-0.313871589761865 -0.241213437255102 0.0
-0.310936667411105 -0.179375170655141 0.0
-0.307955070959514 -0.117509723928028 0.0
-0.304951862295889 -0.055641770190438 0.0
-0.301952125046145 0.00620060311935767 0.0
-0.298980816413857 0.067985942320097 0.0
-0.296058844519721 0.129679613569079 0.0
-0.29319232123637 0.191245367485356 0.0
-0.290348031158744 0.252648738954582 0.0
-0.287405855324743 0.313868408860692 0.0
-0.284113256525327 0.37492538094743 0.0
-0.280216501881635 0.43591946049424 0.0
-0.275757215323035 0.496871519669387 0.0
-0.268638863211253 -0.61319556937608 0.0
-0.266131627513809 -0.551835676736958 0.0
-0.263574465391333 -0.490380013142687 0.0
-0.260947302972936 -0.428834881308839 0.0
-0.258237559620811 -0.367210415597794 0.0
-0.255435807440105 -0.305517783411674 0.0
-0.252539466085944 -0.243768917290013 0.0
-0.249558821740699 -0.181978593445158 0.0
-0.246512374199849 -0.120165438557634 0.0
-0.243418502663202 -0.0583503724753012 0.0
-0.240294550653767 0.00344352793053038 0.0
-0.237155134727674 0.0651913988252613 0.0
-0.234007049072011 0.126867213894307 0.0
-0.230837883882618 0.188446248452218 0.0
-0.227594759494782 0.249910420696332 0.0
-0.224157383437622 0.311262700986443 0.0
-0.220345662454295 0.372552005140101 0.0
-0.215999913073706 0.433878687962416 0.0
-0.210916162160725 0.495373211596921 0.0
-0.207287533678694 -0.615544430449384 0.0
-0.20480730131159 -0.554186014467809 0.0
-0.202265289031545 -0.492734321620408 0.0
-0.199636283713663 -0.431196126009184 0.0
-0.196906595800503 -0.369581234180707 0.0
-0.194068890591785 -0.307900368398635 0.0
-0.19112285096524 -0.24616512913935 0.0
-0.188076545613321 -0.184389043620343 0.0
-0.184942588064977 -0.122588169361798 0.0
-0.181733139080484 -0.0607803395977944 0.0
-0.178458217464758 0.00101469423735732 0.0
-0.175123279217048 0.0627753943083997 0.0
-0.171724053115832 0.12447868339597 0.0
-0.168237058576109 0.186101729088054 0.0
-0.164606689321735 0.247625486384003 0.0
-0.160739943191583 0.309042263051605 0.0
-0.156530944781508 0.370359159645942 0.0
-0.151893538660598 0.431583513962666 0.0
-0.146489939080468 0.492697343058191 0.0
-0.145897753876866 -0.617797310598484 0.0
-0.143446897705619 -0.556430109594843 0.0
-0.140914664092181 -0.494969175681097 0.0
-0.138274962391983 -0.433421771322348 0.0
-0.135515290813358 -0.371797251810869 0.0
-0.132630401830254 -0.310105549698988 0.0
-0.129620860257428 -0.248357313645522 0.0
-0.126492276101113 -0.186564562003225 0.0
-0.123252230736903 -0.124741298530348 0.0
-0.119906934000895 -0.0629033300418858 0.0
-0.116459322825762 -0.00106880415715409 0.0
-0.112906498497809 0.0607414977312381 0.0
-0.109235368665033 0.122503778583544 0.0
-0.105416522295327 0.184191846614067 0.0
-0.101399988116109 0.245777821718207 0.0
-0.0971226251686577 0.307232656400166 0.0
-0.0925352435508086 0.368520038814048 0.0
-0.0876222404705664 0.429583247556272 0.0
-0.0827008372811447 0.490442798698096 0.0
-0.0844713564152973 -0.619920414792658 0.0
-0.0820507296266999 -0.558534865387875 0.0
-0.0795226128081632 -0.497052402547185 0.0
-0.0768639833278753 -0.435480828261082 0.0
-0.0740652461953848 -0.373828926609896 0.0
-0.0711231694134307 -0.312105576626712 0.0
-0.0680383739446026 -0.250320122379817 0.0
-0.0648137678277103 -0.188482936439256 0.0
-0.0614521080969962 -0.126606139859701 0.0
-0.0579535457069332 -0.0647037344235484 0.0
-0.0543137648846139 -0.00279230566070466 0.0
-0.0505216529717393 0.0591086628919792 0.0
-0.0465562156342877 0.120976571562743 0.0
-0.0423839206200057 0.182786756635955 0.0
-0.0379607328317986 0.244514098530288 0.0
-0.0332458468717276 0.306136895714361 0.0
-0.0282330041167667 0.36764451368892 0.0
-0.0230542922644886 0.429071436756016 0.0
-0.0183505297278996 0.490512946818649 0.0
-0.0230143894337675 -0.62189172336841 0.0
-0.0206226393950863 -0.560480004046043 0.0
-0.0180925675612563 -0.49896583651284 0.0
-0.0154075283615779 -0.437357460947503 0.0
-0.0125619415390395 -0.375662839565529 0.0
-0.00955436065022764 -0.313889458604436 0.0
-0.00638481156821654 -0.252044963589421 0.0
-0.00305316054012051 -0.190137733392663 0.0
0.000442785074550344 -0.128177657022784 0.0
0.00410916644730679 -0.066176360124206 0.0
0.00795768766390139 -0.00414786303110527 0.0
0.0120073281124195 0.057891305125934 0.0
0.0162856797737647 0.119922221962902 0.0
0.02082793550645 0.181924989190559 0.0
0.0256689961714361 0.243880604098463 0.0
0.030821676613313 0.305775155330018 0.0
0.0362239225460705 0.367607291538776 0.0
0.0416185769924199 0.429386277202917 0.0
0.0464941396246118 0.491032702336336 0.0
0.0384634518801179 -0.623703389868559 0.0
0.0408303883355148 -0.56226004036347 0.0
0.0433688681291838 -0.500706743441301 0.0
0.0460868148926036 -0.439051796949125 0.0
0.0489853701158644 -0.377301909321472 0.0
0.0520646440207512 -0.315462729110248 0.0
0.0553258150209645 -0.253539729426725 0.0
0.0587724328456512 -0.191538802254029 0.0
0.0624118349870046 -0.129467043362745 0.0
0.0662565788954463 -0.0673329897108509 0.0
0.0703256233558711 -0.00514724215185661 0.0
0.0746451206117369 0.0570774401688745 0.0
0.0792477691634453 0.119326087132135 0.0
0.0841682979854496 0.181582257468152 0.0
0.0894304167276393 0.243828223652471 0.0
0.0950176145560729 0.306045551436909 0.0
0.100817298581147 0.368210960791526 0.0
0.106557919841973 0.430270058542754 0.0
0.111826477429534 0.492106354867231 0.0
0.099950120457199 -0.625363022918159 0.0
0.102299123566477 -0.563885359954069 0.0
0.104852530004388 -0.502288636429603 0.0
0.107608491798045 -0.440580511952664 0.0
0.110564021642561 -0.378765874412347 0.0
0.11371856447631 -0.316848049062291 0.0
0.117075093952968 -0.254829855291914 0.0
0.12064092537671 -0.192714192395665 0.0
0.124428706022997 -0.130504809687453 0.0
0.128457439794976 -0.0682065569548782 0.0
0.132753153710253 -0.00582606982911001 0.0
0.137348719773822 0.0566279157340132 0.0
0.142281456520068 0.119143918982982 0.0
0.147585991601005 0.181707161346939 0.0
0.153278050064543 0.244297259979393 0.0
0.159324060792994 0.306883946071539 0.0
0.165597220088694 0.369415443637588 0.0
0.171838826564279 0.431800117619368 0.0
0.177651365066955 0.493903100415472 0.0
0.161431912994009 -0.626894276910741 0.0
0.163772219782026 -0.565382748324607 0.0
0.166346490116139 -0.503741702215804 0.0
0.169143641940773 -0.441977211781383 0.0
0.172157568354673 -0.380091753250772 0.0
0.175387878754909 -0.318085881180192 0.0
0.178839894814733 -0.255959313496302 0.0
0.18252499744112 -0.193711453195897 0.0
0.186461278675588 -0.131342115065532 0.0
0.190674232855627 -0.0688517767652726 0.0
0.195196970008314 -0.00624235256571075 0.0
0.200069287644468 0.0564822085609926 0.0
0.205334165304051 0.119314606344819 0.0
0.21102944608443 0.182242283023342 0.0
0.217171417415399 0.245242602883903 0.0
0.223727984041016 0.308274613646487 0.0
0.230582639856945 0.371264842919313 0.0
0.237493345675334 0.434091034747128 0.0
0.244032835713643 0.496578662601553 0.0
0.222894919694363 -0.628336944975074 0.0
0.22523696516715 -0.56679545459817 0.0
0.227836529172219 -0.505112800937803 0.0
0.230675538058385 -0.443292466136401 0.0
0.233746275673014 -0.381334048975941 0.0
0.237049370060248 -0.319234976213505 0.0
0.240592956437676 -0.256991438327857 0.0
0.24439270509818 -0.194598788834878 0.0
0.248472246231107 -0.132052161466562 0.0
0.252863644702863 -0.06934663597529 0.0
0.257607342969412 -0.00647799169217855 0.0
0.262750900548884 0.0565565630601658 0.0
0.268345294562563 0.11975663210518 0.0
0.274437186385095 0.183115705464104 0.0
0.28105506986195 0.246614349534334 0.0
0.288187690815109 0.310208856007344 0.0
0.295751609937125 0.373812477712118 0.0
0.303535366279301 0.43727061007623 0.0
0.311077281459687 0.500338765584325 0.0
0.284326060451658 -0.629746399279886 0.0
0.286679557271154 -0.568182536878124 0.0
0.289306310292521 -0.50646476031899 0.0
0.292184865414046 -0.444593284595137 0.0
0.295307488208021 -0.382564627453872 0.0
0.29867652958088 -0.32037280329054 0.0
0.302303264095401 -0.258010085418793 0.0
0.306207740524119 -0.195467202081555 0.0
0.31041910036738 -0.132733709263779 0.0
0.314975985546052 -0.0697978834963417 0.0
0.319926464847184 -0.0066471965161843 0.0
0.32532695914797 0.0567312016061998 0.0
0.331239374486998 0.120348856699081 0.0
0.337725759916825 0.184212948428045 0.0
0.344839535183313 0.248318743619584 0.0
0.352611645292294 0.312635955165426 0.0
0.361023559121289 0.377082941611808 0.0
0.369938632427786 0.441481561409246 0.0
0.378913287209904 0.505487489181722 0.0
0.345713533768527 -0.631191908626493 0.0
0.348084960016675 -0.56961693791061 0.0
0.350737499781739 -0.507874581461816 0.0
0.353650072028564 -0.445961946514442 0.0
0.356816031854599 -0.383872244391053 0.0
0.360239976495913 -0.321595939878955 0.0
0.363936435879941 -0.259121254376593 0.0
0.367929675410772 -0.196433957592843 0.0
0.372254040818046 -0.133517253404576 0.0
0.376954458513684 -0.0703511058979848 0.0
0.382086601820464 -0.00691203235542447 0.0
0.387716484549363 0.0568272805020217 0.0
0.393919331560499 0.120897512784062 0.0
0.400778202733935 0.185331260120648 0.0
0.408382986468186 0.250157576487805 0.0
0.416829541863812 0.315390027748446 0.0
0.426210483411982 0.380997539712795 0.0
0.436560603323387 0.446834154456486 0.0
0.447630998985121 0.512475133700967 0.0
0.407047205162213 -0.632752632760595 0.0
0.409437571386203 -0.571181297566713 0.0
0.412111183127501 -0.509430882811762 0.0
0.415048720397804 -0.447494213483311 0.0
0.418245650978761 -0.385361233993384 0.0
0.421709073549813 -0.323019557760936 0.0
0.425456485606121 -0.26045414590437 0.0
0.429515738626041 -0.197646318906239 0.0
0.433925553373791 -0.134572871122416 0.0
0.438736236352495 -0.0712045178302514 0.0
0.444010243345208 -0.00750454372823644 0.0
0.449822698824549 0.0565732320990013 0.0
0.456262447561795 0.121086578247394 0.0
0.463435468289819 0.186107709540519 0.0
0.471473655524746 0.251725227315027 0.0
0.480553507490996 0.318044654184651 0.0
0.490927395562921 0.385178038014462 0.0
0.502955558880979 0.453188590091011 0.0
0.517032631597598 0.521854308715087 0.0
