-0.767327465073437 -0.653668930850053 0.0
0.459560515177938 -0.691743480834539 0.0
-0.747998213768005 0.61237245798111 0.0
0.61237245798111 0.61237245798111 0.0
-0.706129689783384 -0.656083896286323 0.0
0.46156857415968 -0.6303861188432 0.0
0.531247470352666 0.591321559289257 0.0
-0.732290387447034 0.54129360107893 0.0
-0.644912384559414 -0.658222722014242 0.0
0.463864378527342 -0.568863416714802 0.0
0.455571742421621 0.579518335397594 0.0
-0.727676032033529 0.473262787609269 0.0
-0.583691876136292 -0.66034682876297 0.0
0.466425685140022 -0.507162203876358 0.0
0.3833545729936 0.571783873030023 0.0
-0.726525731675117 0.407298882117053 0.0
-0.522463156768037 -0.662479652548428 0.0
0.469243724726915 -0.445272939355475 0.0
0.313316762580616 0.566355445820931 0.0
-0.726976428505273 0.342564246365964 0.0
-0.461225695438279 -0.664636293158386 0.0
0.472321676591419 -0.383186273050451 0.0
0.244739474246786 0.562448746031879 0.0
-0.728352245483208 0.278593092075585 0.0
-0.399973821318656 -0.666826997314912 0.0
0.475673551640702 -0.320890971565094 0.0
0.177188977039615 0.55965040944674 0.0
-0.730315920523234 0.215125358614354 0.0
-0.338697291216156 -0.669042639150111 0.0
0.479324204663071 -0.258372355876934 0.0
0.110374750785672 0.55771140157343 0.0
-0.732664954440671 0.152010743235222 0.0
-0.277385044544492 -0.67125696555614 0.0
0.483310172423393 -0.195610506746368 0.0
0.0440752892454706 0.556450295423691 0.0
-0.735264479371652 0.0891600865834161 0.0
-0.216028999690755 -0.673434429957188 0.0
0.487680930254529 -0.132578565154815 0.0
-0.0219076398800676 0.555660813916009 0.0
-0.738019568591986 0.0265202043636103 0.0
-0.154626082156616 -0.675538421403254 0.0
0.492500336506134 -0.0692401300748369 0.0
-0.0877741521224236 0.554756906023444 0.0
-0.740862507476791 -0.035938439177316 0.0
-0.0931793196430696 -0.677537847580637 0.0
0.497848067063059 -0.00554643600250408 0.0
-0.152713508044726 0.557027546249363 0.0
-0.743749435768198 -0.098227934755987 0.0
-0.0316974726067403 -0.679411606542204 0.0
0.503821467003052 0.0585678670505633 0.0
-0.216858243853669 0.560186882696492 0.0
-0.7466769202904 -0.160344198663618 0.0
0.0298058130546932 -0.68115121823882 0.0
0.510539117968695 0.123190399927936 0.0
-0.281071219218849 0.561054227521438 0.0
-0.749780953338846 -0.22227051447935 0.0
0.091313704659411 -0.682762193324981 0.0
0.518149456984226 0.188440429879362 0.0
-0.345740766410009 0.563207012498092 0.0
-0.75207468123685 -0.284114204370638 0.0
0.152807420970995 -0.68426453448891 0.0
0.526850611483444 0.254483998541325 0.0
-0.410993612507174 0.565850486233643 0.0
-0.754539744150741 -0.345989372791 0.0
0.214268457329898 -0.685692555695538 0.0
0.536933713955698 0.321563281060355 0.0
-0.476779439390422 0.572254583037352 0.0
-0.757434438600151 -0.407801780639758 0.0
0.275680819485786 -0.687093859448922 0.0
0.548876167070763 0.390053791261665 0.0
-0.542624029112706 0.579091446375231 0.0
-0.760108871410456 -0.469457795591349 0.0
0.337033415071839 -0.688527009624855 0.0
0.56356239569818 0.460579216106011 0.0
-0.608649275564075 0.583618727583661 0.0
-0.762730734542702 -0.530960420445844 0.0
0.398323608406058 -0.690056790457279 0.0
0.582920699814272 0.534215904557964 0.0
-0.676900944703832 0.592980661174689 0.0
-0.765001431193166 -0.592359144259006 0.0
-0.703833181859603 -0.5947717391008 0.0
-0.701532762796969 -0.533347256007659 0.0
-0.69894613209684 -0.471800189999003 0.0
-0.696286071886832 -0.410189210169329 0.0
-0.693501619664878 -0.348518333304957 0.0
-0.69103835751887 -0.286760197081413 0.0
-0.68859589971697 -0.224750949675328 0.0
-0.685530246172427 -0.162482765028315 0.0
-0.682586782755889 -0.100130632956307 0.0
-0.679689954819581 -0.0376495192374331 0.0
-0.676850813904979 0.0249963926879027 0.0
-0.674114838576949 0.0878410087507146 0.0
-0.671554977934883 0.150923179873635 0.0
-0.669277578202727 0.214290582175396 0.0
-0.66743916404671 0.277997551453807 0.0
-0.66628243028948 0.342089585010381 0.0
-0.666219286589584 0.406544516394508 0.0
-0.668048821317296 0.47107406586641 0.0
-0.67352302917406 0.534418706664393 0.0
-0.642637578672516 -0.596902865738854 0.0
-0.64027341711938 -0.535492159387931 0.0
-0.637718579842909 -0.473961417848001 0.0
-0.635069242871417 -0.412315138938332 0.0
-0.632388196628759 -0.350517399866951 0.0
-0.629861889222661 -0.288603057097067 0.0
-0.627253028139616 -0.226578455340385 0.0
-0.624326904215821 -0.164359861870946 0.0
-0.621423912558231 -0.101993142303514 0.0
-0.618555905627064 -0.0394754074237718 0.0
-0.615753972834579 0.0232040855347194 0.0
-0.613073385348763 0.0860554120066186 0.0
-0.610596086208487 0.149082310201844 0.0
-0.608438545493293 0.212272539334361 0.0
-0.606766554228383 0.275577023361174 0.0
-0.605820033614572 0.33886994807098 0.0
-0.605948614461983 0.401874473115503 0.0
-0.607593252528408 0.464039944468521 0.0
-0.609806982583883 0.524470046919585 0.0
-0.581409283385485 -0.599033015636903 0.0
-0.579014820013688 -0.537611921890356 0.0
-0.576482642013948 -0.476063489850396 0.0
-0.573876848174528 -0.414380442281929 0.0
-0.571258719548765 -0.352563170755386 0.0
-0.568680323772303 -0.290643714482418 0.0
-0.566002415971308 -0.228607195548471 0.0
-0.563150434440609 -0.166412720424806 0.0
-0.560291585416972 -0.10408244863645 0.0
-0.557463923582175 -0.0416250697746572 0.0
-0.554709714779318 0.0209501415447792 0.0
-0.55208920217273 0.0836256613872502 0.0
-0.54968503975677 0.146368011819543 0.0
-0.547606920566899 0.209117965955899 0.0
-0.545995901545085 0.271777014759972 0.0
-0.545021022893098 0.334194159052805 0.0
-0.544828611055874 0.39616134645504 0.0
-0.545161596926559 0.457449432258329 0.0
-0.544160822251588 0.518165209124044 0.0
-0.520165732526425 -0.601167377719422 0.0
-0.517763010258175 -0.539741578808007 0.0
-0.515258973707819 -0.478190001653526 0.0
-0.512695093953656 -0.416511901920019 0.0
-0.510107075804183 -0.354716565543194 0.0
-0.5075000239552 -0.292819153640539 0.0
-0.504800162107 -0.230810580229581 0.0
-0.501992610020803 -0.168678417462337 0.0
-0.49916948394294 -0.106441666745107 0.0
-0.496373962175973 -0.0441195559066097 0.0
-0.493651315138281 0.0182628268921763 0.0
-0.491059651580859 0.0806692365871415 0.0
-0.488672875643511 0.143047013965295 0.0
-0.486580826410206 0.205322275191049 0.0
-0.484883401719657 0.267395026865476 0.0
-0.483662389536989 0.329136829651648 0.0
-0.482858529301723 0.390393232367857 0.0
-0.481860242108301 0.451033486263157 0.0
-0.478248094891943 0.511023510975907 0.0
-0.458913678638657 -0.60333054622763 0.0
-0.456515815324317 -0.541912795287642 0.0
-0.454040033551306 -0.480376518414367 0.0
-0.451508334357934 -0.418724584292914 0.0
-0.448936062874382 -0.356966627957804 0.0
-0.446314730984403 -0.295112865902091 0.0
-0.443608217641727 -0.23316329947346 0.0
-0.440822924080943 -0.171121439539192 0.0
-0.438016013166831 -0.109008377571469 0.0
-0.435227645925761 -0.046849904448784 0.0
-0.432500024434563 0.0153211620028933 0.0
-0.429883596989994 0.0774621048628091 0.0
-0.427437670015843 0.13951749350414 0.0
-0.425226275863572 0.20141701389004 0.0
-0.423302874893497 0.263072547278359 0.0
-0.42166016903403 0.324376385768168 0.0
-0.420082276188135 0.385208983017831 0.0
-0.417785993061323 0.445482910252023 0.0
-0.41358982634462 0.505415868375855 0.0
-0.397651077902468 -0.60553160774638 0.0
-0.395265056578537 -0.544129394613304 0.0
-0.392814604444443 -0.482616733395288 0.0
-0.390305599236982 -0.42099825434135 0.0
-0.387740138434568 -0.359283689803812 0.0
-0.385107626815355 -0.297482980742847 0.0
-0.382392024786762 -0.235602885644909 0.0
-0.379605971276017 -0.173654960447638 0.0
-0.376788139835303 -0.111661395022661 0.0
-0.373972376658766 -0.0496493676420477 0.0
-0.371194090505736 0.0123481680409976 0.0
-0.368492733802651 0.0742913711444362 0.0
-0.365909825427174 0.136132465487411 0.0
-0.363480395911047 0.197815689307461 0.0
-0.361209009626622 0.259278027851739 0.0
-0.3590084777103 0.32045683147735 0.0
-0.356569563916499 0.381318457159667 0.0
-0.353303239347679 0.44195702838296 0.0
-0.349246772744643 0.502725295798939 0.0
-0.336371404867099 -0.607757437898908 0.0
-0.334001393330065 -0.546371039308389 0.0
-0.33157200479188 -0.484881326613023 0.0
-0.329076446870116 -0.423293958196936 0.0
-0.32650896376758 -0.361618782589271 0.0
-0.323860108813608 -0.299866323022234 0.0
-0.321123818556144 -0.238046938518821 0.0
-0.318313000825858 -0.176175110979459 0.0
-0.315454847750739 -0.1142718870367 0.0
-0.312575790573338 -0.0523621228524076 0.0
-0.309702754343632 0.00952540741082522 0.0
-0.306863001930268 0.0713579032332115 0.0
-0.304079935071548 0.133098575301233 0.0
-0.301361389399156 0.194708131239911 0.0
-0.298672555685314 0.256148349023104 0.0
-0.295882858942293 0.317394358381167 0.0
-0.292714074125016 0.37846652944804 0.0
-0.288884654496029 0.439470062398316 0.0
-0.284429344204723 0.50041779527754 0.0
-0.275067151307437 -0.609978360495306 0.0
-0.272716160370538 -0.548602632699829 0.0
-0.270302871443974 -0.487128743845625 0.0
-0.267811537872549 -0.425562929134944 0.0
-0.265232307022733 -0.363914917060248 0.0
-0.262557442293823 -0.302195369900938 0.0
-0.25978539748722 -0.240415782005703 0.0
-0.256927069536149 -0.178590658562336 0.0
-0.25400143464514 -0.116738599610252 0.0
-0.251027483354301 -0.054880840253768 0.0
-0.248023337940873 0.00695878722196016 0.0
-0.245004411518293 0.0687541367110594 0.0
-0.241977814333932 0.130477326740206 0.0
-0.23892974087167 0.192101289629945 0.0
-0.235801636290936 0.253605563259919 0.0
-0.23245944830732 0.31499202894903 0.0
-0.228700431927095 0.376312297706053 0.0
-0.224338207787776 0.437673480475519 0.0
-0.219119247621867 0.49921532681387 0.0
-0.213732548429648 -0.612156842913013 0.0
-0.211402942405405 -0.55078351294743 0.0
-0.209000485224512 -0.489314577207185 0.0
-0.206504368661122 -0.427756634898767 0.0
-0.203903349648521 -0.366119049153528 0.0
-0.201191314960104 -0.304412058996136 0.0
-0.198368421664717 -0.24264688548212 0.0
-0.195442761796943 -0.180836864802702 0.0
-0.192426758292968 -0.118998118531204 0.0
-0.18933230866039 -0.0571488763934287 0.0
-0.1861690420816 0.00469029850732519 0.0
-0.182941636464527 0.0664965602374468 0.0
-0.179644035079644 0.128244970082173 0.0
-0.176248736903039 0.189910315561003 0.0
-0.172691934275584 0.251470918947163 0.0
-0.168866553723438 0.312916778412529 0.0
-0.164647326590713 0.374253064394165 0.0
-0.159921950947418 0.435483731055942 0.0
-0.154274568302216 0.496581788910407 0.0
-0.152364933791439 -0.614255656435974 0.0
-0.150058286866692 -0.552875411036267 0.0
-0.147661266008478 -0.491399375369368 0.0
-0.145151855361653 -0.429834487785902 0.0
-0.14251945133137 -0.368189597341823 0.0
-0.139759401144965 -0.306474155502876 0.0
-0.136872093109597 -0.244698471896526 0.0
-0.133862486598084 -0.182874434872545 0.0
-0.130737203728722 -0.12101618451469 0.0
-0.127501221644728 -0.0591400013696654 0.0
-0.124155831238959 0.00273506783758619 0.0
-0.120695728355714 0.0645868136132412 0.0
-0.117104004317523 0.126389374016668 0.0
-0.113344985697469 0.188113773863231 0.0
-0.109358803137373 0.249728587098822 0.0
-0.105068292443637 0.311200238096034 0.0
-0.100406710768073 0.372485936417881 0.0
-0.0953346688556848 0.433518960611616 0.0
-0.0901734825422915 0.494321802088035 0.0
-0.090965664241953 -0.616244127788388 0.0
-0.0886822611521025 -0.554848205103237 0.0
-0.0862851369546311 -0.493353756596847 0.0
-0.0837546044154845 -0.431768070648581 0.0
-0.0810821718772266 -0.370099342691489 0.0
-0.0782644417411351 -0.308355960293642 0.0
-0.0753011307199769 -0.246546954758013 0.0
-0.0721937512432837 -0.184682607564663 0.0
-0.0689432501712807 -0.122775212150019 0.0
-0.0655474887035692 -0.060839264478562 0.0
-0.0619991578406162 0.00110775727001309 0.0
-0.0582830417913824 0.0630449903426254 0.0
-0.0543723061488024 0.124947891149368 0.0
-0.0502250502824077 0.186789261528713 0.0
-0.0457857117643823 0.248540930123599 0.0
-0.0409989193217733 0.310177866688359 0.0
-0.035842058187079 0.371686753924886 0.0
-0.0304395915823638 0.433105512603085 0.0
-0.0254858257307314 0.494545885486281 0.0
-0.0295399009668662 -0.618102247273443 0.0
-0.0272781529878833 -0.55668346777225 0.0
-0.0248751758494335 -0.495161205825037 0.0
-0.0223165290452046 -0.433542971933871 0.0
-0.0195967325469617 -0.371836052685712 0.0
-0.0167133166695269 -0.310047429687303 0.0
-0.0136646245620044 -0.248184448705338 0.0
-0.0104483351955059 -0.186255403876899 0.0
-0.00705953908338029 -0.124270331577285 0.0
-0.00348868857992376 -0.0622412708776006 0.0
0.000280311377206631 -0.000182969205935237 0.0
0.00427224614314969 0.0618869548679485 0.0
0.0085224668507506 0.123948103199461 0.0
0.0130763661634291 0.185978758582978 0.0
0.0179815227984226 0.247957932287913 0.0
0.0232647667756546 0.309870040297975 0.0
0.0288747200445772 0.371713824547346 0.0
0.0345472479437538 0.433501896645146 0.0
0.0397444813051123 0.495148049877716 0.0
0.0319038746691806 -0.61982303927057 0.0
0.0341478441592746 -0.558376426442455 0.0
0.0365625657124194 -0.496819508115146 0.0
0.03915523580248 -0.435159638514316 0.0
0.0419280457347078 -0.373402784181847 0.0
0.0448830322239202 -0.311554089835122 0.0
0.0480238470763299 -0.249618738426151 0.0
0.0513570305541978 -0.187602518064356 0.0
0.0548935603674115 -0.125512596062567 0.0
0.0586505288494194 -0.0633577642711773 0.0
0.0626526691562479 -0.00114908259773313 0.0
0.0669335642390976 0.0611000034618486 0.0
0.0715354018906758 0.123373600916227 0.0
0.0765046117762609 0.185654136829627 0.0
0.0818782378481008 0.247922648991165 0.0
0.0876524592259847 0.310159650868834 0.0
0.093721232687631 0.372341198789928 0.0
0.0998083470601712 0.434410048734804 0.0
0.105492481533047 0.496241908178529 0.0
0.0933550583416851 -0.621413813111887 0.0
0.0955874532616963 -0.559937008912841 0.0
0.0980196279770561 -0.498341541560361 0.0
0.100650751293724 -0.436633962317344 0.0
0.10348009510367 -0.374818406965968 0.0
0.106509915550528 -0.312897736244332 0.0
0.1097464173461 -0.250874506773575 0.0
0.113200682258506 -0.188751494493928 0.0
0.116889897111556 -0.126532429863358 0.0
0.120838695608534 -0.0642222363922638 0.0
0.12508020105017 -0.00182772109523143 0.0
0.129656231693848 0.0606420936155961 0.0
0.134615166198902 0.123175298558055 0.0
0.140004676127994 0.185756507484446 0.0
0.145854495332691 0.248364496783462 0.0
0.152143468701412 0.310967759045306 0.0
0.158751976436904 0.373512089601212 0.0
0.165421934400845 0.435900981170675 0.0
0.171754786569331 0.497993161242832 0.0
0.154801519279076 -0.622896656505681 0.0
0.15703038584494 -0.561390258764168 0.0
0.159484931652594 -0.499755588822327 0.0
0.162156962922823 -0.437997560454829 0.0
0.16504378845216 -0.376117982535396 0.0
0.168148626263016 -0.314117048558445 0.0
0.171480710248729 -0.251994282702204 0.0
0.175055901553704 -0.189748973143948 0.0
0.17889767373265 -0.127380847045355 0.0
0.183038180533958 -0.0648902969889318 0.0
0.187518866853926 -0.00227915143604694 0.0
0.192389893893392 0.0604487086112081 0.0
0.197706803169848 0.123285984325671 0.0
0.203521923986419 0.186219949647542 0.0
0.20986687285912 0.249227408284314 0.0
0.21672366829531 0.312265949193095 0.0
0.22398633580186 0.375258890284409 0.0
0.231418673569682 0.438078483470376 0.0
0.238594739431979 0.500544199974064 0.0
0.216230957411835 -0.624308306990254 0.0
0.218465075294515 -0.562776149370023 0.0
0.220945297960855 -0.501105081385402 0.0
0.223658227244474 -0.439297559908421 0.0
0.226600540632499 -0.377352726447432 0.0
0.22977712305281 -0.315267831824827 0.0
0.233200591680506 -0.253039000552485 0.0
0.236891721855564 -0.19066152849446 0.0
0.240880285200783 -0.128130440611602 0.0
0.245205948805535 -0.0654406258827837 0.0
0.249918634581262 -0.002587582195881 0.0
0.255077603612273 0.0604318377003705 0.0
0.260747909777777 0.123617610567744 0.0
0.266992445119689 0.186963477280551 0.0
0.27385731490644 0.25044981690421 0.0
0.281348915694783 0.314031672268648 0.0
0.289399760537564 0.377619063297276 0.0
0.297810274214727 0.441051533684358 0.0
0.30612232057464 0.504077567565736 0.0
0.277631866982804 -0.6256991972438 0.0
0.279879002028835 -0.564148504656306 0.0
0.282385747554369 -0.502447474282222 0.0
0.285136748824328 -0.440595669326124 0.0
0.28812935148985 -0.378589493665372 0.0
0.291370620172706 -0.316423054768002 0.0
0.294876747460852 -0.254088750108732 0.0
0.298673405538863 -0.191577366709366 0.0
0.302796537947166 -0.128878399810851 0.0
0.30729322802832 -0.0659799166199558 0.0
0.312222063004084 -0.00286901952709505 0.0
0.317652426395924 0.0604676612945043 0.0
0.323661858646082 0.124042295984563 0.0
0.330330737716145 0.187862665308633 0.0
0.337733313393029 0.251924313571878 0.0
0.345923451979648 0.316196285451853 0.0
0.354906577500754 0.380594239328603 0.0
0.364567494968323 0.444933893004463 0.0
0.374472673329223 0.508861266854337 0.0
0.338993968509601 -0.62713115297255 0.0
0.341258715703102 -0.565572447832957 0.0
0.343789848067615 -0.50385186521925 0.0
0.346573167037142 -0.441966467699137 0.0
0.349607443158095 -0.379909804916745 0.0
0.352902238106551 -0.317672758354967 0.0
0.356477297155868 -0.255243909833609 0.0
0.360362914511134 -0.192609270917969 0.0
0.364600787433615 -0.129752135806628 0.0
0.369245002380957 -0.066652387610548 0.0
0.374362663868845 -0.00328627965588225 0.0
0.380033907454995 0.0603739474807115 0.0
0.386351147636415 0.124359577511689 0.0
0.393418108609298 0.18870388612967 0.0
0.4013494302917 0.253436473077048 0.0
0.410270763760973 0.318570801308442 0.0
0.420310271628676 0.384073852872452 0.0
0.431541564077919 0.449793362142324 0.0
0.443744855724952 0.515290359814466 0.0
0.400308731817493 -0.628672476105814 0.0
0.402590850609796 -0.567119367885003 0.0
0.40514148301615 -0.505395700142053 0.0
0.407948235564758 -0.443495007921224 0.0
0.411011990852376 -0.381408005864616 0.0
0.41434488658332 -0.319123014477883 0.0
0.417969813763479 -0.256625616693096 0.0
0.421920946487909 -0.193897663933997 0.0
0.426244779161213 -0.130916379272246 0.0
0.431001345542001 -0.0676527880361153 0.0
0.436265274719936 -0.00407035038066404 0.0
0.442126802322072 0.0598770789958815 0.0
0.448693388767409 0.124247357833511 0.0
0.45609399019801 0.189112858440334 0.0
0.464489410447733 0.254562257427757 0.0
0.474093856398167 0.32070065150588 0.0
0.48521076536989 0.387637948223937 0.0
0.498269631244662 0.455429935334766 0.0
0.513746731049448 0.523832429811521 0.0
