-0.777194773154795 -0.650715287638905 0.0
0.448905925950317 -0.683900383548563 0.0
-0.772122347354889 0.61237245798111 0.0
0.61237245798111 0.61237245798111 0.0
-0.715984847386967 -0.652778316987073 0.0
0.45072061974306 -0.622555402303966 0.0
0.528744758878053 0.594231655845156 0.0
-0.752550864611953 0.542285257249946 0.0
-0.654759047119859 -0.654566753419969 0.0
0.452776862747935 -0.561067447580304 0.0
0.451294424619766 0.584261418771688 0.0
-0.745838162147997 0.474722225539265 0.0
-0.593531347500072 -0.656335339840468 0.0
0.455069472015938 -0.499426616259052 0.0
0.377632147283507 0.577701822175494 0.0
-0.743369257822672 0.409113616450241 0.0
-0.532298311874834 -0.658103445774723 0.0
0.457601676573898 -0.437625321067179 0.0
0.306339047894186 0.573021048226661 0.0
-0.742896419179991 0.344669523041055 0.0
-0.471062084974833 -0.659887655961975 0.0
0.46038657547705 -0.375655781688361 0.0
0.236631606127403 0.569569682713286 0.0
-0.74357846372258 0.280934426265959 0.0
-0.409819906343299 -0.661703591509463 0.0
0.463447699034353 -0.313508327349989 0.0
0.16803771495467 0.567016570765675 0.0
-0.744991769522186 0.217655373831667 0.0
-0.348564088383794 -0.663549891114448 0.0
0.466820207042604 -0.251169960056401 0.0
0.100238416510413 0.565163026323992 0.0
-0.746883008671689 0.154688832518147 0.0
-0.287285314663546 -0.665408896830788 0.0
0.470552728912787 -0.188622565054602 0.0
0.0329863131709529 0.563854973394751 0.0
-0.749085244919051 0.0919519063032918 0.0
-0.225976180193688 -0.667253236142418 0.0
0.474709568953453 -0.125841158208784 0.0
-0.0339452486569242 0.562887824328323 0.0
-0.7514824394748 0.0293969284991758 0.0
-0.164633148978247 -0.669053227022767 0.0
0.479373081585334 -0.0627912183387904 0.0
-0.100789976294485 0.56162105173348 0.0
-0.753992544865267 -0.0330009636041613 0.0
-0.103257710018886 -0.670783015176581 0.0
0.484646032843545 0.000574172401187335 0.0
-0.166606008491352 0.563885276266578 0.0
-0.756561579200217 -0.0952500555742739 0.0
-0.0418561435283653 -0.672424845879959 0.0
0.490654422194509 0.0643185028427364 0.0
-0.231459787359442 0.567016214833904 0.0
-0.759178066412019 -0.157343385940106 0.0
0.0195611627198398 -0.673971613204828 0.0
0.497552301551005 0.128527332048613 0.0
-0.296383328922258 0.567288138589532 0.0
-0.761959352288005 -0.219263051111169 0.0
0.0809812475141678 -0.675428148454419 0.0
0.505532544143263 0.193317250613379 0.0
-0.361915449847601 0.568894059902679 0.0
-0.763950087261755 -0.281095139348128 0.0
0.142389656687099 -0.676811545093967 0.0
0.514850967892708 0.258850210492194 0.0
-0.428181066759862 0.570862628312459 0.0
-0.766112236418685 -0.342965005501417 0.0
0.203772495832065 -0.678150614179741 0.0
0.525878293878076 0.32536123416818 0.0
-0.49507798904634 0.576953045301544 0.0
-0.768685788693849 -0.404788987994134 0.0
0.265118428591386 -0.679484237203063 0.0
0.539210784136671 0.393211665227071 0.0
-0.561949260641619 0.583318670531735 0.0
-0.771026753116099 -0.466459784072318 0.0
0.326420676377525 -0.680858089604837 0.0
0.555927473401975 0.462992459866677 0.0
-0.629008268181673 0.586696585571032 0.0
-0.773304299775043 -0.52797858693884 0.0
0.387679857538077 -0.682318572461317 0.0
0.578304678221282 0.535687169232321 0.0
-0.698753423453841 0.594781665562306 0.0
-0.775223785450888 -0.589391626496277 0.0
-0.71404379761671 -0.591453931918916 0.0
-0.712095452198097 -0.530018033659366 0.0
-0.709852013755123 -0.468459193455885 0.0
-0.707522587857457 -0.406837511123328 0.0
-0.70506112963372 -0.345156694145921 0.0
-0.702906544186367 -0.28340178574337 0.0
-0.700761765105473 -0.221406451677867 0.0
-0.698006869822626 -0.159152382056055 0.0
-0.695372556321294 -0.0968236779787554 0.0
-0.692791068838365 -0.0343765637892898 0.0
-0.690281344763638 0.0282234026381299 0.0
-0.687899118852903 0.0910090548595897 0.0
-0.685731959003787 0.154018680060643 0.0
-0.683907888965168 0.21730015836043 0.0
-0.682616479493543 0.280908946244714 0.0
-0.682152385077552 0.344891842620558 0.0
-0.683012521347504 0.409223572044575 0.0
-0.686141467927786 0.47358826649102 0.0
-0.69353594691942 0.536594573491747 0.0
-0.652841870956641 -0.593235571908962 0.0
-0.650828870022957 -0.531813216097188 0.0
-0.64861388560438 -0.470270789534375 0.0
-0.646292308946533 -0.408614316300426 0.0
-0.643927943667472 -0.346810847090564 0.0
-0.641705615095194 -0.284895749149753 0.0
-0.639394857824888 -0.222872407192737 0.0
-0.636771574222084 -0.160658759594267 0.0
-0.634172128860301 -0.0983013286729411 0.0
-0.631613883969422 -0.0357968262849937 0.0
-0.629135247501428 0.0268661755255009 0.0
-0.626801574888901 0.0896989605672757 0.0
-0.624709320534585 0.152707065375202 0.0
-0.622996230622603 0.215880387023168 0.0
-0.621859520945736 0.279171227322218 0.0
-0.621585577960462 0.342451165729557 0.0
-0.622591568989282 0.40542879438158 0.0
-0.625404343940091 0.46751146239015 0.0
-0.628987717568842 0.527761671867373 0.0
-0.5916091641186 -0.595008425470513 0.0
-0.589564195145765 -0.533573089645138 0.0
-0.587367587402602 -0.472010178545229 0.0
-0.585083815528142 -0.410313773897161 0.0
-0.582775615824128 -0.348484873202426 0.0
-0.580496732366721 -0.28655487564493 0.0
-0.578113637595888 -0.22450798536258 0.0
-0.575557639923981 -0.162303195588816 0.0
-0.57299610761859 -0.0999619687269149 0.0
-0.57047184559885 -0.0374916616790387 0.0
-0.568033990807611 0.0251000221045354 0.0
-0.565752478211549 0.0877972769009558 0.0
-0.563723800175913 0.150568140243749 0.0
-0.562077368679273 0.213353855801992 0.0
-0.560981877431548 0.276053670885035 0.0
-0.560643423933702 0.338508861428064 0.0
-0.561250272691611 0.400495201511642 0.0
-0.562539556365009 0.461765608294889 0.0
-0.562369199803546 0.522465225259909 0.0
-0.530364040349011 -0.596775342152957 0.0
-0.528308030580802 -0.535331456379677 0.0
-0.526134025249411 -0.47376073315214 0.0
-0.523885613034784 -0.412063118159109 0.0
-0.521601129703398 -0.350247791871165 0.0
-0.51928868591903 -0.288329127352681 0.0
-0.516879153587667 -0.226296969612966 0.0
-0.514361612064106 -0.16413802187776 0.0
-0.511829972588899 -0.101870119948472 0.0
-0.509331755628201 -0.0395111367773482 0.0
-0.506918592795245 0.0229149976738362 0.0
-0.504657591792828 0.085372602630825 0.0
-0.502635265104613 0.147808300735889 0.0
-0.500958691829639 0.210145078939985 0.0
-0.499750085235554 0.272275727377553 0.0
-0.499115981442793 0.334058425899519 0.0
-0.499006806689697 0.395318370607202 0.0
-0.498732326158941 0.455907447420064 0.0
-0.495485312273226 0.515802034424692 0.0
-0.469114698756791 -0.59856329284449 0.0
-0.467059425075283 -0.53712351020919 0.0
-0.464907345040292 -0.475563093097204 0.0
-0.462684438805083 -0.413885273556597 0.0
-0.460409721994196 -0.352099259745418 0.0
-0.458078225278119 -0.290214295260961 0.0
-0.455657639026543 -0.228229237165757 0.0
-0.453157394692786 -0.16614656582406 0.0
-0.450636911586844 -0.103986367564417 0.0
-0.448140208286667 -0.0417736890866872 0.0
-0.445715079692747 0.0204587120921639 0.0
-0.443419787995794 0.0826669711059058 0.0
-0.441324208363023 0.144792547851362 0.0
-0.43950582360442 0.206759008133394 0.0
-0.438032917871428 0.268467755002151 0.0
-0.436907181563103 0.329794949855246 0.0
-0.435890655810694 0.390600155869212 0.0
-0.434080479027471 0.450778843624449 0.0
-0.430119978371837 0.510565978038891 0.0
-0.407860848049754 -0.600387437164537 0.0
-0.4058118044969 -0.538960145125767 0.0
-0.403678172421353 -0.47741942561922 0.0
-0.40147146758334 -0.415770078344834 0.0
-0.399198183960659 -0.354021237245502 0.0
-0.396851294694231 -0.292181836083829 0.0
-0.394417846581588 -0.230257575360473 0.0
-0.391912815645886 -0.168259141190471 0.0
-0.389376927876116 -0.10620813357111 0.0
-0.386847118049674 -0.0441316870603118 0.0
-0.38436319444797 0.0179363714892734 0.0
-0.381970577827805 0.0799539765105132 0.0
-0.379718328895996 0.14186925234053 0.0
-0.377649698904104 0.203619900727245 0.0
-0.375774657796702 0.265133574390568 0.0
-0.373998213282672 0.326336261063161 0.0
-0.371965549697073 0.387185516613738 0.0
-0.368992020288205 0.447783832593436 0.0
-0.365140537961327 0.508525196699461 0.0
-0.346597630520549 -0.602242849478214 0.0
-0.344557357642172 -0.540829852037868 0.0
-0.342437481217872 -0.479310031131372 0.0
-0.340238082044665 -0.417689062504608 0.0
-0.337958120540057 -0.35597611469974 0.0
-0.335591420824846 -0.294180748325325 0.0
-0.333134245226782 -0.232312411544642 0.0
-0.330601081169492 -0.170384942306901 0.0
-0.328020509708875 -0.108419151481628 0.0
-0.325420945281461 -0.046440288786967 0.0
-0.322832095369297 0.0155215882024256 0.0
-0.320284793222292 0.0774312380201524 0.0
-0.317806294847719 0.139248025934693 0.0
-0.315406821981495 0.200927300371674 0.0
-0.31304780182435 0.262424340689223 0.0
-0.310578510014146 0.323708411569661 0.0
-0.3076725611037 0.384799630792036 0.0
-0.303997524641743 0.445813805012884 0.0
-0.299576619156852 0.506749644707746 0.0
-0.285318766714369 -0.604108624650016 0.0
-0.283288595081543 -0.542706552949706 0.0
-0.281177180147975 -0.481202680039083 0.0
-0.278976305876922 -0.419603089508046 0.0
-0.276680701213728 -0.357916761664845 0.0
-0.274285288629218 -0.296153439432431 0.0
-0.271789960390799 -0.234323825942837 0.0
-0.269206273019003 -0.172441947898137 0.0
-0.266553597001869 -0.110526372020735 0.0
-0.263851519028044 -0.0485989068871725 0.0
-0.261119021252058 0.0133152654085512 0.0
-0.258372373299997 0.0751877241456615 0.0
-0.255618633687941 0.136987316891587 0.0
-0.252840785113816 0.198682881629006 0.0
-0.249969178599281 0.260249885179998 0.0
-0.246843806755031 0.321688592304 0.0
-0.24322000909357 0.383055868239771 0.0
-0.238863410115273 0.444471009571294 0.0
-0.233433403407928 0.506089621811894 0.0
-0.22401904864016 -0.60595538874663 0.0
-0.221999750019569 -0.544557723423943 0.0
-0.219891323333255 -0.483061072014107 0.0
-0.21768048082995 -0.421471654991978 0.0
-0.215359955352031 -0.359797986815305 0.0
-0.212925384978226 -0.298049395128067 0.0
-0.210377318082982 -0.2362363834263 0.0
-0.20772341616758 -0.174371915452589 0.0
-0.2049752668787 -0.112472198735968 0.0
-0.202143770664359 -0.0505561366362109 0.0
-0.199237301016579 0.0113543050587197 0.0
-0.196258547660956 0.0732340121446762 0.0
-0.193197604602176 0.135054826020949 0.0
-0.190019008585539 0.196787455113689 0.0
-0.186643299178246 0.258405810732107 0.0
-0.18293704015207 0.319896239057141 0.0
-0.178739277012793 0.38126110889738 0.0
-0.173890783044726 0.44249905022713 0.0
-0.167838512737331 0.503567280099639 0.0
-0.162695604351452 -0.60775271536235 0.0
-0.160687419396498 -0.546351721688835 0.0
-0.158576577579282 -0.484852161892425 0.0
-0.156347865995069 -0.423260295026389 0.0
-0.153993590386175 -0.361583979396867 0.0
-0.151509671729656 -0.299831731818003 0.0
-0.148895686092485 -0.238013189041382 0.0
-0.146154922793782 -0.176139944515971 0.0
-0.143291762424736 -0.114226316971872 0.0
-0.140308423163644 -0.0522893574229627 0.0
-0.137202664403836 0.00965037695663246 0.0
-0.133964250040723 0.0715682537214026 0.0
-0.13056875168415 0.133434903196198 0.0
-0.126968497617986 0.195216642910206 0.0
-0.123084992335233 0.256876099230179 0.0
-0.118815070670262 0.318372127246593 0.0
-0.114060066603452 0.379650926977187 0.0
-0.108738412042213 0.440628224078787 0.0
-0.103181203305911 0.501329724265059 0.0
-0.101348818634638 -0.609474993434589 0.0
-0.0993511386707175 -0.548063244507007 0.0
-0.0972326240653993 -0.486551080123333 0.0
-0.0949789630463502 -0.424944742603664 0.0
-0.0925830826306526 -0.363251266519074 0.0
-0.0900407540997596 -0.301478065478133 0.0
-0.08734954811723 -0.239633523264524 0.0
-0.0845079470611617 -0.177727671316826 0.0
-0.081513109087208 -0.115773017928678 0.0
-0.0783582226785649 -0.0537848350831534 0.0
-0.0750300151026865 0.00821793278600597 0.0
-0.0715052812580167 0.0702121172731222 0.0
-0.0677460395915409 0.132169897350377 0.0
-0.0636946672466388 0.194059778586774 0.0
-0.0592742328283143 0.255848375619014 0.0
-0.0544027594757605 0.31750485508617 0.0
-0.0490283471867626 0.379010938718558 0.0
-0.0432628439219792 0.440410023633621 0.0
-0.0378978239610828 0.501842838360341 0.0
-0.0399822061481681 -0.611105373964281 0.0
-0.0379931633337992 -0.549676761465306 0.0
-0.0358618862691493 -0.488143877720875 0.0
-0.0335772046073999 -0.426512781976415 0.0
-0.031133211496958 -0.364789430328081 0.0
-0.0285250396795535 -0.302979793563251 0.0
-0.025747470174822 -0.24109057873633 0.0
-0.0227937155184505 -0.179129825192574 0.0
-0.0196534371572934 -0.117107722804746 0.0
-0.0163103999137721 -0.0550369279230885 0.0
-0.0127400285097436 0.00706664863739844 0.0
-0.00890649066295844 0.0691835896252317 0.0
-0.00475986221650546 0.131291007671356 0.0
-0.000235810752868479 0.193364050161011 0.0
0.00473651540134214 0.255378194518805 0.0
0.0102093079720691 0.31731468223747 0.0
0.0161499657584133 0.379171999226422 0.0
0.0222807941885882 0.440968400726207 0.0
0.0280178509093258 0.502605532224201 0.0
0.0213979359708464 -0.612638074977901 0.0
0.0233817304804885 -0.551188428089472 0.0
0.0255305636432769 -0.48962894505399 0.0
0.0278510665051716 -0.427965138519904 0.0
0.0303479469344253 -0.366201520638258 0.0
0.0330272748340496 -0.304342220243466 0.0
0.0358976938473132 -0.242391790995537 0.0
0.0389716616277638 -0.18035572407762 0.0
0.0422672504073948 -0.118241198938677 0.0
0.0458102727163855 -0.0560573413755637 0.0
0.0496364313463803 0.00618409226729011 0.0
0.0537932743718796 0.0684685440218752 0.0
0.0583406534344122 0.130778549414925 0.0
0.0633465759937949 0.193094507825736 0.0
0.0688724099066555 0.255395099177071 0.0
0.0749370945634238 0.317658622342812 0.0
0.0814457144650802 0.379859528234318 0.0
0.0881130703447387 0.441935156181089 0.0
0.0945041426209742 0.503747424333804 0.0
0.0827835649659678 -0.614079547402749 0.0
0.0847669499805212 -0.552607040532673 0.0
0.0869375073423905 -0.491017728358509 0.0
0.0892969948546879 -0.429316029822149 0.0
0.0918493774228058 -0.367504609494796 0.0
0.0946025354250801 -0.305585380675685 0.0
0.0975690293664105 -0.243560316542322 0.0
0.10076725588023 -0.181431859003837 0.0
0.104223115733974 -0.119203590177484 0.0
0.107971934018264 -0.0568804519731811 0.0
0.112060183061461 0.00553054525837483 0.0
0.11654636969491 0.0680199394623091 0.0
0.121499343053696 0.130575061618492 0.0
0.126990710460121 0.193179326371942 0.0
0.133075615024162 0.255809721312191 0.0
0.139754966275309 0.318432053741298 0.0
0.146921295442887 0.380987189469974 0.0
0.154317003298874 0.443369409137941 0.0
0.161542210305084 0.50542594517639 0.0
0.144165324810448 -0.615448761766089 0.0
0.146154071756667 -0.553954214895449 0.0
0.148349369408314 -0.492334803941845 0.0
0.150748962534426 -0.430593232600819 0.0
0.153356915662808 -0.368729994790064 0.0
0.156183496922649 -0.306744521486092 0.0
0.159245518235958 -0.244635875901839 0.0
0.162567438318576 -0.182403027930755 0.0
0.166182958428181 -0.120045437631556 0.0
0.170136775451912 -0.0575632434552062 0.0
0.174485910424073 0.00504195840670849 0.0
0.179299756186032 0.0677664357060413 0.0
0.184657001239059 0.130602821914483 0.0
0.190636441706756 0.193537860305637 0.0
0.197297360399317 0.256546900168817 0.0
0.204646747261236 0.319584215183065 0.0
0.212596645768707 0.382566477230444 0.0
0.220920327725165 0.445355247378567 0.0
0.229193855086037 0.507758908708815 0.0
0.20553374880187 -0.616776652276314 0.0
0.207533558320274 -0.555263725946141 0.0
0.209754836896888 -0.493617139983793 0.0
0.212193283607578 -0.431837399149205 0.0
0.214854059658258 -0.369922709376711 0.0
0.217750253998199 -0.307869889915716 0.0
0.220903081323623 -0.245674833127918 0.0
0.224343034123012 -0.183332620301544 0.0
0.228111474197848 -0.120837975408924 0.0
0.232262302718908 -0.0581853541662222 0.0
0.236863069425361 0.00463030523499984 0.0
0.241994658049172 0.0676127677739474 0.0
0.24774795973924 0.130762524383461 0.0
0.254215407189894 0.194073396726282 0.0
0.261474786878209 0.257524756299727 0.0
0.269563718224349 0.321068365295534 0.0
0.278442244875676 0.384607057638934 0.0
0.287930441917334 0.447968395625447 0.0
0.297574931634345 0.510887351775441 0.0
0.266880104065289 -0.618104429664579 0.0
0.268895189578647 -0.556579646473747 0.0
0.271141394359173 -0.494912201178517 0.0
0.273614931244371 -0.433100385759889 0.0
0.276322830958896 -0.371140283489846 0.0
0.279281172638358 -0.309026054903612 0.0
0.282515522628061 -0.246750208964919 0.0
0.286062193276159 -0.184303527697539 0.0
0.289969895669593 -0.121675290580742 0.0
0.294301444015267 -0.0588530994852699 0.0
0.299134905118732 0.00417664942278953 0.0
0.304563526146613 0.0674282046963458 0.0
0.310693441502431 0.13091462657321 0.0
0.317638279909661 0.19464426122236 0.0
0.325509689067159 0.258612223028597 0.0
0.334402139312197 0.322784874718017 0.0
0.344362680843388 0.387070898948365 0.0
0.355312020957484 0.45127237192435 0.0
0.366831113870326 0.515015793699881 0.0
0.328196804784809 -0.619480157410232 0.0
0.330228393720893 -0.557952663507676 0.0
0.332496082418736 -0.496274497917691 0.0
0.334998552755244 -0.43444253534768 0.0
0.337744844201819 -0.372450830212474 0.0
0.340753971337527 -0.310290914229198 0.0
0.344055572614738 -0.247951913341229 0.0
0.347691292999971 -0.185420159841526 0.0
0.35171656442327 -0.12267898970967 0.0
0.356202472200414 -0.0597080309460504 0.0
0.361237210901842 0.00351699898469333 0.0
0.366926820458799 0.0670246108425991 0.0
0.373395043878914 0.130846913116709 0.0
0.380782976780568 0.1950177951013 0.0
0.389249621570325 0.259566687651564 0.0
0.398973470803556 0.324504909776276 0.0
0.410144840261431 0.389792833287826 0.0
0.422903355425416 0.45526234493398 0.0
0.437074719615185 0.520443821436824 0.0
0.389478185787811 -0.620952232415892 0.0
0.391523876587103 -0.559433541102362 0.0
0.393807882044982 -0.497760905359957 0.0
0.39633074247134 -0.435929089981358 0.0
0.399103588765082 -0.373930151423458 0.0
0.402148120908885 -0.311753618735855 0.0
0.405497414588938 -0.249386098045883 0.0
0.409197490797167 -0.186810265795344 0.0
0.413309301248905 -0.12400395852698 0.0
0.417910855510199 -0.0609385946248399 0.0
0.423099152329176 0.00242218091156185 0.0
0.42899203640539 0.0661244765134675 0.0
0.435730758873756 0.130226125559668 0.0
0.443485672539156 0.194799224206661 0.0
0.452469250369023 0.259931397288172 0.0
0.462962543435274 0.32572473231739 0.0
0.475358615616277 0.392281225108332 0.0
0.490206437493542 0.45963620548913 0.0
0.508117160447877 0.527494689313467 0.0
