-0.781021115314047 -0.649491625401495 0.0
0.444721108651921 -0.680382212927185 0.0
-0.782291042804718 0.61237245798111 0.0
0.61237245798111 0.61237245798111 0.0
-0.71980646634193 -0.651389503680906 0.0
0.446440887858924 -0.619042682596925 0.0
0.527718573463989 0.595481626104339 0.0
-0.761089690419661 0.542727958540415 0.0
-0.658577868589533 -0.653014106528718 0.0
0.448381119253769 -0.557570233718062 0.0
0.449529442018048 0.586306548695933 0.0
-0.75347469548276 0.475359914873894 0.0
-0.597348325489034 -0.654617064598224 0.0
0.450544053285236 -0.495956435705124 0.0
0.37525957188434 0.580260546963407 0.0
-0.750433603450295 0.409893735945802 0.0
-0.536115093002623 -0.656216361411312 0.0
0.452938237063312 -0.434194567777706 0.0
0.303435438644267 0.575908148992697 0.0
-0.749555187395692 0.345564907977546 0.0
-0.474881388382892 -0.657829418813348 0.0
0.455581200763029 -0.372277518964973 0.0
0.233248118225596 0.572657123243552 0.0
-0.749928053438347 0.281923084874246 0.0
-0.413645573522856 -0.659474193980275 0.0
0.458500728770249 -0.3101962585951 0.0
0.164210200227062 0.570211650642875 0.0
-0.751092085511128 0.218718347137307 0.0
-0.352400915644871 -0.661152560867906 0.0
0.461736566879784 -0.247938456619966 0.0
0.0959911443690775 0.568394973257031 0.0
-0.752772581234267 0.155809911818108 0.0
-0.291138716102934 -0.662850378032116 0.0
0.465342695720047 -0.185486698108328 0.0
0.0283327862302013 0.567065173355462 0.0
-0.754789188802811 0.0931174121469984 0.0
-0.229851756755542 -0.664543582384204 0.0
0.469389947897302 -0.122816710260243 0.0
-0.0390035535501686 0.566018985192123 0.0
-0.757017093274387 0.0305954105955553 0.0
-0.168536232888237 -0.666205275172613 0.0
0.473968785440144 -0.059894672238718 0.0
-0.106265994801452 0.564594936596681 0.0
-0.759368338426267 -0.0317790696370146 0.0
-0.107192933198849 -0.667811685640904 0.0
0.479192056457956 0.00332564834862698 0.0
-0.172457418591573 0.566844012726508 0.0
-0.761784813605077 -0.0940127868244399 0.0
-0.0458270577319534 -0.669346360825785 0.0
0.485198219324328 0.0669070276722663 0.0
-0.237613035450602 0.56994916011761 0.0
-0.764251798419585 -0.156097643529771 0.0
0.015552403236026 -0.670802674256662 0.0
0.492156669966776 0.130934167173315 0.0
-0.302836718462776 0.569963768119502 0.0
-0.766879118491544 -0.218015296913662 0.0
0.0769341394644394 -0.672185070162252 0.0
0.500279389992877 0.195522417435695 0.0
-0.368735957779079 0.571328602088425 0.0
-0.768724169938829 -0.279843058002201 0.0
0.138305538140068 -0.673509301618477 0.0
0.509846850892309 0.260831665152546 0.0
-0.435432882752285 0.57300184843976 0.0
-0.770740998869695 -0.341711125875777 0.0
0.199654664432359 -0.674801719070555 0.0
0.521263575053681 0.327093142483404 0.0
-0.502805375213605 0.578940221762621 0.0
-0.773162021556562 -0.403540272408957 0.0
0.260972157096267 -0.676097345803395 0.0
0.535175949453736 0.394660567353146 0.0
-0.570112335522909 0.585089686610858 0.0
-0.775345627341227 -0.465217447450709 0.0
0.322253053455101 -0.677436188484649 0.0
0.552744239763592 0.464107522292527 0.0
-0.637602974837518 0.587978098133708 0.0
-0.777461326846144 -0.526743192807106 0.0
0.383499306107349 -0.678856606629642 0.0
0.576387200591314 0.536370561121466 0.0
-0.70797643047651 0.595519517736233 0.0
-0.779216288031754 -0.588162197024495 0.0
-0.718031760311044 -0.590060057151475 0.0
-0.716248226188887 -0.528619442730904 0.0
-0.714166039101778 -0.467055534946348 0.0
-0.711992773127807 -0.405429113511479 0.0
-0.709684557097475 -0.343743755035771 0.0
-0.707677609631907 -0.281989679624103 0.0
-0.705676397265695 -0.219999350111767 0.0
-0.703070745485264 -0.157750048545733 0.0
-0.700585298276334 -0.0954297315183596 0.0
-0.6981554609287 -0.0329950723196205 0.0
-0.695803381887601 0.0295878506988279 0.0
-0.693589020109482 0.0923514600661608 0.0
-0.691606033417396 0.155333817655652 0.0
-0.68999156095235 0.21858283928328 0.0
-0.688949170232214 0.282154252954201 0.0
-0.688795639550174 0.346094829921871 0.0
-0.690064179899923 0.410376448724842 0.0
-0.69376134292373 0.474667579576597 0.0
-0.701986020478519 0.537511183906678 0.0
-0.656827852368483 -0.591678207505832 0.0
-0.654979199495036 -0.530250904493552 0.0
-0.652923984362891 -0.468703397478363 0.0
-0.650757367017799 -0.407042345194989 0.0
-0.648543698858263 -0.345236018528844 0.0
-0.646467217139503 -0.283320017151548 0.0
-0.644300288106556 -0.221296440131636 0.0
-0.641823113822827 -0.159083809014413 0.0
-0.639370395047681 -0.0967289824030022 0.0
-0.636961724376418 -0.0342284944913891 0.0
-0.634638507399063 0.0284293542089334 0.0
-0.632470286109592 0.0912562898494274 0.0
-0.630559607724415 0.154258453682684 0.0
-0.62905322424279 0.21742633733792 0.0
-0.628161718944202 0.280712242965619 0.0
-0.628191275476516 0.343985594652492 0.0
-0.629587743593402 0.406947038735232 0.0
-0.632913851585663 0.468983698212018 0.0
-0.637089394882573 0.529142835272483 0.0
-0.595594309396309 -0.593284703814682 0.0
-0.593712876402373 -0.531843356928356 0.0
-0.591674187307647 -0.470274241925029 0.0
-0.589543011352456 -0.408572007125752 0.0
-0.587382797184899 -0.34673790568794 0.0
-0.585248032242299 -0.284803078570591 0.0
-0.583007542570617 -0.222751301808746 0.0
-0.580595011034038 -0.160541489426499 0.0
-0.578177851078657 -0.0981948649535097 0.0
-0.575800791153385 -0.0357182724048457 0.0
-0.573515788602005 0.0268811580061675 0.0
-0.571396807889513 0.0895881897766276 0.0
-0.569546149492145 0.152371245978146 0.0
-0.568101548298287 0.215171374897682 0.0
-0.567243385777302 0.277886297732832 0.0
-0.567193401069786 0.340353248439732 0.0
-0.568157369395407 0.402340325860046 0.0
-0.569868434466535 0.463592968940431 0.0
-0.570057946546198 0.524277056698344 0.0
-0.534349886082206 -0.594881744930411 0.0
-0.532456096851157 -0.533430339741433 0.0
-0.530437635788563 -0.471851601664673 0.0
-0.528339115001568 -0.410145774516811 0.0
-0.526200046601873 -0.348322004261222 0.0
-0.524029812391091 -0.286394338046103 0.0
-0.521761181398471 -0.224352159732283 0.0
-0.519384818738305 -0.162181817748806 0.0
-0.516995334757257 -0.0999007178118271 0.0
-0.514641993675885 -0.0375262379399338 0.0
-0.512379020124039 0.0249180680419216 0.0
-0.510277234556669 0.0873965965801768 0.0
-0.508428392277193 0.149855449803482 0.0
-0.506946766384607 0.212216020651296 0.0
-0.50596387187031 0.274367746921365 0.0
-0.505596455164057 0.336162900844309 0.0
-0.505798333469348 0.397418153946038 0.0
-0.505843485884808 0.457979460013413 0.0
-0.502755566295686 0.517831727725901 0.0
-0.473103346883933 -0.596497479421697 0.0
-0.471208378876489 -0.53504867607578 0.0
-0.469209122260039 -0.473478359820643 0.0
-0.467133337304561 -0.411789929072106 0.0
-0.465001620859647 -0.349992424025157 0.0
-0.462810461784403 -0.28809468685624 0.0
-0.460529082408685 -0.226095098206652 0.0
-0.458168101009497 -0.163995729613251 0.0
-0.455787800879333 -0.101816298597068 0.0
-0.453433719323441 -0.0395816068783276 0.0
-0.45115589417684 0.0226755249472753 0.0
-0.449015763727916 0.0849106394105984 0.0
-0.447087533503185 0.147063763227603 0.0
-0.445454209053933 0.209055763351261 0.0
-0.444190111587832 0.270783548136783 0.0
-0.443300311737884 0.332116534466685 0.0
-0.442536478197875 0.3929059285922 0.0
-0.440942637439543 0.453041373159376 0.0
-0.437087266997266 0.512766338780238 0.0
-0.411855061384406 -0.59814967214508 0.0
-0.409963750908049 -0.536712252320309 0.0
-0.407979967633095 -0.475160224819501 0.0
-0.405917666874732 -0.413498472996686 0.0
-0.403785193786397 -0.351735887353501 0.0
-0.40157697139834 -0.289880983211654 0.0
-0.399281254663762 -0.227939022537935 0.0
-0.396913896759631 -0.165920345604608 0.0
-0.394516374296897 -0.103846340452047 0.0
-0.392126793204116 -0.0417441672333075 0.0
-0.389786676199351 0.0203519280447972 0.0
-0.387543812930318 0.0823988871341481 0.0
-0.385450285242379 0.144343055179939 0.0
-0.383552623813645 0.206119345682737 0.0
-0.381862809897162 0.267651492868772 0.0
-0.38028204724046 0.328860831979033 0.0
-0.378435148028834 0.389701625318498 0.0
-0.375595610843633 0.450280561281807 0.0
-0.371838780654597 0.51100893603469 0.0
-0.350600781993981 -0.599836797342446 0.0
-0.348714962568018 -0.538413198826847 0.0
-0.346741760039499 -0.476881437856295 0.0
-0.344684170315108 -0.415247202673436 0.0
-0.34254310250322 -0.353519375458116 0.0
-0.340313676001161 -0.291707108944439 0.0
-0.337993019540965 -0.22981946703842 0.0
-0.335596157807589 -0.167870024112654 0.0
-0.333152118801156 -0.105879507778704 0.0
-0.330690001177662 -0.0438733531760866 0.0
-0.328240524583408 0.0181178194716236 0.0
-0.325835859086715 0.0800577184293268 0.0
-0.323504703959862 0.141904072303618 0.0
-0.321258069089026 0.203609972094199 0.0
-0.319055470695542 0.265128004864407 0.0
-0.316737089307228 0.32642511752371 0.0
-0.313955235817989 0.387521657393097 0.0
-0.310355525621713 0.448538291052054 0.0
-0.305956760824391 0.509467692008947 0.0
-0.289334655661918 -0.601541531103824 0.0
-0.28745494051203 -0.540129108567964 0.0
-0.285486871474191 -0.478613550365008 0.0
-0.283425378806247 -0.417000869854379 0.0
-0.281267046595186 -0.355299720392452 0.0
-0.279007806271454 -0.29351944411145 0.0
-0.276648020520901 -0.231670399223062 0.0
-0.274199374639483 -0.169766404582521 0.0
-0.271681245529048 -0.107826011545335 0.0
-0.269113300048281 -0.0458712713497069 0.0
-0.266514702581706 0.0160720625891722 0.0
-0.263901893900909 0.0779746083735863 0.0
-0.261281701955155 0.139803836236177 0.0
-0.258635498472394 0.201526873377993 0.0
-0.255888580433288 0.263117521611475 0.0
-0.252869406270646 0.32457548754023 0.0
-0.249314983856324 0.385960049779125 0.0
-0.244970478173157 0.447395739208354 0.0
-0.239458633889838 0.509044627524157 0.0
-0.228051631929267 -0.603237800993318 0.0
-0.226178125742607 -0.54183074509975 0.0
-0.224209627177959 -0.480323531009547 0.0
-0.222135945899331 -0.418722199354277 0.0
-0.219951379142232 -0.357034882449083 0.0
-0.217652163943053 -0.295270498994518 0.0
-0.215238855900871 -0.233439227420486 0.0
-0.21271876551909 -0.171553855671074 0.0
-0.21010294829417 -0.109630611778978 0.0
-0.207401693021811 -0.0476886686340394 0.0
-0.204622641037762 0.0142494310260986 0.0
-0.201767426066369 0.0761576332636778 0.0
-0.198824273516451 0.138006446081141 0.0
-0.1957540581719 0.199764901599265 0.0
-0.192470304182577 0.261405136053332 0.0
-0.188827926748118 0.322912106980684 0.0
-0.184650444263528 0.384287206072295 0.0
-0.17975860471374 0.445527010206211 0.0
-0.17354157923134 0.506582049113735 0.0
-0.166748689874589 -0.604897914379816 0.0
-0.164881088567778 -0.543489128984886 0.0
-0.16290676272523 -0.481980905844783 0.0
-0.160813251581474 -0.420379183089019 0.0
-0.158593941946644 -0.358691364904059 0.0
-0.15624483141689 -0.296925538931728 0.0
-0.153764974863851 -0.235091025677482 0.0
-0.151156768488207 -0.173199264448221 0.0
-0.148423447988323 -0.111264620945468 0.0
-0.145565855769618 -0.0493044422448241 0.0
-0.142580034567508 0.0126601088800627 0.0
-0.139453420243226 0.0746034153103359 0.0
-0.136158131152039 0.136494676880377 0.0
-0.132641097469743 0.198298296021735 0.0
-0.128815559532745 0.25997449316182 0.0
-0.124566958272993 0.321479061514196 0.0
-0.119782868432547 0.382753664871811 0.0
-0.114363904223165 0.443706582744519 0.0
-0.108646451477314 0.504364751059986 0.0
-0.105425762468154 -0.60649827598309 0.0
-0.103563110384522 -0.545080875696983 0.0
-0.10157783911653 -0.483562601029514 0.0
-0.0994577458937712 -0.421949205402065 0.0
-0.0971961786724968 -0.360247187363022 0.0
-0.0947883690788849 -0.298463506298652 0.0
-0.0922307846429012 -0.23660623223364 0.0
-0.0895204229044912 -0.17468525231794 0.0
-0.0866526258566304 -0.112713126784558 0.0
-0.0836183783624165 -0.050705414511023 0.0
-0.0804016410126499 0.0113183654192974 0.0
-0.0769755633362659 0.0733341207829024 0.0
-0.0732971536140939 0.13531270255842 0.0
-0.0693018109480985 0.197220861858171 0.0
-0.064903225991094 0.259023061715181 0.0
-0.060007896948315 0.320686019823558 0.0
-0.054551464491374 0.382189243909935 0.0
-0.0486408727236017 0.443578204337372 0.0
-0.0431100929498458 0.505005860171156 0.0
-0.0440856440085116 -0.608023266443325 0.0
-0.0422259962794257 -0.546591579244703 0.0
-0.0402249985629756 -0.485055659429835 0.0
-0.0380726617382423 -0.423420895453218 0.0
-0.0357626927505005 -0.361692628345292 0.0
-0.0332890028668042 -0.299876353047817 0.0
-0.0306446554239538 -0.237978460602982 0.0
-0.0278207559186212 -0.17600683753645 0.0
-0.0248044404087019 -0.113971692718178 0.0
-0.0215764005316672 -0.0518858955950315 0.0
-0.0181082097288269 0.010234201010075 0.0
-0.0143590749975618 0.0723684690519766 0.0
-0.0102725950648477 0.134493011873099 0.0
-0.00577609999628284 0.19658167361764 0.0
-0.000788597415329308 0.258608412822915 0.0
0.00475300682654494 0.320553021507257 0.0
0.0108239435541982 0.382413690782111 0.0
0.0171401993400274 0.444210940175952 0.0
0.023098438313175 0.505841179071393 0.0
0.0172663037630177 -0.609467512224256 0.0
0.0191260801116916 -0.548017696079283 0.0
0.021147097649819 -0.486458641889686 0.0
0.0233359849392663 -0.42479501926101 0.0
0.025698742549625 -0.363030668533584 0.0
0.0282433695563572 -0.301169236910735 0.0
0.0309808451091332 -0.239214962265816 0.0
0.0339263604190109 -0.177173161149703 0.0
0.0371012316971134 -0.115050968478997 0.0
0.0405352212452095 -0.0528576010327446 0.0
0.0442689564123801 0.00939493893151442 0.0
0.0483562028464487 0.0716916639054215 0.0
0.052864615294694 0.134014465959068 0.0
0.0578716560666357 0.19634286799704 0.0
0.0634492436415262 0.258654467707474 0.0
0.0696260249703623 0.320926463990114 0.0
0.076311547072218 0.383132430072442 0.0
0.0832164368702049 0.44520723018229 0.0
0.0899002097135407 0.507006893841845 0.0
0.07862312495692 -0.610837004323385 0.0
0.0804872353304389 -0.549367449199611 0.0
0.0825317504114065 -0.487782298549442 0.0
0.0847597899037751 -0.426085002201259 0.0
0.0871775493725556 -0.364277544217192 0.0
0.0897955234529005 -0.302361383504146 0.0
0.0926291956576397 -0.24033819479763 0.0
0.0957002983721214 -0.178210227561747 0.0
0.0990386744163755 -0.115980949985892 0.0
0.102684448850372 -0.0536552618464276 0.0
0.106690045430245 0.00875978473658326 0.0
0.11112136338364 0.0712545708664426 0.0
0.116056261133261 0.133816103654686 0.0
0.121576800955855 0.196427232759673 0.0
0.127749104089058 0.259064051601718 0.0
0.134583421109551 0.321691007668776 0.0
0.141977154392039 0.384246593982533 0.0
0.149672613392744 0.446620914472808 0.0
0.157269500884877 0.508656222697685 0.0
0.139976635974019 -0.612149284796796 0.0
0.141849830427492 -0.550660894817393 0.0
0.14392001738393 -0.489049530237067 0.0
0.146187742036897 -0.427316893908893 0.0
0.148660182985185 -0.365462865807974 0.0
0.151350834035994 -0.303486500242617 0.0
0.1542799553158 -0.241386612821274 0.0
0.157475893184793 -0.179161986629452 0.0
0.160976942951923 -0.116811917114743 0.0
0.164833399987325 -0.0543363867243601 0.0
0.169109198001383 0.00826314529615488 0.0
0.173882219147525 0.0709830255364298 0.0
0.179241310980091 0.133815830964022 0.0
0.185276799774396 0.19674798019092 0.0
0.192059885369362 0.259754005123154 0.0
0.199608107697716 0.322786454814626 0.0
0.207840859458018 0.385758763896968 0.0
0.21653503639835 0.448527535406105 0.0
0.225267341325233 0.510896227859332 0.0
0.201318565476535 -0.6134326966485 0.0
0.203205185382036 -0.551929047226793 0.0
0.205301379945279 -0.490294434504233 0.0
0.207606993241143 -0.428528476119788 0.0
0.210131035616016 -0.366628926062221 0.0
0.212890314804142 -0.304592367206785 0.0
0.215909930825348 -0.242414540990199 0.0
0.21922474451114 -0.18009038526197 0.0
0.222881297427305 -0.117614444590483 0.0
0.226939817252859 -0.0549809438374305 0.0
0.231475650452165 0.00781544933041213 0.0
0.236579199356099 0.0707787640237816 0.0
0.242352668066142 0.133909653758251 0.0
0.248901330785798 0.197201825465184 0.0
0.256316601132371 0.260633940184696 0.0
0.264649315257263 0.324155917778765 0.0
0.273870881135527 0.387666926967021 0.0
0.283809099604234 0.450988762412628 0.0
0.294011912410466 0.513850202476948 0.0
0.262641351028686 -0.614724373226804 0.0
0.264544061245555 -0.553211674916641 0.0
0.266664383458714 -0.491560072539299 0.0
0.269003712773336 -0.429767264786847 0.0
0.271573436467649 -0.367829145291188 0.0
0.274393697850929 -0.305739845500163 0.0
0.277494279921295 -0.243491870157956 0.0
0.280916257664718 -0.181075946098571 0.0
0.284714025756407 -0.118481207536036 0.0
0.288957366698878 -0.0556950099444203 0.0
0.293732938773138 0.00729658205438844 0.0
0.299144468773948 0.0705081828517425 0.0
0.305310583926069 0.133953150897778 0.0
0.312359342349188 0.197639874227325 0.0
0.320418472887885 0.261562910810549 0.0
0.329599687859563 0.325686872064998 0.0
0.339967373514906 0.389916580678968 0.0
0.351456585565087 0.454047190416748 0.0
0.363652976425228 0.517695922894326 0.0
0.323938547389814 -0.616066327885181 0.0
0.325857127170282 -0.55455312597913 0.0
0.327997573479618 -0.492894551313035 0.0
0.330364287345542 -0.431087347676065 0.0
0.332970910370966 -0.369125737590813 0.0
0.335840705730835 -0.307001483901637 0.0
0.339007746692993 -0.24470389495543 0.0
0.342518740306 -0.182219384390813 0.0
0.346435211558852 -0.119531246226407 0.0
0.350835752882041 -0.0566189425897839 0.0
0.355817835864091 0.00654207682695194 0.0
0.36149884868262 0.0699806384064904 0.0
0.368016191393386 0.133729113455486 0.0
0.375527149257789 0.197821423113396 0.0
0.384209795196451 0.262286477229133 0.0
0.394265120364748 0.327133903132161 0.0
0.405909527457092 0.392320003987469 0.0
0.419309538054961 0.4576680844627 0.0
0.434307577862379 0.522693369015738 0.0
0.385205708882055 -0.617498254522432 0.0
0.387136849072091 -0.555995146752897 0.0
0.389292137705997 -0.494345724791362 0.0
0.391677849914943 -0.432545251047981 0.0
0.394309703577252 -0.370586328343037 0.0
0.397213685674541 -0.308458967042157 0.0
0.400427421723902 -0.246150162608795 0.0
0.40400219658187 -0.183642882146797 0.0
0.408005353107794 -0.120915150956493 0.0
0.412522813880933 -0.0579384784491246 0.0
0.417661387997866 0.00532347564474476 0.0
0.423550979913187 0.0689168275510424 0.0
0.430347528920307 0.132899339569792 0.0
0.438239275633194 0.197342780343159 0.0
0.447460870988513 0.262333867835651 0.0
0.458321847198087 0.32797253191766 0.0
0.471253085782052 0.394355806248921 0.0
0.486853071670467 0.46150752133216 0.0
0.50578625708848 0.529106799379109 0.0
