-0.784245836665418 -0.648420317784289 0.0
0.441175929974675 -0.677258728615374 0.0
-0.791084444522858 0.61237245798111 0.0
0.61237245798111 0.61237245798111 0.0
-0.723027414593324 -0.650170292799514 0.0
0.442809805708856 -0.615924113657276 0.0
0.526841910935422 0.596569186502979 0.0
-0.768481041677955 0.543126777422813 0.0
-0.661796824548454 -0.651648390187255 0.0
0.444645360145098 -0.554465550287765 0.0
0.448016586270397 0.588090603552605 0.0
-0.760082168355066 0.475930277351609 0.0
-0.6005662368758 -0.653103426396928 0.0
0.446691373811425 -0.492875899114729 0.0
0.373220823125093 0.582497046743605 0.0
-0.756542650836351 0.410586706756221 0.0
-0.539333512752528 -0.654552275223526 0.0
0.448961091483543 -0.431149189208925 0.0
0.300935607088752 0.578435264436134 0.0
-0.755309734038229 0.346356382237905 0.0
-0.478102774563774 -0.656013133115617 0.0
0.451475966399149 -0.369278877442246 0.0
0.2303308455735 0.575362304242129 0.0
-0.755411162578099 0.282794046896698 0.0
-0.416873317933051 -0.657505985682536 0.0
0.45426754853878 -0.307256466669986 0.0
0.160906276292945 0.573013044281795 0.0
-0.756355247147706 0.219652544180915 0.0
-0.355639195356854 -0.659035484947102 0.0
0.457379636553314 -0.245070176225085 0.0
0.0923215210160888 0.571229909544049 0.0
-0.757848830147661 0.156793496510676 0.0
-0.294392206073635 -0.660590497039351 0.0
0.460870931485742 -0.182703160011253 0.0
0.024309167674415 0.569881718705749 0.0
-0.759700001117489 0.094138722658662 0.0
-0.233125265322898 -0.662149785537179 0.0
0.464818016015228 -0.120131716363235 0.0
-0.0433798896106394 0.568766579446556 0.0
-0.761776403630523 0.0316447038204336 0.0
-0.171834316814078 -0.663688828440357 0.0
0.469318485606171 -0.0573225805311254 0.0
-0.111006372597304 0.567205722119773 0.0
-0.763985022149636 -0.030709917162318 0.0
-0.11051953198362 -0.6651856336002 0.0
0.474494050407683 0.00576993674849294 0.0
-0.177525148792922 0.569437162370329 0.0
-0.766264227096475 -0.0929305906554651 0.0
-0.0491851701169874 -0.666624855882032 0.0
0.480494106309163 0.0692080341785523 0.0
-0.242942997357967 0.57251487583766 0.0
-0.768596544928788 -0.155008252377763 0.0
0.0121609913471216 -0.668000267042503 0.0
0.487501494812197 0.133075681043518 0.0
-0.308426371709876 0.572305148103998 0.0
-0.771085405471633 -0.216924183790106 0.0
0.0735090739505313 -0.669315957028022 0.0
0.495744900629706 0.197487106090621 0.0
-0.37464436080926 0.573457580608511 0.0
-0.772799156093764 -0.278748180387141 0.0
0.134848062338061 -0.670586492049682 0.0
0.50552628424006 0.262600251772241 0.0
-0.441715716969442 0.57487114381627 0.0
-0.774685027470707 -0.340614628934235 0.0
0.196167722589188 -0.67183605351382 0.0
0.517279536062304 0.328642710671557 0.0
-0.509501673940327 0.580669029769054 0.0
-0.776968920800939 -0.402448107777285 0.0
0.257460407783483 -0.673096267999923 0.0
0.531694413413654 0.395960838185563 0.0
-0.577185339387549 0.586623661393422 0.0
-0.779011333628715 -0.464130625426963 0.0
0.318722728241852 -0.67440215519198 0.0
0.550001020093153 0.465111554733135 0.0
-0.645045968898777 0.589086461646757 0.0
-0.780981983377072 -0.525662195868712 0.0
0.379957781224978 -0.675785008517859 0.0
0.574739106405519 0.536987305286231 0.0
-0.715959951238438 0.596153557378057 0.0
-0.782589689580111 -0.587086129877816 0.0
-0.721401540023124 -0.5888367055492 0.0
-0.719765487655626 -0.527392260304185 0.0
-0.717827795678563 -0.465824169837776 0.0
-0.71579468156409 -0.404193810938413 0.0
-0.71362417237534 -0.342504652162666 0.0
-0.711750146971874 -0.280751362806988 0.0
-0.709878458966713 -0.218765346005706 0.0
-0.707407280241906 -0.156520098579164 0.0
-0.705055991811984 -0.0942068859100274 0.0
-0.70276269252124 -0.0317827566382558 0.0
-0.700552267021424 0.0307857672236472 0.0
-0.698488291742495 0.0935307512752337 0.0
-0.696669666318565 0.156490046425743 0.0
-0.695241407896287 0.219711552300099 0.0
-0.694419217072227 0.283251114446363 0.0
-0.694539087546007 0.347155195922169 0.0
-0.696165768294307 0.411392517896167 0.0
-0.700359504996287 0.475616271964729 0.0
-0.70930648598386 0.538308510749985 0.0
-0.660196308679847 -0.590308645017891 0.0
-0.658494721864237 -0.528877281081166 0.0
-0.65658269449301 -0.467325573048051 0.0
-0.654555190466236 -0.40566072423589 0.0
-0.652477050179127 -0.34385205401729 0.0
-0.650532004754938 -0.281935366411595 0.0
-0.648494866238634 -0.219911645072867 0.0
-0.646149505986012 -0.157699894482133 0.0
-0.643829164046824 -0.0953472778424304 0.0
-0.641555327510895 -0.032850180744763 0.0
-0.63937196333293 0.0298033141227658 0.0
-0.637352213012499 0.0926252782083644 0.0
-0.635603888242337 0.155622303834949 0.0
-0.634281548557029 0.21878526407536 0.0
-0.633607386150906 0.282066221138586 0.0
-0.633904777337245 0.345332309692666 0.0
-0.635644416889514 0.40827659290687 0.0
-0.639419816638264 0.470267748456618 0.0
-0.644110020582155 0.530341179207983 0.0
-0.598962540053214 -0.591766602124157 0.0
-0.597227442899322 -0.530320292071601 0.0
-0.595330325931836 -0.468746032552694 0.0
-0.593336231389726 -0.407038961308933 0.0
-0.591309234673609 -0.345200555143281 0.0
-0.58930446201138 -0.283261735615845 0.0
-0.587192758384476 -0.221205903570868 0.0
-0.584909824679442 -0.15899190475522 0.0
-0.582623088100468 -0.0966407745110844 0.0
-0.580378909732327 -0.0341589355957714 0.0
-0.578231659273931 0.0284469393703294 0.0
-0.576258768494092 0.0911620433468222 0.0
-0.574567556134441 0.153955033574022 0.0
-0.573302963981571 0.216766637888929 0.0
-0.572655498734784 0.27949303633824 0.0
-0.572860432762117 0.341967668520799 0.0
-0.574138614511466 0.403951674196342 0.0
-0.576219135796167 0.465184133947134 0.0
-0.576721115092012 0.525851002112291 0.0
-0.537719323458065 -0.593212303342508 0.0
-0.535970692280054 -0.531754669844882 0.0
-0.534091735618798 -0.470169275607164 0.0
-0.532127969591574 -0.408456627230246 0.0
-0.530119927723076 -0.346625846430103 0.0
-0.528078080926244 -0.284690702853437 0.0
-0.525936815554953 -0.222640184113793 0.0
-0.523688134856163 -0.160460340981465 0.0
-0.521427223713845 -0.0981682282231904 0.0
-0.519204820766117 -0.0357808239253225 0.0
-0.517077361754886 0.0266786023022803 0.0
-0.515118851425669 0.0891744555963903 0.0
-0.513425557248285 0.151652309930958 0.0
-0.512117952435636 0.214032081918635 0.0
-0.511335563682244 0.276200201153282 0.0
-0.511203892804686 0.3380037431691 0.0
-0.511679441604894 0.399252065406156 0.0
-0.512004254659439 0.459786666073607 0.0
-0.509053956940594 0.519601716834314 0.0
-0.476475893105046 -0.594674953311153 0.0
-0.474724374634798 -0.533218671844671 0.0
-0.472862248878421 -0.471640137585277 0.0
-0.470918828379758 -0.409942900625405 0.0
-0.46891607386883 -0.348135862314785 0.0
-0.466851717626231 -0.286227522670822 0.0
-0.464696277080581 -0.224215855287182 0.0
-0.462461360302366 -0.162102588120337 0.0
-0.460207960618517 -0.0999071368501117 0.0
-0.457982888127164 -0.0376541133306558 0.0
-0.455838079672252 0.0246235787614473 0.0
-0.453837680576346 0.086880934570345 0.0
-0.4520596011666 0.1490567027237 0.0
-0.450591577194141 0.211069380568148 0.0
-0.44951308443764 0.272811972585082 0.0
-0.448831982624984 0.33414810541972 0.0
-0.448290595977233 0.39492197973359 0.0
-0.446886083142248 0.455018838967914 0.0
-0.443122285938259 0.514689975615904 0.0
-0.415233160479889 -0.59617456961774 0.0
-0.41348301079961 -0.534728762073105 0.0
-0.411633755988458 -0.473167366655451 0.0
-0.409701464624748 -0.411495347124545 0.0
-0.407696070286028 -0.34972138843109 0.0
-0.405613223958802 -0.28785364699477 0.0
-0.403442188754383 -0.225897008319753 0.0
-0.401199533919225 -0.163861519177738 0.0
-0.398927340248652 -0.101768393471506 0.0
-0.396664678213223 -0.0396448247880413 0.0
-0.394454504011504 0.0224745649842542 0.0
-0.392346606931906 0.0845458448044215 0.0
-0.390395631827448 0.146513808741236 0.0
-0.388650890054696 0.208310954168795 0.0
-0.387126023392445 0.269857642026746 0.0
-0.385718783775172 0.331071252033026 0.0
-0.384035975793581 0.391903386875377 0.0
-0.38131445358503 0.452464635382183 0.0
-0.37764122912691 0.513181105254723 0.0
-0.353987372413252 -0.5977125417764 0.0
-0.352239804409928 -0.536280186814177 0.0
-0.350398345202961 -0.474738572264674 0.0
-0.348468504787199 -0.41309340310541 0.0
-0.346452855549279 -0.351353315331889 0.0
-0.344347602643211 -0.289527107857161 0.0
-0.342150580289175 -0.227623510548296 0.0
-0.339877228717606 -0.165655869388457 0.0
-0.337556910273667 -0.103644841219228 0.0
-0.335219260445171 -0.0416160237149663 0.0
-0.332895818647212 0.0203994733435752 0.0
-0.330619855985859 0.0823644468751387 0.0
-0.328421264378014 0.144235208822323 0.0
-0.326311672379889 0.205962903230136 0.0
-0.324248848657513 0.267497812671088 0.0
-0.322064918475905 0.328804948550158 0.0
-0.319393450391619 0.389904997277839 0.0
-0.315861020689823 0.450922963640983 0.0
-0.311482889682622 0.511846224160722 0.0
-0.292733013739614 -0.599274607664037 0.0
-0.290988014269637 -0.537853675796747 0.0
-0.2891487637448 -0.476328534205999 0.0
-0.287212895973724 -0.414705137466006 0.0
-0.285178567879761 -0.352991852939844 0.0
-0.283042540692894 -0.291197670254307 0.0
-0.280805533097708 -0.229332642662229 0.0
-0.278479286081953 -0.167410403265101 0.0
-0.276083123292058 -0.10544948514451 0.0
-0.273636719830542 -0.043472145242869 0.0
-0.271159335879865 0.0184953722004554 0.0
-0.268667498381836 0.0804228567166999 0.0
-0.266167772021092 0.142276590851426 0.0
-0.263640059916536 0.204022230591767 0.0
-0.261005175538772 0.265632160286815 0.0
-0.258081419182223 0.327105654530748 0.0
-0.254589762777426 0.388504152879039 0.0
-0.250257691171116 0.44995672638837 0.0
-0.244676296998982 0.511630898146427 0.0
-0.231465145532101 -0.600837515582652 0.0
-0.229722240086293 -0.539422802086163 0.0
-0.227879554075879 -0.477907014387095 0.0
-0.22592954820483 -0.416296034421606 0.0
-0.223867831656067 -0.354597655707417 0.0
-0.221691108537179 -0.292820432656373 0.0
-0.219399882849762 -0.230974251368041 0.0
-0.217001099296441 -0.169071736996383 0.0
-0.214505287632577 -0.107129125237611 0.0
-0.211922139652621 -0.0451658126068341 0.0
-0.209258593675883 0.0167951682330317 0.0
-0.206515298251631 0.0787269599349226 0.0
-0.203678785287477 0.140598928971343 0.0
-0.200706669129653 0.202378676514561 0.0
-0.197506279228189 0.26403683830738 0.0
-0.193922296743052 0.325557230393276 0.0
-0.189764690131374 0.386940474462833 0.0
-0.184836853856489 0.448181434310086 0.0
-0.178478053838268 0.509224820309852 0.0
-0.170180600929419 -0.602375909369194 0.0
-0.168439015864538 -0.540960863128003 0.0
-0.166587502263353 -0.479445739203545 0.0
-0.164615941485351 -0.41783618935826 0.0
-0.162518604864377 -0.356139211806892 0.0
-0.160291497316136 -0.294362508130023 0.0
-0.157933158182636 -0.232515110118877 0.0
-0.155445142349637 -0.170608308812207 0.0
-0.152829622866893 -0.108656495808175 0.0
-0.150086176436407 -0.0466772594158097 0.0
-0.147209281768265 0.0153077292681813 0.0
-0.144184277368906 0.0772720186489272 0.0
-0.140980202950598 0.13918359230844 0.0
-0.137539213122791 0.201005224564505 0.0
-0.133767275844804 0.262695093845508 0.0
-0.12953985859595 0.324206390461823 0.0
-0.124732581110545 0.385476881721338 0.0
-0.119230697725851 0.446408360756559 0.0
-0.113375776395193 0.507028762916385 0.0
-0.108878912128609 -0.603867916854934 0.0
-0.10713739707178 -0.542446116294131 0.0
-0.105272063363194 -0.480923173214364 0.0
-0.103272483238324 -0.419304403682745 0.0
-0.101132308805148 -0.357595825022116 0.0
-0.0988462382277382 -0.295803985260356 0.0
-0.0964097135186326 -0.233936664468745 0.0
-0.0938183726564579 -0.172003606477172 0.0
-0.0910659074627091 -0.110017397716729 0.0
-0.088141313000038 -0.0479938259396158 0.0
-0.0850260678582027 0.0140471128737108 0.0
-0.0816900732425151 0.0760805485803303 0.0
-0.0780859007214411 0.138076205204088 0.0
-0.0741428029799133 0.199999336253067 0.0
-0.069766252008345 0.261812554171393 0.0
-0.0648527082505129 0.323480440430151 0.0
-0.0593270559845115 0.384980510093174 0.0
-0.0532922507285174 0.446359901998032 0.0
-0.0476195891649898 0.5077821599821 0.0
-0.0475622459517121 -0.605298967057954 0.0
-0.0458187986033676 -0.543865115406104 0.0
-0.0439351393653637 -0.482327207016848 0.0
-0.0419022399001582 -0.420690030385077 0.0
-0.0397134038096394 -0.358958373297184 0.0
-0.0373614118731926 -0.297137297787734 0.0
-0.0348377641855677 -0.235232900376714 0.0
-0.03213166247923 -0.173252914185635 0.0
-0.0292279724989174 -0.111207542997388 0.0
-0.0261046358858813 -0.049109818721296 0.0
-0.0227297959857289 0.0130235451302637 0.0
-0.0190582622464947 0.0751718253302361 0.0
-0.0150279173533231 0.137310265881023 0.0
-0.0105587662768331 0.199411583479885 0.0
-0.0055609528410662 0.261448395489812 0.0
3.80777311842374e-05 0.32339916979531 0.0
0.00622022575111302 0.385261736379257 0.0
0.012695685081439 0.447058509530086 0.0
0.018844370219652 0.508681317488821 0.0
0.0137648456347317 -0.606664025539886 0.0
0.0155131239804519 -0.545214564691407 0.0
0.0174189578494368 -0.483656538218938 0.0
0.01948904722967 -0.421993862368783 0.0
0.0217305890683979 -0.360229772434697 0.0
0.0241533316189141 -0.298367475661627 0.0
0.026770357167303 -0.236410913743787 0.0
0.0295993081712276 -0.174365229143341 0.0
0.0326643992336707 -0.112237495109551 0.0
0.0359989091778697 -0.0500369843545547 0.0
0.0396478344612889 0.0122241088502697 0.0
0.0436704380135593 0.0745304403710028 0.0
0.0481412494717008 0.136863347985182 0.0
0.0531460277884823 0.199201575244769 0.0
0.0587658987557488 0.261521725986371 0.0
0.0650378957360636 0.32379994912085 0.0
0.071875258288077 0.386008944961541 0.0
0.0789847849364674 0.448081334711262 0.0
0.0859214116880633 0.509868013444614 0.0
0.0750963455273887 -0.607968667367822 0.0
0.0768530958624605 -0.546502173999712 0.0
0.0787839714910504 -0.484921298485255 0.0
0.0808933565416865 -0.423228625066095 0.0
0.0831894622133672 -0.361425523446714 0.0
0.0856851304312132 -0.299513034757506 0.0
0.0883984607797336 -0.237492551265996 0.0
0.091354162862659 -0.175366131712271 0.0
0.0945855880952132 -0.113137121666164 0.0
0.0981371220716703 -0.0508103616771583 0.0
0.102066457215958 0.0116070787048372 0.0
0.10644601985181 0.0741054540566208 0.0
0.111361599768562 0.136671481789469 0.0
0.116904427663932 0.199287481825584 0.0
0.123150192653129 0.261928689196839 0.0
0.130117184728696 0.324558244361813 0.0
0.137706843903282 0.38711242562098 0.0
0.145661218958667 0.449477568196053 0.0
0.153579694402026 0.511491548632487 0.0
0.13642508220648 -0.609229171860007 0.0
0.138194151616954 -0.547746623001408 0.0
0.140151501235016 -0.486142912601443 0.0
0.142300196489224 -0.424418848758404 0.0
0.144650201971639 -0.36257375366503 0.0
0.147217891943836 -0.300606330137532 0.0
0.150026600808553 -0.238515154280596 0.0
0.153108134055852 -0.176298822302151 0.0
0.156504865622234 -0.11395646240837 0.0
0.160272050608905 -0.0514878994045585 0.0
0.164479734239803 0.0111055425129944 0.0
0.169213288334263 0.073820281317521 0.0
0.174570500010398 0.136648823334128 0.0
0.18065180302777 0.19957724426732 0.0
0.187538777187374 0.262579251151577 0.0
0.195258044050786 0.325605719184008 0.0
0.203735177205145 0.388567046855511 0.0
0.212749972206327 0.451315309245758 0.0
0.221879531813195 0.513649573769253 0.0
0.197743816416039 -0.610471599183063 0.0
0.199528349570792 -0.548976495996881 0.0
0.201511713174907 -0.487352953286938 0.0
0.203697442584476 -0.425599792034418 0.0
0.206097973911912 -0.363714348099291 0.0
0.208733424865874 -0.301692973529011 0.0
0.211632350808345 -0.239531252976759 0.0
0.214833491192593 -0.177223973755649 0.0
0.218387978140532 -0.114765499179267 0.0
0.222361636477785 -0.0521498311179219 0.0
0.226836699427911 0.0106286120632614 0.0
0.231911962305783 0.0735740858688478 0.0
0.23769958098636 0.136687350534883 0.0
0.244316085456848 0.199961928664399 0.0
0.251864764385402 0.263375708755522 0.0
0.260407862151835 0.326876768142674 0.0
0.269926437211029 0.390360765708311 0.0
0.280254620843639 0.453644129045804 0.0
0.290941062806211 0.516450017262147 0.0
0.259045997099163 -0.611729494270649 0.0
0.260847299783511 -0.550227775733462 0.0
0.262854073221897 -0.488590610986063 0.0
0.265072303601805 -0.426815157004953 0.0
0.267517244638256 -0.364897116192681 0.0
0.270212650076011 -0.302830568335169 0.0
0.273192046551576 -0.240607987531298 0.0
0.276500731059567 -0.178220024788012 0.0
0.280198128444733 -0.115655660222788 0.0
0.284360179525115 -0.0529020104604815 0.0
0.289081125488207 0.0100551630380747 0.0
0.294473928708047 0.0732307865437985 0.0
0.30066820289149 0.136638433196338 0.0
0.307804654866828 0.200286420951192 0.0
0.316025041999275 0.26416862681322 0.0
0.3254560083427 0.328247820373931 0.0
0.336176766912554 0.392425004951468 0.0
0.348134291175557 0.456488738270586 0.0
0.360917445755302 0.520047672588142 0.0
0.320326165994075 -0.613039549790683 0.0
0.322142750787753 -0.551539238369712 0.0
0.324168438601566 -0.489898365403234 0.0
0.326412683569577 -0.428113534151825 0.0
0.328893206656254 -0.366179087518437 0.0
0.331637040957183 -0.304086963106008 0.0
0.334682191763859 -0.241826599614426 0.0
0.338079847296183 -0.179384450459437 0.0
0.341896918243554 -0.116743740539206 0.0
0.346218624580594 -0.0538837571490717 0.0
0.351150619116034 0.00922030371807021 0.0
0.356820284758909 0.0725975407320124 0.0
0.363377026665501 0.136280508282304 0.0
0.370992321476929 0.200303037913717 0.0
0.379860894085754 0.264693358141844 0.0
0.390203274940201 0.329459231380983 0.0
0.402258317946776 0.394552791725161 0.0
0.41621522582252 0.459788964038191 0.0
0.431929441927643 0.52466875235786 0.0
0.381580934103672 -0.614433814634373 0.0
0.383408702245944 -0.552944709161481 0.0
0.385447921955175 -0.491316139793098 0.0
0.387709933694385 -0.42954378129588 0.0
0.39021451949458 -0.367620690895493 0.0
0.392991466508918 -0.305537273234001 0.0
0.396082428484706 -0.243280832706002 0.0
0.399543342837335 -0.180834553676143 0.0
0.403447193321198 -0.118176585367977 0.0
0.407886879262554 -0.0552784751801566 0.0
0.412977851282737 0.00789613853009118 0.0
0.418860624019185 0.0713933921904975 0.0
0.425704036174455 0.135270957489327 0.0
0.433711998025732 0.199600215603372 0.0
0.443138526662532 0.26446687125049 0.0
0.454317925868134 0.329968551093706 0.0
0.467713773510888 0.396197203417664 0.0
0.483966863224531 0.463165328841371 0.0
0.503785729007581 0.530527550990867 0.0
