-0.786954178874415 -0.647493588178952 0.0
0.438195734878449 -0.674613473057566 0.0
-0.798431241512299 0.61237245798111 0.0
0.61237245798111 0.61237245798111 0.0
-0.725732875817223 -0.649119446393187 0.0
0.439757739649788 -0.613283158010907 0.0
0.526114478220128 0.597477577397994 0.0
-0.774667721729639 0.54347585403109 0.0
-0.664500904252477 -0.650474703867954 0.0
0.441505626563141 -0.551836537480405 0.0
0.446757980478316 0.589585012918177 0.0
-0.765615997696144 0.476428427053105 0.0
-0.603269740181027 -0.651805763407357 0.0
0.443453685134525 -0.490267537218259 0.0
0.371521468955083 0.584374704578746 0.0
-0.761661625022692 0.41118968164986 0.0
-0.542037748201862 -0.653128567341357 0.0
0.445619124375092 -0.428570795323582 0.0
0.298848927265218 0.580560662390624 0.0
-0.7601338191543 0.347042995232581 0.0
-0.480809796972355 -0.654461944862493 0.0
0.448026707400995 -0.366740223343152 0.0
0.22789303755298 0.577640641865427 0.0
-0.76000947308694 0.283547978979999 0.0
-0.41958595072864 -0.655827556387413 0.0
0.45071115940031 -0.304767747761905 0.0
0.158143022575197 0.57537506890621 0.0
-0.760770541727254 0.220459992696196 0.0
-0.358360908610509 -0.657232358710093 0.0
0.453719694649123 -0.242642021789601 0.0
0.0892503881905708 0.573622426555178 0.0
-0.762108475615526 0.157642756301091 0.0
-0.297126880494944 -0.658667723890371 0.0
0.457114991591613 -0.180346645846237 0.0
0.0209400297997664 0.572260577176644 0.0
-0.763821731864194 0.095019960007525 0.0
-0.235876892323854 -0.660114781492223 0.0
0.460978479093818 -0.117858362944515 0.0
-0.0470458960817297 0.571088876522441 0.0
-0.76577167538732 0.0325497158466365 0.0
-0.17460668060172 -0.661551009259231 0.0
0.465413767669643 -0.0551443377742707 0.0
-0.114978754903194 0.569414583652969 0.0
-0.767861084323171 -0.0297879612566665 0.0
-0.113315906154628 -0.662955921199141 0.0
0.470550043514941 0.00784069960050152 0.0
-0.181772917351647 0.571629564381782 0.0
-0.770025408854451 -0.0919974155556441 0.0
-0.052008047771872 -0.664315119984179 0.0
0.476545930421623 0.071158492135295 0.0
-0.247410564414437 0.574682215515673 0.0
-0.77224489202396 -0.154068765522609 0.0
0.00931012595431373 -0.665622730744126 0.0
0.483595608384481 0.134892404312265 0.0
-0.313110920873122 0.574285148540951 0.0
-0.774617633715744 -0.215982958546538 0.0
0.0706299304062045 -0.666882563443263 0.0
0.491941831771044 0.199155695313193 0.0
-0.379595854311118 0.575258616711745 0.0
-0.776221281139557 -0.277803549476002 0.0
0.131941685108212 -0.66810820158935 0.0
0.50190463098198 0.264104579053139 0.0
-0.446980600399308 0.576453240652549 0.0
-0.777997231180881 -0.339668373031804 0.0
0.193236580253995 -0.669322013837137 0.0
0.513942531869053 0.329963368865837 0.0
-0.51511262457232 0.582127981296975 0.0
-0.780165924768925 -0.401505157502522 0.0
0.25450840670093 -0.670552776351379 0.0
0.52878153949181 0.397071763975678 0.0
-0.5831099011451 0.587914649932308 0.0
-0.782089763447506 -0.463191824857693 0.0
0.315755095646474 -0.671831314704393 0.0
0.547709784103308 0.465971699391902 0.0
-0.651276335607482 0.590020282708279 0.0
-0.783938622576761 -0.524727955367059 0.0
0.376980705195514 -0.673182973055355 0.0
0.573366451950642 0.537516599887736 0.0
-0.722638125866502 0.596686440296068 0.0
-0.78542277879877 -0.586155711633734 0.0
-0.724231858435349 -0.587782693743065 0.0
-0.722719547859196 -0.526335361679071 0.0
-0.720903175357311 -0.464764107498812 0.0
-0.718987759686199 -0.403130784872064 0.0
-0.716932898299661 -0.341438779512578 0.0
-0.715170421353398 -0.27968645737381 0.0
-0.71340738541723 -0.217704379550864 0.0
-0.711048998043975 -0.155462917493862 0.0
-0.70881012094284 -0.0931560500715655 0.0
-0.706631099398153 -0.0307411562552052 0.0
-0.704539091378485 0.0318148549653493 0.0
-0.702600684432195 0.0945437305422598 0.0
-0.700919151873527 0.157483114518017 0.0
-0.699646096720766 0.220680841097506 0.0
-0.699007376759076 0.284192756561586 0.0
-0.699355084788933 0.348064866704569 0.0
-0.701280386719129 0.412262814577312 0.0
-0.705888372861692 0.476426004561125 0.0
-0.715437258466377 0.538983344472353 0.0
-0.663025790740948 -0.589132050902512 0.0
-0.661447611354501 -0.527697618932786 0.0
-0.659655803234047 -0.466142742338547 0.0
-0.657745124317986 -0.404475075693411 0.0
-0.655780791561667 -0.342664818725483 0.0
-0.653946069396564 -0.280747942740042 0.0
-0.65201783506829 -0.218724510418844 0.0
-0.649783031131018 -0.156513952070079 0.0
-0.647573619694687 -0.0941636795819507 0.0
-0.645412659039719 -0.0316699667841437 0.0
-0.643346247899064 0.0309792659573544 0.0
-0.641450533022728 0.0937963487791372 0.0
-0.639837732240117 0.15678820403139 0.0
-0.638668949442424 0.2199459472313 0.0
-0.638176113104305 0.283221312604194 0.0
-0.638697011149466 0.34647930703324 0.0
-0.64072311829024 0.409406309499038 0.0
-0.64487352483899 0.471355144702847 0.0
-0.649991856898373 0.531352367174947 0.0
-0.601792121850424 -0.59046552805127 0.0
-0.600179828566293 -0.52901541224304 0.0
-0.598401577420205 -0.467437216620177 0.0
-0.596522603966742 -0.40572648914539 0.0
-0.594607477852068 -0.343884897026499 0.0
-0.592711834805749 -0.281943178684679 0.0
-0.590708209348251 -0.219884432543046 0.0
-0.58853397951258 -0.157667463178733 0.0
-0.586356551837211 -0.0953131533353075 0.0
-0.584223639592945 -0.0328275879688816 0.0
-0.582191622491602 0.0297829208933159 0.0
-0.580340830877237 0.0925038932765561 0.0
-0.578782786913835 0.155304135725478 0.0
-0.577668474074882 0.218124040778003 0.0
-0.5771968864808 0.280858403687591 0.0
-0.577614631043466 0.343337361265957 0.0
-0.579155155272253 0.405316094013599 0.0
-0.58154394153698 0.466528473526858 0.0
-0.582305095696069 0.527178584682085 0.0
-0.540550215317731 -0.591784451329786 0.0
-0.538923405933462 -0.530321968125772 0.0
-0.537161583177899 -0.468731391762921 0.0
-0.535310987792452 -0.407013452492834 0.0
-0.533412981660001 -0.345177255858076 0.0
-0.53147892763145 -0.283236343580647 0.0
-0.529444556485454 -0.22117938169272 0.0
-0.527302975656243 -0.158992182770195 0.0
-0.525149828104596 -0.0966915147575296 0.0
-0.523037072121039 -0.0342940328343125 0.0
-0.52102298422845 0.0281772149412243 0.0
-0.51918422867277 0.0906866197087041 0.0
-0.517620847581701 0.15317928674791 0.0
-0.516458503369574 0.215573865614883 0.0
-0.51584342581734 0.277754236012583 0.0
-0.515908431518843 0.339563107424676 0.0
-0.516612200891699 0.400803785549106 0.0
-0.517169691564063 0.461314487670785 0.0
-0.514332375287492 0.521098315965044 0.0
-0.479309688166253 -0.593118887957592 0.0
-0.477678561972977 -0.531656718034489 0.0
-0.475931579396177 -0.470071705495867 0.0
-0.474099322483864 -0.40836753325236 0.0
-0.472204869797119 -0.34655299134232 0.0
-0.470246976129647 -0.284636298094939 0.0
-0.468197228822192 -0.222615092885202 0.0
-0.466068046845587 -0.160490821756666 0.0
-0.463920997957059 -0.0982826511894392 0.0
-0.461803941878559 -0.0360150389715764 0.0
-0.459770392504663 0.0262790358515328 0.0
-0.45788675158431 0.0885541042329886 0.0
-0.456234023564065 0.150747840381473 0.0
-0.454903897781662 0.21277675843737 0.0
-0.453980156693809 0.274530608469917 0.0
-0.453472971606368 0.335868219536821 0.0
-0.453116744617471 0.396628084500099 0.0
-0.451869138930065 0.456692167495807 0.0
-0.448180483928234 0.516318506523273 0.0
-0.418071892927484 -0.594490715378496 0.0
-0.416440216921302 -0.533038256321776 0.0
-0.414703918235376 -0.471469421674776 0.0
-0.412880807147527 -0.409789249500043 0.0
-0.410982125110817 -0.348006256994016 0.0
-0.409004532770275 -0.286128302893906 0.0
-0.406938120297504 -0.224159959723635 0.0
-0.404800037593878 -0.16211102904525 0.0
-0.402632851809785 -0.100002577624013 0.0
-0.400476423921258 -0.0378618253908211 0.0
-0.398374896159975 0.0242762932358705 0.0
-0.396379721342322 0.0863671197956919 0.0
-0.394547683650423 0.148354155385025 0.0
-0.392930420511396 0.210167884957785 0.0
-0.391542963817352 0.271725866535866 0.0
-0.390280160334251 0.332942216767754 0.0
-0.388733660225668 0.393766421287954 0.0
-0.386109637574579 0.454312453670145 0.0
-0.38250554923177 0.515018595934223 0.0
-0.356833478340479 -0.595903742454007 0.0
-0.355201941979981 -0.534464417488712 0.0
-0.353471093431121 -0.472914950197717 0.0
-0.351648523316677 -0.411261066577217 0.0
-0.349738176350132 -0.349511199214691 0.0
-0.347737148226245 -0.287673850824198 0.0
-0.345643845406616 -0.225757469915797 0.0
-0.343474036470593 -0.163775207784806 0.0
-0.341257344235711 -0.101747657176754 0.0
-0.339023836275038 -0.0397005466121132 0.0
-0.336805724322357 0.022334609627146 0.0
-0.334637191962027 0.0843198509972359 0.0
-0.332549126315711 0.146210309621846 0.0
-0.330553676850765 0.207955508336695 0.0
-0.3286071524176 0.269503817333395 0.0
-0.326534916255151 0.330818665377783 0.0
-0.323954804303985 0.391921089345033 0.0
-0.320477593333679 0.452939762805692 0.0
-0.316115780540244 0.513857557818366 0.0
-0.295589203249171 -0.597346259717579 0.0
-0.293957264729076 -0.535918549054265 0.0
-0.292226157438642 -0.47438576811207 0.0
-0.290395758469669 -0.412753828347996 0.0
-0.288465523086884 -0.351030858341025 0.0
-0.286432888805047 -0.289225550009269 0.0
-0.284298853131236 -0.227347696724155 0.0
-0.282075183615986 -0.165410770077228 0.0
-0.27978113963655 -0.103433281132658 0.0
-0.277436385539051 -0.0414376524380471 0.0
-0.275060247615666 0.0205494668389297 0.0
-0.272669316024427 0.0824971776879719 0.0
-0.27026993251354 0.144370772878879 0.0
-0.267840773585678 0.206134682164827 0.0
-0.265298899752965 0.267760113429413 0.0
-0.262454094958856 0.329245999399052 0.0
-0.259013923308416 0.390655608728878 0.0
-0.254691188890615 0.45212178222079 0.0
-0.249050534012689 0.51381646873862 0.0
-0.234334217740856 -0.598797378725462 0.0
-0.232700913099259 -0.537376580885644 0.0
-0.230963830913056 -0.475853983922038 0.0
-0.229117635413278 -0.414235341383768 0.0
-0.227159017250771 -0.352528161657118 0.0
-0.225085053111896 -0.290740689375339 0.0
-0.222896183909936 -0.22888255925288 0.0
-0.220599027307958 -0.166966252461842 0.0
-0.218203652453792 -0.105008003072326 0.0
-0.215719232526952 -0.0430273870235571 0.0
-0.213152101614484 0.0189521600860073 0.0
-0.210502072277698 0.080903115035018 0.0
-0.20775425253485 0.142793895675392 0.0
-0.204863524184626 0.20459091475927 0.0
-0.201732025295804 0.266263567882129 0.0
-0.198195865213469 0.327794741516732 0.0
-0.194053696675325 0.389184442854712 0.0
-0.189094437369516 0.450426124459648 0.0
-0.182615699559389 0.511459589354198 0.0
-0.173065232894617 -0.600233711782749 0.0
-0.171429390736039 -0.538813731731038 0.0
-0.169680943402167 -0.477293184238641 0.0
-0.167811720859876 -0.415677483567155 0.0
-0.165816719116866 -0.353973284413173 0.0
-0.163691930467981 -0.292187958426416 0.0
-0.161435441909946 -0.230330287345088 0.0
-0.159048082148156 -0.168411428883888 0.0
-0.156531112707635 -0.106445786775859 0.0
-0.153883029797825 -0.0444511416858475 0.0
-0.151096984106822 0.01755041934386 0.0
-0.148156542942484 0.0795317560555782 0.0
-0.145028157207359 0.141459844938896 0.0
-0.141649975438698 0.203296111008757 0.0
-0.137921873756121 0.264997040486518 0.0
-0.133710983406814 0.326513662042287 0.0
-0.128882967307189 0.387780484216018 0.0
-0.123310318682417 0.448693828287512 0.0
-0.11733937083445 0.509282423429924 0.0
-0.111781449082265 -0.601634848668376 0.0
-0.110141567856143 -0.540209654982266 0.0
-0.108376866365781 -0.478683145071481 0.0
-0.106478393205025 -0.417060268392407 0.0
-0.104440039534739 -0.355346633591874 0.0
-0.102256037467402 -0.293548435855365 0.0
-0.0999209486451716 -0.231673202687861 0.0
-0.0974292496892162 -0.169730547365366 0.0
-0.0947732272293248 -0.107733067267819 0.0
-0.0919401870737247 -0.0456967305760515 0.0
-0.0889095076801044 0.0163580786160802 0.0
-0.0856483509575173 0.078405849597884 0.0
-0.0821055581917642 0.140415372200889 0.0
-0.0782052272449017 0.20235065150101 0.0
-0.0738459551534601 0.264172745938308 0.0
-0.0689158359478623 0.325844421018591 0.0
-0.0633308365781423 0.387341454296522 0.0
-0.057190785832418 0.44871228402578 0.0
-0.0513986044115379 0.510129321351616 0.0
-0.0504845137416222 -0.602987118309077 0.0
-0.0488385392570543 -0.541551731564245 0.0
-0.0470533084771587 -0.480012491458937 0.0
-0.0451205885891381 -0.418373680726545 0.0
-0.0430333292828635 -0.356639616083985 0.0
-0.0407833443613287 -0.294814987144448 0.0
-0.0383608021583036 -0.232905632816074 0.0
-0.035753285988926 -0.170919146162859 0.0
-0.0329437351978474 -0.108865714802727 0.0
-0.0299077627368205 -0.0467584949485309 0.0
-0.0266106138428619 0.0153855085582254 0.0
-0.0230033911430364 0.0775450819792459 0.0
-0.0190191706877747 0.139694751319423 0.0
-0.0145718138765646 0.201806278310124 0.0
-0.00956405564203226 0.26385112441099 0.0
-0.0039154759878699 0.325806584187742 0.0
0.00236127594073814 0.387670097872721 0.0
0.00897130251699254 0.449465617791165 0.0
0.0152805612216807 0.511081120496195 0.0
0.0108216922214353 -0.604285791555758 0.0
0.0124764651744767 -0.542836895252411 0.0
0.0142857016326545 -0.481280058074782 0.0
0.0162561713816613 -0.419618558927542 0.0
0.0183960907969707 -0.35785511667272 0.0
0.0207166944857336 -0.295992558896348 0.0
0.023232849803985 -0.234034567299208 0.0
0.025964277550062 -0.171986126223691 0.0
0.0289376469071457 -0.109854244996137 0.0
0.0321892107805981 -0.0476482317972605 0.0
0.03576765528042 0.0146195670759679 0.0
0.0397368779864955 0.0769335118337129 0.0
0.0441771930154038 0.139274467840992 0.0
0.0491813211984561 0.201620498469679 0.0
0.0548380813122819 0.263947319649849 0.0
0.0611914510390769 0.326230116362044 0.0
0.0681575924633193 0.3884407670348 0.0
0.0754399297370651 0.45050994368321 0.0
0.0825896857171354 0.512284226675859 0.0
0.0721319308842417 -0.605536112897995 0.0
0.0737986716687722 -0.544072444201262 0.0
0.0756342677899841 -0.482495476683842 0.0
0.0776441750939433 -0.420807060186218 0.0
0.0798383124277652 -0.359008038318837 0.0
0.0822315103875353 -0.297099089885116 0.0
0.0848440844033142 -0.235081357715761 0.0
0.0877032644794037 -0.172956727834041 0.0
0.0908453701978146 -0.110728430601766 0.0
0.0943183885176733 -0.04840124619693 0.0
0.0981844612779742 0.0140177477582829 0.0
0.102521520464462 0.0765186976986315 0.0
0.107422034600423 0.139088060519294 0.0
0.112984933138571 0.201707669579105 0.0
0.119293897586348 0.264351964866463 0.0
0.126373854738108 0.326982883783418 0.0
0.134129448945084 0.389534723915706 0.0
0.142302352021652 0.451890552568142 0.0
0.150491698695438 0.513884540118996 0.0
0.133439872124885 -0.606753316087521 0.0
0.135121670556374 -0.545275917266877 0.0
0.136984434225188 -0.483678947791081 0.0
0.139033356378617 -0.421962454011704 0.0
0.141280756884125 -0.360125277626512 0.0
0.143745446593154 -0.298165813338007 0.0
0.146453360643408 -0.236082422691864 0.0
0.149439230155818 -0.173873531453661 0.0
0.15274887743598 -0.111538114627911 0.0
0.156441749231391 -0.0490758543886368 0.0
0.160593053265223 0.0135120429193654 0.0
0.165294482850798 0.0762220481979792 0.0
0.170651359178463 0.13904658141225 0.0
0.176772610434503 0.20197137235887 0.0
0.183748492372052 0.26496933649556 0.0
0.191613134390078 0.327989800215644 0.0
0.20029710025248 0.390940436943904 0.0
0.209582392897035 0.453669352304533 0.0
0.219046292476255 0.515971846536912 0.0
0.194739136157629 -0.607961553682479 0.0
0.196438131276234 -0.546473867995625 0.0
0.198326932330028 -0.484859934024095 0.0
0.200412188350412 -0.423117890536096 0.0
0.202709228869146 -0.361244708126995 0.0
0.205240969039068 -0.299236530286686 0.0
0.208038885057494 -0.237088794847538 0.0
0.211144994820123 -0.174796147505387 0.0
0.214614310328415 -0.112352785124422 0.0
0.218517386659245 -0.0497525112719652 0.0
0.222942276172474 0.0130104686973934 0.0
0.227994862342598 0.0759405896142068 0.0
0.233795695158362 0.139038665514062 0.0
0.240470774263888 0.202297989625543 0.0
0.248133330993313 0.265695673550062 0.0
0.256855078872694 0.329178054648645 0.0
0.266624956090796 0.3926375906836 0.0
0.277282058119431 0.45588592885137 0.0
0.288375223723185 0.518641329765365 0.0
0.256024015585937 -0.609191359971807 0.0
0.257740369356973 -0.547699103532186 0.0
0.259651992792808 -0.486074379679273 0.0
0.261768744013611 -0.424313874594506 0.0
0.264109140929788 -0.362413113799616 0.0
0.26669998700489 -0.300366116773087 0.0
0.269577971665432 -0.238165314247108 0.0
0.272791958962786 -0.175801275529174 0.0
0.276405624035664 -0.113262834059535 0.0
0.280500112121674 -0.0505368920244689 0.0
0.285176073301618 0.0123910491001967 0.0
0.290554273523586 0.0755361659347151 0.0
0.296773600376409 0.138912170632804 0.0
0.30398541514471 0.202527234010287 0.0
0.312343247352973 0.266374504628827 0.0
0.321986190081762 0.330414957149639 0.0
0.333005664958327 0.394546030706558 0.0
0.345358149228643 0.458550300802742 0.0
0.358634423351561 0.522028834182629 0.0
0.31728987670442 -0.610474954235062 0.0
0.319021033805703 -0.548985716591459 0.0
0.320950567728488 -0.487360035971855 0.0
0.32309219456755 -0.425594379645105 0.0
0.325467078524287 -0.363683173117485 0.0
0.328105435854713 -0.301618481203112 0.0
0.331048592081878 -0.239389831106568 0.0
0.334351519549661 -0.176983687422347 0.0
0.338085677959569 -0.114383194654853 0.0
0.342341887272039 -0.0515674736709753 0.0
0.347232715104414 0.0114885038227992 0.0
0.352893991425969 0.0748140584686918 0.0
0.359485260253455 0.138441859265162 0.0
0.367189964056447 0.20240557033991 0.0
0.376216829319797 0.266732674389355 0.0
0.386802740280799 0.331429072499663 0.0
0.399205176877322 0.396442927917221 0.0
0.413631760359119 0.461581447447289 0.0
0.429947540354244 0.52633291019136 0.0
0.378534213413358 -0.611837950497676 0.0
0.380275406622834 -0.550360866057745 0.0
0.38221738043167 -0.488750153519306 0.0
0.384375748412695 -0.427001814411139 0.0
0.38677372262134 -0.365109267040224 0.0
0.389444297396867 -0.303063224804055 0.0
0.392432525510428 -0.240851226729816 0.0
0.395798270152889 -0.1784566122276 0.0
0.399619276227913 -0.115857605372252 0.0
0.403994334725976 -0.0530257570050951 0.0
0.409046197004643 0.0100753347769513 0.0
0.414924342410645 0.073491830027601 0.0
0.421808502777971 0.137281300513593 0.0
0.429915804101763 0.20151472573651 0.0
0.439516563140884 0.266276797214519 0.0
0.450965866885468 0.331662903093436 0.0
0.464754573699192 0.397760176991125 0.0
0.481558368666729 0.464570675101969 0.0
0.502120920277167 0.531727082192588 0.0
