-0.789209072128048 -0.646709344749145 0.0
0.435726784900337 -0.672516297044284 0.0
-0.804271984100342 0.61237245798111 0.0
0.61237245798111 0.61237245798111 0.0
-0.727985681388962 -0.648240078220582 0.0
0.437234883045999 -0.611189566816697 0.0
0.525536248193841 0.598193070688661 0.0
-0.77960023819688 0.543769463990445 0.0
-0.666752733245577 -0.649501198994708 0.0
0.438916575738442 -0.549752632810923 0.0
0.44575578599304 0.590766083505669 0.0
-0.770036603329288 0.476848647438643 0.0
-0.60552114743187 -0.650737184524272 0.0
0.440790539976073 -0.488200226267312 0.0
0.370166736950334 0.585862858913429 0.0
-0.765758680801822 0.411698126942798 0.0
-0.544289679171046 -0.651963147930428 0.0
0.442877120987224 -0.426527436700878 0.0
0.297184008375306 0.582249120861735 0.0
-0.764002296627677 0.347621421444693 0.0
-0.483063792040793 -0.653198348330645 0.0
0.445203691312371 -0.36472851057206 0.0
0.22594674131882 0.579454247139965 0.0
-0.763704038685541 0.284182614609792 0.0
-0.421844172830347 -0.654465731642515 0.0
0.447807476743976 -0.302795688345888 0.0
0.155935873780553 0.577258653296249 0.0
-0.764324970289196 0.221139327514195 0.0
-0.360626053193568 -0.655774072619852 0.0
0.450738383753375 -0.240717947272496 0.0
0.0867964927564336 0.575533445979418 0.0
-0.765544334828765 0.158357085259233 0.0
-0.299401992001113 -0.657116751160944 0.0
0.454062232138951 -0.178479222528077 0.0
0.0182473835011538 0.574163615555726 0.0
-0.767152942363962 0.0957611504845421 0.0
-0.238165127156332 -0.658476816547098 0.0
0.457864287913831 -0.116056590435298 0.0
-0.0499762709284335 0.572949495038021 0.0
-0.76900716649039 0.0333109904119119 0.0
-0.176911053495377 -0.659833389276431 0.0
0.462252936388209 -0.0534175370391384 0.0
-0.118154391729763 0.571187448214252 0.0
-0.771006436035763 -0.0290122447068905 0.0
-0.115639046336696 -0.661167239558646 0.0
0.467363312081416 0.00948289272546903 0.0
-0.185168638858567 0.573390124783511 0.0
-0.773083871097975 -0.0912119837579522 0.0
-0.0543519807645049 -0.662464782070215 0.0
0.473361394698643 0.0727060931885524 0.0
-0.250981295622794 0.576423350213373 0.0
-0.775217884409737 -0.153277664187703 0.0
0.00694416393146094 -0.663720477354165 0.0
0.480450414195136 0.136334951106792 0.0
-0.316854069066014 0.575879233654908 0.0
-0.77750226900132 -0.215189926509214 0.0
0.0682416436460073 -0.664937961651719 0.0
0.488884361555925 0.200481937761892 0.0
-0.383551324866931 0.576711130721736 0.0
-0.779022407598355 -0.277007370533355 0.0
0.129531834682379 -0.66613008020534 0.0
0.498997695083263 0.265301838861842 0.0
-0.451185037831765 0.577731882133281 0.0
-0.780714770453247 -0.338870477645155 0.0
0.190807059283848 -0.667317798033032 0.0
0.511268582968694 0.331016237029151 0.0
-0.519591505646738 0.583305849857683 0.0
-0.78279539849598 -0.400709447636653 0.0
0.252062256112488 -0.668527657509449 0.0
0.526451843358503 0.39795927746696 0.0
-0.587836167485608 0.588956185694869 0.0
-0.784628428009616 -0.462399007239098 0.0
0.313296417152039 -0.669787176193867 0.0
0.545881492634844 0.466660435737989 0.0
-0.656242425198761 0.590777002599788 0.0
-0.786383910697235 -0.52393837446117 0.0
0.374514382223064 -0.671116985310723 0.0
0.572274604647917 0.537941080472362 0.0
-0.727955651020383 0.597119372115654 0.0
-0.787773346898558 -0.585368844554724 0.0
-0.726580402533407 -0.586901122661824 0.0
-0.72516298749054 -0.525451836221518 0.0
-0.723439637961721 -0.46387848215003 0.0
-0.721614328752199 -0.402243244336868 0.0
-0.719647859334101 -0.340549451553729 0.0
-0.717970271501902 -0.278798393858108 0.0
-0.716289603954954 -0.216820061386857 0.0
-0.71401684712978 -0.154582387051518 0.0
-0.711863067506909 -0.0922814340199015 0.0
-0.709770424186219 -0.0298748865352084 0.0
-0.707767894556077 0.0326700027722069 0.0
-0.705924470319679 0.0953846910377796 0.0
-0.704346912473045 0.158306615587311 0.0
-0.703192071054412 0.221483504182675 0.0
-0.702693891142464 0.284971126226209 0.0
-0.703217278049815 0.348815002318646 0.0
-0.705374406910165 0.41297811805399 0.0
-0.710305953780681 0.477088520891651 0.0
-0.720326811736254 0.539532175282526 0.0
-0.665373798012736 -0.588156572474848 0.0
-0.663890285615534 -0.526720090358455 0.0
-0.662190634577639 -0.465163136630296 0.0
-0.660369357876177 -0.403493721319736 0.0
-0.658491898028131 -0.341682757748168 0.0
-0.656741064386092 -0.279766340870758 0.0
-0.654895418226885 -0.217743824995061 0.0
-0.65274439707743 -0.155535039808974 0.0
-0.650618859686531 -0.093187571937553 0.0
-0.648543122326964 -0.0306976252281982 0.0
-0.646564990915849 0.031946987194372 0.0
-0.644763016718373 0.0947587783277256 0.0
-0.643252939893767 0.15774490896802 0.0
-0.642201091959187 0.220896662149844 0.0
-0.641847172909166 0.284165484947227 0.0
-0.642540463706431 0.347414665119174 0.0
-0.644788989352096 0.410325239317193 0.0
-0.649232178711648 0.472237426056996 0.0
-0.654685355772821 0.53217149082894 0.0
-0.604140275622831 -0.589394587667396 0.0
-0.602622206881997 -0.52794184997324 0.0
-0.600935044593098 -0.466360981262385 0.0
-0.599144096820903 -0.404647858351137 0.0
-0.597314261219716 -0.342804304088037 0.0
-0.59550153668868 -0.280860908268336 0.0
-0.59357981998474 -0.218800554140544 0.0
-0.591487837193202 -0.156582043348021 0.0
-0.589392941461895 -0.0942261300016118 0.0
-0.587343926880682 -0.0317386375933014 0.0
-0.585398785504709 0.0308744013372893 0.0
-0.583640172165236 0.0935987627551217 0.0
-0.582182977181195 0.156403372863696 0.0
-0.581183021096708 0.219228365104232 0.0
-0.580846088835014 0.281967447410595 0.0
-0.58142785623866 0.344448145362041 0.0
-0.583171879924646 0.4064209090142 0.0
-0.585800916216628 0.467615546101246 0.0
-0.586763640009688 0.528251166739595 0.0
-0.542899410988027 -0.59061608390063 0.0
-0.541366085741553 -0.529150138875113 0.0
-0.539693980871188 -0.467555882505315 0.0
-0.537929838512989 -0.405834225875513 0.0
-0.536115628182975 -0.343994264353399 0.0
-0.534263396908258 -0.282049362166495 0.0
-0.532309951903207 -0.219987945466364 0.0
-0.530249282347808 -0.157795649357398 0.0
-0.528177381893181 -0.0954890075320834 0.0
-0.52614718640806 -0.0330844149518892 0.0
-0.524218452753333 0.0293952628247562 0.0
-0.522469983263157 0.0919144174130451 0.0
-0.521004852010473 0.154417799431332 0.0
-0.519952886692319 0.216823075218479 0.0
-0.51946569836389 0.279012125635627 0.0
-0.519681993359667 0.340824220513347 0.0
-0.520562296331374 0.402057908907625 0.0
-0.521300153671549 0.462549015387311 0.0
-0.518548959704582 0.522308301708514 0.0
-0.481661124942475 -0.591851742648768 0.0
-0.48012239081558 -0.530385252617873 0.0
-0.478463549010418 -0.46879548606775 0.0
-0.476716127381473 -0.407086235798235 0.0
-0.474904055274033 -0.345266206542587 0.0
-0.473026885268045 -0.283343396368418 0.0
-0.471057059004541 -0.221315185861332 0.0
-0.469007643029852 -0.159182798092078 0.0
-0.46694066060909 -0.0969651922143065 0.0
-0.464904817385837 -0.0346866927872195 0.0
-0.462954900910356 0.0276196753277792 0.0
-0.461159134269335 0.0899080923557967 0.0
-0.45960101783824 0.152115400734482 0.0
-0.458375431315858 0.214156563654328 0.0
-0.457569645004254 0.275918772594391 0.0
-0.457195758821781 0.337257078852812 0.0
-0.456982001294331 0.398005508432003 0.0
-0.45585482958608 0.458043582901379 0.0
-0.452222818800359 0.517634689425743 0.0
-0.4204271253894 -0.593124877015056 0.0
-0.418886363124034 -0.531667443203029 0.0
-0.417236471000412 -0.470093029299514 0.0
-0.415496595121255 -0.408406738503974 0.0
-0.413678991304518 -0.346616957814451 0.0
-0.411781115395231 -0.284731311052301 0.0
-0.409793719327146 -0.222754122685174 0.0
-0.407734420074722 -0.160694994722737 0.0
-0.405646178000797 -0.0985748660353869 0.0
-0.403569498051498 -0.0364209646508762 0.0
-0.40154948901881 0.0257315412530266 0.0
-0.399638958537401 0.0878374310906643 0.0
-0.397896434698459 0.14983919471196 0.0
-0.39637546215526 0.211665733114417 0.0
-0.395092257838762 0.273232390387423 0.0
-0.393939468791382 0.334450704114395 0.0
-0.392496842176321 0.395268499831816 0.0
-0.389946428328871 0.455802431391301 0.0
-0.386394455457292 0.51650023109556 0.0
-0.359194389340024 -0.594441209292456 0.0
-0.357651871668442 -0.532996600841855 0.0
-0.356005567392296 -0.471441156494367 0.0
-0.354264689191418 -0.409780626816267 0.0
-0.352434259517554 -0.348023285832976 0.0
-0.35051208165816 -0.286177400967577 0.0
-0.348497024122448 -0.224251194684382 0.0
-0.346405125737747 -0.162257656999028 0.0
-0.344266228628437 -0.10021731963949 0.0
-0.342110763439642 -0.0381560042464447 0.0
-0.33997150407214 0.0238944641675993 0.0
-0.337883396840511 0.0858955327517342 0.0
-0.335878169967475 0.147801403441857 0.0
-0.333968453982248 0.209560314865407 0.0
-0.332109486209309 0.271119118230865 0.0
-0.330121366843667 0.332439983863398 0.0
-0.327609569153556 0.393544223519654 0.0
-0.32417254495396 0.454563390158527 0.0
-0.319820692966955 0.515476699779566 0.0
-0.297957905430094 -0.595791079237557 0.0
-0.296412665887631 -0.5343581811185 0.0
-0.294764140240532 -0.472819524657608 0.0
-0.293013974519144 -0.411180996576108 0.0
-0.291162654495859 -0.349450539045079 0.0
-0.28920816174314 -0.287636606943379 0.0
-0.287151726365685 -0.225748783830695 0.0
-0.285005150081122 -0.1638004068715 0.0
-0.282787657727029 -0.101809961906845 0.0
-0.280518928046395 -0.0397999956687675 0.0
-0.278218370761774 0.0222025269167553 0.0
-0.275902667205483 0.0841661633169602 0.0
-0.273578036062042 0.146055420050305 0.0
-0.271222249841712 0.207833748587957 0.0
-0.268749476126722 0.269471413639376 0.0
-0.26596283875066 0.330967063123836 0.0
-0.262559383401091 0.392385395124904 0.0
-0.25824038916153 0.45386219033778 0.0
-0.252549406061692 0.515572799398584 0.0
-0.236712908712684 -0.597155519299746 0.0
-0.235163586075596 -0.535730034829572 0.0
-0.233507060913914 -0.47420216142404 0.0
-0.231739751838807 -0.412577561395918 0.0
-0.229859218222245 -0.350863520329385 0.0
-0.22786284560712 -0.289068036336321 0.0
-0.225751039492151 -0.227200541393809 0.0
-0.223530173912761 -0.165273397457881 0.0
-0.221209971460437 -0.103302831899098 0.0
-0.218799218212956 -0.0413085586184834 0.0
-0.216303800471603 0.020685669508965 0.0
-0.213722908497665 0.0826518006543372 0.0
-0.211040573308893 0.144557496489993 0.0
-0.208209574719459 0.206368220024818 0.0
-0.205128010445537 0.268052373471718 0.0
-0.201625278454343 0.329592094900008 0.0
-0.197491149056105 0.390986890310783 0.0
-0.192503092746136 0.452229075503627 0.0
-0.185925614486617 0.513254500506237 0.0
-0.175456028391747 -0.598512761935707 0.0
-0.173901123541482 -0.537088966402993 0.0
-0.172231203932643 -0.475564193983527 0.0
-0.170439666679072 -0.41394368156216 0.0
-0.168522102067838 -0.352233814861746 0.0
-0.166474510323977 -0.290441703251086 0.0
-0.16429463684882 -0.228575927344245 0.0
-0.161982751931308 -0.166647535243713 0.0
-0.159539414037761 -0.104670936482027 0.0
-0.156962286687463 -0.0426640615787733 0.0
-0.154243497707637 0.0193506733571826 0.0
-0.151365248211968 0.0813455801997272 0.0
-0.148291984686295 0.143286831964709 0.0
-0.144958738895791 0.205134775174597 0.0
-0.141260628082337 0.266844541157041 0.0
-0.137058256310554 0.328365424149134 0.0
-0.13220947560453 0.389629313448046 0.0
-0.126576717799328 0.450528125304728 0.0
-0.120510374366245 0.511091202252341 0.0
-0.114186215853356 -0.599843619298494 0.0
-0.112624013444529 -0.538415800427287 0.0
-0.110935885367497 -0.476886503409835 0.0
-0.109114084923995 -0.415260397373578 0.0
-0.107152718841207 -0.353542769987537 0.0
-0.105045670796645 -0.291739535991426 0.0
-0.102786823062236 -0.229858020168987 0.0
-0.100369749653405 -0.167907729167832 0.0
-0.0977856427623421 -0.105901266257524 0.0
-0.0950204917454937 -0.043854741139691 0.0
-0.092052037670447 0.0182111537642462 0.0
-0.0888453049939956 0.0802703959891711 0.0
-0.0853462207401932 0.142291025871792 0.0
-0.0814748503028138 0.204236042253994 0.0
-0.077124408140158 0.266065243091386 0.0
-0.0721764376187269 0.327739907198111 0.0
-0.0665399273047707 0.389234363379921 0.0
-0.0603123764061503 0.450598016173738 0.0
-0.0544220810449867 0.512010369489305 0.0
-0.0529047190755037 -0.601135194949903 0.0
-0.0513331079640784 -0.539698634671115 0.0
-0.0496226714619209 -0.478158357512465 0.0
-0.0477658501277631 -0.416518253954293 0.0
-0.0457553430028843 -0.354782269368087 0.0
-0.0435822199965857 -0.29295479710901 0.0
-0.0412356128996402 -0.231041469529069 0.0
-0.0387018401246038 -0.169049766063167 0.0
-0.0359623325453725 -0.10698985955494 0.0
-0.0329908776310909 -0.0448750044264487 0.0
-0.0297504469307566 0.0172775609228791 0.0
-0.0261892331909661 0.0794462263957124 0.0
-0.0222365380647498 0.141604933331402 0.0
-0.0178013996228078 0.203724658470727 0.0
-0.0127807422019351 0.265775901053824 0.0
-0.00708799480210991 0.327734958960978 0.0
-0.000731607333882581 0.389598891840396 0.0
0.0059892973104514 0.451392848942558 0.0
0.0124296369942858 0.513001750685372 0.0
0.0083851031401667 -0.602383057374142 0.0
0.00996869043125159 -0.54093463989772 0.0
0.011704623207265 -0.479378753308686 0.0
0.0135996794732368 -0.417718177383824 0.0
0.0156628525330014 -0.35595522226862 0.0
0.0179065323517181 -0.294092412966855 0.0
0.0203469823217785 -0.23213322267578 0.0
0.02300555339815 -0.170082508095 0.0
0.0259108435805171 -0.107947226569689 0.0
0.0291014460825362 -0.0457367152474844 0.0
0.032628953405558 0.0165365542572198 0.0
0.0365609160712271 0.0788566962172117 0.0
0.0409822071938982 0.141204179001926 0.0
0.0459910291467415 0.20355648792945 0.0
0.0516822415252047 0.265888575257641 0.0
0.0581052330227221 0.328174784419275 0.0
0.0651783332868838 0.390386268886297 0.0
0.0726021503603934 0.452452103269891 0.0
0.07992504182549 0.514215432218213 0.0
0.069678623378028 -0.603592237562097 0.0
0.0712769964345837 -0.542130835794041 0.0
0.0730403782715429 -0.480556972683391 0.0
0.0749750272183056 -0.418871918613751 0.0
0.0770921857722843 -0.357076099011981 0.0
0.0794082389922755 -0.295169902991305 0.0
0.0819452406057932 -0.233154272886147 0.0
0.0847324024446185 -0.17103095543461 0.0
0.0878083824338327 -0.108803088581983 0.0
0.0912240093593101 -0.0464754062487167 0.0
0.0950449404825319 0.0159450009766326 0.0
0.0993534607444507 0.0784481786932414 0.0
0.10424731832652 0.141020348437382 0.0
0.109831519815892 0.203642909048847 0.0
0.116196030058525 0.26628959699025 0.0
0.123370935406098 0.328921301323865 0.0
0.131263265788379 0.391470645760721 0.0
0.139614256513952 0.453818016459475 0.0
0.148022839337822 0.515794610892368 0.0
0.130970174070432 -0.604777181687281 0.0
0.132585833412939 -0.543303897710402 0.0
0.134376980665609 -0.481712285182086 0.0
0.136350453307639 -0.420001785370703 0.0
0.138520411428025 -0.358170855915779 0.0
0.140907577054865 -0.296217643691914 0.0
0.143539929903284 -0.234140336583661 0.0
0.146454505794964 -0.171937222164682 0.0
0.149699849028469 -0.109607152358373 0.0
0.153338721219517 -0.0471496977452979 0.0
0.15745041873192 0.0154340213832056 0.0
0.162131645731982 0.0781405002080577 0.0
0.167493694956052 0.140962055908677 0.0
0.173652216751776 0.203884085357547 0.0
0.180704302694568 0.266878786496496 0.0
0.188689937018709 0.329894134299613 0.0
0.197543478577438 0.392835492593892 0.0
0.207048488003894 0.45554767503038 0.0
0.216782229506428 0.51782292053873 0.0
0.192254054882804 -0.605960564373781 0.0
0.193888348680804 -0.544478803624617 0.0
0.195705600467889 -0.48287251416927 0.0
0.197714893735463 -0.421139288723591 0.0
0.199933829142043 -0.359275803188144 0.0
0.202387520895709 -0.297278030682419 0.0
0.2051097447359 -0.23514128753584 0.0
0.208145104774408 -0.172860102414056 0.0
0.211551680366883 -0.110428536880617 0.0
0.215403774021293 -0.0478402373187833 0.0
0.219794055945128 0.0149107530658124 0.0
0.224834040537835 0.0778289925802658 0.0
0.230650947096242 0.140915299551987 0.0
0.237378289594043 0.20416271734725 0.0
0.245137160491628 0.267547632787675 0.0
0.254006701422278 0.331014844581366 0.0
0.263981927223194 0.394454062963098 0.0
0.274905579517006 0.457672913932806 0.0
0.28632627252324 0.52038561238251 0.0
0.253525227550562 -0.607170560522376 0.0
0.255177411081624 -0.545685870926695 0.0
0.257017065553757 -0.484071058285576 0.0
0.259057096022923 -0.422322427137728 0.0
0.261318589503567 -0.360435355834483 0.0
0.263830749831823 -0.298403808761896 0.0
0.266632758802424 -0.236220174426894 0.0
0.269776297237051 -0.173874949521846 0.0
0.273328404519718 -0.11135684458617 0.0
0.277374354736928 -0.0486525885989441 0.0
0.282019892046918 0.0142525191243232 0.0
0.287391993166015 0.0773738365583895 0.0
0.2936369301572 0.140725146786788 0.0
0.300914542274726 0.204314430123847 0.0
0.309387703310483 0.268134133062647 0.0
0.319205332919806 0.332143612569795 0.0
0.330468367689364 0.396237199912076 0.0
0.34314042257477 0.460192367311567 0.0
0.356813107487528 0.523603827367082 0.0
0.31477971372126 -0.608435861969173 0.0
0.316446377850305 -0.546955499038459 0.0
0.318303187810449 -0.485341941564153 0.0
0.320367226332418 -0.423591539418179 0.0
0.322662370725189 -0.361698773583848 0.0
0.325221344077443 -0.29965579844332 0.0
0.328088089802163 -0.237452199155181 0.0
0.331320570440081 -0.175074436742948 0.0
0.334993849366773 -0.112505580499433 0.0
0.339203193584929 -0.0497246109703941 0.0
0.344066673380341 0.0132936794449128 0.0
0.34972685116429 0.0765787756670183 0.0
0.356351358586599 0.140163402963431 0.0
0.364133182397892 0.204081021161991 0.0
0.373292201851091 0.268358392659578 0.0
0.38407828048172 0.332999725884971 0.0
0.396763553435557 0.397949687633538 0.0
0.411569800054575 0.463008846760661 0.0
0.428368597047952 0.527654753403817 0.0
0.376015708414886 -0.609776986475393 0.0
0.377691542549871 -0.548309568710311 0.0
0.379559961407857 -0.486713141163081 0.0
0.381639956966365 -0.424983948886364 0.0
0.38395744481129 -0.363115679535551 0.0
0.386547945560646 -0.301099273914317 0.0
0.389459192484193 -0.238922439589142 0.0
0.392754151523945 -0.176568621480708 0.0
0.39651434030383 -0.114016086207123 0.0
0.400843230195215 -0.0512363726221423 0.0
0.405869385345847 0.0118069625744823 0.0
0.411749435261984 0.0751600966947908 0.0
0.418671809850316 0.138880500707148 0.0
0.426864191714396 0.203038779998737 0.0
0.436609909889337 0.267718710962821 0.0
0.4482806077406 0.333013700897489 0.0
0.462388767220499 0.399006697745168 0.0
0.479637409557139 0.465690839235999 0.0
0.500796738659509 0.532680441263342 0.0
