-0.791046475576075 -0.646071770588177 0.0
0.433740085731665 -0.671019838648051 0.0
-0.808559381961823 0.61237245798111 0.0
0.61237245798111 0.61237245798111 0.0
-0.729821683937796 -0.64753993337598 0.0
0.435214851267979 -0.609695878647923 0.0
0.525107552093999 0.598705626234954 0.0
-0.783237829940069 0.544001841434826 0.0
-0.668587985947116 -0.648739053720629 0.0
0.436854811345078 -0.548266107374382 0.0
0.445012282951487 0.591616102179189 0.0
-0.773310293561436 0.477184192509127 0.0
-0.607355883145988 -0.64991224485323 0.0
0.43868183172745 -0.48672578062625 0.0
0.369161511863157 0.586938194879904 0.0
-0.768805539911019 0.412105540142261 0.0
-0.546124401183145 -0.651073846998328 0.0
0.440718495716817 -0.425070272360569 0.0
0.29594857671591 0.583473485091096 0.0
-0.766891484480233 0.3480855883124 0.0
-0.484899452244089 -0.652243307940421 0.0
0.442994021056944 -0.363294041902818 0.0
0.22450255957109 0.580773554197808 0.0
-0.76647537697121 0.284692300590939 0.0
-0.42368221211275 -0.653444446508649 0.0
0.445547398221255 -0.301389536557309 0.0
0.154298257761835 0.578632963834425 0.0
-0.767003050343719 0.221685267100843 0.0
-0.362468346689685 -0.654687357818363 0.0
0.448430439532468 -0.239345954184527 0.0
0.0849760149814502 0.576931786418624 0.0
-0.768144824301373 0.158931520239101 0.0
-0.30125071862763 -0.655966930283187 0.0
0.451711201305081 -0.177147463024785 0.0
0.0162501095895428 0.575560061474479 0.0
-0.76968589716639 0.0963575963774708 0.0
-0.24002259444392 -0.657267691427393 0.0
0.455477698723133 -0.114771374897858 0.0
-0.0521494238749301 0.574318723013971 0.0
-0.771478961300146 0.0339240437463248 0.0
-0.178779506557568 -0.658570055663015 0.0
0.459841758627482 -0.0521854053864816 0.0
-0.120508864806572 0.572496134972964 0.0
-0.773420959667597 -0.0283870864729897 0.0
-0.117520482133742 -0.659855809562795 0.0
0.464942825916164 0.0106551733959211 0.0
-0.187685212682508 0.574692754884246 0.0
-0.775443269150436 -0.0905784947059044 0.0
-0.0562479807074709 -0.661112056039157 0.0
0.470952235914516 0.0738115016278054 0.0
-0.253626230536188 0.577714517254699 0.0
-0.777522916535691 -0.152639067115044 0.0
0.00503257703874864 -0.662333588138895 0.0
0.47807983464423 0.137366114857618 0.0
-0.319625393014697 0.577066017328877 0.0
-0.779750392687977 -0.214549157936133 0.0
0.0663141227126552 -0.663523994523928 0.0
0.486587855122633 0.201430902448807 0.0
-0.386478147080576 0.57779668664647 0.0
-0.781217261751174 -0.276363709946574 0.0
0.127588799333908 -0.664695653752946 0.0
0.496821360325841 0.266159592548251 0.0
-0.454293787518481 0.57869194575746 0.0
-0.78285596565228 -0.338225013793342 0.0
0.188849757025186 -0.665868573821664 0.0
0.509272957787677 0.331771741501554 0.0
-0.522899880043245 0.584191524065298 0.0
-0.784879224481709 -0.400065045458234 0.0
0.250092781243335 -0.667067731541258 0.0
0.5247186009195 0.398597368109598 0.0
-0.591323441713742 0.589740973231836 0.0
-0.786652733798678 -0.461756250626384 0.0
0.311317657390437 -0.668318292400042 0.0
0.544525820558054 0.467156702386815 0.0
-0.659902347658136 0.59135254854525 0.0
-0.788346787856167 -0.523297542153133 0.0
0.372529829854317 -0.669637501938418 0.0
0.571468140939942 0.538247491551729 0.0
-0.73186811676645 0.597451800987229 0.0
-0.789673836799211 -0.584729663501628 0.0
-0.728479507418634 -0.586199682677697 0.0
-0.727124650298603 -0.524749316077369 0.0
-0.725462518244353 -0.463174900628536 0.0
-0.723696206608952 -0.401538789639925 0.0
-0.721787320638549 -0.339844280508345 0.0
-0.720164374990388 -0.278094798499995 0.0
-0.718536134263007 -0.216120061902881 0.0
-0.716318128483197 -0.153886269079607 0.0
-0.714218371705851 -0.0915909219340123 0.0
-0.712180409133503 -0.0291919946881486 0.0
-0.710234587135064 0.0333429539986893 0.0
-0.708451690976302 0.0960451173602785 0.0
-0.706941066226241 0.158951727829721 0.0
-0.705863431218823 0.222110377523492 0.0
-0.705458671702725 0.28557671816402 0.0
-0.706101083319369 0.3493958584718 0.0
-0.708418220042142 0.41352881899956 0.0
-0.713576784694923 0.477595448607649 0.0
-0.72393303488033 0.539950808512024 0.0
-0.66727250063021 -0.587393336929449 0.0
-0.66585143724146 -0.525955787369679 0.0
-0.664212392571246 -0.464397831236237 0.0
-0.662449582798122 -0.402727736490094 0.0
-0.660628504020435 -0.340916961748876 0.0
-0.658931512349497 -0.279001678727531 0.0
-0.657138462023126 -0.216980757672502 0.0
-0.655040714406987 -0.154774416334859 0.0
-0.652968207251565 -0.0924303321122407 0.0
-0.650946206906958 -0.0299446827474544 0.0
-0.64902380293971 0.0326947729706706 0.0
-0.647281342326532 0.0955006649036696 0.0
-0.645837180868697 0.158480324231744 0.0
-0.644861516049818 0.221625175566158 0.0
-0.644599779985468 0.28488651635625 0.0
-0.64540971921373 0.348126507886168 0.0
-0.647811552543374 0.411022515285545 0.0
-0.6524597862667 0.472905879398077 0.0
-0.658149923911679 0.532792697968406 0.0
-0.606038944041368 -0.588568285758999 0.0
-0.604583064937742 -0.527114075383232 0.0
-0.60295574353086 -0.465531776180689 0.0
-0.601222217285986 -0.403817510170585 0.0
-0.599447527151439 -0.341973219492967 0.0
-0.597687880305027 -0.280029379579626 0.0
-0.595818204569085 -0.217968753986336 0.0
-0.593778249689189 -0.155750184560509 0.0
-0.591735289610945 -0.0933943137131191 0.0
-0.589738933343262 -0.0309067745232836 0.0
-0.587848388695492 0.0317066106031036 0.0
-0.586148053730402 0.0944318251925805 0.0
-0.584755332482855 0.157237925347192 0.0
-0.583829643650642 0.220064927406319 0.0
-0.583581816520107 0.282805851906821 0.0
-0.584274273149453 0.345286451067425 0.0
-0.586158168735724 0.407253841809992 0.0
-0.588954741971859 0.468434896163941 0.0
-0.590058594907731 0.529059701031568 0.0
-0.544798562899243 -0.589724972965283 0.0
-0.543326959328572 -0.52825690878556 0.0
-0.54171370495787 -0.466660437493368 0.0
-0.540005794476081 -0.404936604983568 0.0
-0.538245568351048 -0.343094500880188 0.0
-0.536445543651545 -0.281147363093971 0.0
-0.534543336621912 -0.219083463431571 0.0
-0.532533602600658 -0.156888320199191 0.0
-0.530512587282493 -0.0945782782272404 0.0
-0.528533970255219 -0.0321695253908379 0.0
-0.526658633246159 0.0303152324043333 0.0
-0.524966994520105 0.092840427581596 0.0
-0.523564409342195 0.155350608524433 0.0
-0.522583831785676 0.217762795270511 0.0
-0.522180915720675 0.279957487744875 0.0
-0.522498835248591 0.341771512160565 0.0
-0.52349974368633 0.402999976694989 0.0
-0.524362070424534 0.463476964778129 0.0
-0.521668818742137 0.523218877521225 0.0
-0.483561508842194 -0.590894411872567 0.0
-0.482083781891536 -0.529425106706642 0.0
-0.480482651122697 -0.467832247015149 0.0
-0.478790241327831 -0.406119709053604 0.0
-0.477031052834895 -0.344296137083697 0.0
-0.475205208702944 -0.282369371088649 0.0
-0.473285794450586 -0.220336609860164 0.0
-0.471286371354742 -0.158198910681382 0.0
-0.469269311910145 -0.0959750607754641 0.0
-0.467283977001376 -0.0336892627934445 0.0
-0.465386135716948 0.0286254566305091 0.0
-0.463645405507291 0.0909230610972578 0.0
-0.462147189291243 0.153139831058805 0.0
-0.460988798147625 0.215189643562225 0.0
-0.460260185750511 0.276957860738822 0.0
-0.459975059609483 0.338296794973733 0.0
-0.459857459510813 0.399037198893746 0.0
-0.458811606216143 0.459056760712699 0.0
-0.455216485791909 0.518622584845512 0.0
-0.422329770091002 -0.592100906496344 0.0
-0.42084902592251 -0.530640088896267 0.0
-0.419255592623601 -0.469061860181686 0.0
-0.417569524060171 -0.407371376640327 0.0
-0.415803788589158 -0.345576932413653 0.0
-0.41395642513818 -0.283685980507887 0.0
-0.41201869231773 -0.221702663604853 0.0
-0.410008575734856 -0.15963642869108 0.0
-0.407969353474506 -0.0975081017347783 0.0
-0.405942046589471 -0.0353448938946082 0.0
-0.40397252908301 0.0268178815980941 0.0
-0.402114671486165 0.0889346207538724 0.0
-0.400428366625129 0.150947100426369 0.0
-0.398968668214185 0.212783083938173 0.0
-0.397752814440409 0.274356304076134 0.0
-0.396672068541984 0.335576396378665 0.0
-0.395297817003913 0.39638991593882 0.0
-0.392794968446251 0.456915348970836 0.0
-0.389276457188183 0.517607108530512 0.0
-0.3611005911382 -0.593351577909554 0.0
-0.35961679995543 -0.531903262887333 0.0
-0.358025609197507 -0.470343587355174 0.0
-0.356337377725887 -0.40867832871156 0.0
-0.354557908374554 -0.346915648730892 0.0
-0.352685537097647 -0.285063643206036 0.0
-0.350719499902164 -0.223130366390371 0.0
-0.348676068096499 -0.161128681198528 0.0
-0.346585285019645 -0.0990790600698502 0.0
-0.344477899929332 -0.0370073768290773 0.0
-0.342387163677088 0.0250543319264874 0.0
-0.340348660766836 0.0870670937387921 0.0
-0.338394833901087 0.148984439096327 0.0
-0.336538792021424 0.2107536678001 0.0
-0.334735157329917 0.272320506536574 0.0
-0.332800412673265 0.333646169482853 0.0
-0.330331300214817 0.394752101331373 0.0
-0.326917576972804 0.45577185793286 0.0
-0.322568108968076 0.516681900614165 0.0
-0.299869159390113 -0.594638311546491 0.0
-0.29838103952137 -0.533201684356281 0.0
-0.296786206572391 -0.471658752421856 0.0
-0.295087590183783 -0.410015397233977 0.0
-0.293286442528644 -0.348279430678268 0.0
-0.291381171257193 -0.286459135961482 0.0
-0.289373214201313 -0.224563941281891 0.0
-0.287274440695946 -0.162607079506378 0.0
-0.285104099499061 -0.100607009526214 0.0
-0.282881939598788 -0.0385863608158664 0.0
-0.280627503653801 0.0234276767842453 0.0
-0.278357626472788 0.0854032655198497 0.0
-0.276078543345407 0.147304333303831 0.0
-0.273767500041864 0.209093603738103 0.0
-0.271336721778343 0.270740626178294 0.0
-0.268584682463202 0.332243796063587 0.0
-0.265200985412414 0.393668790924571 0.0
-0.260878646180798 0.455153460849937 0.0
-0.255145609460117 0.516875544517058 0.0
-0.238630803060981 -0.595943623417634 0.0
-0.237136691130771 -0.534514694994116 0.0
-0.235532386901023 -0.472982881691676 0.0
-0.233815610811787 -0.411353795870336 0.0
-0.23198458926519 -0.349634568932324 0.0
-0.230036973806381 -0.287833022590536 0.0
-0.227973189524737 -0.225958441104346 0.0
-0.225799481820801 -0.164023097249565 0.0
-0.223525375480035 -0.102043210639913 0.0
-0.221159438371347 -0.0400385944808468 0.0
-0.218707305793502 0.0219667652096922 0.0
-0.216167804152132 0.0839444248205466 0.0
-0.213524287886094 0.145861482031743 0.0
-0.210728137169556 0.207682686292069 0.0
-0.207674665353033 0.269375683615585 0.0
-0.204188561470065 0.330922022690721 0.0
-0.200053288148392 0.392320792031969 0.0
-0.195038009724434 0.453563428559248 0.0
-0.188382904446396 0.514582823573504 0.0
-0.177382120388985 -0.59724702553979 0.0
-0.175880259631184 -0.535820357017706 0.0
-0.174261076468946 -0.474292331223501 0.0
-0.172519159161442 -0.412668075210044 0.0
-0.170650580968425 -0.350953789155323 0.0
-0.168651398411708 -0.289156396724306 0.0
-0.166519159507464 -0.227284334595084 0.0
-0.164253781393768 -0.16534857225661 0.0
-0.161855368895596 -0.103363525016416 0.0
-0.159321045262531 -0.0413472361422865 0.0
-0.156642269841436 0.0206776315362381 0.0
-0.153800338493652 0.0826829789329 0.0
-0.150758344812224 0.144634375280235 0.0
-0.14744917841611 0.206491354160749 0.0
-0.143764639644784 0.268208021355333 0.0
-0.139560736866017 0.329732355936739 0.0
-0.134689760957545 0.390994273622899 0.0
-0.129006853886713 0.451882399496743 0.0
-0.122865516535962 0.512426528392914 0.0
-0.116121905814144 -0.598530322245764 0.0
-0.114610401391144 -0.537100450347034 0.0
-0.112971567597909 -0.475568889374075 0.0
-0.111198606416438 -0.413940125147011 0.0
-0.109285844368521 -0.352219223294974 0.0
-0.107226969208977 -0.290411901249636 0.0
-0.105015424442796 -0.228525340809914 0.0
-0.102644183642751 -0.16656897496399 0.0
-0.100103702685668 -0.104555416140444 0.0
-0.0973790793951406 -0.0425008843534834 0.0
-0.0944469385781267 0.0195736923335448 0.0
-0.0912708361050859 0.0816419021059033 0.0
-0.0877946799251997 0.14367121500343 0.0
-0.0839357196320167 0.205623861973474 0.0
-0.0795833861411278 0.267458674387179 0.0
-0.0746145900119042 0.329135784937528 0.0
-0.0689333479461794 0.390628394242942 0.0
-0.0626355654246779 0.451986571744187 0.0
-0.0566682265129976 0.513395089797564 0.0
-0.0548511357029911 -0.599781277731886 0.0
-0.0533278080863029 -0.538343690130952 0.0
-0.0516653370923026 -0.476802385398476 0.0
-0.0498567415761653 -0.415160989057229 0.0
-0.047894609832094 -0.353423188047111 0.0
-0.0457695328207563 -0.291593167773235 0.0
-0.043469946544386 -0.229676416292132 0.0
-0.0409813072022774 -0.167680336332078 0.0
-0.0382840088614685 -0.105615097361109 0.0
-0.0353505763986604 -0.0434940355177072 0.0
-0.0321423997182417 0.018665426045275 0.0
-0.028605636449775 0.0808413673276283 0.0
-0.0246669361098919 0.143007273314956 0.0
-0.020231934867343 0.205133506107361 0.0
-0.0151934480390371 0.267189806766666 0.0
-0.00946055047652216 0.329151678544206 0.0
-0.00303875804399674 0.391015844471211 0.0
0.0037695879755303 0.452808323152275 0.0
0.0103113758165734 0.51441182523317 0.0
0.00642719726614725 -0.600995764940363 0.0
0.00796484334400106 -0.539547505794632 0.0
0.0096539438674674 -0.477992017860214 0.0
0.0115011839871914 -0.416331736268792 0.0
0.0135160459772975 -0.354568684708775 0.0
0.0157116957849514 -0.292705175779077 0.0
0.0181053527615904 -0.230744537802748 0.0
0.0207194951825173 -0.168691541920064 0.0
0.02358406418252 -0.106553116764542 0.0
0.0267392922858771 -0.0443386329742901 0.0
0.0302388183004354 0.0179393290410923 0.0
0.0341527755294578 0.0802646793244244 0.0
0.0385692702939761 0.14261756132824 0.0
0.0435903988083238 0.204974989840355 0.0
0.049315309675364 0.267311296799281 0.0
0.0557972083907013 0.329600140999568 0.0
0.0629558615899904 0.391812089300968 0.0
0.070489709937244 0.453875019145965 0.0
0.0779450735571244 0.515629565395154 0.0
0.0677089010880512 -0.602178738129091 0.0
0.0692634403357597 -0.540718791610124 0.0
0.0709808443537642 -0.479146888544236 0.0
0.0728678525476541 -0.417463892658418 0.0
0.0749365935174999 -0.355669934305901 0.0
0.077204518459811 -0.293765199087453 0.0
0.0796948859119354 -0.231750490477942 0.0
0.0824382912586808 -0.169627461733141 0.0
0.0854750351309815 -0.107399193480178 0.0
0.0888579540596302 -0.0450703995329239 0.0
0.0926552008776482 0.0173518007994824 0.0
0.0969521620555511 0.0798573519042387 0.0
0.10185035620997 0.14243226413366 0.0
0.107459132063458 0.205057564660252 0.0
0.113872931768647 0.267706405883609 0.0
0.121125476341204 0.330338830380599 0.0
0.129125387046049 0.392886159270832 0.0
0.13761345758134 0.455226757064174 0.0
0.146188448122561 0.517189631710941 0.0
0.128988785930206 -0.60334414138199 0.0
0.130562313396509 -0.541873664845114 0.0
0.132307989626356 -0.480285657602789 0.0
0.134233748938741 -0.41857913074093 0.0
0.136355016355925 -0.356752269368706 0.0
0.138693840905666 -0.294803046305935 0.0
0.141279630607983 -0.23272952953723 0.0
0.144151040901209 -0.170529913502774 0.0
0.147358540466043 -0.108202970126345 0.0
0.150967247592045 -0.0457482021530048 0.0
0.155059379096588 0.0168333132268808 0.0
0.159735230938536 0.0795380599748073 0.0
0.16511038529077 0.142358238043017 0.0
0.171305322034864 0.205278941473413 0.0
0.178422028510672 0.268271763808423 0.0
0.186504639317663 0.331283592026642 0.0
0.195490124455588 0.394217987982258 0.0
0.205163001775541 0.4569172527249 0.0
0.215100361952872 0.519171336789163 0.0
0.190261645329922 -0.604513639664469 0.0
0.191854950497735 -0.543036022812902 0.0
0.193626857240126 -0.481435019887808 0.0
0.195588131674611 -0.419707830922219 0.0
0.197757958391324 -0.357850921938638 0.0
0.200162990007008 -0.29586014681043 0.0
0.202838617133267 -0.233730738278771 0.0
0.205831270003163 -0.171457145467112 0.0
0.209201206897871 -0.109033339165723 0.0
0.21302540744375 -0.046452862929061 0.0
0.21739985645326 0.0162903400625917 0.0
0.222440124754272 0.0792008899844692 0.0
0.228278247281982 0.142279565394265 0.0
0.235053167124784 0.205519163745662 0.0
0.242891644538204 0.268895451792805 0.0
0.251878138144679 0.332351980056404 0.0
0.262011927883604 0.395776292687649 0.0
0.273138146581697 0.458972902697459 0.0
0.284804882397044 0.521652942212561 0.0
0.25152293041061 -0.60571375354802 0.0
0.25313461567645 -0.544234434462908 0.0
0.254928696595904 -0.482626584484439 0.0
0.256920223217441 -0.42088623060571 0.0
0.259132089046915 -0.359008646408618 0.0
0.261595184426773 -0.296987758012392 0.0
0.264350447513855 -0.234815924602241 0.0
0.26745155506051 -0.172483592019173 0.0
0.270967945115231 -0.10997938540086 0.0
0.274987852639653 -0.047289915606304 0.0
0.279620692703659 0.015599650777534 0.0
0.284997935044058 0.0787047791513688 0.0
0.29127120874973 0.142039264124051 0.0
0.298606512324562 0.205610884016071 0.0
0.307173504168527 0.269411476749597 0.0
0.317128206368811 0.333399074936239 0.0
0.328578336248864 0.397465534720946 0.0
0.341492355053392 0.461384332755071 0.0
0.35546183550999 0.524745267357401 0.0
0.312769143808573 -0.606970667084522 0.0
0.314395172743498 -0.545496672012425 0.0
0.316205931323164 -0.483891726042443 0.0
0.318220896869957 -0.422152092176813 0.0
0.320465861028455 -0.36027228917103 0.0
0.322975312087202 -0.298244532350039 0.0
0.325795042600377 -0.23605844449032 0.0
0.328985139530049 -0.173700480538469 0.0
0.332623242864624 -0.111153653992885 0.0
0.336807817991873 -0.0483968461531848 0.0
0.341660912788328 0.0145952721272758 0.0
0.3473299766447 0.0778522870373053 0.0
0.353988531458261 0.141406932037556 0.0
0.361836531368276 0.205292463019181 0.0
0.371102003454761 0.269535027446088 0.0
0.38204427198639 0.334137454185657 0.0
0.394946059303776 0.399041626661311 0.0
0.410039090249894 0.464042912083903 0.0
0.42719874164167 0.528610544556149 0.0
0.373998994068017 -0.608301237949867 0.0
0.375633642271882 -0.546840827686689 0.0
0.377455468380659 -0.485254653774639 0.0
0.379485872312206 -0.423539125205238 0.0
0.38175267918407 -0.361688110469038 0.0
0.384293190840805 -0.299692701629605 0.0
0.38715703706259 -0.237540716976559 0.0
0.390409392117109 -0.175215669158465 0.0
0.394134476014324 -0.112695849877214 0.0
0.398439132634147 -0.049952787083494 0.0
0.403456136422559 0.0130499900137512 0.0
0.409347319121069 0.0763586616908095 0.0
0.416307463066879 0.140030605220389 0.0
0.424571983671109 0.204136116177379 0.0
0.434433757711235 0.268758238707313 0.0
0.446276570037006 0.333988822063947 0.0
0.460628690403051 0.399907560539518 0.0
0.478212855523137 0.466500732133182 0.0
0.499817600581871 0.533368670184648 0.0
