-0.793466954459717 -0.645281961214583 0.0
0.431228416258445 -0.669939473326793 0.0
-0.812348175048828 0.61237245798111 0.0
0.61237245798111 0.61237245798111 0.0
-0.732241142170039 -0.646727544001911 0.0
0.432701435490221 -0.60861831937402 0.0
0.52470217923378 0.599102575754018 0.0
-0.786513994799867 0.544259880386172 0.0
-0.671006266015073 -0.647903819701103 0.0
0.434335170360167 -0.547194646728478 0.0
0.444311297636781 0.592286310381958 0.0
-0.776316379533008 0.477570196752011 0.0
-0.609772402938449 -0.64905299172901 0.0
0.436154084036442 -0.485663894051273 0.0
0.368217269149462 0.587799599289943 0.0
-0.771657496479636 0.412582806328868 0.0
-0.548538737116293 -0.650187959598845 0.0
0.438182401857775 -0.42402150015387 0.0
0.294792002613546 0.584468362817315 0.0
-0.769648017717093 0.348634645342892 0.0
-0.487311640065437 -0.651327782059133 0.0
0.440450619567735 -0.362261991321612 0.0
0.223154490587633 0.581859973532787 0.0
-0.769170504614265 0.285298872626166 0.0
-0.426092876006376 -0.652496754018664 0.0
0.442998935715546 -0.300377921394138 0.0
0.152773500169193 0.579779294220631 0.0
-0.769657834332935 0.222337890312218 0.0
-0.364878699728942 -0.653706089120964 0.0
0.44588049640049 -0.238358639581786 0.0
0.0832848772487273 0.578112946781124 0.0
-0.770772604800954 0.159620743080415 0.0
-0.303662461823513 -0.654952165192111 0.0
0.449164981216094 -0.17618850207033 0.0
0.0143987602568083 0.576754522109432 0.0
-0.772295050259951 0.0970755561791121 0.0
-0.242437751390472 -0.65622111155451 0.0
0.452942476353482 -0.113845031849293 0.0
-0.0541594674337845 0.575504835087835 0.0
-0.774074516644043 0.0346641749352231 0.0
-0.181200228751142 -0.657494854666804 0.0
0.457327488648003 -0.0512961669663907 0.0
-0.122681884186338 0.573644548967412 0.0
-0.776005610656057 -0.0276302808102881 0.0
-0.119948852374986 -0.658756469320444 0.0
0.462462917432503 0.0115025902702996 0.0
-0.190001309118506 0.575851111010695 0.0
-0.77801800473356 -0.0898096351423886 0.0
-0.0586858326213038 -0.659994046835437 0.0
0.468524502049443 0.074612127509009 0.0
-0.256054255457244 0.57887784789452 0.0
-0.780087302553738 -0.151862070578156 0.0
0.00258381443508119 -0.661203032108003 0.0
0.475727659556552 0.138114661125175 0.0
-0.322164203844037 0.578152847832374 0.0
-0.782300469061799 -0.213767443481458 0.0
0.063853553259577 -0.662387309325009 0.0
0.484341712547815 0.202121602109212 0.0
-0.389151742889848 0.578808085880134 0.0
-0.783756388383026 -0.275577339926086 0.0
0.125116162218253 -0.66355917217278 0.0
0.494720996258555 0.266785860910832 0.0
-0.45712343298526 0.579604789616419 0.0
-0.785382478114057 -0.337435146166677 0.0
0.186365503941863 -0.664738115408956 0.0
0.507370852459128 0.332325459442393 0.0
-0.52589654969632 0.585044557493248 0.0
-0.787388211702273 -0.399274270232228 0.0
0.247598123161946 -0.665948085059005 0.0
0.523085886125451 0.39906728166152 0.0
-0.59446734121593 0.590508346589483 0.0
-0.789141613571057 -0.460965352966364 0.0
0.30881456330148 -0.667212549594698 0.0
0.543263090643223 0.467524439569666 0.0
-0.663187718775608 0.591937153115287 0.0
-0.790813722801921 -0.522506854632779 0.0
0.370020934991096 -0.668546155841398 0.0
0.570725278751905 0.538476278122304 0.0
-0.735356941245597 0.597804554331675 0.0
-0.792117864169122 -0.58393940073045 0.0
-0.730922409000065 -0.585387154190116 0.0
-0.729590770415836 -0.523936942964859 0.0
-0.72795061941537 -0.462363200804199 0.0
-0.726203940613741 -0.400728160675181 0.0
-0.724312728197233 -0.339035130302426 0.0
-0.722703407793262 -0.277289400106923 0.0
-0.721085280631438 -0.215321011248769 0.0
-0.718878996134014 -0.153094826774328 0.0
-0.71678897537056 -0.0908093176674335 0.0
-0.714760214379268 -0.0284229787128232 0.0
-0.71282442376214 0.0340961472552806 0.0
-0.711054107848274 0.0967788219849313 0.0
-0.709561002278782 0.159661902732506 0.0
-0.708509298677589 0.222792676940991 0.0
-0.708144102749215 0.286226553261825 0.0
-0.708847849442376 0.350008303151855 0.0
-0.711261351169739 0.414097756021201 0.0
-0.716573851343823 0.478109552691938 0.0
-0.727178355393274 0.540377325539948 0.0
-0.669714630890886 -0.586558305158968 0.0
-0.668316906318167 -0.525121287775124 0.0
-0.666699430252212 -0.463564250852445 0.0
-0.664955737206348 -0.401895689212799 0.0
-0.663150932297288 -0.340087629535718 0.0
-0.661466536384729 -0.278176265563222 0.0
-0.659683715314708 -0.216160184941726 0.0
-0.657595887581432 -0.153960324672614 0.0
-0.655531814554037 -0.0916242970357321 0.0
-0.65351772816065 -0.0291483545328414 0.0
-0.651603990476565 0.0334797091277287 0.0
-0.649872666287935 0.0962725887622208 0.0
-0.648444536319926 0.159237807036005 0.0
-0.647493300067423 0.222367097802728 0.0
-0.647269509109563 0.28561207026477 0.0
-0.648138432026542 0.348834787499728 0.0
-0.650631202313411 0.411710969131479 0.0
-0.655416471368972 0.473566414161452 0.0
-0.661278471708512 0.533413996946282 0.0
-0.608480010625852 -0.587709035436009 0.0
-0.607047502784585 -0.526255043874606 0.0
-0.605441164330252 -0.464673305825916 0.0
-0.603725693448989 -0.402960177910121 0.0
-0.601965877900839 -0.341117728458251 0.0
-0.600217891383304 -0.279176317485713 0.0
-0.598357673843878 -0.217118754821366 0.0
-0.596326023733246 -0.154904078308664 0.0
-0.594290033191534 -0.0925527558738995 0.0
-0.592300139120985 -0.0300702431691236 0.0
-0.590416767583423 0.0325378721433567 0.0
-0.588726011587623 0.0952578850841864 0.0
-0.587347656820024 0.15805921407167 0.0
-0.586444473801395 0.220882187184867 0.0
-0.586231961739278 0.283619842883955 0.0
-0.586978844168865 0.346097190112064 0.0
-0.588943755805436 0.408059229143853 0.0
-0.59184907742237 0.469230304166535 0.0
-0.593049299191409 0.529848009182 0.0
-0.547238383108782 -0.588838598599736 0.0
-0.545790056250603 -0.527370032669492 0.0
-0.544196988452914 -0.46577321104366 0.0
-0.542505940430838 -0.404049304726809 0.0
-0.540759287763153 -0.34220740429729 0.0
-0.538969843096274 -0.280260653037938 0.0
-0.537076009913992 -0.21819726845752 0.0
-0.53507312529766 -0.156002709588732 0.0
-0.533057672202139 -0.0936930750752579 0.0
-0.531084116895258 -0.0312842860935419 0.0
-0.529214508107201 0.0312012260775166 0.0
-0.527530892930303 0.0937281370405818 0.0
-0.52614087475716 0.156241111547959 0.0
-0.525180453631262 0.218656981149735 0.0
-0.524809242443473 0.280855464073632 0.0
-0.525174992108247 0.342671631464691 0.0
-0.526242605801499 0.403897708018574 0.0
-0.527180453170949 0.464365692184507 0.0
-0.524517363778898 0.524095390782429 0.0
-0.486000150039864 -0.589977789746081 0.0
-0.484545448625975 -0.52850706928693 0.0
-0.482963589350153 -0.466912678238773 0.0
-0.481286835344725 -0.405198572410323 0.0
-0.479539984911986 -0.343373348704276 0.0
-0.4777236153521 -0.281444720328569 0.0
-0.475811458637891 -0.219409753264057 0.0
-0.473817615137742 -0.157269341966533 0.0
-0.471804859810132 -0.0950420328021676 0.0
-0.46982330036337 -0.0327518093521517 0.0
-0.467929788001535 0.0295684487862803 0.0
-0.466195428253801 0.0918727045900213 0.0
-0.464707612257077 0.154096968455003 0.0
-0.463566186579724 0.21615439896777 0.0
-0.462864014541822 0.277928955877231 0.0
-0.462617100153188 0.339270638359273 0.0
-0.462547490165969 0.400007139118226 0.0
-0.461543306409401 0.460013792819152 0.0
-0.457961580809334 0.51955975094496 0.0
-0.42476764823108 -0.591151531178301 0.0
-0.423309484333681 -0.529688410359789 0.0
-0.421734325007326 -0.468107502828633 0.0
-0.420062735702175 -0.406414026465879 0.0
-0.418308196518558 -0.344616201985333 0.0
-0.416469275009476 -0.2827213372773 0.0
-0.414537781702718 -0.2207334136387 0.0
-0.412532161755015 -0.158661703607929 0.0
-0.410496127589396 -0.096526852789325 0.0
-0.408471366616598 -0.0343559592588777 0.0
-0.40650468763129 0.0278156513224504 0.0
-0.404651208549831 0.0899421646196374 0.0
-0.402972401108486 0.151964856101494 0.0
-0.401525127865106 0.213810590526027 0.0
-0.400328196498827 0.275391722563107 0.0
-0.399272713776203 0.33661611469626 0.0
-0.397924548858633 0.397428820989693 0.0
-0.395436157787889 0.457949154687843 0.0
-0.391926661910008 0.518636540956248 0.0
-0.363538490726505 -0.592368168662215 0.0
-0.362076591031957 -0.530916853152769 0.0
-0.36050260556198 -0.469353591819792 0.0
-0.358827731981572 -0.407684215622927 0.0
-0.357058434860015 -0.345916803683294 0.0
-0.355193596289846 -0.284059306671614 0.0
-0.353232919117443 -0.222119623354845 0.0
-0.351193053131075 -0.160110471358955 0.0
-0.349104421885107 -0.0980522140219194 0.0
-0.346998306674204 -0.0359707065872206 0.0
-0.34490867869051 0.0261018948512907 0.0
-0.342872040270969 0.088126310235807 0.0
-0.340921894799654 0.150055524032118 0.0
-0.339072323806353 0.211836018754001 0.0
-0.337278172311793 0.273412469850514 0.0
-0.335353884750309 0.334745055207897 0.0
-0.332890164502519 0.39585493202059 0.0
-0.329470557290507 0.456876861451421 0.0
-0.325102374264078 0.517784662357047 0.0
-0.302308185543202 -0.593621137920246 0.0
-0.300840983417014 -0.532181097923302 0.0
-0.29926221877972 -0.470634030930381 0.0
-0.297575904915455 -0.408985863002064 0.0
-0.295784032059408 -0.34724432043671 0.0
-0.293885520412993 -0.285417550003955 0.0
-0.291882175257493 -0.223514843759719 0.0
-0.289786138073158 -0.161549326401495 0.0
-0.287616922089194 -0.0995394052917003 0.0
-0.285394624596762 -0.0375077543356478 0.0
-0.283139240203307 0.0245182616563798 0.0
-0.280868133229221 0.08650646809261 0.0
-0.278588031656658 0.148420272907788 0.0
-0.276276325742954 0.210221710360766 0.0
-0.273844349671263 0.271879584965442 0.0
-0.271087596262543 0.333391847278006 0.0
-0.267690385870973 0.394824690590983 0.0
-0.263339223559581 0.456317424285042 0.0
-0.257547756082425 0.518049583678338 0.0
-0.241072286523054 -0.594894578274352 0.0
-0.239597813712344 -0.533462144778175 0.0
-0.238008377085699 -0.471926047912676 0.0
-0.236302918576686 -0.410291925459582 0.0
-0.234480399058232 -0.34856681736111 0.0
-0.232538898355211 -0.286758417427407 0.0
-0.230479083756137 -0.224875894223462 0.0
-0.22830733566758 -0.162931445457368 0.0
-0.226033282066742 -0.10094128260153 0.0
-0.223665615548433 -0.0389253081004991 0.0
-0.221210115744126 0.0230922763971403 0.0
-0.218665717035638 0.0850826576117941 0.0
-0.21601569589948 0.147012389062896 0.0
-0.213210849797844 0.208845507845492 0.0
-0.210144873455003 0.270548853427871 0.0
-0.206639316616116 0.332103241558134 0.0
-0.202473040150383 0.393507129948616 0.0
-0.197408305002301 0.454750953768209 0.0
-0.190663674055672 0.515764807992206 0.0
-0.179827495543951 -0.596169507996696 0.0
-0.17834370018713 -0.534739555403449 0.0
-0.176738135253204 -0.47320748795178 0.0
-0.17500662696772 -0.411578423351161 0.0
-0.173145897337704 -0.34985845672962 0.0
-0.171152297517982 -0.288054388254868 0.0
-0.169023463420146 -0.226174556085229 0.0
-0.166759280775807 -0.164229881587289 0.0
-0.164359760950808 -0.102234805171682 0.0
-0.161821894595472 -0.0402074945997084 0.0
-0.159136944290299 0.021829134496374 0.0
-0.156285865980357 0.0838465695524683 0.0
-0.153231110095637 0.145809772407733 0.0
-0.149904351016604 0.20767744956041 0.0
-0.146195278997058 0.269402644388231 0.0
-0.141956739594338 0.330931969021985 0.0
-0.137036863588403 0.39219337209254 0.0
-0.131284714263721 0.453072383311157 0.0
-0.12505656337404 0.513599246524345 0.0
-0.118572580749084 -0.597428998402608 0.0
-0.117077316607225 -0.535996345092675 0.0
-0.115450834455019 -0.47446133251023 0.0
-0.11368746297916 -0.412828385567152 0.0
-0.111782011993402 -0.351102443124805 0.0
-0.109728285349384 -0.289289098906299 0.0
-0.107519633416988 -0.227395448495962 0.0
-0.105148807027664 -0.165430895298956 0.0
-0.102605943445424 -0.103408096543332 0.0
-0.0998757205134567 -0.0413434132111175 0.0
-0.0969341934843521 0.0207419629119729 0.0
-0.0937441034892348 0.0828212024923376 0.0
-0.090248145466308 0.144861172532614 0.0
-0.0863617583971974 0.20682329203767 0.0
-0.0819718017763318 0.268665365476995 0.0
-0.0769518676966259 0.330346310968304 0.0
-0.0712021802745633 0.391838140974402 0.0
-0.0648174995788393 0.453191436182062 0.0
-0.0587610125523489 0.514595846151145 0.0
-0.0573083697908684 -0.598661774718725 0.0
-0.0557992844345459 -0.537222146872701 0.0
-0.0541479310417321 -0.475678271512758 0.0
-0.0523482166024048 -0.414033647994895 0.0
-0.0503929755387673 -0.352291809942342 0.0
-0.0482727004066344 -0.290456816111565 0.0
-0.0459755331760724 -0.228534075582999 0.0
-0.043486498158496 -0.166530969634822 0.0
-0.0407854251723629 -0.104457714565228 0.0
-0.0378441094111271 -0.0423277774339549 0.0
-0.0346229767293169 0.0198411822431019 0.0
-0.0310668830638539 0.0820268770801528 0.0
-0.02710070992627 0.14420226819577 0.0
-0.0226277466028496 0.206337021919661 0.0
-0.0175378913393967 0.268400027500506 0.0
-0.011737051816536 0.330365897195716 0.0
-0.00522866400119578 0.392230919577604 0.0
0.00168189380014246 0.454021892732757 0.0
0.00833466775824556 0.515619748097188 0.0
0.00396239774713968 -0.599864333898616 0.0
0.00548786116213996 -0.538414967568299 0.0
0.0071669799108714 -0.476858020227308 0.0
0.00900590899165586 -0.415195729750317 0.0
0.0110141782993934 -0.353429942026531 0.0
0.0132052887033542 -0.29156284178352 0.0
0.0155969635837655 -0.229597683079683 0.0
0.0182123302291899 -0.167539215305318 0.0
0.0210821496183578 -0.105394401115205 0.0
0.0242477039828017 -0.0431727109939081 0.0
0.0277639970120651 0.0191130918857363 0.0
0.0317029438528134 0.0814466283721982 0.0
0.0361549407832401 0.143807618778228 0.0
0.0412248954162026 0.206172497176775 0.0
0.0470150872787632 0.268514861750282 0.0
0.0535814769876531 0.330807588231811 0.0
0.0608446258999752 0.39302060701853 0.0
0.0685008391222941 0.455080723442671 0.0
0.0760947539971091 0.516826433924905 0.0
0.0652358634847119 -0.60104189905394 0.0
0.0667802023447096 -0.539581922982438 0.0
0.0684885879152661 -0.478009844163189 0.0
0.0703676882128085 -0.41632626544393 0.0
0.0724300062356989 -0.354531127003256 0.0
0.0746935681647085 -0.292624493641053 0.0
0.0771823425347182 -0.230607101794521 0.0
0.0799277877929419 -0.168480579811365 0.0
0.0829712788195033 -0.106248022479511 0.0
0.0863670201530654 -0.0439142029428784 0.0
0.0901849241122405 0.0185136393161235 0.0
0.0945126234627253 0.0810252414577186 0.0
0.0994544214806083 0.14360628221309 0.0
0.105122912547817 0.20623728780482 0.0
0.111615886966273 0.268890702936267 0.0
0.118969700452319 0.331525633966682 0.0
0.127093895727042 0.394072098912271 0.0
0.135728545733455 0.456406592803731 0.0
0.144472122239512 0.518356211566687 0.0
0.126507225846297 -0.602208300994495 0.0
0.128072301682443 -0.540738966818521 0.0
0.129809680132136 -0.479152187254717 0.0
0.131727748663064 -0.417446675023214 0.0
0.133842634065196 -0.355620436257426 0.0
0.136177182863285 -0.293671345059002 0.0
0.13876170164758 -0.231597417340605 0.0
0.141635909454039 -0.169396822318844 0.0
0.14485159247726 -0.10706832634487 0.0
0.148475543784234 -0.0446114504901665 0.0
0.152592120197975 0.0179726694976 0.0
0.157304313009452 0.0806803877196734 0.0
0.162730978794076 0.143503653330417 0.0
0.168996321259515 0.206427116947317 0.0
0.176206099189532 0.269421636819732 0.0
0.184407566930678 0.332432921162736 0.0
0.193539466400539 0.395362722802568 0.0
0.203386629188606 0.458050941113406 0.0
0.213525478388028 0.520285437111957 0.0
0.187771695945716 -0.603384653151463 0.0
0.189357910023307 -0.541909385395754 0.0
0.191121949399518 -0.480311086405525 0.0
0.19307556559501 -0.418586668706709 0.0
0.19523893359877 -0.356732463777524 0.0
0.197639687916346 -0.294744267899303 0.0
0.200314277414546 -0.232617287016965 0.0
0.203310374296191 -0.170345950579183 0.0
0.206689778203469 -0.107924208404555 0.0
0.210531430683856 -0.045345586115634 0.0
0.214933817081509 0.0173959700950082 0.0
0.220015639120774 0.0803050209802853 0.0
0.22591271335407 0.143382169374236 0.0
0.232768296283122 0.20661982480502 0.0
0.240713667172791 0.269993000741429 0.0
0.24983747027187 0.33344389775261 0.0
0.260142151007048 0.396857852023883 0.0
0.271474149604608 0.460036303855289 0.0
0.28338003369751 0.522687407146516 0.0
0.249025150529167 -0.604596382189096 0.0
0.250630596361546 -0.543120577630587 0.0
0.252416947820883 -0.481516943411658 0.0
0.254400696353975 -0.419781298730439 0.0
0.256605935848848 -0.35790886315576 0.0
0.259064669018019 -0.295893562621151 0.0
0.261819015448291 -0.233727762623156 0.0
0.264924043842608 -0.171401900648071 0.0
0.268450931122167 -0.108904572909897 0.0
0.272490133819411 -0.0462223469763903 0.0
0.27715390045859 0.0166596487984061 0.0
0.2825772497751 0.0797568753092386 0.0
0.28891612272862 0.14308301517316 0.0
0.296341549750398 0.206645518900346 0.0
0.305028781508334 0.270435499459255 0.0
0.315139671449701 0.334409571657536 0.0
0.326787298240676 0.398457060057513 0.0
0.339943323627647 0.462347434643394 0.0
0.354197490419507 0.525665572217563 0.0
0.310264516704848 -0.605867861785871 0.0
0.311884614430374 -0.544398410085832 0.0
0.31368755445685 -0.482799218447294 0.0
0.315694536213975 -0.421066496939508 0.0
0.317932654869499 -0.359194809700539 0.0
0.320437582772104 -0.29717643051988 0.0
0.323256378613836 -0.235001021623024 0.0
0.326450639238435 -0.17265504767228 0.0
0.330099907889533 -0.110121501653542 0.0
0.334305093590927 -0.0473792221285143 0.0
0.339191369815439 0.0155971658629018 0.0
0.344910118706332 0.078837260991571 0.0
0.351639701722022 0.142373713122285 0.0
0.359585901593133 0.206239492401378 0.0
0.368983651664135 0.270460073810563 0.0
0.380100317777505 0.335036889131051 0.0
0.393227447049589 0.399909080034114 0.0
0.408604377138368 0.464866925996764 0.0
0.426107261686784 0.529371427825153 0.0
0.37148895216322 -0.60721314035419 0.0
0.373117557964983 -0.545758076863694 0.0
0.374931391108607 -0.484179317384466 0.0
0.376953604384786 -0.422473374491902 0.0
0.379213333087988 -0.360634226463854 0.0
0.381749086993383 -0.298653057073144 0.0
0.38461181238018 -0.236517756367782 0.0
0.387868275413278 -0.174211889585093 0.0
0.391604719302642 -0.111713782568021 0.0
0.395930597873379 -0.048994983188033 0.0
0.400982036826509 0.0139809603089122 0.0
0.406925112191086 0.0772601800283611 0.0
0.413959906525161 0.140899920465834 0.0
0.422328418778363 0.204970162890892 0.0
0.432331783163772 0.269553279413338 0.0
0.444364363439464 0.334739733715286 0.0
0.45896811285873 0.400606341339242 0.0
0.476882387854746 0.467133270766118 0.0
0.498909352743419 0.533908178478545 0.0
