-0.793271790506601 -0.645563352126868 0.0
0.43177612356239 -0.672969458478413 0.0
-0.805934536457062 0.61237245798111 0.0
0.61237245798111 0.61237245798111 0.0
-0.732048789128457 -0.647205561766412 0.0
0.43338595574527 -0.611645372772632 0.0
0.525247027235271 0.598165430381925 0.0
-0.781279504792809 0.544058299162656 0.0
-0.670813395728733 -0.648574709215821 0.0
0.435178375182869 -0.550210352259398 0.0
0.445265011124182 0.590764480623431 0.0
-0.771799062685738 0.477324384094697 0.0
-0.609576162450308 -0.649916329871595 0.0
0.437172471092113 -0.488658164348506 0.0
0.369520418011421 0.585911783544678 0.0
-0.767631443152563 0.412314472461632 0.0
-0.548335614528741 -0.651242192527532 0.0
0.439388099960908 -0.426983227889929 0.0
0.296408845076655 0.582358531169673 0.0
-0.766000202885891 0.348347885819755 0.0
-0.487097649019391 -0.652569338395948 0.0
0.44185191241083 -0.365179360922662 0.0
0.225059935801296 0.579627598972545 0.0
-0.765836618502963 0.2849970314365 0.0
-0.425863792679006 -0.653919837131688 0.0
0.444600377946023 -0.303238559630627 0.0
0.15494939623438 0.5774960399268 0.0
-0.766598308347247 0.222024628835525 0.0
-0.36463030210226 -0.655302778115226 0.0
0.447682695723418 -0.241149699058579 0.0
0.0857190166353674 0.57583282371964 0.0
-0.767961915749404 0.15929958686544 0.0
-0.303390772830913 -0.656712772320813 0.0
0.45116408186704 -0.178896725526555 0.0
0.017085100488642 0.574521127455697 0.0
-0.769716155085903 0.0967495833355782 0.0
-0.242139268704886 -0.658134662291041 0.0
0.455129357978248 -0.116456817913044 0.0
-0.051219571010857 0.573358760493766 0.0
-0.771715650279014 0.0343359279345834 0.0
-0.18087212836925 -0.659549592437991 0.0
0.459686699979192 -0.0537976339626458 0.0
-0.119477959097968 0.57163575590559 0.0
-0.773858334950091 -0.0279587413797155 0.0
-0.119589162680687 -0.660940339017271 0.0
0.464971374453592 0.00912556968286856 0.0
-0.186552301492508 0.57389939416839 0.0
-0.77607601455038 -0.0901365948199782 0.0
-0.0582935806189959 -0.662295157745022 0.0
0.471149987317829 0.0723739776191452 0.0
-0.25240717630315 0.57699150143003 0.0
-0.778345796910279 -0.152185940498934 0.0
0.00300848188545425 -0.663610125042328 0.0
0.478427099318373 0.136030327281728 0.0
-0.318324232656601 0.576471128020279 0.0
-0.780757872005739 -0.214086278691688 0.0
0.0643092732092079 -0.664890266667187 0.0
0.487059022421443 0.20020707713904 0.0
-0.385068433204372 0.577322213378268 0.0
-0.782406903847786 -0.275894344247224 0.0
0.125600289664238 -0.666149619141304 0.0
0.497383908654874 0.265059230568724 0.0
-0.452749677839108 0.578346475454744 0.0
-0.784222511852947 -0.33774935231989 0.0
0.186874093501897 -0.667410174701096 0.0
0.509885553387597 0.330808938799263 0.0
-0.521189506928729 0.583919789901575 0.0
-0.786418433728576 -0.399581485903018 0.0
0.24812599557988 -0.668699355670673 0.0
0.525327320416711 0.39779144082411 0.0
-0.589454523508226 0.589549950400005 0.0
-0.788362906129259 -0.46126539868791 0.0
0.309355530222147 -0.670045378173174 0.0
0.545056827261033 0.466538080492406 0.0
-0.657879783672616 0.591302839725699 0.0
-0.790228490239614 -0.522799433227621 0.0
0.37056831976552 -0.671469222959816 0.0
0.571814046864557 0.537873108726133 0.0
-0.729605278369873 0.597487314869493 0.0
-0.791727085394985 -0.58422628042858 0.0
-0.730534077823625 -0.585870231690827 0.0
-0.729008270174388 -0.524424980773077 0.0
-0.727175737167798 -0.462857699147106 0.0
-0.725238734427269 -0.401229531244976 0.0
-0.723156928882572 -0.33954396476004 0.0
-0.721357031855618 -0.277802979836975 0.0
-0.719546692128308 -0.215838697211231 0.0
-0.717142665715726 -0.153619187257548 0.0
-0.714851694446852 -0.0913399836308528 0.0
-0.712617297232962 -0.0289599537714945 0.0
-0.710469566802991 0.0335526525004724 0.0
-0.70847869384267 0.0962283664213077 0.0
-0.706752814387774 0.159103738070845 0.0
-0.705450404750742 0.222225683263893 0.0
-0.704807420265282 0.28564939258606 0.0
-0.705191442011346 0.349420489662454 0.0
-0.707218649751929 0.413503923388862 0.0
-0.712036801884983 0.477534392139855 0.0
-0.721976126217394 0.539914283296322 0.0
-0.66932568104549 -0.587234421387576 0.0
-0.667734632754492 -0.525803518855475 0.0
-0.665926110319088 -0.46425348209282 0.0
-0.663992734591859 -0.402592417429775 0.0
-0.661998158316684 -0.340791777031691 0.0
-0.660123316644995 -0.278887534206936 0.0
-0.658147760251324 -0.216879469126436 0.0
-0.655862931058588 -0.154689051190222 0.0
-0.653598050523956 -0.0923633574142995 0.0
-0.651378275379718 -0.0298989942730666 0.0
-0.649252427957115 0.0327159031113333 0.0
-0.647300232949429 0.0954937415805159 0.0
-0.645638824069969 0.158441939440035 0.0
-0.64443624995478 0.221552652298498 0.0
-0.643934442316171 0.284779233921184 0.0
-0.644485793489625 0.347988523510698 0.0
-0.64660310633494 0.410867312499352 0.0
-0.650934392530881 0.47276290259602 0.0
-0.656315021765731 0.532695486249989 0.0
-0.608087887200128 -0.588578155300407 0.0
-0.606463279758587 -0.527131036711379 0.0
-0.604667336978875 -0.465557014069374 0.0
-0.602763334034809 -0.403852129181781 0.0
-0.600814654592545 -0.342018342110142 0.0
-0.598876474134074 -0.280086167726584 0.0
-0.596823371836608 -0.21803906162111 0.0
-0.594594971475124 -0.155836472027513 0.0
-0.592358207045374 -0.0934988169512978 0.0
-0.590162597787547 -0.0310318094632753 0.0
-0.588067147262298 0.031558811467838 0.0
-0.586155751806051 0.0942594540386532 0.0
-0.584544838602482 0.157040161704356 0.0
-0.583392193386336 0.219842819142186 0.0
-0.582906234638119 0.282563593932159 0.0
-0.583346385607265 0.345032963930392 0.0
-0.584961988587478 0.407003854468873 0.0
-0.587485684151615 0.468205390243106 0.0
-0.588380262579047 0.528850412613318 0.0
-0.54684024897973 -0.589898994672762 0.0
-0.545201539793728 -0.52843781068218 0.0
-0.543420604999653 -0.4668492091742 0.0
-0.541542364165685 -0.405134180165514 0.0
-0.539607704763618 -0.343301849973038 0.0
-0.537628324256632 -0.281365613719372 0.0
-0.535541555211761 -0.219314165945213 0.0
-0.533341977363359 -0.157133261507039 0.0
-0.531125754297095 -0.0948390370738778 0.0
-0.528946609500549 -0.0324474559229316 0.0
-0.526865396620177 0.0300192450152964 0.0
-0.524962303191542 0.0925263556788969 0.0
-0.523342154682466 0.155019810937968 0.0
-0.522137041921676 0.217418674915975 0.0
-0.521501592995841 0.279606204841091 0.0
-0.521578690362083 0.341422526888074 0.0
-0.522334915809575 0.40266561940108 0.0
-0.522972618240658 0.46316811561343 0.0
-0.52015467881618 0.522935237181419 0.0
-0.485592972456672 -0.591225650293832 0.0
-0.483950163576521 -0.52976242760317 0.0
-0.48218243042009 -0.468176319117932 0.0
-0.480319893494751 -0.406471175965105 0.0
-0.478385823064325 -0.344655708419511 0.0
-0.476379743726628 -0.282737907545697 0.0
-0.474274606973269 -0.220715189298824 0.0
-0.4720840548477 -0.158588634906241 0.0
-0.46987062064295 -0.0963767668379261 0.0
-0.46768392182022 -0.0341033946684135 0.0
-0.465579964068103 0.028199084348758 0.0
-0.463628505545489 0.0904855772352135 0.0
-0.461914975826346 0.152693677442669 0.0
-0.460536706849457 0.214738970004893 0.0
-0.45958414633111 0.276508881511512 0.0
-0.459073617525873 0.337857905209668 0.0
-0.458739109559025 0.398618094772215 0.0
-0.457514520378081 0.45866492019219 0.0
-0.453815895639662 0.51825761848961 0.0
-0.424348298345557 -0.592580763938721 0.0
-0.422704859919015 -0.531124792469018 0.0
-0.420946035342799 -0.469551663895743 0.0
-0.419090091773407 -0.407866562498403 0.0
-0.417149043073532 -0.346077875198923 0.0
-0.415120585814796 -0.284193181228479 0.0
-0.412996054415597 -0.222216724452553 0.0
-0.410793730378405 -0.160157885079617 0.0
-0.40855730930522 -0.0980372207503129 0.0
-0.406328331388358 -0.0358815396886823 0.0
-0.404153226830918 0.0262744243595984 0.0
-0.402086435681127 0.0883858513550367 0.0
-0.400188495598785 0.150395512230496 0.0
-0.398515440106842 0.212232342408607 0.0
-0.397086608501892 0.273811290851099 0.0
-0.395798622549916 0.335042805211927 0.0
-0.394236237789196 0.395872606758033 0.0
-0.391587049910344 0.456414581166075 0.0
-0.387960958443908 0.517115137713452 0.0
-0.363103864945042 -0.593970556803938 0.0
-0.361460046772204 -0.532525588236047 0.0
-0.359704774301097 -0.470969048664793 0.0
-0.357846956461498 -0.409306820209497 0.0
-0.355891772065682 -0.347547199962285 0.0
-0.353837506807527 -0.285698412432586 0.0
-0.351683723690746 -0.223768581137987 0.0
-0.349447238979224 -0.161770505161929 0.0
-0.347158784474112 -0.0997244537119644 0.0
-0.344849918746156 -0.0376559934609104 0.0
-0.342554798434929 0.0244032594672741 0.0
-0.340310037239628 0.0864148681439787 0.0
-0.338149371172338 0.148332993551008 0.0
-0.336087859219923 0.210105591159253 0.0
-0.334083698414868 0.27167886864812 0.0
-0.331960580886581 0.333013843006577 0.0
-0.329328058992698 0.394130139515329 0.0
-0.32578787513529 0.455157590944482 0.0
-0.321349349485005 0.516073448082967 0.0
-0.301855351278149 -0.595386731280838 0.0
-0.30021003514137 -0.533951845179061 0.0
-0.298452467403345 -0.472409972047083 0.0
-0.296584555641726 -0.410767196423579 0.0
-0.29460730517157 -0.349031529339731 0.0
-0.292519393960709 -0.287211418575718 0.0
-0.290322863452651 -0.225316387527538 0.0
-0.288030394498954 -0.163359661706249 0.0
-0.285662203278441 -0.101359595904642 0.0
-0.283239152253319 -0.0393386415931522 0.0
-0.280782055495778 0.0226762602643551 0.0
-0.278309251464852 0.084653583188955 0.0
-0.275828917470786 0.146557597168099 0.0
-0.273321147724203 0.2083513087506 0.0
-0.270702853806636 0.270004264690602 0.0
-0.267780272206341 0.331514100945743 0.0
-0.264253343609913 0.392944402338065 0.0
-0.259823865075565 0.45443016911215 0.0
-0.254027626009019 0.516146419953797 0.0
-0.240598635216989 -0.596812185496922 0.0
-0.238950183849638 -0.535383401341129 0.0
-0.237184444194018 -0.473850602168511 0.0
-0.235298609538085 -0.412219714553621 0.0
-0.233291071435309 -0.350498146273291 0.0
-0.231160090427699 -0.288693938944599 0.0
-0.228906984332975 -0.226816524076737 0.0
-0.226539083407412 -0.164878239188903 0.0
-0.22406716212707 -0.10289529655296 0.0
-0.221501213905341 -0.0408874453622346 0.0
-0.218848521078807 0.0211214442509298 0.0
-0.216109892623372 0.0831030884035071 0.0
-0.213271245789503 0.145024761099891 0.0
-0.210287560801077 0.206851330856277 0.0
-0.20705946048172 0.268550345702615 0.0
-0.203418996481167 0.330102820989095 0.0
-0.199157878344987 0.391506960704956 0.0
-0.194052567589623 0.452753729649149 0.0
-0.187358088235926 0.513777150958049 0.0
-0.179330887853837 -0.598227199053088 0.0
-0.177677421223085 -0.53679915196581 0.0
-0.175897953880252 -0.475268209780423 0.0
-0.173987090618399 -0.41363992564079 0.0
-0.171941503790848 -0.351920853500498 0.0
-0.169758204584762 -0.290118194612732 0.0
-0.167435925072971 -0.228240587606376 0.0
-0.164975940529678 -0.166299132738064 0.0
-0.162379888399624 -0.104308317403561 0.0
-0.159646634778952 -0.0422862094875104 0.0
-0.156769667798224 0.0197445471214723 0.0
-0.153732739784093 0.0817559109893133 0.0
-0.150502077776525 0.143713530808927 0.0
-0.147014749817641 0.205577000433198 0.0
-0.143168119669839 0.267300408378231 0.0
-0.138824950079153 0.328831671435413 0.0
-0.133844341509258 0.390100951514581 0.0
-0.128087708274857 0.450998097306311 0.0
-0.121906740075852 0.511552721778459 0.0
-0.118051473540255 -0.599614581335428 0.0
-0.116390820339546 -0.538181909448931 0.0
-0.114592600549195 -0.476645647358942 0.0
-0.112650610855159 -0.415010807703321 0.0
-0.110560218495611 -0.353282875520579 0.0
-0.108316406757449 -0.291467894104587 0.0
-0.105914087783431 -0.229573293689081 0.0
-0.103347861028256 -0.167608693247698 0.0
-0.100609995448457 -0.10558684414742 0.0
-0.0976876500901812 -0.0435240697001817 0.0
-0.0945598590604209 0.0185586279891829 0.0
-0.0911930901545491 0.0806347852155739 0.0
-0.0875348885977135 0.142671826875574 0.0
-0.0835071081890228 0.204631918471191 0.0
-0.0790048193140476 0.266473783580932 0.0
-0.0739111549916148 0.328157437647979 0.0
-0.068135860188471 0.389656008169471 0.0
-0.0617770000842926 0.45101884779222 0.0
-0.0557685700990003 0.512428187243422 0.0
-0.0567619182871262 -0.600963253816958 0.0
-0.0550914723684272 -0.539521553562458 0.0
-0.0532701628299604 -0.477973912692864 0.0
-0.0512922006885758 -0.416324562363908 0.0
-0.0491516469509117 -0.354577653971281 0.0
-0.046840711153423 -0.292737731493863 0.0
-0.0443495668885999 -0.230810566489038 0.0
-0.0416655523437466 -0.16880379384492 0.0
-0.0387711469577849 -0.106727783386647 0.0
-0.0356412479039136 -0.0445960544033684 0.0
-0.0322400204019093 0.017573793190761 0.0
-0.0285169520173125 0.0797596586685321 0.0
-0.0244027498975352 0.141934829412109 0.0
-0.0198079436292101 0.204069441563418 0.0
-0.0146309317586932 0.266132986545368 0.0
-0.00878639762661885 0.328100720603697 0.0
-0.00228386300906355 0.389969040764365 0.0
0.00457555135450101 0.451763417868145 0.0
0.0111444819485872 0.513368545869465 0.0
0.00453426679206639 -0.602270377412155 0.0
0.00621756755895207 -0.540816805917006 0.0
0.00806538883300974 -0.479253491285216 0.0
0.0100826297036603 -0.417583520121627 0.0
0.012276899128139 -0.355809398206072 0.0
0.0146594531657165 -0.293933810100316 0.0
0.0172455289956018 -0.231960389060374 0.0
0.0200554853210858 -0.169894174359572 0.0
0.0231169214907005 -0.107742349327253 0.0
0.0264674047229407 -0.0455145436105452 0.0
0.0301574615196737 0.0167763857562254 0.0
0.0342535301521073 0.0791140454870639 0.0
0.0388393264164071 0.141478246127714 0.0
0.044011873449231 0.203845652140669 0.0
0.0498648753396925 0.266190265774805 0.0
0.05644658223351 0.32848549120869 0.0
0.0636739337159613 0.390701796841617 0.0
0.0712458144530065 0.452767712103367 0.0
0.0787100255448611 0.514525650756482 0.0
0.065832410700111 -0.603542357905778 0.0
0.0675318280107583 -0.542076026113522 0.0
0.0694083124876621 -0.480494946659191 0.0
0.0714662643750865 -0.418800635331372 0.0
0.0737155952685449 -0.356993689440136 0.0
0.0761715996466392 -0.295074657415912 0.0
0.0788553409849324 -0.233044651578192 0.0
0.081795082460495 -0.17090561360395 0.0
0.0850285500862499 -0.108660917897434 0.0
0.0886056499886797 -0.0463155968282432 0.0
0.0925911255457146 0.0161228739165794 0.0
0.0970663623027437 0.0786440404695623 0.0
0.102128232017274 0.141233483164225 0.0
0.107880895897732 0.203871801866196 0.0
0.114413475429457 0.266531791906712 0.0
0.121755081389043 0.329173320711862 0.0
0.129811442487483 0.391727946593789 0.0
0.138322325189096 0.454074949570845 0.0
0.146885906200048 0.516044703504894 0.0
0.127126891177493 -0.604794831700195 0.0
0.128845288787544 -0.543317056475053 0.0
0.130750885308738 -0.481718667020221 0.0
0.13284881888258 -0.419999270421269 0.0
0.13515203550694 -0.358157468421168 0.0
0.137680233427584 -0.29619156236958 0.0
0.140460448950814 -0.234099910199542 0.0
0.143528822774525 -0.171880991885401 0.0
0.146933046313103 -0.109533887810381 0.0
0.150735077906506 -0.0470584520200558 0.0
0.155013474086358 0.0155438332322016 0.0
0.159864282876989 0.078268995451021 0.0
0.165398242591346 0.141108748408434 0.0
0.171730548146492 0.204047720325566 0.0
0.178957858867067 0.267057147217021 0.0
0.187119557210771 0.330083811107556 0.0
0.196148959991811 0.393031610702708 0.0
0.205827991806939 0.455743718466669 0.0
0.215731802872433 0.518011162102679 0.0
0.188412121838837 -0.606051515375842 0.0
0.190151070602226 -0.544565904358806 0.0
0.192084161043017 -0.4829534683414 0.0
0.194219069402045 -0.421211886815002 0.0
0.196572335259553 -0.359337959177982 0.0
0.199168119810247 -0.297327804801842 0.0
0.202039303480741 -0.235176896621152 0.0
0.205229653826168 -0.172879934748784 0.0
0.208796484979255 -0.110431180903603 0.0
0.212813428060144 -0.0478245287225422 0.0
0.217372606082057 0.0149456626297863 0.0
0.222585150001953 0.0778835417738582 0.0
0.228578096586763 0.14098939222219 0.0
0.235484986825719 0.204255552721555 0.0
0.243427068531609 0.267657460906047 0.0
0.252483518617392 0.331138597693044 0.0
0.262648760546336 0.394586835610772 0.0
0.27376352659834 0.457807445293373 0.0
0.285372234809931 0.520512405515738 0.0
0.249683224951973 -0.607341494133385 0.0
0.251442008604783 -0.545853790595384 0.0
0.253398837140236 -0.484233632986062 0.0
0.255565591752423 -0.422477365638752 0.0
0.257962441372614 -0.360580481428681 0.0
0.260617691420114 -0.298537065084126 0.0
0.263569672975305 -0.236339622482304 0.0
0.26686929191021 -0.173978776037072 0.0
0.270582915654717 -0.111443387269519 0.0
0.274795286049635 -0.0487203783522464 0.0
0.279611803671166 0.014204699648333 0.0
0.285159355434916 0.0773468768982792 0.0
0.291584448479296 0.140719507245905 0.0
0.299047533773574 0.20432999210518 0.0
0.307712436526815 0.268169948219139 0.0
0.31772911043036 0.332197455158943 0.0
0.329198857984999 0.396304797334978 0.0
0.342083360020817 0.460266277295966 0.0
0.355967634530664 0.523672458787475 0.0
0.310936402018493 -0.608694199716131 0.0
0.312711408788139 -0.547211850295141 0.0
0.314686600594345 -0.485593955714339 0.0
0.316878391529307 -0.423836925350238 0.0
0.319309815538251 -0.36193530176758 0.0
0.322012735582007 -0.299881279087157 0.0
0.325030289848547 -0.237664479382135 0.0
0.32841973115497 -0.175271419701553 0.0
0.332255545310804 -0.112685260960816 0.0
0.336632603800945 -0.0498851207280975 0.0
0.341668832666661 0.0131540216532252 0.0
0.347506997464403 0.0764614122760592 0.0
0.35431539914541 0.1400694786014 0.0
0.362288285924369 0.204011294647992 0.0
0.371647465153901 0.268313063195255 0.0
0.382645276834664 0.332978052607433 0.0
0.395556176250754 0.397949164719822 0.0
0.410601879525896 0.463023519589457 0.0
0.427646396159398 0.527672239454194 0.0
0.372170017974385 -0.610130529374934 0.0
0.373955544012446 -0.548662391459167 0.0
0.375943405043914 -0.487063165235411 0.0
0.378152011763722 -0.425328986132034 0.0
0.380606478818637 -0.36345340178046 0.0
0.383341513110946 -0.301427234431358 0.0
0.386404096322424 -0.239238123395491 0.0
0.389856549313272 -0.176869507302089 0.0
0.393779896089757 -0.114299709645987 0.0
0.398277329242698 -0.0515003827245993 0.0
0.403477438865795 0.011564760331931 0.0
0.409537313229809 0.0749417174121425 0.0
0.416646444427542 0.13868777930683 0.0
0.425034395642141 0.202873384264977 0.0
0.434987433901766 0.267582136993811 0.0
0.446881409413284 0.332907172793924 0.0
0.461234246841321 0.398930769599334 0.0
0.478754424780865 0.465644123613295 0.0
0.500211256224453 0.532655796002022 0.0
