-0.791874094649844 -0.646115560603665 0.0
0.433396996305817 -0.675055074548068 0.0
-0.800626993179321 0.61237245798111 0.0
0.61237245798111 0.61237245798111 0.0
-0.73065335855047 -0.6478682335149 0.0
0.435076358371324 -0.613728218792469 0.0
0.525743712554224 0.59748018170443 0.0
-0.776863547370712 0.543824869236515 0.0
-0.669418654296472 -0.649346215687584 0.0
0.43695168064617 -0.552284564014116 0.0
0.446127648687435 0.589640156437759 0.0
-0.76789810428952 0.477003352975169 0.0
-0.608181001621335 -0.650797179579227 0.0
0.439037985316011 -0.490716919153401 0.0
0.370689665523977 0.584503172792953 0.0
-0.764066000245071 0.411934387823834 0.0
-0.546938494349646 -0.652233082152899 0.0
0.441352080456426 -0.429019133630735 0.0
0.297849560196157 0.580768942394266 0.0
-0.762680219205139 0.34792049578242 0.0
-0.485696527552499 -0.653670134156573 0.0
0.443918021841488 -0.367184609822565 0.0
0.226748120394438 0.577929184562252 0.0
-0.762710413093623 0.284531364177245 0.0
-0.424456177780751 -0.655128999894447 0.0
0.44676977515552 -0.3052049804845 0.0
0.156867972021448 0.57574135143033 0.0
-0.763633904909089 0.221528537652116 0.0
-0.363213376485436 -0.656617072111263 0.0
0.449953854233655 -0.243068772484596 0.0
0.0878564187115709 0.574062023147596 0.0
-0.765138729133571 0.158779856870086 0.0
-0.301961576858208 -0.658127255087448 0.0
0.453532371080154 -0.180759593757951 0.0
0.0194351553620044 0.572767278326117 0.0
-0.767020650335194 0.0962119640115831 0.0
-0.240694910568942 -0.659642877453196 0.0
0.45758639770242 -0.118254302763586 0.0
-0.0486567738641146 0.571653563511544 0.0
-0.76913883005103 0.0337852281027887 0.0
-0.179409995230835 -0.661143882397889 0.0
0.462219496962483 -0.055520261467028 0.0
-0.116694610126475 0.570020051949832 0.0
-0.771394196642719 -0.0285185127191676 0.0
-0.118107116021124 -0.662612216130457 0.0
0.467561253634122 0.00748755448050212 0.0
-0.183568268334347 0.572305235658444 0.0
-0.773720599856237 -0.0907020618158663 0.0
-0.0567901271594427 -0.664035702643037 0.0
0.473771330219722 0.0708306416180226 0.0
-0.249262305982978 0.575425621974825 0.0
-0.776096721493499 -0.152754159206398 0.0
0.0045340466416932 -0.665410403734411 0.0
0.481045853684031 0.134592182672004 0.0
-0.315021209137575 0.575049554020815 0.0
-0.778616367291394 -0.214654373943802 0.0
0.0658567494985441 -0.666741777233534 0.0
0.489630804852799 0.198885404325826 0.0
-0.381568729404677 0.576038839373352 0.0
-0.78036802389901 -0.276463919687661 0.0
0.127168487501067 -0.668044795043783 0.0
0.499851236178038 0.263866739919199 0.0
-0.449017450086756 0.577229569618893 0.0
-0.782285237349167 -0.338319288530582 0.0
0.188460784347487 -0.669342988990485 0.0
0.51217327599446 0.329761098469554 0.0
-0.51719651309347 0.582897998201744 0.0
-0.784585728868397 -0.400148205601967 0.0
0.249727922614249 -0.670666083769356 0.0
0.527334511187261 0.396909306776234 0.0
-0.585224117490399 0.58865481200226 0.0
-0.78663658196202 -0.461828354189507 0.0
0.310968522849036 -0.67204558528771 0.0
0.546641636242323 0.465855089151129 0.0
-0.653419118338724 0.590670107783275 0.0
-0.788610736041974 -0.523358271509574 0.0
0.372187602954647 -0.673507033484848 0.0
0.572765400456279 0.53745396591124 0.0
-0.724804197742403 0.597137910176794 0.0
-0.790218902339493 -0.584781764658249 0.0
-0.729028017883592 -0.586535816238964 0.0
-0.727392604502442 -0.525093266976678 0.0
-0.72545203231958 -0.463529152672293 0.0
-0.723409285943645 -0.401904130202004 0.0
-0.721222613908127 -0.340221783167479 0.0
-0.719320009395825 -0.278481381537363 0.0
-0.717407964711988 -0.216515930725793 0.0
-0.714898390754698 -0.154295882503988 0.0
-0.712501180864678 -0.0920147545618241 0.0
-0.710158278509185 -0.0296313309865058 0.0
-0.707898180886832 0.0328862809870274 0.0
-0.705788939776668 0.0955687070837748 0.0
-0.703935536864284 0.158452511088196 0.0
-0.702491632611929 0.221584532866226 0.0
-0.701685671179408 0.285019897908089 0.0
-0.701873224686013 0.348804693854039 0.0
-0.703650649160184 0.412906830489592 0.0
-0.708131994769046 0.476973468560036 0.0
-0.717594063563851 0.53945271769412 0.0
-0.667820014528244 -0.588008758660776 0.0
-0.666119716404315 -0.526580959233147 0.0
-0.664204052312714 -0.465034257933425 0.0
-0.662165534636304 -0.403376443918394 0.0
-0.660067274064414 -0.341578369734601 0.0
-0.658090354740548 -0.279675895287414 0.0
-0.656012754949299 -0.217669569193355 0.0
-0.653623742019419 -0.155480741098218 0.0
-0.65125340832689 -0.0931562646050975 0.0
-0.648925809728668 -0.0306928991673702 0.0
-0.646688266012134 0.0319210467793145 0.0
-0.644618353529145 0.0946977715473131 0.0
-0.64283001194687 0.157644497390464 0.0
-0.641486492698818 0.220753369032593 0.0
-0.640822534926897 0.283978372646593 0.0
-0.641179838905932 0.347188703536721 0.0
-0.643055808237832 0.410077506928256 0.0
-0.647079892501653 0.472005902398079 0.0
-0.652118708851852 0.532000584973374 0.0
-0.606581497645553 -0.589462238462486 0.0
-0.604848233411159 -0.528018795462824 0.0
-0.602946192889039 -0.466448692758796 0.0
-0.600938205393348 -0.404747689238505 0.0
-0.598887062475926 -0.342917628152483 0.0
-0.596847432734171 -0.28098917503384 0.0
-0.594692617554959 -0.218946092940332 0.0
-0.592361037043865 -0.156747936353439 0.0
-0.590019628108347 -0.0944152036723008 0.0
-0.587716965582548 -0.0319538479259701 0.0
-0.585510639932252 0.0306301705549516 0.0
-0.5834824835072 0.093323125238073 0.0
-0.581745896577253 0.156095149331774 0.0
-0.580454281473545 0.218888708069909 0.0
-0.579809881039374 0.281601497101938 0.0
-0.580063903029276 0.344067117740313 0.0
-0.581456792494506 0.406043634952728 0.0
-0.583725577774358 0.467264155288463 0.0
-0.584409628986942 0.527925832274044 0.0
-0.545331809121355 -0.590893586388469 0.0
-0.543585352341212 -0.529436741285427 0.0
-0.541699623601691 -0.467852833645995 0.0
-0.539718716326389 -0.406142700097223 0.0
-0.537682724557115 -0.344315491482045 0.0
-0.535602596077264 -0.282384788434204 0.0
-0.533414658376559 -0.220339560565907 0.0
-0.531112703941879 -0.158165748569141 0.0
-0.528792582026328 -0.0958796488539678 0.0
-0.52650718153906 -0.0334973987514963 0.0
-0.524316084266918 0.0289587046066782 0.0
-0.522297617469925 0.091454119071352 0.0
-0.520553942332717 0.153935347472773 0.0
-0.51921347340011 0.21632267620064 0.0
-0.518426111612693 0.278501575706573 0.0
-0.518329722210818 0.340315705180075 0.0
-0.518890167082366 0.401567622606734 0.0
-0.519332401701831 0.462091787740304 0.0
-0.516417448451412 0.521884979959249 0.0
-0.484080909169103 -0.592330553797347 0.0
-0.48233162552745 -0.530872232124557 0.0
-0.480460589300779 -0.469291505919897 0.0
-0.478496738297565 -0.407592136847005 0.0
-0.476462384798906 -0.345782923761134 0.0
-0.474356247102777 -0.283872070856492 0.0
-0.472150497272056 -0.221857244531866 0.0
-0.469858220272771 -0.159739709360922 0.0
-0.467541579681183 -0.0975381076132006 0.0
-0.46524950595135 -0.0352762804818111 0.0
-0.463036954154075 0.0270135389661171 0.0
-0.460972156254765 0.0892867372310197 0.0
-0.459138431665553 0.151481860226672 0.0
-0.457630422911267 0.213516122823089 0.0
-0.456535733857247 0.275279494448281 0.0
-0.455869565704355 0.336630060285661 0.0
-0.455373021849629 0.39740389006363 0.0
-0.454012063724533 0.457478108571155 0.0
-0.450245642038709 0.517105870999778 0.0
-0.422830789467102 -0.593794270825112 0.0
-0.421082532244691 -0.532343505794625 0.0
-0.419222041739768 -0.470776133796156 0.0
-0.417266120911294 -0.409097294799674 0.0
-0.415225740118961 -0.347315502861036 0.0
-0.413097840327119 -0.285438553594637 0.0
-0.410873182873014 -0.223470909008353 0.0
-0.408569684265865 -0.161422094823089 0.0
-0.406230763846902 -0.0993127179154327 0.0
-0.40389749092723 -0.0371694959880736 0.0
-0.401615561213073 0.0249731500892677 0.0
-0.399438359576974 0.0870710262649411 0.0
-0.397425060731123 0.149067944540947 0.0
-0.395630267994346 0.210894394402202 0.0
-0.394072719269762 0.272467416443788 0.0
-0.392651917108755 0.333699785039834 0.0
-0.390965235569673 0.39453847379639 0.0
-0.388225132435663 0.455094241555668 0.0
-0.384534197244149 0.515803897157991 0.0
-0.361578892465288 -0.595289204787696 0.0
-0.359832303181781 -0.533849408119623 0.0
-0.357977119546879 -0.472298580836196 0.0
-0.356020614981438 -0.410642606643716 0.0
-0.353966934701728 -0.348889938252729 0.0
-0.351813737890339 -0.287049014521229 0.0
-0.349560231122287 -0.2251281514724 0.0
-0.347223076162178 -0.163140261181909 0.0
-0.344832920809176 -0.101105616554802 0.0
-0.342421140276587 -0.0390496394979383 0.0
-0.340021559704569 0.0229964017740811 0.0
-0.337670319168264 0.0849946750424963 0.0
-0.335400670239033 0.146900246300007 0.0
-0.33322762204304 0.208662277624585 0.0
-0.331110947715086 0.270228349401177 0.0
-0.328880157477486 0.331560509248527 0.0
-0.326157731191143 0.392677816881463 0.0
-0.322558313819697 0.453706945750423 0.0
-0.318093422924208 0.514628222199087 0.0
-0.300320805113941 -0.596805337007128 0.0
-0.298575141791152 -0.535375231641268 0.0
-0.296719502796398 -0.473838589367169 0.0
-0.294754122365178 -0.412201553594644 0.0
-0.292679083382581 -0.350472323625295 0.0
-0.290492634504742 -0.288659567750832 0.0
-0.28819670482631 -0.226772992062479 0.0
-0.285804066464299 -0.164825922228233 0.0
-0.283335113220676 -0.102836704157411 0.0
-0.28081087091108 -0.0408276418383084 0.0
-0.278252289829413 0.0211746444654684 0.0
-0.275677885003157 0.0831391508833912 0.0
-0.273096278521037 0.14503087887949 0.0
-0.270488846321114 0.206813716997548 0.0
-0.267775818938314 0.268458013158291 0.0
-0.264770538885455 0.3299615122127 0.0
-0.261183859043927 0.391386212450799 0.0
-0.256729107544894 0.452864100172211 0.0
-0.250961198248932 0.51456681780291 0.0
-0.239052446166401 -0.598324065283685 0.0
-0.237306399237484 -0.536899337873804 0.0
-0.235444467307694 -0.475370882895168 0.0
-0.233462278763007 -0.413744759813675 0.0
-0.231357515198138 -0.352028607304245 0.0
-0.229128267101309 -0.290230704090788 0.0
-0.226776017030417 -0.228360667147088 0.0
-0.224308467823536 -0.166430933996572 0.0
-0.221736882704681 -0.104457709661179 0.0
-0.219071810552949 -0.042460604838384 0.0
-0.216321182934219 0.0195368080487434 0.0
-0.213486670911554 0.0815067272010159 0.0
-0.210555551247201 0.14341710145336 0.0
-0.207485232217474 0.205233624222741 0.0
-0.204180739267819 0.266924661105396 0.0
-0.200481202750502 0.328471748155147 0.0
-0.196187463476131 0.389873313168907 0.0
-0.191087088279165 0.451121120733459 0.0
-0.184465504563045 0.512152676940787 0.0
-0.177771170262055 -0.599824495247948 0.0
-0.176023101893218 -0.538399490810979 0.0
-0.174149295319756 -0.476871655974392 0.0
-0.172143050101237 -0.415246767154992 0.0
-0.170000637708353 -0.35353166009023 0.0
-0.167719213354457 -0.291733795538215 0.0
-0.165297982091657 -0.229862005405956 0.0
-0.162738903530841 -0.167927493371139 0.0
-0.160044452247622 -0.105944743114765 0.0
-0.157214479449946 -0.0439316899418589 0.0
-0.154243672783361 0.0180893121164979 0.0
-0.151117355802798 0.0800907004626162 0.0
-0.147803996637757 0.142038818204216 0.0
-0.14424404868174 0.203894175373132 0.0
-0.140339926688975 0.265611983107044 0.0
-0.135961195987202 0.327141568496981 0.0
-0.130974893084472 0.388415264922461 0.0
-0.125252160600206 0.449326729083606 0.0
-0.119141284711831 0.509904929208064 0.0
-0.116476661753111 -0.601288638152599 0.0
-0.114724520238932 -0.539857753632086 0.0
-0.112833703860289 -0.478323074242345 0.0
-0.110797113618417 -0.416689937910306 0.0
-0.108610111479745 -0.354964164968013 0.0
-0.106268182910347 -0.293152080887976 0.0
-0.103767045556425 -0.231261318133039 0.0
-0.101102318162327 -0.169301605999616 0.0
-0.0982674837354405 -0.107285703629388 0.0
-0.0952511478354712 -0.0452298225137432 0.0
-0.0920341264036391 0.0168452911962361 0.0
-0.0885851856570072 0.0789136024287661 0.0
-0.0848549636117602 0.140943161680524 0.0
-0.080769540027533 0.202896964824273 0.0
-0.0762295626679614 0.264734758994756 0.0
-0.0711248667805181 0.326417752238274 0.0
-0.0653722047097871 0.387920221835908 0.0
-0.0590721641707912 0.449290530790296 0.0
-0.0531354876512368 0.510704440881705 0.0
-0.0551708852095244 -0.602705016212395 0.0
-0.0534120270211379 -0.541263657101058 0.0
-0.0514996531669021 -0.479715849700545 0.0
-0.0494276297106549 -0.418066255497426 0.0
-0.0471904772157322 -0.356319409438726 0.0
-0.0447812937546967 -0.294480155558991 0.0
-0.0421914036958835 -0.232554476356684 0.0
-0.0394095122432495 -0.170550130538006 0.0
-0.0364197071051702 -0.108477523331811 0.0
-0.0331988127902671 -0.0463501120009092 0.0
-0.029713373412428 0.0158146793358824 0.0
-0.0259158946718177 0.0779950596876762 0.0
-0.0217409684001463 0.140164777281235 0.0
-0.0171040565232719 0.202294584971544 0.0
-0.0119094678096156 0.264354723625107 0.0
-0.00607811807839006 0.326321212727871 0.0
0.000376122351932115 0.388190666928067 0.0
0.00715572105020163 0.449987394533713 0.0
0.013623380218564 0.511598901056437 0.0
0.00614211652308195 -0.604070808373896 0.0
0.00791097661552166 -0.542615992632344 0.0
0.00984864743979267 -0.481050599283355 0.0
0.0119597012398731 -0.419378239651475 0.0
0.0142507801528264 -0.357601835487433 0.0
0.0167318586324601 -0.295724377971175 0.0
0.0194166806146659 -0.233749716032745 0.0
0.0223238910282719 -0.171683030233152 0.0
0.0254790844184657 -0.109531579310991 0.0
0.028917418617603 -0.0473050013051625 0.0
0.0326864532362789 0.0149839154267248 0.0
0.0368489244368901 0.0773189409626688 0.0
0.0414839532209305 0.139680166810191 0.0
0.0466830587833958 0.202044679849847 0.0
0.0525338866197239 0.264387052073276 0.0
0.0590792181852052 0.326681319038664 0.0
0.0662335896674199 0.388898488001959 0.0
0.0736982075110214 0.450968462526302 0.0
0.0810234286075202 0.512736743522433 0.0
0.0674570772896578 -0.60539288858915 0.0
0.0692396278731969 -0.543923644960589 0.0
0.0712051651436063 -0.48233847065816 0.0
0.0733570078825622 -0.420639470011573 0.0
0.0757035884663941 -0.358827659760631 0.0
0.0782585455378951 -0.2969038817215 0.0
0.0810411269975715 -0.234869457352819 0.0
0.0840775512597104 -0.172726482349096 0.0
0.0874031563166966 -0.110478446417596 0.0
0.0910649733067725 -0.0481304626373792 0.0
0.0951242184906258 0.0143099553010035 0.0
0.0996579395503774 0.0768323802860196 0.0
0.104757773274985 0.139422522736182 0.0
0.110521873379004 0.202061272435302 0.0
0.117033146594134 0.264721939557865 0.0
0.124315542881755 0.327365207709304 0.0
0.132272241480637 0.389924021460462 0.0
0.140643136442562 0.452279981007805 0.0
0.149026409351981 0.514266089097204 0.0
0.128767747212667 -0.606687876363824 0.0
0.130567480945952 -0.54520550885588 0.0
0.132561825023803 -0.483600961198448 0.0
0.134754062731361 -0.421874437247208 0.0
0.137155189288845 -0.360024919564857 0.0
0.139782917710902 -0.298050961466469 0.0
0.142662182700464 -0.235951103969059 0.0
0.145826778446928 -0.173723979109555 0.0
0.149321652142183 -0.111368809916172 0.0
0.153205451996283 -0.0488855902844352 0.0
0.157552686202211 0.0137240697585789 0.0
0.162454476458021 0.0764561114871128 0.0
0.168015723188931 0.139302260105522 0.0
0.174345075934219 0.202247344207917 0.0
0.181532546413106 0.265263128263073 0.0
0.189611794452579 0.328297477502385 0.0
0.198512331954151 0.391256225227939 0.0
0.208014324839967 0.45398536203992 0.0
0.217692553250201 0.516278554825965 0.0
0.190067909273015 -0.607981102383042 0.0
0.191887191320821 -0.546489297469168 0.0
0.193909235994236 -0.484868647494729 0.0
0.196139166156223 -0.42311735655836 0.0
0.198591187697885 -0.361232515336831 0.0
0.201287213611877 -0.299210419486899 0.0
0.204257785856471 -0.237046672522794 0.0
0.207544064183258 -0.17473610225944 0.0
0.211200300631409 -0.112273119149086 0.0
0.215296422441006 -0.0496517931078232 0.0
0.219920029320138 0.0131333252877113 0.0
0.225176780158322 0.0760862152464319 0.0
0.231187275737784 0.139207083724832 0.0
0.238077850611792 0.202488405763777 0.0
0.245962250614494 0.265906163981596 0.0
0.254912573823753 0.329405091627699 0.0
0.264917388607117 0.392875364476552 0.0
0.275813675753112 0.456125653343459 0.0
0.287145381366641 0.518871326864901 0.0
0.251352073276087 -0.60930408051196 0.0
0.253191055011099 -0.547808783697309 0.0
0.255237496391815 -0.486178414064684 0.0
0.257500213912067 -0.424409674574018 0.0
0.259996784850592 -0.362498207025113 0.0
0.26275308298382 -0.300438157579888 0.0
0.26580492276974 -0.23822207957415 0.0
0.269200390360964 -0.175840671974444 0.0
0.273002520862869 -0.113282923757197 0.0
0.277292009178922 -0.0505359382998516 0.0
0.282169310965415 0.0124145160685924 0.0
0.28775533835789 0.075583260816951 0.0
0.29418955645782 0.138983530978666 0.0
0.301624402313292 0.202622835013255 0.0
0.310214941609634 0.266493343784599 0.0
0.320101965934086 0.330554488097916 0.0
0.331377861536852 0.394701185418556 0.0
0.343997328347115 0.458712048821283 0.0
0.357543601437597 0.52218289309164 0.0
0.312615843553231 -0.61068974965428 0.0
0.314471686333595 -0.549198766733189 0.0
0.316537443524662 -0.487568758838756 0.0
0.318826227159413 -0.425796246363558 0.0
0.321358355472964 -0.363875717762825 0.0
0.324163163865607 -0.301799275316524 0.0
0.327281160380374 -0.239556477530329 0.0
0.3307666217596 -0.177133838620515 0.0
0.334690486817209 -0.114514589941898 0.0
0.339143297572886 -0.051677988147881 0.0
0.344237677967194 0.0114008041413702 0.0
0.350109971874896 0.0747508573287212 0.0
0.356920846229573 0.138404519335359 0.0
0.364855639453406 0.202395023145955 0.0
0.374125859295961 0.266749200473251 0.0
0.384971953563605 0.331471820311398 0.0
0.397654949219464 0.396508868621157 0.0
0.412383320321411 0.461663230490755 0.0
0.429013895822786 0.526415063925829 0.0
0.373856939493251 -0.612163936198213 0.0
0.375724380540109 -0.550686664889163 0.0
0.37780380315444 -0.48907357854666 0.0
0.380110321169584 -0.427320548191888 0.0
0.382666349951789 -0.36542082507254 0.0
0.385504057824697 -0.303364977398878 0.0
0.388667744868179 -0.241140454411374 0.0
0.392216658154187 -0.178730574894366 0.0
0.396228126019922 -0.116113613014442 0.0
0.400800807170981 -0.053261233043716 0.0
0.406057721709949 0.0098628052356824 0.0
0.41214918195808 0.0733044737356351 0.0
0.419256534263406 0.137121153146505 0.0
0.427599579912047 0.201383641330813 0.0
0.437452699291424 0.266176430284689 0.0
0.449176759537823 0.331594562142515 0.0
0.463270195797823 0.397724282521711 0.0
0.480416747289889 0.464565059200471 0.0
0.501360950097145 0.531741958592452 0.0
