-0.789657874089328 -0.646916046553895 0.0
0.435874934134984 -0.677569711899161 0.0
-0.793795621395111 0.61237245798111 0.0
0.61237245798111 0.61237245798111 0.0
-0.728440122113538 -0.64879248002164 0.0
0.437628635685324 -0.616239266364006 0.0
0.526400934199032 0.596631165656007 0.0
-0.771157505206798 0.543511103784033 0.0
-0.667206787820561 -0.650392708532677 0.0
0.439593796258708 -0.554784945643444 0.0
0.447265471362791 0.588244865101259 0.0
-0.762829356768022 0.476563051633163 0.0
-0.605969514895671 -0.651966893739076 0.0
0.441780376750054 -0.49319846494921 0.0
0.372227360184061 0.58275200425794 0.0
-0.759405752593163 0.411405915015843 0.0
-0.544725880344761 -0.653527611427836 0.0
0.444201484469835 -0.43147302661987 0.0
0.299739590471583 0.578789005352288 0.0
-0.758313536528156 0.347321160328871 0.0
-0.483480591787484 -0.655090279112475 0.0
0.446878058705649 -0.36960154694015 0.0
0.228958326860407 0.57580927113143 0.0
-0.758571100290755 0.283874622428615 0.0
-0.422234055389093 -0.656673889417287 0.0
0.449841061044908 -0.307575214044911 0.0
0.159375626149417 0.573546190320734 0.0
-0.759680887153574 0.220825973904435 0.0
-0.360981669634975 -0.658283665209968 0.0
0.453133766539634 -0.245382110288473 0.0
0.0906461519831803 0.571841201131026 0.0
-0.761345535035326 0.158041413824084 0.0
-0.299716585744135 -0.659910230955844 0.0
0.456814514020792 -0.183005395574027 0.0
0.0224986607559855 0.570561822360839 0.0
-0.763369912170926 0.0954460571925764 0.0
-0.238432912654975 -0.661534821329245 0.0
0.460959781814624 -0.120421489798426 0.0
-0.0453197039089703 0.569503194054006 0.0
-0.765619094398508 0.032998913523125 0.0
-0.177127532748354 -0.663135657867091 0.0
0.465667441358175 -0.0575973379908391 0.0
-0.113074245008348 0.567976966123603 0.0
-0.76799796159373 -0.0293193308273691 0.0
-0.115801265143709 -0.664693435913109 0.0
0.471060022949472 0.00551248534242373 0.0
-0.179691402134156 0.570280074068135 0.0
-0.770443103236813 -0.0915124022041412 0.0
-0.0544587343388056 -0.666195246540149 0.0
0.477288514881667 0.0689699083924773 0.0
-0.245179909768273 0.573426730155398 0.0
-0.772935349223667 -0.153569701529542 0.0
0.00689216653935478 -0.667636963598569 0.0
0.484538439823326 0.132858687291064 0.0
-0.310735828044039 0.573227569508414 0.0
-0.775573481561664 -0.215470999103696 0.0
0.0682416541195377 -0.669024436102534 0.0
0.493042701155558 0.197292976482014 0.0
-0.377032171212127 0.574385414837043 0.0
-0.77743725488859 -0.277283357645469 0.0
0.12957898761376 -0.670373671236582 0.0
0.503109666315799 0.262430878520903 0.0
-0.444184576030995 0.575781444666074 0.0
-0.779465863295642 -0.33913998234467 0.0
0.190894372226518 -0.671709999779814 0.0
0.515182850258683 0.328500483884312 0.0
-0.512033388726441 0.581563439818365 0.0
-0.781882288959214 -0.400965496383815 0.0
0.252180771571766 -0.673065902417061 0.0
0.529966716225333 0.395849070577006 0.0
-0.579760041321774 0.587476156633578 0.0
-0.784051787700912 -0.462641407603503 0.0
0.313435610964813 -0.674476879228011 0.0
0.548715120132468 0.465034789294692 0.0
-0.647661538346874 0.589825673124494 0.0
-0.786147472899499 -0.524166607920639 0.0
0.37466306842675 -0.675974070491248 0.0
0.574008656528282 0.53695025214467 0.0
-0.718615289358828 0.596661822800981 0.0
-0.787878582100327 -0.585586137588416 0.0
-0.726690541565145 -0.587463484740801 0.0
-0.724932052222199 -0.526024059276065 0.0
-0.722870499821141 -0.464463420118816 0.0
-0.720709929420844 -0.402841722133529 0.0
-0.718406929530896 -0.341162657482356 0.0
-0.716391426403152 -0.279422010523248 0.0
-0.714368531239611 -0.217453671491076 0.0
-0.711743430966686 -0.155231082037425 0.0
-0.709230390731432 -0.0929452744394578 0.0
-0.706769206403024 -0.0305548043384679 0.0
-0.704386225758949 0.0319724994730487 0.0
-0.702146662100176 0.0946674672253846 0.0
-0.700151370270569 0.157566751594453 0.0
-0.698547780268557 0.220717141896896 0.0
-0.697554694811967 0.284173663221291 0.0
-0.697512343956583 0.34798280922649 0.0
-0.698991790662881 0.412115633676427 0.0
-0.703063901166247 0.47623339668048 0.0
-0.711935718088601 0.538838074103241 0.0
-0.665483446777707 -0.589058501278022 0.0
-0.6636604225933 -0.527634161954173 0.0
-0.661624854872933 -0.466091065717547 0.0
-0.659469306247355 -0.404436592509262 0.0
-0.657256392597773 -0.342640784924059 0.0
-0.655167571583771 -0.280739377365035 0.0
-0.652978739042549 -0.218733837902453 0.0
-0.650476193324557 -0.156545187590045 0.0
-0.647991265932204 -0.0942200632668196 0.0
-0.645546515692386 -0.0317553810952689 0.0
-0.643187243673533 0.0308603528630875 0.0
-0.640988184372512 0.0936390617627398 0.0
-0.639059106512527 0.156587653020978 0.0
-0.637557052836122 0.219698095746106 0.0
-0.636707500249302 0.282924850812231 0.0
-0.636838396828131 0.34613949838399 0.0
-0.638427259538986 0.409042236837247 0.0
-0.642079079799053 0.471010399450725 0.0
-0.646696274978235 0.531079771539623 0.0
-0.604244755553807 -0.590635708997486 0.0
-0.602389389086174 -0.529196455204497 0.0
-0.600368732175495 -0.467630721661138 0.0
-0.598245264918468 -0.405933896095761 0.0
-0.596081190476382 -0.344107663756315 0.0
-0.593930616926438 -0.28218289013038 0.0
-0.591665156082387 -0.220143662968126 0.0
-0.5892215976163 -0.157949604531765 0.0
-0.586766901100198 -0.0956213599881033 0.0
-0.584348353233431 -0.0331652075186327 0.0
-0.582021639301136 0.0294125640284769 0.0
-0.579865848708251 0.0920979616650268 0.0
-0.577990403564557 0.154861067081848 0.0
-0.57654298393464 0.217644821288048 0.0
-0.575717789071162 0.2803484816579 0.0
-0.575755291526767 0.342809131478665 0.0
-0.576884086503721 0.404790898280256 0.0
-0.578845371997882 0.466032073316644 0.0
-0.57927208985556 0.526711960104059 0.0
-0.542993543574628 -0.592192534593736 0.0
-0.541125980026063 -0.53074082310276 0.0
-0.53912326076658 -0.469162412365566 0.0
-0.537028632826019 -0.407457941883982 0.0
-0.534881301725045 -0.345636593544858 0.0
-0.532691298177008 -0.283712179857736 0.0
-0.530393614032932 -0.221673988664318 0.0
-0.527980965888016 -0.15950818562488 0.0
-0.525548763854622 -0.0972313186993353 0.0
-0.523148737836676 -0.0348598011427467 0.0
-0.520838729663179 0.0275839107565052 0.0
-0.51869455924251 0.0900653666782366 0.0
-0.516814833972025 0.152531625422809 0.0
-0.515323089535466 0.214904320768518 0.0
-0.514362943153822 0.277071513964329 0.0
-0.514065471605487 0.33888118097701 0.0
-0.514394876729274 0.400141743046935 0.0
-0.514603167173856 0.460690681423865 0.0
-0.511573192159722 0.520515778296282 0.0
-0.481739421526472 -0.593755742071995 0.0
-0.479870458079496 -0.532303439250027 0.0
-0.477884287460901 -0.470729316827683 0.0
-0.47580850913121 -0.409037022614599 0.0
-0.473664293343622 -0.347235468984604 0.0
-0.471449333184339 -0.285333129748094 0.0
-0.469134745885138 -0.223327982696079 0.0
-0.466732828587402 -0.161221540148451 0.0
-0.464305197030462 -0.0990326461059556 0.0
-0.46189979108476 -0.0367852427315076 0.0
-0.459570086151898 0.0254885674038244 0.0
-0.457382204553015 0.0877446843066164 0.0
-0.455416581554901 0.149922757579058 0.0
-0.453764191578284 0.211941972161073 0.0
-0.452508693473053 0.273695465184623 0.0
-0.451663371880025 0.335045923016803 0.0
-0.450977507010025 0.395834796712188 0.0
-0.449456219458391 0.455942070531513 0.0
-0.445611987376632 0.515613901071693 0.0
-0.42048399767765 -0.595344631493303 0.0
-0.418617950817306 -0.53390047837108 0.0
-0.416644356503477 -0.472340459573822 0.0
-0.414578268446363 -0.410669655055868 0.0
-0.412429360603071 -0.348896739717586 0.0
-0.410193580224739 -0.287029784708591 0.0
-0.40786088125335 -0.225073532768648 0.0
-0.405448620754077 -0.163037714861476 0.0
-0.402999759994438 -0.100943040248967 0.0
-0.400554632272928 -0.0388161582847573 0.0
-0.398157835794385 0.023308855370311 0.0
-0.395861223275734 0.0853885482675448 0.0
-0.393722012261465 0.147368008802517 0.0
-0.391792714304659 0.209179676966529 0.0
-0.390090944736465 0.270743275124234 0.0
-0.388519341389178 0.331974656746033 0.0
-0.386690461069331 0.392822697303739 0.0
-0.383847328554486 0.453394656310995 0.0
-0.380083608649065 0.514115267254203 0.0
-0.35922438381967 -0.596961407588925 0.0
-0.357362381853073 -0.535528386713585 0.0
-0.355396265575488 -0.473985132794177 0.0
-0.353331281121921 -0.412337520213458 0.0
-0.351170244205273 -0.350594193320761 0.0
-0.348909952800939 -0.288763860949742 0.0
-0.346549062348657 -0.226855086597828 0.0
-0.344103923926287 -0.164880939892731 0.0
-0.341604948749955 -0.102861722169013 0.0
-0.339083124052273 -0.0408226969278429 0.0
-0.336571674208026 0.0212052855145331 0.0
-0.334105931512471 0.0831851429129311 0.0
-0.33171829247464 0.14507308565638 0.0
-0.329423413491956 0.206819827909599 0.0
-0.327182694158155 0.268374758841439 0.0
-0.324832503673216 0.329701383216647 0.0
-0.322011032606181 0.39081830336059 0.0
-0.318348873015517 0.451848456916891 0.0
-0.313860653013283 0.51277616383496 0.0
-0.297955965416824 -0.598593740126245 0.0
-0.296097748755795 -0.537170102232674 0.0
-0.294133454383482 -0.475640673007018 0.0
-0.292061179444458 -0.414011648974545 0.0
-0.289879774614019 -0.352291454289035 0.0
-0.287586848089518 -0.290489028235098 0.0
-0.285184067984601 -0.228614305090871 0.0
-0.282684189921096 -0.166680740569098 0.0
-0.280107685419799 -0.10470667617322 0.0
-0.277475618645102 -0.0427142341456326 0.0
-0.274808921217949 0.0192703714373273 0.0
-0.272126115082396 0.0812168073534157 0.0
-0.269436136283374 0.143091024447369 0.0
-0.266721687347053 0.204858074334043 0.0
-0.263906831111975 0.266489403097105 0.0
-0.260813443355703 0.327983029677501 0.0
-0.25716574340199 0.389399114715112 0.0
-0.252691571782761 0.450865937933907 0.0
-0.246970714548217 0.51255084838677 0.0
-0.236674634808006 -0.600220943576238 0.0
-0.234819330257294 -0.538801921484772 0.0
-0.232851077230518 -0.477279764140163 0.0
-0.230763445707957 -0.415660666946931 0.0
-0.228553114349835 -0.353952538273371 0.0
-0.226217835311102 -0.292163940588009 0.0
-0.223759163299691 -0.230304713708261 0.0
-0.221185125949477 -0.168387413312312 0.0
-0.218507444805766 -0.106428227277868 0.0
-0.215737193293985 -0.0444465794428829 0.0
-0.212882925316232 0.0175343528049233 0.0
-0.209947178896046 0.079487406259145 0.0
-0.206918694872158 0.141381427768066 0.0
-0.203757652547314 0.20318322233272 0.0
-0.200374287514582 0.264862292428948 0.0
-0.19661628821204 0.326400975809015 0.0
-0.19229574568756 0.387798147923166 0.0
-0.187214309983517 0.449046732069834 0.0
-0.180696628194668 0.510088766797056 0.0
-0.175377913147634 -0.601820435356376 0.0
-0.173524225056861 -0.540399970965705 0.0
-0.171546416262794 -0.478877028650719 0.0
-0.169436003801947 -0.417257625272742 0.0
-0.167188612677719 -0.355548922332849 0.0
-0.164801434879694 -0.293758684885964 0.0
-0.162274122487314 -0.231895969137138 0.0
-0.159609342239728 -0.16997209094352 0.0
-0.156810457666809 -0.108001509104037 0.0
-0.153878380227449 -0.0460019660488642 0.0
-0.15080910958555 0.0160045841867048 0.0
-0.147589727604107 0.0779912300397207 0.0
-0.144191277199068 0.139925255683285 0.0
-0.140558195208383 0.201768417146792 0.0
-0.136598950182198 0.263477463929232 0.0
-0.132191386666273 0.325003655301893 0.0
-0.127212383858062 0.386282230248048 0.0
-0.121545469687365 0.447211794715429 0.0
-0.115534902888527 0.507820421137637 0.0
-0.114065838690772 -0.603373018532299 0.0
-0.112211913924547 -0.541945169613116 0.0
-0.110219300656181 -0.480413569597831 0.0
-0.108079590086421 -0.418783918408828 0.0
-0.105787969550411 -0.357062423516589 0.0
-0.103340396438577 -0.295255737173474 0.0
-0.100733444012338 -0.233371720527205 0.0
-0.0979638525822222 -0.171420215491006 0.0
-0.0950264635589222 -0.109413961264613 0.0
-0.0919115209918129 -0.0473689921598613 0.0
-0.0886018856108107 0.0146943141746053 0.0
-0.0850689998496205 0.0767505219274222 0.0
-0.0812671562317147 0.138768545925772 0.0
-0.0771274956084125 0.200712523768383 0.0
-0.0725574266604344 0.262543604143136 0.0
-0.0674550151693866 0.324224609087619 0.0
-0.061745768337536 0.38573133351663 0.0
-0.055533547351324 0.447110825668538 0.0
-0.0496996953220655 0.508530423458778 0.0
-0.0527408945009801 -0.604866527029575 0.0
-0.0508840978824072 -0.543426427892834 0.0
-0.0488718987237321 -0.481879564667765 0.0
-0.0466975128227916 -0.420231089435122 0.0
-0.0443558522384651 -0.358485981593932 0.0
-0.0418409625556667 -0.29664943039269 0.0
-0.0391454517888706 -0.234727652957431 0.0
-0.0362595800885023 -0.172728531551724 0.0
-0.0331692875213346 -0.110662479452877 0.0
-0.0298536423993679 -0.0485428323498792 0.0
-0.0262819878848616 0.0136132599815515 0.0
-0.0224104181474948 0.0757844612272073 0.0
-0.0181781890053237 0.13794517718601 0.0
-0.0135067372076034 0.200067024576684 0.0
-0.00830759303210845 0.262121275073728 0.0
-0.00250936069281207 0.324084973210433 0.0
0.00386867011649118 0.385955011072887 0.0
0.0105334868420691 0.447754156163676 0.0
0.0168606596915326 0.509373416017996 0.0
0.00859222724200664 -0.606297996328968 0.0
0.0104554026698151 -0.544842463711772 0.0
0.0124912935795327 -0.483275641799849 0.0
0.0147043003114566 -0.421601751371629 0.0
0.0171000461902782 -0.359824198596022 0.0
0.0196870691316376 -0.297946325969199 0.0
0.0224774016935433 -0.235972219803152 0.0
0.0254876991248638 -0.173907202302539 0.0
0.0287412044038113 -0.111758586450387 0.0
0.0322702224363721 -0.049535973502059 0.0
0.0361187685484173 0.012747990409986 0.0
0.0403451205191917 0.0750773459643869 0.0
0.0450228263164112 0.137432611133265 0.0
0.0502366863493982 0.199791479676611 0.0
0.0560669048839819 0.26212930653788 0.0
0.0625495083472856 0.324420960730826 0.0
0.0695960665141662 0.386638127538235 0.0
0.0769107605411879 0.448712423386552 0.0
0.0840472935452517 0.510493256490881 0.0
0.0699275200179948 -0.607674738958343 0.0
0.071801241539956 -0.546202675595011 0.0
0.073863888215588 -0.484613542765252 0.0
0.0761176684884782 -0.422910138335152 0.0
0.0785693540442873 -0.361093969116653 0.0
0.0812306771260251 -0.299166210958162 0.0
0.0841187691712778 -0.237128412854576 0.0
0.0872574419563877 -0.174982826212778 0.0
0.0906791975500815 -0.112733043399404 0.0
0.0944276238364229 -0.0503842306664362 0.0
0.0985596804306811 0.0120561057957118 0.0
0.103147145017412 0.0745776343718442 0.0
0.108275257993839 0.137166294695351 0.0
0.114034795201781 0.19980340424666 0.0
0.120500995246386 0.262462971615509 0.0
0.127691415965098 0.325106737186743 0.0
0.135506085807518 0.387669401925757 0.0
0.143685128077854 0.450035498681827 0.0
0.151826848075643 0.51204136278085 0.0
0.13125794389475 -0.609014469664547 0.0
0.133146442588558 -0.547527142565751 0.0
0.135237378211845 -0.485916025287853 0.0
0.1375319473499 -0.42418203243888 0.0
0.140038886391869 -0.362324590611054 0.0
0.142773585071608 -0.3003425354126 0.0
0.145758500333288 -0.238234602384189 0.0
0.149024638001223 -0.175999576691807 0.0
0.152613657371358 -0.113636818797809 0.0
0.156580209609985 -0.0511464515406691 0.0
0.160993880757553 0.0114698064790819 0.0
0.165939767502025 0.0742078438658067 0.0
0.171515593813682 0.13705945573967 0.0
0.177821925260588 0.200009771659044 0.0
0.184940526587412 0.263031256505051 0.0
0.192897929703673 0.326073159080915 0.0
0.201618905978655 0.389043762272209 0.0
0.210881487429401 0.451792630623634 0.0
0.220260159611782 0.514116792003758 0.0
0.192576481324488 -0.610344409347294 0.0
0.194483080763378 -0.548845583489609 0.0
0.196601827103965 -0.487215744146228 0.0
0.198934858491224 -0.425453723670685 0.0
0.201493629760425 -0.363556946717856 0.0
0.204297395638174 -0.301521897226027 0.0
0.207373919836173 -0.239344308650319 0.0
0.210761241652119 -0.177019133198557 0.0
0.214509919969755 -0.114540928864226 0.0
0.218685381441298 -0.0519039437549139 0.0
0.223369693909849 0.0108970775797541 0.0
0.228661786633533 0.073865948377917 0.0
0.234674305298036 0.13700282140668 0.0
0.241524633197997 0.200300373403626 0.0
0.249317151819589 0.263735286019125 0.0
0.258115083970238 0.327253867353033 0.0
0.267899648838216 0.390749192583856 0.0
0.278503184602685 0.454034244242846 0.0
0.289469304356337 0.516828743123446 0.0
0.25387686000694 -0.611698981574948 0.0
0.25580278183591 -0.550194835291951 0.0
0.257946599354403 -0.488552712843078 0.0
0.260313468175592 -0.426769743131142 0.0
0.262917878267606 -0.364841725040679 0.0
0.265782810495299 -0.302762852160263 0.0
0.268941073673126 -0.240525707617263 0.0
0.272437362189729 -0.178121054809077 0.0
0.276330671092151 -0.115538007672822 0.0
0.280696753138073 -0.0527638585545482 0.0
0.285629987299102 0.0102153913859576 0.0
0.291243902496375 0.0734143380879799 0.0
0.297669215465217 0.136846092910397 0.0
0.305048353272396 0.200518304527012 0.0
0.313525380245187 0.264423819690728 0.0
0.323229527026427 0.328523723364778 0.0
0.334241908500502 0.392716196033979 0.0
0.346508463422201 0.456785275635796 0.0
0.359610503935586 0.520333532895779 0.0
0.315153919782592 -0.613115384939323 0.0
0.317097303778436 -0.551614152512545 0.0
0.319261488252892 -0.489969930132844 0.0
0.321655590674106 -0.428179353505814 0.0
0.324296679220737 -0.366236821030349 0.0
0.327211071864529 -0.304134299765579 0.0
0.330436123331976 -0.241861247194196 0.0
0.334022515370803 -0.179404148558891 0.0
0.338036868087029 -0.11674629280827 0.0
0.342564414476621 -0.0538670760359266 0.0
0.347711236499225 0.00925814451031926 0.0
0.353605709451003 0.0726582468378138 0.0
0.360398973130851 0.136365488819192 0.0
0.368265179809036 0.200413281129305 0.0
0.377402829147644 0.264829178588702 0.0
0.388037274811935 0.329619714950391 0.0
0.40041245015266 0.394734585062148 0.0
0.414719986695095 0.459983773668895 0.0
0.430807837663046 0.524858905642482 0.0
0.376404556147664 -0.614625501691333 0.0
0.378360727406981 -0.553137228661934 0.0
0.380539697317505 -0.491507604027981 0.0
0.382952581914762 -0.429732167029661 0.0
0.385618561193567 -0.367803799931134 0.0
0.388566765374625 -0.305712750369276 0.0
0.391838268904944 -0.243446218553563 0.0
0.395488592501007 -0.180987352219257 0.0
0.399590548905347 -0.118314333448273 0.0
0.404237218282353 -0.0553988048027907 0.0
0.409544725066117 0.00779545253988125 0.0
0.415654943468793 0.0713144051650406 0.0
0.422739013875433 0.135215549048037 0.0
0.431004427582741 0.199570091364677 0.0
0.440710481970606 0.264463526070266 0.0
0.452198933773518 0.329993073150105 0.0
0.465943263299854 0.39624959418363 0.0
0.482595422908086 0.463242406876615 0.0
0.502868035740408 0.530616837166535 0.0
