-0.786538154922696 -0.647968193108515 0.0
0.439286150030116 -0.680436747643632 0.0
-0.785495698451996 0.61237245798111 0.0
0.61237245798111 0.61237245798111 0.0
-0.725324090160776 -0.649975954088718 0.0
0.441114595104373 -0.619101934009923 0.0
0.527219879881589 0.59563391757634 0.0
-0.764203587318472 0.543122886321312 0.0
-0.664092912025695 -0.651706315213538 0.0
0.443171533483882 -0.557635166314595 0.0
0.448678741566775 0.586605033554164 0.0
-0.756623479749814 0.476009073231819 0.0
-0.602857040757277 -0.653412155144291 0.0
0.445460970790994 -0.49602697245915 0.0
0.374131817862795 0.580692157229404 0.0
-0.753672447676275 0.410733275652212 0.0
-0.541613466044275 -0.655107178777669 0.0
0.447991756714711 -0.434269853976126 0.0
0.302074819554516 0.576457422479945 0.0
-0.752914172042138 0.346552775112518 0.0
-0.480366017581046 -0.656806115165143 0.0
0.450781280619701 -0.372356183955991 0.0
0.231683795532929 0.573309370308376 0.0
-0.753425538176609 0.283028565422108 0.0
-0.419114193272543 -0.658526059364069 0.0
0.453857084861468 -0.310276631241509 0.0
0.162462871872058 0.570953321560354 0.0
-0.754739255848665 0.219917742201702 0.0
-0.357852626538818 -0.660269608244036 0.0
0.457258739311508 -0.248018738846345 0.0
0.0940759621271924 0.569213155378824 0.0
-0.756575649499821 0.157084264838563 0.0
-0.296573980424008 -0.662024531924637 0.0
0.461040234566705 -0.18556510630794 0.0
0.026260541976158 0.567946607016129 0.0
-0.758750682807174 0.0944512086328388 0.0
-0.235272224553782 -0.663769377303843 0.0
0.465272717138082 -0.122891590502907 0.0
-0.041226372187344 0.5669477231582 0.0
-0.761136697395361 0.0319757880897822 0.0
-0.173944467852111 -0.66548010307367 0.0
0.47004741094234 -0.0599645895858514 0.0
-0.108638048522932 0.56554423139478 0.0
-0.763643477291219 -0.0303628288157655 0.0
-0.112592101179214 -0.667135708362304 0.0
0.475478560655164 0.00326185179292236 0.0
-0.174946099805783 0.567858607966143 0.0
-0.766211054917578 -0.0925695962200563 0.0
-0.0512206242039547 -0.668722222771974 0.0
0.481706910657339 0.0668502161409032 0.0
-0.240186743455732 0.571026110461123 0.0
-0.768822995188597 -0.154634823181186 0.0
0.0101609411616389 -0.670235127681022 0.0
0.488905387085253 0.130884949109924 0.0
-0.305496771513547 0.571032872181108 0.0
-0.771584439314753 -0.216538636271529 0.0
0.0715414798379691 -0.671680585146546 0.0
0.497291262435426 0.195481250221804 0.0
-0.371490375800712 0.572385434126295 0.0
-0.773563866616945 -0.278355285400299 0.0
0.132908766469165 -0.673075690952099 0.0
0.507152842734681 0.260799032419797 0.0
-0.438286267137669 0.574020988678062 0.0
-0.775707815546774 -0.340214183628547 0.0
0.194251426215985 -0.674447774299997 0.0
0.51890631598748 0.327069789477833 0.0
-0.505739943829057 0.579929858987192 0.0
-0.778245765886905 -0.402036253239807 0.0
0.255560829195122 -0.675832447416884 0.0
0.533215934592536 0.394647708000442 0.0
-0.57310575074939 0.586022631860306 0.0
-0.780540494312919 -0.463707588671145 0.0
0.316832934266642 -0.677269807742446 0.0
0.551271035364752 0.464106570746377 0.0
-0.640652866034905 0.588773479788018 0.0
-0.782764988772082 -0.525227621786404 0.0
0.378070841229608 -0.678797509738777 0.0
0.57554097343912 0.536380118964431 0.0
-0.711088767078076 0.596058546759557 0.0
-0.784626793804673 -0.586642678267984 0.0
-0.723442306999889 -0.588650793594362 0.0
-0.721552872650506 -0.527214830126377 0.0
-0.719363040435586 -0.465657841676663 0.0
-0.717078237151167 -0.404039491155308 0.0
-0.714653204813534 -0.342363587151415 0.0
-0.712520444514416 -0.280621681903154 0.0
-0.710383535074227 -0.218648505831112 0.0
-0.707639073823189 -0.156421062700496 0.0
-0.705006862652174 -0.0941274507125532 0.0
-0.702423975139013 -0.0317258320748324 0.0
-0.699914050063293 0.0308163932139417 0.0
-0.697538764055303 0.0935303819404487 0.0
-0.695393890495382 0.156452958825439 0.0
-0.693619261812033 0.219630885647391 0.0
-0.69242200712027 0.283119020978457 0.0
-0.692123865668813 0.346964097149886 0.0
-0.693265467372849 0.41114016729891 0.0
-0.696865555010804 0.475323285378866 0.0
-0.705045510469891 0.538074850634448 0.0
-0.662236718566484 -0.59037567007919 0.0
-0.660283071587019 -0.528955019514083 0.0
-0.658120447159072 -0.467415645110328 0.0
-0.655841645515604 -0.40576442690519 0.0
-0.653508874819312 -0.343970388431392 0.0
-0.651304204822804 -0.282069128209115 0.0
-0.649000968870955 -0.220063161292694 0.0
-0.646381708946298 -0.15787294461355 0.0
-0.643779340130379 -0.0955449183935927 0.0
-0.64121452064562 -0.0330761512394741 0.0
-0.638730013247472 0.0295446310727637 0.0
-0.63639702430775 0.0923290022927577 0.0
-0.634320201135936 0.155283410888633 0.0
-0.632649023060732 0.218399426841547 0.0
-0.631597736247548 0.281631705365891 0.0
-0.63147763675542 0.34485399825762 0.0
-0.632742084805803 0.407773808707498 0.0
-0.635965863508867 0.469786381176463 0.0
-0.640090035390791 0.529939475739133 0.0
-0.600998587288817 -0.59208513881987 0.0
-0.59901321791032 -0.530650456438156 0.0
-0.596867008211914 -0.469089391065444 0.0
-0.594622229578953 -0.407396872605742 0.0
-0.592340534981303 -0.345574386786639 0.0
-0.59007543553127 -0.283653044980352 0.0
-0.587696458529775 -0.221617260710441 0.0
-0.585138336479021 -0.159426676048234 0.0
-0.582568056308281 -0.0971021582980103 0.0
-0.580031264190343 -0.0346504006185709 0.0
-0.577581244608398 0.0279218589606011 0.0
-0.575293671804631 0.0906002006815853 0.0
-0.573273061337933 0.153354461401603 0.0
-0.571660076925781 0.216127865493269 0.0
-0.570639076449458 0.278821127174055 0.0
-0.570437366900865 0.341274968791391 0.0
-0.571268796937983 0.403260260860961 0.0
-0.572878120429289 0.464521640752567 0.0
-0.573006388461835 0.525219488945429 0.0
-0.53974666982183 -0.593777139368929 0.0
-0.537750136793494 -0.532331242669862 0.0
-0.535623784282359 -0.470759008012635 0.0
-0.533410041276486 -0.409060835996081 0.0
-0.531147160285301 -0.347245945466156 0.0
-0.528844102837328 -0.285328423197102 0.0
-0.526434201461018 -0.223297910458285 0.0
-0.523908802217499 -0.161140836039978 0.0
-0.52136273693189 -0.0988741012434185 0.0
-0.518846239650063 -0.0365145097884788 0.0
-0.516414935573215 0.0259152019099775 0.0
-0.514141488796057 0.0883805637171843 0.0
-0.512120071936611 0.150829125275996 0.0
-0.510468158178622 0.213183918897374 0.0
-0.509321548109929 0.275335879553158 0.0
-0.508802760156725 0.337137980146657 0.0
-0.508873245201292 0.398405734520007 0.0
-0.50881567284566 0.458981080193161 0.0
-0.505655970368757 0.518843140472955 0.0
-0.4784901172445 -0.595477480725339 0.0
-0.476493703546413 -0.534032233874213 0.0
-0.474386088108251 -0.472465857537986 0.0
-0.472193423382724 -0.410781863153638 0.0
-0.46993557892054 -0.348989300689596 0.0
-0.467609013064631 -0.287096967085665 0.0
-0.465183510789022 -0.225103209220287 0.0
-0.46267033826566 -0.163009854194279 0.0
-0.460130366935828 -0.100836039633789 0.0
-0.457610223628586 -0.0386058921492764 0.0
-0.455161457954967 0.0236485612889595 0.0
-0.452847485757983 0.0858837382736972 0.0
-0.450745074916327 0.148040503979478 0.0
-0.448940544598655 0.210040305922732 0.0
-0.447512485671646 0.271780022477398 0.0
-0.446471385494185 0.333127912273595 0.0
-0.445575436052807 0.393932207976454 0.0
-0.443875034695491 0.454077210691741 0.0
-0.439945954717503 0.513801503859808 0.0
-0.417230006300849 -0.597203350304532 0.0
-0.415238559671156 -0.535767175767627 0.0
-0.41314590627662 -0.474216083733097 0.0
-0.410965106400688 -0.412555079196761 0.0
-0.408704302511318 -0.350793029843767 0.0
-0.406358211304637 -0.288938338611723 0.0
-0.403915734273405 -0.226996089702584 0.0
-0.401393454960667 -0.16497628167094 0.0
-0.398833669967387 -0.10289978686891 0.0
-0.396275684765901 -0.0407932195349474 0.0
-0.3937626104465 0.021309706597756 0.0
-0.391344264961408 0.0833663757397805 0.0
-0.389075288557032 0.145323362952169 0.0
-0.387005406443692 0.207115427603795 0.0
-0.385150527352397 0.268665540050495 0.0
-0.383416518074092 0.329893384223565 0.0
-0.381433262100758 0.390750458835883 0.0
-0.378479383382264 0.451340338088477 0.0
-0.374638336058095 0.512073341740685 0.0
-0.355962965095182 -0.598954194950882 0.0
-0.353978186295847 -0.537529560719006 0.0
-0.351895555517619 -0.475995779187766 0.0
-0.349717931275742 -0.414358702968465 0.0
-0.347446512126212 -0.352627200357023 0.0
-0.345076992074718 -0.29081030160881 0.0
-0.342607261136678 -0.228916869878922 0.0
-0.340053176114963 -0.166960177424147 0.0
-0.337444726830952 -0.104960582636589 0.0
-0.334812273005759 -0.0429431835108323 0.0
-0.332188132732576 0.0190616480141558 0.0
-0.329606458698225 0.0810177124570101 0.0
-0.327098379435825 0.142882589320973 0.0
-0.32467783812362 0.204608876090979 0.0
-0.322307808241971 0.266148200659283 0.0
-0.31983234235773 0.327465972766101 0.0
-0.316907731025228 0.388580525798205 0.0
-0.313183249832896 0.449610612404524 0.0
-0.3086775844459 0.510545426786083 0.0
-0.294684048093676 -0.600714778546259 0.0
-0.292706260173075 -0.539299347597189 0.0
-0.290628120208023 -0.477779212533455 0.0
-0.288445144107402 -0.416160612375783 0.0
-0.286154637776004 -0.354452226225531 0.0
-0.283753339698709 -0.292663308463288 0.0
-0.281242479822353 -0.230804062186085 0.0
-0.278634654041786 -0.168888100738484 0.0
-0.275950271560833 -0.106933765900354 0.0
-0.273210266411685 -0.0449629662107621 0.0
-0.270435350309568 0.0169985714161674 0.0
-0.267643831982501 0.0789213258642255 0.0
-0.264844770804373 0.14077240752869 0.0
-0.262022157995934 0.202518306240205 0.0
-0.259104265910142 0.264131866801953 0.0
-0.255922698881103 0.325611575754148 0.0
-0.252217196490161 0.387015571403131 0.0
-0.247732873305266 0.448467800529457 0.0
-0.242079934420124 0.51013041226585 0.0
-0.233389034001272 -0.602461734376211 0.0
-0.231417907048399 -0.541050162652341 0.0
-0.229338552583334 -0.479536413481864 0.0
-0.227141994607114 -0.417926812427315 0.0
-0.224823600975552 -0.356229566714195 0.0
-0.222380588670169 -0.294453560297825 0.0
-0.219814454352153 -0.232608886003504 0.0
-0.217133458933493 -0.17070823075873 0.0
-0.214349703452926 -0.108767752358681 0.0
-0.211474702339956 -0.046806638104079 0.0
-0.208517547572212 0.0151524266197815 0.0
-0.205481584319589 0.0770830719745648 0.0
-0.202357043379592 0.138955264035147 0.0
-0.199107111218049 0.200737206923817 0.0
-0.195647883337417 0.262399869426418 0.0
-0.1918368656569 0.323926700027444 0.0
-0.187499279475091 0.385317288633122 0.0
-0.182453631184021 0.446566108514775 0.0
-0.176072257317139 0.507620735116543 0.0
-0.172075574970624 -0.60417025660124 0.0
-0.170110258278442 -0.542755967172152 0.0
-0.168024091218235 -0.481239914066796 0.0
-0.165806321708552 -0.419628358773712 0.0
-0.163451654928618 -0.357928819845183 0.0
-0.160957173210732 -0.296149400171313 0.0
-0.158322903059684 -0.234299401895422 0.0
-0.155552189078216 -0.172390254355687 0.0
-0.152649278615291 -0.110436364494465 0.0
-0.149616156218195 -0.0484552170901634 0.0
-0.14645017690734 0.0135317473063802 0.0
-0.143140288355611 0.0754984429822512 0.0
-0.139660345015483 0.137413344737408 0.0
-0.135959239601357 0.199239789723938 0.0
-0.13195233215358 0.260936492015778 0.0
-0.127527026773087 0.322457179504746 0.0
-0.122571764704072 0.383740734766853 0.0
-0.116984963207287 0.444691813361975 0.0
-0.111106434826841 0.505337332034116 0.0
-0.110744080471307 -0.605819506050455 0.0
-0.108783005940876 -0.544396116979917 0.0
-0.106684668489323 -0.482869355269299 0.0
-0.104438909440907 -0.421245302624483 0.0
-0.102040531070691 -0.35953059019556 0.0
-0.0994858827421103 -0.297732228467714 0.0
-0.0967723879906241 -0.235858322613074 0.0
-0.0938979506994085 -0.173918820055583 0.0
-0.0908588494717161 -0.111926404224583 0.0
-0.0876470866576612 -0.0498968597164706 0.0
-0.084247749598081 0.0121499233238447 0.0
-0.0806352407339244 0.0741892848726707 0.0
-0.0767679560532675 0.136191248374126 0.0
-0.0725827947331103 0.198121409697585 0.0
-0.0679949468610079 0.259942700289529 0.0
-0.0629120669668661 0.321619972544804 0.0
-0.0572700252843168 0.383130882579978 0.0
-0.0511767157321388 0.4445208166256 0.0
-0.0454784155391798 0.505946811293919 0.0
-0.0493976172179762 -0.607396312598644 0.0
-0.0474382160147348 -0.545958604553343 0.0
-0.0453226806635494 -0.484414105947375 0.0
-0.0430432276074611 -0.422768499505531 0.0
-0.0405950380068362 -0.361027252818253 0.0
-0.0379731042166176 -0.299195931095041 0.0
-0.0351713870097092 -0.237280997458406 0.0
-0.0321818212915624 -0.175290446630252 0.0
-0.0289923695924449 -0.11323466267243 0.0
-0.0255845785512287 -0.0511267908573073 0.0
-0.0219309176328596 0.011016400644535 0.0
-0.017991532160654 0.0731741829184303 0.0
-0.0137109948237649 0.135321821933954 0.0
-0.00901761324065314 0.197432047273169 0.0
-0.00383129217262283 0.25947743659987 0.0
0.00191036436417532 0.321436302120666 0.0
0.00818164839723481 0.383305846930361 0.0
0.0146948867689063 0.445106919183318 0.0
0.0208412373048698 0.506734668207713 0.0
0.0119583689633146 -0.608897375933561 0.0
0.0139198072715954 -0.547441900200026 0.0
0.0160570477885967 -0.48587465409944 0.0
0.0183745360740326 -0.424200530155328 0.0
0.0208768915445368 -0.362423469339555 0.0
0.0235711294660126 -0.300547195232166 0.0
0.0264674241753372 -0.238576040295323 0.0
0.0295802407728631 -0.176515456980368 0.0
0.0329302059338494 -0.114372780199239 0.0
0.0365464195530977 -0.0521575184904514 0.0
0.0404688795899112 0.0101179078887315 0.0
0.04475076968073 0.0724379259040066 0.0
0.0494592251028629 0.134783630201429 0.0
0.0546712656849733 0.197133503315541 0.0
0.060458424055252 0.259463882051725 0.0
0.0668488012034466 0.321750643652347 0.0
0.0737504599278154 0.38396625919446 0.0
0.0808711503022455 0.44604435724859 0.0
0.0877687655800713 0.507839031727594 0.0
0.0733169980967002 -0.61033038009505 0.0
0.0752851502432457 -0.548855866874914 0.0
0.0774477154420504 -0.487263307442038 0.0
0.0798058429341858 -0.425556275018531 0.0
0.082364540161646 -0.363736819267265 0.0
0.0851334589929872 -0.301806476006175 0.0
0.0881273913524625 -0.23976702720661 0.0
0.0913674625479136 -0.177620869569697 0.0
0.0948829803359944 -0.115371673674159 0.0
0.0987136215611814 -0.053024619852821 0.0
0.102911474754598 0.00941284938684943 0.0
0.107542247865651 0.0719305748024147 0.0
0.112683772826461 0.134514826907021 0.0
0.11841823561434 0.197147481024289 0.0
0.124811899565729 0.259803405224838 0.0
0.13187479562643 0.322445598293606 0.0
0.139503218507434 0.385010833534853 0.0
0.147437606465804 0.447387126821091 0.0
0.155276570136717 0.509414810294729 0.0
0.134670288920607 -0.61171419957768 0.0
0.136650209744034 -0.550221850748514 0.0
0.138840311095793 -0.488604185895948 0.0
0.141239566394554 -0.426862922314325 0.0
0.143854231675693 -0.364997977257656 0.0
0.14669711803452 -0.303008485189001 0.0
0.149787911765401 -0.240893375248321 0.0
0.153154476246156 -0.178651574921245 0.0
0.156834735421431 -0.116282565035462 0.0
0.16087876518135 -0.0537865747602208 0.0
0.165350480449376 0.00883459841653512 0.0
0.17032799719762 0.0715768308771243 0.0
0.175900683164055 0.134432045350285 0.0
0.182159645089468 0.197385758780299 0.0
0.189176946899617 0.260411274755774 0.0
0.196970683322047 0.323459468287581 0.0
0.205459980608686 0.386441506108165 0.0
0.214420357889394 0.449211195600469 0.0
0.223426107010016 0.51156960013248 0.0
0.196010263799524 -0.613078159467408 0.0
0.198006374182295 -0.551571812132508 0.0
0.200224263326006 -0.489932275259987 0.0
0.202662759191683 -0.428159094101137 0.0
0.205330240295777 -0.36625005562841 0.0
0.20824298009472 -0.304201831972359 0.0
0.211425611745142 -0.242010274828739 0.0
0.214912633857609 -0.179670446498775 0.0
0.218750382958697 -0.117177039988988 0.0
0.222999104099201 -0.0545244722287379 0.0
0.227734457904601 0.00829232535220077 0.0
0.233047538462558 0.0712770082205624 0.0
0.239041684520523 0.134429691902471 0.0
0.245823754181208 0.197743297374583 0.0
0.253487055879507 0.261195310622396 0.0
0.262084251900648 0.324733855076944 0.0
0.271587768556773 0.388255385805452 0.0
0.281824398856698 0.451577980455794 0.0
0.29233752864141 0.514426598584669 0.0
0.257329708493367 -0.614459992141704 0.0
0.259344480378618 -0.552946079312219 0.0
0.26158808416557 -0.491291159694974 0.0
0.264061527882289 -0.429492840901631 0.0
0.266775813316709 -0.367547075757135 0.0
0.269750656985325 -0.305448081986388 0.0
0.273015463282208 -0.243188446058794 0.0
0.276611058484009 -0.18075897427708 0.0
0.280591795938982 -0.118148892662055 0.0
0.285027712240414 -0.0553456796814989 0.0
0.290006117754706 0.00766442366728623 0.0
0.295631909131587 0.070895773164526 0.0
0.302025523417828 0.134361340720367 0.0
0.309317562023872 0.198068915051531 0.0
0.317639015784825 0.262012073289091 0.0
0.327105294332113 0.326153743867193 0.0
0.337783966323196 0.3903958325923 0.0
0.349610408953382 0.454528711472826 0.0
0.362163750005491 0.51816305762994 0.0
0.318622541191021 -0.615901801029125 0.0
0.320655283209929 -0.554389042788188 0.0
0.322920352109742 -0.492729024598068 0.0
0.325422285082438 -0.430918491984979 0.0
0.328174461642875 -0.368951711554617 0.0
0.331199783152404 -0.306820467282424 0.0
0.334532019043296 -0.244514072853178 0.0
0.338217734380106 -0.18201895107608 0.0
0.342318567429679 -0.119318426249253 0.0
0.346913587371687 -0.0563920240626778 0.0
0.352101238709151 0.00678470021052492 0.0
0.358000545915583 0.070240415724495 0.0
0.364751409941985 0.134007263975795 0.0
0.372514711089867 0.198118808395587 0.0
0.381473422197373 0.262603333668104 0.0
0.391834776559847 0.327469249672399 0.0
0.40382207890097 0.392670340442647 0.0
0.417606517877348 0.458024678040953 0.0
0.433025228891755 0.52303742862684 0.0
0.379884667639582 -0.617442514276511 0.0
0.381931437483957 -0.555941694475932 0.0
0.38421248602888 -0.494293382347529 0.0
0.386734335036122 -0.432492721040384 0.0
0.389512486790373 -0.370532155554596 0.0
0.392572622776162 -0.308401548572633 0.0
0.395952137743889 -0.24608779091434 0.0
0.399702270204791 -0.183573802790375 0.0
0.40389060624635 -0.120837622806468 0.0
0.408603728610336 -0.0578508278501383 0.0
0.413949686311076 0.00542281315300415 0.0
0.42006041985918 0.0690292824326733 0.0
0.427094987815353 0.133026199258359 0.0
0.435246220780059 0.197485180541875 0.0
0.444755343682096 0.262492734215687 0.0
0.45594108930425 0.32814833777069 0.0
0.469246719143971 0.394547776029697 0.0
0.485285442307805 0.461711214140179 0.0
0.504730502474833 0.529307153792471 0.0
