-0.782443704714107 -0.649269063503176 0.0
0.44369387960345 -0.683577842014648 0.0
-0.775794529914856 0.61237245798111 0.0
0.61237245798111 0.61237245798111 0.0
-0.721233971361751 -0.651410346291199 0.0
0.445593379996299 -0.622237913577901 0.0
0.52820102538455 0.594503955719043 0.0
-0.75605332467378 0.542668863140309 0.0
-0.66000578848297 -0.653273544104485 0.0
0.447739377529949 -0.560757150844122 0.0
0.450366304935481 0.584747573083541 0.0
-0.749319601804562 0.475350636701225 0.0
-0.598772498730135 -0.655114354978752 0.0
0.450129131426562 -0.499124841036435 0.0
0.37639932044187 0.578358645770258 0.0
-0.746896073005092 0.409924892440277 0.0
-0.537530450009165 -0.656948191880271 0.0
0.452766770817858 -0.437332754606677 0.0
0.304848538335238 0.573814681779224 0.0
-0.746504394659509 0.345622893559686 0.0
-0.476282401753959 -0.658789260752008 0.0
0.455665787350206 -0.37537267818486 0.0
0.234914648059138 0.570473382034721 0.0
-0.747288983448531 0.281999986328196 0.0
-0.415026692285089 -0.660652571343435 0.0
0.458849971839197 -0.3132346945431 0.0
0.16611659286962 0.568008439425047 0.0
-0.74881764646536 0.218809993007845 0.0
-0.353756938044909 -0.662537657529072 0.0
0.462354808140404 -0.250905716199938 0.0
0.098129455558014 0.566224089297675 0.0
-0.750831321560821 0.155914020189659 0.0
-0.292465105224408 -0.664428864491342 0.0
0.466229457290692 -0.188367670163882 0.0
0.0307010627878925 0.564967296141048 0.0
-0.753158979271689 0.0932325768242676 0.0
-0.231144884972584 -0.666301451397272 0.0
0.470539103133965 -0.125595723023449 0.0
-0.0364000045785463 0.564031380201851 0.0
-0.755681539182457 0.0307206357211624 0.0
-0.169793553110235 -0.668128560864286 0.0
0.47536749159282 -0.0625555913919904 0.0
-0.103413034314107 0.562764054937872 0.0
-0.758314626594011 -0.0316445301643829 0.0
-0.10841308995991 -0.669887034717391 0.0
0.480819497849002 0.000799342770007691 0.0
-0.16936315896668 0.565080222397841 0.0
-0.76100241794178 -0.0938694185800021 0.0
-0.0470099560042131 -0.671561493279219 0.0
0.487024222235723 0.06453223729489 0.0
-0.23431638793985 0.568259847474895 0.0
-0.763731802613384 -0.155945508861535 0.0
0.0144055568581895 -0.673146796772217 0.0
0.494140192242249 0.128728326882088 0.0
-0.299339968310529 0.568498061113986 0.0
-0.766615658375447 -0.217853459453827 0.0
0.0758208172662747 -0.67464931060278 0.0
0.50236670449375 0.193503926489668 0.0
-0.36498279861395 0.570067271209432 0.0
-0.768708737300903 -0.279675992989801 0.0
0.137221897862211 -0.676087230451935 0.0
0.511968856110225 0.25902079663965 0.0
-0.431366285791261 0.571971862690284 0.0
-0.770966523824342 -0.341538280519603 0.0
0.198595602557842 -0.677490026934528 0.0
0.523331051604407 0.325513844260399 0.0
-0.498365386656296 0.578015493477081 0.0
-0.773626165688934 -0.403356998749275 0.0
0.259931452288724 -0.678896743802104 0.0
0.537070533787916 0.393344193278728 0.0
-0.565314849302932 0.584306842855491 0.0
-0.776047371047286 -0.46502355559864 0.0
0.321223682225541 -0.680352579116126 0.0
0.554300705790648 0.463101564754387 0.0
-0.632449635174174 0.587520679950473 0.0
-0.778402611616122 -0.526538129924553 0.0
0.382474077944365 -0.681902487368594 0.0
0.577358434407921 0.535762914010645 0.0
-0.702286376854269 0.59532946954595 0.0
-0.780397597697149 -0.587948322050109 0.0
-0.719217318580921 -0.590089312051882 0.0
-0.717194325092106 -0.528657046021898 0.0
-0.714874215609798 -0.467103744901268 0.0
-0.712464095445847 -0.405488608851975 0.0
-0.70991672898041 -0.343815565093751 0.0
-0.707667795191726 -0.28207122435565 0.0
-0.70541927426817 -0.220091079924396 0.0
-0.702557376596525 -0.157856228251708 0.0
-0.699808503789321 -0.0955514010299669 0.0
-0.697106443097855 -0.0331341870135174 0.0
-0.694471568510946 0.0294286040045903 0.0
-0.69196133306083 0.0921685871563127 0.0
-0.689665503928696 0.155122848971303 0.0
-0.687715012591611 0.218338143745379 0.0
-0.686303404999641 0.281869066308983 0.0
-0.685731007303446 0.345762308827719 0.0
-0.686503289373588 0.409994439542506 0.0
-0.689578659654076 0.474256002501954 0.0
-0.696977846061425 0.53717052488719 0.0
-0.658013867917258 -0.591946643818232 0.0
-0.655926939894978 -0.530529767501235 0.0
-0.653635374595601 -0.468994073169153 0.0
-0.651232415746342 -0.407345851633575 0.0
-0.648779983030098 -0.345552903144147 0.0
-0.646460997551057 -0.283650679736071 0.0
-0.64404579648882 -0.221642846911643 0.0
-0.641312406670404 -0.159449043958563 0.0
-0.638595629727922 -0.0971155446459628 0.0
-0.635913820030912 -0.0346395583686508 0.0
-0.63330668814459 0.0279899490986875 0.0
-0.630841244406677 0.0907841206862494 0.0
-0.628616105446235 0.153748778020806 0.0
-0.62677191055702 0.216874812270784 0.0
-0.625509841046868 0.280116672936605 0.0
-0.625121856473651 0.34334982871813 0.0
-0.626033202846911 0.406288880269863 0.0
-0.628783013847523 0.468347932367838 0.0
-0.632352186872792 0.528589793143326 0.0
-0.596777158816911 -0.593791784872754 0.0
-0.594659094655648 -0.532361909291512 0.0
-0.592385637191212 -0.470805653667379 0.0
-0.590019024235535 -0.409117405569236 0.0
-0.587620424643259 -0.34729840955109 0.0
-0.585242730063586 -0.285380063430469 0.0
-0.582753016562255 -0.223347093434196 0.0
-0.58008354306413 -0.161159107698516 0.0
-0.577401308809542 -0.0988372780878558 0.0
-0.574749965275755 -0.0363888063226814 0.0
-0.572179906815789 0.0261789874827722 0.0
-0.569762739859493 0.0888510700807797 0.0
-0.567597185331723 0.151596791344059 0.0
-0.565815666022238 0.214359382844504 0.0
-0.564591006892707 0.277040775267119 0.0
-0.564135061887077 0.339485283759284 0.0
-0.564644169744363 0.401470943947555 0.0
-0.565865701786154 0.46274981671102 0.0
-0.565660708497106 0.523463363490833 0.0
-0.535525579721093 -0.595623684497426 0.0
-0.533397380161736 -0.53418415099689 0.0
-0.531145963536226 -0.472618634581181 0.0
-0.52881301047246 -0.410927257027925 0.0
-0.526435782876439 -0.349119278953793 0.0
-0.524022037057359 -0.287209099124177 0.0
-0.521503137621033 -0.22518674068456 0.0
-0.518868766185429 -0.163038933907092 0.0
-0.516213024246917 -0.100783043584585 0.0
-0.513584308162959 -0.0384363894510529 0.0
-0.511035551860945 0.0239778711201876 0.0
-0.508635627715615 0.0864251037961521 0.0
-0.506473419474379 0.14885323404303 0.0
-0.504659197759949 0.211186672565414 0.0
-0.503319470169149 0.273319416371511 0.0
-0.502566470859291 0.335110005236032 0.0
-0.50235770175709 0.396382201549157 0.0
-0.502009241928211 0.456984044152092 0.0
-0.498708590820576 0.516887244006055 0.0
-0.474267707912391 -0.59746728306488 0.0
-0.472141182911216 -0.536030023219263 0.0
-0.469910990533552 -0.474472433896882 0.0
-0.467601769852185 -0.412797869321713 0.0
-0.465231955307946 -0.35101553985017 0.0
-0.46279657310873 -0.289134615740548 0.0
-0.46026380320257 -0.227153867781923 0.0
-0.457643631133168 -0.16507550744962 0.0
-0.454995973743095 -0.102919066279949 0.0
-0.452365811617931 -0.040708951099706 0.0
-0.449802316384248 0.0215228127200475 0.0
-0.447365601341585 0.0837331366637398 0.0
-0.445127992389841 0.145864175686541 0.0
-0.443170180402953 0.207839884581684 0.0
-0.441564570963326 0.269561401326876 0.0
-0.440317916300475 0.330903478933666 0.0
-0.439197739189077 0.391722546025477 0.0
-0.437304777752827 0.451908905004414 0.0
-0.433286836866645 0.51169334673778 0.0
-0.413003929805632 -0.599337407099804 0.0
-0.410884514779936 -0.537910506571662 0.0
-0.408671987092648 -0.476369859510666 0.0
-0.406377208377493 -0.414720381762622 0.0
-0.404006573424656 -0.352971163697208 0.0
-0.401553336750034 -0.291130993114115 0.0
-0.399005097684832 -0.229205354477086 0.0
-0.396377438504709 -0.167204578389804 0.0
-0.393711765827229 -0.10514976730364 0.0
-0.391046047377027 -0.0430675433104797 0.0
-0.388421501951928 0.0190087440631502 0.0
-0.385885398233265 0.0810373908074452 0.0
-0.383489169819153 0.142966643268214 0.0
-0.381279047686307 0.204733918587522 0.0
-0.379268608293387 0.266265970598272 0.0
-0.377366895836939 0.327487051334329 0.0
-0.375222831000001 0.388352057172598 0.0
-0.372154923356549 0.448960867083173 0.0
-0.368235430776625 0.50970721693879 0.0
-0.351730221664706 -0.601230266337136 0.0
-0.349620266074668 -0.53981559728505 0.0
-0.347420636483541 -0.478293183128783 0.0
-0.345131475720128 -0.416668841008833 0.0
-0.342752088703952 -0.354951691690362 0.0
-0.340276819407256 -0.293151133972217 0.0
-0.337702564549557 -0.231276379946375 0.0
-0.33504448187642 -0.169340949732872 0.0
-0.332331929589953 -0.107365290720218 0.0
-0.329594374176726 -0.045374334467368 0.0
-0.326862896431692 0.0166020762732779 0.0
-0.324170072792915 0.0785287440146753 0.0
-0.321545323571937 0.140364824825275 0.0
-0.319001476812949 0.202065111617571 0.0
-0.316502938753491 0.263583886651631 0.0
-0.313902056614716 0.324888921937165 0.0
-0.310875191794333 0.385998539110213 0.0
-0.3070926808921 0.447026986338297 0.0
-0.302578185291943 0.507969172669652 0.0
-0.290441160088792 -0.603127126441667 0.0
-0.28834166339872 -0.541721649714711 0.0
-0.286149540055467 -0.480212938637857 0.0
-0.283857303527497 -0.418607259872553 0.0
-0.281460404005304 -0.356913571288869 0.0
-0.278954468279881 -0.295141480199759 0.0
-0.276340088479504 -0.233301494442494 0.0
-0.273629528455939 -0.171407410406753 0.0
-0.270842962000438 -0.109477575282903 0.0
-0.268000989611172 -0.0475336549611086 0.0
-0.265123865651185 0.0143991858273974 0.0
-0.262229426645706 0.0762923703977856 0.0
-0.259326617663272 0.138114367033952 0.0
-0.256400610358779 0.199833366812928 0.0
-0.253384135719215 0.261423908703357 0.0
-0.250119485489826 0.322885158556854 0.0
-0.246363746343694 0.384273107697889 0.0
-0.241881795256398 0.445706810607748 0.0
-0.236319503819982 0.507342321526606 0.0
-0.229132305292705 -0.605001334726655 0.0
-0.22704358494601 -0.543599005960831 0.0
-0.224853356111805 -0.482095876268823 0.0
-0.222549620630298 -0.420498387729903 0.0
-0.220126118315939 -0.358815066498825 0.0
-0.217579311400268 -0.297055147327348 0.0
-0.21491047682948 -0.235228999564454 0.0
-0.2121279799405 -0.173349450148685 0.0
-0.209244181013028 -0.111432611855799 0.0
-0.206270907406319 -0.0494973860922261 0.0
-0.203217656728794 0.0124341279190969 0.0
-0.200088466885868 0.0743365032031984 0.0
-0.196875016133325 0.136181039354015 0.0
-0.193543636037276 0.197937621399934 0.0
-0.190016777010764 0.25957901601903 0.0
-0.186162793002783 0.321090111963015 0.0
-0.181821648884197 0.38247151940903 0.0
-0.176831221440482 0.443719685848089 0.0
-0.170619543128786 0.504788668707912 0.0
-0.167801388198037 -0.60682531504942 0.0
-0.165723142464831 -0.545418921918373 0.0
-0.163529226899605 -0.48391190609172 0.0
-0.161206131497645 -0.422310766129195 0.0
-0.158747346805216 -0.360623397079809 0.0
-0.156149665922752 -0.298858262799451 0.0
-0.153413376619571 -0.237024924652597 0.0
-0.150542426226751 -0.175134920602334 0.0
-0.147541890439466 -0.113202574663952 0.0
-0.144414784807241 -0.0512450470590759 0.0
-0.141159801874188 0.0107168487964035 0.0
-0.137767791420382 0.0726580262579602 0.0
-0.134215567030244 0.134548397796089 0.0
-0.130456829506561 0.196353215419635 0.0
-0.126414502704568 0.258033586975859 0.0
-0.121986623878144 0.319546252803501 0.0
-0.117074703259336 0.380834474705639 0.0
-0.111594353800379 0.441810008798335 0.0
-0.105880713712436 0.502498359545681 0.0
-0.106449191447144 -0.60857613669596 0.0
-0.104380229456249 -0.547158756243449 0.0
-0.102177171647779 -0.485638792300494 0.0
-0.0998276516480331 -0.424022712669883 0.0
-0.0973258419088185 -0.362317594562692 0.0
-0.0946683601686484 -0.300530826204187 0.0
-0.0918534253188586 -0.238670762474025 0.0
-0.0888800923794398 -0.176747441611725 0.0
-0.0857460964303855 -0.114773449626687 0.0
-0.0824452522104805 -0.0527642446454993 0.0
-0.0789649810394379 0.00926089233817768 0.0
-0.0752828417080157 0.0712782546683502 0.0
-0.07136167534009 0.133259218232824 0.0
-0.0671447016168525 0.195171151701361 0.0
-0.0625557470982621 0.256979145614723 0.0
-0.0575132324813185 0.318650485841087 0.0
-0.0519648387150479 0.380165001698368 0.0
-0.0460232411796643 0.441566050421649 0.0
-0.0404945114029501 0.502998606661187 0.0
-0.0450794164805663 -0.610239290956467 0.0
-0.0430173040912588 -0.548805267048885 0.0
-0.0407998283498135 -0.48726480181188 0.0
-0.0384178222306727 -0.425624130010151 0.0
-0.0358665660762115 -0.363889235392076 0.0
-0.0331419443889674 -0.30206607701412 0.0
-0.0302392815650707 -0.240161364910364 0.0
-0.0271522442514995 -0.178183186584816 0.0
-0.0238709189078268 -0.11614185251873 0.0
-0.0203794884394792 -0.054050242944479 0.0
-0.0166537881960103 0.00807536714787463 0.0
-0.0126583743729513 0.0702150112719222 0.0
-0.00834366625649773 0.13234501738649 0.0
-0.00364559255678759 0.194439470961515 0.0
0.00150657651544804 0.256472516107504 0.0
0.00716507938264009 0.318423948227213 0.0
0.0132968738141841 0.38029128556174 0.0
0.0196203296543896 0.442093088499514 0.0
0.0255448326704082 0.5037292455807 0.0
0.0163016460481423 -0.611810925398455 0.0
0.0183607894517852 -0.550356478659012 0.0
0.0205976137854599 -0.488790107272835 0.0
0.0230168803923332 -0.427117416968762 0.0
0.0256222800782772 -0.36534291744869 0.0
0.0284192827177307 -0.303470730060233 0.0
0.0314161238827361 -0.241505431480872 0.0
0.0346249488304586 -0.179452583932813 0.0
0.038063580721483 -0.117319504055063 0.0
0.0417576496569567 -0.0551155449712159 0.0
0.0457427637851328 0.00714718778562735 0.0
0.0500664946162533 0.0694536256150838 0.0
0.0547888625111905 0.131785587616559 0.0
0.0599781992036836 0.19412251629021 0.0
0.0656962914542146 0.256441906480988 0.0
0.0719622655817626 0.318720784246542 0.0
0.0786801601028236 0.38093248089735 0.0
0.0855618258102656 0.443012899396982 0.0
0.0921702616969584 0.504821561996329 0.0
0.07768612208618 -0.613298996540944 0.0
0.0797474940032858 -0.551822636235026 0.0
0.0820078879688556 -0.490227520770777 0.0
0.0844675170175726 -0.428518058991733 0.0
0.0871295928285759 -0.366696880115447 0.0
0.0900015845821373 -0.304765893303506 0.0
0.0930957951173186 -0.242727108528623 0.0
0.0964304615197182 -0.180583048274777 0.0
0.100031424819757 -0.118337428703361 0.0
0.103934080633566 -0.0559953979393008 0.0
0.108185145007585 0.00643572677051208 0.0
0.112843588046483 0.0689460372375352 0.0
0.117978971330219 0.131522231616514 0.0
0.123663840038907 0.194146857290731 0.0
0.129954324855215 0.256795771818676 0.0
0.13685189303697 0.319433387409638 0.0
0.144248536900171 0.38199880554992 0.0
0.151885074113395 0.444384010018301 0.0
0.159360677067859 0.506433958545297 0.0
0.139064949736982 -0.614723559844171 0.0
0.14113449116169 -0.553226391066591 0.0
0.143421414542761 -0.491602580481275 0.0
0.145922422054748 -0.429854719569505 0.0
0.148641149326922 -0.367983248274295 0.0
0.151587651860469 -0.305987605113763 0.0
0.154778631949362 -0.24386690232797 0.0
0.158238540989852 -0.18162019030147 0.0
0.162001213818246 -0.11924704516094 0.0
0.166111679906481 -0.0567477727021074 0.0
0.170627558555995 0.00587578536036585 0.0
0.175619173426404 0.0686195339677586 0.0
0.181166517839398 0.131475572718187 0.0
0.187350032639889 0.194429869550196 0.0
0.194230776199528 0.257456661890128 0.0
0.201817192594806 0.320508625498621 0.0
0.210021882136222 0.383500153283448 0.0
0.218617455870705 0.446289867517075 0.0
0.22717813174458 0.508683494293673 0.0
0.200429043316891 -0.616116199636082 0.0
0.202512386794308 -0.554602119380417 0.0
0.204826908886213 -0.492952793868706 0.0
0.207367902416373 -0.431168548550408 0.0
0.210140432287428 -0.369247548875103 0.0
0.21315755106923 -0.307186645579369 0.0
0.21644049339683 -0.244981788779941 0.0
0.220019886892965 -0.182628128972578 0.0
0.223937416866832 -0.12012047428515 0.0
0.228247581164989 -0.0574533945100524 0.0
0.233018892281017 0.00537800317045027 0.0
0.238333658625668 0.0683772227510836 0.0
0.244284732252602 0.13154434621822 0.0
0.250967048962645 0.194872549266529 0.0
0.258461294198515 0.258340167706792 0.0
0.26680799613723 0.321897284799984 0.0
0.275969385574751 0.385444082592371 0.0
0.285765772447645 0.448804369561299 0.0
0.29574035368 0.511709144586991 0.0
0.261770098333015 -0.617518276573408 0.0
0.263871123437698 -0.555993985551568 0.0
0.266211928913814 -0.494325674089003 0.0
0.268788994477854 -0.432511468528557 0.0
0.271609524327101 -0.370547463546651 0.0
0.274689685823073 -0.308427871098207 0.0
0.278055167813907 -0.246145248699865 0.0
0.281742546033121 -0.183690417972908 0.0
0.285801036035192 -0.121052697663226 0.0
0.29029430635799 -0.0582197435483633 0.0
0.295301749484829 0.00482195955080209 0.0
0.300918544966154 0.0680865082168419 0.0
0.307253500833489 0.131586700330849 0.0
0.314423766095439 0.195330421458179 0.0
0.322545364010746 0.259311953745478 0.0
0.331717766092815 0.323496127270481 0.0
0.341992792113992 0.387788842497805 0.0
0.353293402733239 0.451987475421199 0.0
0.365196086450946 0.515711972410172 0.0
0.323080966580217 -0.618977337808265 0.0
0.325200325513657 -0.55745208707436 0.0
0.327563692401739 -0.495775168408594 0.0
0.330170543285418 -0.433943423992806 0.0
0.33303022323698 -0.371950943447986 0.0
0.336161905641183 -0.309789277783777 0.0
0.339595431724056 -0.247447551485248 0.0
0.343372824274694 -0.184912087252956 0.0
0.347550185494842 -0.122166216788986 0.0
0.352199692778609 -0.0591895797641233 0.0
0.357411206280109 0.00404206978664911 0.0
0.363293188624495 0.0675571696630673 0.0
0.369972780824217 0.131387695270247 0.0
0.377595707591498 0.195567284669632 0.0
0.386327099021019 0.260124858637838 0.0
0.396353228755271 0.325070641925151 0.0
0.407873368631288 0.390362611316965 0.0
0.42103463074675 0.455827514161846 0.0
0.435661031510327 0.520985700967882 0.0
0.384356413713912 -0.620540209987622 0.0
0.386491038076874 -0.559025595380621 0.0
0.388871605741408 -0.497356937512498 0.0
0.391499550525098 -0.435528923865282 0.0
0.394386345651583 -0.373533499861235 0.0
0.397553899540929 -0.311360082876127 0.0
0.401035561400558 -0.248995194874168 0.0
0.404877827838715 -0.186421469611902 0.0
0.409142457100665 -0.123616745658813 0.0
0.413908744320317 -0.0605524841364619 0.0
0.419275634529028 0.00280759545509042 0.0
0.425363813416071 0.0665095066632002 0.0
0.432318577276361 0.130610976172233 0.0
0.440315957137946 0.195183973666926 0.0
0.449576340819735 0.260315919016286 0.0
0.460391757283212 0.326108416880768 0.0
0.473170203539679 0.392662107399749 0.0
0.488479273365471 0.460008352338422 0.0
0.506944922289504 0.52784077760464 0.0
