-0.613480140322147 -0.686667293381761 0.0
0.622324623695409 -0.776812703292679 0.0
-0.428222346305847 0.61237245798111 0.0
0.61237245798111 0.61237245798111 0.0
-0.55256895238718 -0.692930322816773 0.0
0.625992965307204 -0.71527003477891 0.0
0.573787825155511 0.55367331459977 0.0
-0.459943589911024 0.537662152950183 0.0
-0.491614555618542 -0.698947694772663 0.0
0.630504282763993 -0.653268173818005 0.0
0.523054810922481 0.517330487619345 0.0
-0.482228719505955 0.464295957771719 0.0
-0.430674494400147 -0.705050280652795 0.0
0.635594643635258 -0.590752252139479 0.0
0.468812128620305 0.494711738364129 0.0
-0.497952826579127 0.39287284893716 0.0
-0.369729242727196 -0.711356323605496 0.0
0.641093111940295 -0.527686784046264 0.0
0.413598697896655 0.480527749839734 0.0
-0.509821099806514 0.323354663706301 0.0
-0.30873295328745 -0.717879953142879 0.0
0.646872935028291 -0.464039691858563 0.0
0.35815015669761 0.471734832360494 0.0
-0.519374710690591 0.255430221336687 0.0
-0.247621358737761 -0.724553980297228 0.0
0.652826792328746 -0.399774933255361 0.0
0.302681129980635 0.466603430158502 0.0
-0.527490607078593 0.188791924868604 0.0
-0.186326618809747 -0.731242620173806 0.0
0.658851452910917 -0.334848895260799 0.0
0.247277248117867 0.464149067755172 0.0
-0.53469327947476 0.123190782439204 0.0
-0.124793320309202 -0.737774427796997 0.0
0.664836419783707 -0.269208167071057 0.0
0.192013887218927 0.463832310706699 0.0
-0.541309985107165 0.058434845279436 0.0
-0.0629897796544099 -0.743975377647196 0.0
0.67065393535417 -0.202788381676289 0.0
0.136999056265367 0.465441058591408 0.0
-0.547551854998106 -0.00562164921323374 0.0
-0.00091233176177557 -0.749692838038494 0.0
0.676149029467646 -0.135512860481714 0.0
0.0825576199296303 0.470698223305131 0.0
-0.553560708339292 -0.0690869169296647 0.0
0.0614152087197751 -0.754809434757211 0.0
0.681128373164691 -0.0672917424207081 0.0
0.0273339767118316 0.470659276688494 0.0
-0.559442433173786 -0.132037486235664 0.0
0.123945598966448 -0.759249516369685 0.0
0.685346760912993 0.00197950207285301 0.0
-0.0283004156247356 0.470412790702512 0.0
-0.565314033627184 -0.194519136562315 0.0
0.186613265942122 -0.762981356266018 0.0
0.688488943273173 0.0724217672513233 0.0
-0.082798156098103 0.481723467759964 0.0
-0.571595883161499 -0.256531253397817 0.0
0.249339983753188 -0.766017868097749 0.0
0.690142804259872 0.144175216554852 0.0
-0.137558205980625 0.490578495997945 0.0
-0.57684871371538 -0.318522133586703 0.0
0.312039545495247 -0.76841785691091 0.0
0.689755830388954 0.21740200477236 0.0
-0.191134458419115 0.502358420932654 0.0
-0.582318844673799 -0.380435946686206 0.0
0.374623172949491 -0.770289253977998 0.0
0.686559996248617 0.29228929025227 0.0
-0.245776720922028 0.509556299166796 0.0
-0.588520147654782 -0.442017035571057 0.0
0.437005348753853 -0.771795117465006 0.0
0.67943575191781 0.369047075713388 0.0
-0.300983769249192 0.517458390430859 0.0
-0.594739822113727 -0.503379717370658 0.0
0.499111274214046 -0.77316309780305 0.0
0.666661539055621 0.447888875938577 0.0
-0.352711782599541 0.538350967836685 0.0
-0.601088737191694 -0.564565945799709 0.0
0.560888577860238 -0.774699690592804 0.0
0.645506843316048 0.528971699364399 0.0
-0.403854874751534 0.561945626689157 0.0
-0.607228362750286 -0.625656677975594 0.0
-0.546341185001749 -0.631890831448702 0.0
-0.540150517804887 -0.570728766985413 0.0
-0.533837264845512 -0.509425986405718 0.0
-0.527669587352106 -0.448023452422093 0.0
-0.521539506294857 -0.386530553629187 0.0
-0.515977978441011 -0.324730413950448 0.0
-0.510666503754152 -0.262488047299189 0.0
-0.504616303032401 -0.199961140130287 0.0
-0.498766279979656 -0.137174040661888 0.0
-0.492929825929572 -0.074057260940052 0.0
-0.487005415492644 -0.0105484766130669 0.0
-0.480896280500888 0.0534075502909832 0.0
-0.474479222148301 0.117859280968204 0.0
-0.467580310996662 0.182839208898808 0.0
-0.459948508543338 0.248335394487967 0.0
-0.45122908808082 0.31422487802568 0.0
-0.440965807165606 0.380124804046732 0.0
-0.4287680956598 0.445090158354081 0.0
-0.415187851128088 0.50711107421836 0.0
-0.485366295265811 -0.637882972514639 0.0
-0.479121462781871 -0.576719460458268 0.0
-0.472884071039844 -0.515416595893902 0.0
-0.466772014629515 -0.453953865885734 0.0
-0.46084254102587 -0.392250042098246 0.0
-0.455310214249099 -0.330330737437995 0.0
-0.449852174215958 -0.268244552403066 0.0
-0.444079019592389 -0.205881235317134 0.0
-0.438387140528729 -0.143276471047277 0.0
-0.432714605605581 -0.0804345464041655 0.0
-0.426998178923788 -0.0173614488087144 0.0
-0.4211704046551 0.0459182943379027 0.0
-0.415146997641499 0.109345610131751 0.0
-0.408816346226887 0.172803802701653 0.0
-0.402032497940132 0.236084163477025 0.0
-0.394615390316898 0.298847185607968 0.0
-0.386365936815869 0.360611555690188 0.0
-0.377106757753015 0.420880421568087 0.0
-0.366707591846452 0.479652839793718 0.0
-0.424366067288101 -0.644020690924448 0.0
-0.418112598390269 -0.58288359023381 0.0
-0.41196354428756 -0.521600982532262 0.0
-0.405990383753487 -0.460145177554966 0.0
-0.400242460871589 -0.398508830229654 0.0
-0.394753999146867 -0.336734491183385 0.0
-0.389310467171698 -0.274821974422304 0.0
-0.38375510585657 -0.212736705096386 0.0
-0.378257394356674 -0.150518322714609 0.0
-0.372798459040734 -0.0882076520300307 0.0
-0.367341984331134 -0.0258589003454003 0.0
-0.361843801696868 0.0364488693843657 0.0
-0.356245321136967 0.0986019627847517 0.0
-0.350464220903178 0.160445552018107 0.0
-0.344383353872038 0.2217855344337 0.0
-0.337840535814666 0.282412703596582 0.0
-0.330641877869509 0.342164350598682 0.0
-0.322694191866529 0.4010262259429 0.0
-0.314727528876937 0.459262108197905 0.0
-0.363348692270488 -0.650379194470808 0.0
-0.357125470325267 -0.589301275102385 0.0
-0.351093511794651 -0.528092254812381 0.0
-0.345275796543287 -0.466744220289744 0.0
-0.339677986736853 -0.405271850678283 0.0
-0.334267756734658 -0.343705881800058 0.0
-0.32890963066886 -0.282058303269339 0.0
-0.323535901801765 -0.220337932548138 0.0
-0.3182203750589 -0.158592613678106 0.0
-0.312956887165977 -0.0968782745781509 0.0
-0.307720357047118 -0.0352608752132981 0.0
-0.302472096629263 0.026182499518417 0.0
-0.297152343769457 0.0873675393932217 0.0
-0.291668734020325 0.148215091233096 0.0
-0.285884964034051 0.208674630259515 0.0
-0.279622262362908 0.268763518906552 0.0
-0.272713572793587 0.328621790901941 0.0
-0.26523016992365 0.388581240081962 0.0
-0.258300695419905 0.449183015229589 0.0
-0.302294696954828 -0.656963333138957 0.0
-0.296134019858049 -0.595963096957631 0.0
-0.290232340325058 -0.534857832830946 0.0
-0.284563477652873 -0.473650903404337 0.0
-0.279095731245796 -0.412363901831409 0.0
-0.273774169670933 -0.351026968367544 0.0
-0.268511169812705 -0.289663456681064 0.0
-0.263273155797488 -0.228300401543671 0.0
-0.258091265929805 -0.166984019065492 0.0
-0.25296038044336 -0.105763855008133 0.0
-0.247857940412018 -0.0446891147915071 0.0
-0.24274491404168 0.0161965529848858 0.0
-0.237560036536424 0.0768643300633717 0.0
-0.232213883025995 0.137315209934322 0.0
-0.226590377527426 0.197599906454273 0.0
-0.22057252181849 0.257844262547957 0.0
-0.21412948286226 0.318273906249698 0.0
-0.207517070272811 0.379203869355189 0.0
-0.201129075605728 0.440762670035854 0.0
-0.241163074603192 -0.663689995646419 0.0
-0.235092371045366 -0.602761586767281 0.0
-0.229324593355328 -0.541753929776825 0.0
-0.223789707749406 -0.480676532769609 0.0
-0.218429531011982 -0.419553883849891 0.0
-0.213183842968367 -0.358415903624175 0.0
-0.207993213252354 -0.297290104483913 0.0
-0.202838234892571 -0.23620664421388 0.0
-0.197731626067559 -0.175202942650667 0.0
-0.192668958311996 -0.114314234743096 0.0
-0.187632503649791 -0.0535689858460357 0.0
-0.182591380021756 0.00701635520356995 0.0
-0.177500276358219 0.0674438387195285 0.0
-0.17230208559206 0.127741843184029 0.0
-0.166942735962462 0.187971104247639 0.0
-0.161412455680016 0.248224759216831 0.0
-0.155826407565866 0.308604603813846 0.0
-0.150452679450851 0.369127416503669 0.0
-0.145085018267185 0.429615147631295 0.0
-0.179905244184547 -0.670410041978248 0.0
-0.1739508355103 -0.609527958129676 0.0
-0.168315774878286 -0.548586936404719 0.0
-0.162895628692431 -0.487599809314887 0.0
-0.157616722141152 -0.426591363002428 0.0
-0.15242161039386 -0.365589879568798 0.0
-0.14726939623577 -0.304622273953037 0.0
-0.142149464079207 -0.243715844690147 0.0
-0.137069685677813 -0.182899019587503 0.0
-0.132030664395231 -0.122195734099646 0.0
-0.127025232532414 -0.0616222770336894 0.0
-0.122039394870139 -0.0011842272781687 0.0
-0.1170548956777 0.0591262964134319 0.0
-0.112057325805883 0.119333115011495 0.0
-0.107055631584088 0.179475488397863 0.0
-0.102117532110027 0.239602631439929 0.0
-0.097401438780198 0.299757066719729 0.0
-0.0930761727365631 0.359967853085976 0.0
-0.0890842337000095 0.42043012825694 0.0
-0.118478526503872 -0.676945000822534 0.0
-0.11266676701327 -0.616073440716022 0.0
-0.107161079097949 -0.555155374778174 0.0
-0.101835138014071 -0.494205650591145 0.0
-0.0966102803611176 -0.433248347080698 0.0
-0.0914371149933984 -0.372309577409397 0.0
-0.086289780443426 -0.311414034071584 0.0
-0.0811664910748138 -0.250585214902515 0.0
-0.0760783071059613 -0.189845183289351 0.0
-0.0710347966813176 -0.129211425981982 0.0
-0.0660429658703589 -0.0686952860419533 0.0
-0.061109324817051 -0.00830076384261901 0.0
-0.0562450601517956 0.0519756134995262 0.0
-0.0514770760571909 0.112143514235033 0.0
-0.0468681891536552 0.172212658760523 0.0
-0.0425447767346369 0.23217905191389 0.0
-0.0387137055391546 0.292000313126513 0.0
-0.0356639727843693 0.351578869059855 0.0
-0.034066440925881 0.410764933214376 0.0
-0.0568558247263603 -0.683119669570608 0.0
-0.0512119824125928 -0.622220338647387 0.0
-0.0458311591802319 -0.56127839236263 0.0
-0.0405793097042736 -0.500310653528357 0.0
-0.0353826316710985 -0.439340609530754 0.0
-0.030204168108807 -0.378392385384225 0.0
-0.0250325540679218 -0.317488145309578 0.0
-0.0198761707818865 -0.256647734560245 0.0
-0.0147536506084353 -0.19588827795942 0.0
-0.0096855389070529 -0.13522220058607 0.0
-0.004693777738592 -0.0746560505544936 0.0
0.000195495533822289 -0.0141890417031114 0.0
0.00494596671177578 0.0461883358060296 0.0
0.00950074529898256 0.106496398680626 0.0
0.0137673033926891 0.166768200322529 0.0
0.0176022785550537 0.227054926435295 0.0
0.0208001188907254 0.287443125501541 0.0
0.0230217604872696 0.348099788143527 0.0
0.0229968085887302 0.409290830964918 0.0
0.00497001164886777 -0.688784154864728 0.0
0.0104243283191498 -0.627821378151355 0.0
0.0156864766439511 -0.566811750622405 0.0
0.0208836295665328 -0.505774750855095 0.0
0.0260757509205346 -0.444733786111542 0.0
0.0312835400479693 -0.383711252454597 0.0
0.036503245237388 -0.322726658689827 0.0
0.041714931373684 -0.261796166402616 0.0
0.0468898532959506 -0.200932210312095 0.0
0.0519950776878402 -0.140141900070153 0.0
0.0569928713752021 -0.0794255869257559 0.0
0.0618369661090087 -0.0187744826216449 0.0
0.0664657810311854 0.041832444876713 0.0
0.0707921514156768 0.102433306788023 0.0
0.0746899833303612 0.163089173184197 0.0
0.0779793277389762 0.223893483689696 0.0
0.0804006738624254 0.284983510436032 0.0
0.0815104401935142 0.346528345438243 0.0
0.0809461884612032 0.408452278922303 0.0
0.0669856473373796 -0.693825883505225 0.0
0.0722357169923226 -0.632769350264238 0.0
0.0773884430664926 -0.571654577243036 0.0
0.0825500467269801 -0.510504575515857 0.0
0.0877588451031286 -0.449343101054024 0.0
0.0930161286653228 -0.388190944525796 0.0
0.0983021371580493 -0.327064952682221 0.0
0.103584170205904 -0.265977904530795 0.0
0.108821506530409 -0.204938468112554 0.0
0.113967115378864 -0.143950118016901 0.0
0.118965423291313 -0.0830101550710337 0.0
0.123747141311108 -0.0221080798580801 0.0
0.128221118557849 0.0387757321331817 0.0
0.132263089408852 0.0996707149988781 0.0
0.135701645779318 0.160612779317614 0.0
0.138301756282578 0.221633644659114 0.0
0.139743525312344 0.282729037110344 0.0
0.139678349650737 0.343766637361702 0.0
0.138347581325369 0.404474684690082 0.0
0.129159983738972 -0.698174727088255 0.0
0.134201180397492 -0.637000637402328 0.0
0.139258338162142 -0.575750967788504 0.0
0.14440394056023 -0.514452863152924 0.0
0.149648465555084 -0.453130443206705 0.0
0.154971672488149 -0.391802764536127 0.0
0.160337276179858 -0.330484089905716 0.0
0.165699125227898 -0.269184509440468 0.0
0.171003418257407 -0.207910591170684 0.0
0.176187901373712 -0.146665173544323 0.0
0.181178007383192 -0.0854475037679642 0.0
0.185880522650552 -0.0242532924515334 0.0
0.190174918256902 0.0369239841288477 0.0
0.19390285389371 0.0980899982027108 0.0
0.196857175717136 0.159241852476875 0.0
0.198774171604268 0.220355322446311 0.0
0.199350049079077 0.28136537564023 0.0
0.198367059564084 0.342175860494684 0.0
0.195910298965229 0.402865359663539 0.0
0.191448158383523 -0.701804437951193 0.0
0.196288644352592 -0.640495804329137 0.0
0.201269795624836 -0.579089440367987 0.0
0.206419719399948 -0.517616415951119 0.0
0.211717072667895 -0.45610045226182 0.0
0.217119432999523 -0.394558208350173 0.0
0.222574360210528 -0.333001107848534 0.0
0.228022468446825 -0.271436916859785 0.0
0.233396879321952 -0.209871211515369 0.0
0.238620288393958 -0.148308076880598 0.0
0.243599812145232 -0.0867512994299044 0.0
0.248220070011534 -0.0252056482825486 0.0
0.252334838966064 0.036320617706279 0.0
0.255758216894141 0.0978121996874615 0.0
0.258257256524891 0.159240896247637 0.0
0.259552380074156 0.220560156877213 0.0
0.259343412297607 0.281707325899105 0.0
0.257373812227689 0.342643823487163 0.0
0.253457071273651 0.403428031560049 0.0
0.253796494294427 -0.704733163062801 0.0
0.258458935284193 -0.643279941330462 0.0
0.263389463165601 -0.581702801897832 0.0
0.26856443088723 -0.520035129593163 0.0
0.273929531234719 -0.458298392602446 0.0
0.279421287262793 -0.396505395825065 0.0
0.284972569316715 -0.334663744499233 0.0
0.290511921346688 -0.27277832489344 0.0
0.295960375836371 -0.210853468238797 0.0
0.301226748816954 -0.148894350095457 0.0
0.306201490413792 -0.0869089190404436 0.0
0.310749421969816 -0.0249098804811957 0.0
0.314701692177103 0.0370823440901199 0.0
0.317847892609313 0.0990362741639259 0.0
0.319930249150601 0.160904853448396 0.0
0.320644685766804 0.222623234703596 0.0
0.319654180349045 0.28411413006431 0.0
0.316607096184756 0.345306710907553 0.0
0.311114235569898 0.406153252837823 0.0
0.316146647594622 -0.707025071301219 0.0
0.320668369579756 -0.645424734629734 0.0
0.325578065076182 -0.58367031878318 0.0
0.330797691778502 -0.521794020835377 0.0
0.336242171060227 -0.459812052635878 0.0
0.341829902044244 -0.397731133254371 0.0
0.347481508953852 -0.335553310919413 0.0
0.353115320036094 -0.273279064483292 0.0
0.358641831187604 -0.210909916891489 0.0
0.363957542402757 -0.148450306379628 0.0
0.368937977249693 -0.0859100848857808 0.0
0.373430032123354 -0.0233071986315984 0.0
0.377243827706406 0.0393285010329162 0.0
0.380144784177494 0.101950867457283 0.0
0.381847136472566 0.164491611083944 0.0
0.382010843369314 0.226856059114298 0.0
0.380241035009364 0.288922306997759 0.0
0.376077998406308 0.350544550713355 0.0
0.368952246082112 0.411550899325643 0.0
0.378440173036427 -0.708794585581489 0.0
0.382870941661252 -0.647053564809657 0.0
0.387790675300913 -0.58512315796087 0.0
0.393070769987435 -0.523028865024106 0.0
0.398601041524636 -0.460777858133996 0.0
0.404286182685493 -0.398368121565114 0.0
0.410037642762982 -0.335793946579162 0.0
0.415765700947867 -0.273049199842451 0.0
0.421372012995255 -0.210130031472438 0.0
0.426742302036862 -0.14703694937906 0.0
0.43173868122183 -0.0837777656774598 0.0
0.436191541661415 -0.0203711158090896 0.0
0.439890942512166 0.0431482777496534 0.0
0.442577828262208 0.106722848457597 0.0
0.443935252836891 0.170262586157205 0.0
0.44357932882288 0.233634678386133 0.0
0.441045625152051 0.296652218498115 0.0
0.435758472031337 0.359060414508035 0.0
0.426962831432326 0.420512041352303 0.0
0.44062212368913 -0.710214118119112 0.0
0.44501840237961 -0.648350082018089 0.0
0.449974814956708 -0.586252898308337 0.0
0.455323895104609 -0.523934568495595 0.0
0.460938909727766 -0.461389528768968 0.0
0.466716073030526 -0.398604612017209 0.0
0.472560861532005 -0.335564280250352 0.0
0.478377538776241 -0.272253375446826 0.0
0.484060346194649 -0.208659365707477 0.0
0.489485391251696 -0.144774165790781 0.0
0.494502418299246 -0.080597165850816 0.0
0.498926179722494 -0.0161393313407608 0.0
0.502527044868484 0.0485701454209851 0.0
0.505020628405184 0.113474332628287 0.0
0.506055537410637 0.17847367488594 0.0
0.505197311078643 0.243405612064473 0.0
0.501902943575876 0.308014609452305 0.0
0.495473999477155 0.371906165852646 0.0
0.484955401945926 0.434470820044036 0.0
0.502642615966509 -0.711526264904164 0.0
0.507056943664252 -0.649570322734888 0.0
0.512065758850798 -0.587322265505329 0.0
0.517481718617901 -0.524774611031661 0.0
0.523171313048305 -0.461906676023806 0.0
0.529027396804283 -0.398693215219627 0.0
0.534952122008934 -0.33510790928691 0.0
0.540845075667004 -0.271124560879982 0.0
0.54659376121357 -0.206718139899523 0.0
0.552064992005909 -0.14186572257232 0.0
0.55709615243047 -0.0765488983518664 0.0
0.561485833715058 -0.010757493431432 0.0
0.564983111584514 0.0555037435800962 0.0
0.567274577886728 0.122204631740061 0.0
0.567967117582588 0.189271146924194 0.0
0.566563344929146 0.256555252760201 0.0
0.56242420068472 0.323780617996048 0.0
0.55470934936896 0.39044089139083 0.0
0.542254804618958 0.455596438379166 0.0
0.564453944386499 -0.713062191655166 0.0
0.568918910523322 -0.651058326443617 0.0
0.573978821482272 -0.588676933862475 0.0
0.579447247756171 -0.525888346168336 0.0
0.585192718475303 -0.462659170862503 0.0
0.591108227644826 -0.398954988845191 0.0
0.597093724787926 -0.334739888711968 0.0
0.603044213968964 -0.269975242658168 0.0
0.608840060479528 -0.204619180843186 0.0
0.614337943939611 -0.138626250650992 0.0
0.619361305638281 -0.0719484219374651 0.0
0.623689552480161 -0.00453693083147318 0.0
0.627044735347113 0.063653708878457 0.0
0.629073772012484 0.132658902355937 0.0
0.629322444923485 0.20249007502333 0.0
0.627195656738231 0.273108175939558 0.0
0.621896328299632 0.344365734691596 0.0
0.612338140049044 0.415870335703341 0.0
0.597034692439345 0.486619979436907 0.0
