-0.77114552084191 -0.652574185411286 0.0
0.455658120643799 -0.690382726310872 0.0
-0.752512753009796 0.61237245798111 0.0
0.61237245798111 0.61237245798111 0.0
-0.709945967163447 -0.654971015481685 0.0
0.457675099578143 -0.62903041304208 0.0
0.530647319801547 0.591902859485308 0.0
-0.736412429633698 0.541609036624108 0.0
-0.648726234794127 -0.657090531730034 0.0
0.459975537426559 -0.567517803016259 0.0
0.454550935982784 0.580481569736025 0.0
-0.731615612692815 0.473772348605068 0.0
-0.587501909462083 -0.65919391842556 0.0
0.462541222237686 -0.505831683859804 0.0
0.381996436079989 0.573005940250418 0.0
-0.730376461964266 0.407952849590949 0.0
-0.526267956596732 -0.66130193599893 0.0
0.465365793059765 -0.44396235747353 0.0
0.311669656013179 0.567754783748558 0.0
-0.730787135513946 0.343329748244116 0.0
-0.46502442917746 -0.663428431249308 0.0
0.468454207967068 -0.381900361599542 0.0
0.24283558360102 0.563968014444857 0.0
-0.732151012441629 0.279445515989696 0.0
-0.403766566531735 -0.665583813751433 0.0
0.471822054236472 -0.319634442879198 0.0
0.175051314312761 0.561246968992375 0.0
-0.734119163770174 0.21604544766367 0.0
-0.342485146903894 -0.66776026484728 0.0
0.475495812829353 -0.257150003938649 0.0
0.108020034641606 0.559351567335086 0.0
-0.736481801942158 0.152983096870976 0.0
-0.281170056027309 -0.669933612471484 0.0
0.479513891066957 -0.194427305349119 0.0
0.0415149764262418 0.558105148803519 0.0
-0.73909923921379 0.0901722422834972 0.0
-0.21981394559729 -0.67207075797263 0.0
0.483928063889088 -0.131439758329514 0.0
-0.0246674937366689 0.557301237641459 0.0
-0.741873258803322 0.0275620197485473 0.0
-0.15841418124586 -0.67413755262508 0.0
0.48880511786564 -0.0681513145875228 0.0
-0.0907335936535978 0.556340686837104 0.0
-0.744733855115812 -0.0348752309264495 0.0
-0.0969739106832096 -0.676105127367396 0.0
0.494228518878659 -0.00451363780326978 0.0
-0.155838837575339 0.558622621761011 0.0
-0.747635530676579 -0.0971500619324065 0.0
-0.0355017067428012 -0.677954210811472 0.0
0.500300558418975 0.0595381170380191 0.0
-0.220111443621261 0.561788606791599 0.0
-0.750573544691268 -0.159257116696979 0.0
0.0259892451708938 -0.679677681450035 0.0
0.507146334145418 0.124090981404879 0.0
-0.284451670970195 0.562553996711489 0.0
-0.753680214174614 -0.22117871177888 0.0
0.0874828030776198 -0.681281895546316 0.0
0.514923020426935 0.189263521788792 0.0
-0.349265445087659 0.564606533898983 0.0
-0.755976188433182 -0.283018059677601 0.0
0.148961064826002 -0.682787150705657 0.0
0.523840821255671 0.255220901027225 0.0
-0.414676651872271 0.567119810116945 0.0
-0.758438987475819 -0.344890702277077 0.0
0.210406553515775 -0.68422743895239 0.0
0.534208310798328 0.322204058425083 0.0
-0.480613544784998 0.573435229295362 0.0
-0.761324236896146 -0.406703440513507 0.0
0.271804408551925 -0.685649300837979 0.0
0.546529588080831 0.390586384584476 0.0
-0.54658474290949 0.580155587039586 0.0
-0.76398413821942 -0.468360334883909 0.0
0.333144717374306 -0.687109283084886 0.0
0.561733202060588 0.460986733695313 0.0
-0.612735470873212 0.584456283924104 0.0
-0.766588649191704 -0.529863740589799 0.0
0.394425965500719 -0.688668820303912 0.0
0.581826850856484 0.534466420669437 0.0
-0.681154569573578 0.593508729963464 0.0
-0.768839720733919 -0.591263551326632 0.0
-0.707669408681672 -0.593658550646831 0.0
-0.705389163016864 -0.53223392169122 0.0
-0.702820408152574 -0.470687563082132 0.0
-0.700174345661564 -0.409077886147481 0.0
-0.697399594093335 -0.347409036771052 0.0
-0.694939724629527 -0.285655800232643 0.0
-0.692493680577873 -0.223654895747337 0.0
-0.689422015757731 -0.16139700455669 0.0
-0.686466937887857 -0.099058882445122 0.0
-0.683554076148275 -0.0365963979170242 0.0
-0.680695674045705 0.0260253290912697 0.0
-0.677938775107619 0.0888392521661591 0.0
-0.67535854004238 0.15188327122085 0.0
-0.67306451730555 0.215204176515637 0.0
-0.671217950161811 0.278855634499409 0.0
-0.670068645401811 0.342883009623133 0.0
-0.670039568027331 0.407265153089285 0.0
-0.671947618036733 0.47171675480728 0.0
-0.677573478732957 0.53498193303835 0.0
-0.64647201977881 -0.595771090123478 0.0
-0.64412822800503 -0.534361424437973 0.0
-0.641590906062424 -0.472832354666213 0.0
-0.638954825818444 -0.411188733094301 0.0
-0.636281769959248 -0.34939533819365 0.0
-0.633757022021216 -0.287487290098822 0.0
-0.631143870231689 -0.225470771790546 0.0
-0.628209243883434 -0.163262999418027 0.0
-0.625292398227542 -0.100910027734691 0.0
-0.622405913953668 -0.0384092875173194 0.0
-0.619581928184491 0.0242497209781725 0.0
-0.616877186735305 0.087077013097958 0.0
-0.614375754201967 0.150076576335801 0.0
-0.61219717085423 0.213236914980716 0.0
-0.610511672273007 0.276510444897022 0.0
-0.609565602338284 0.339773821484876 0.0
-0.609717810260768 0.402753475409495 0.0
-0.611421896097073 0.464901073678364 0.0
-0.613736280926243 0.525318754009944 0.0
-0.585240931753019 -0.597880473215878 0.0
-0.582866991037452 -0.536460302850968 0.0
-0.580351625352549 -0.474913473756032 0.0
-0.577757616050714 -0.413233048219564 0.0
-0.575145434202984 -0.351419665395154 0.0
-0.572566702490441 -0.289505389669094 0.0
-0.569882651302052 -0.227475489617318 0.0
-0.567019432943131 -0.165289339100471 0.0
-0.564143937816186 -0.102968983709001 0.0
-0.561294798576724 -0.0405229317391003 0.0
-0.558515240183025 0.0220398964501092 0.0
-0.555866921191547 0.0847025956123425 0.0
-0.553434558136126 0.147432652826121 0.0
-0.551330816829001 0.210172197810396 0.0
-0.549700981176082 0.272824390313955 0.0
-0.548719970391813 0.335239834469966 0.0
-0.548541744329322 0.397211130670041 0.0
-0.548915294005607 0.45850787651965 0.0
-0.547966521817436 0.519237515805044 0.0
-0.523993667718542 -0.599989399146924 0.0
-0.521611499472216 -0.538563651545636 0.0
-0.519123218870637 -0.477012622253008 0.0
-0.516569338060732 -0.415335763889372 0.0
-0.513985107770265 -0.353542429705251 0.0
-0.511375530328805 -0.291647735797405 0.0
-0.508667204218868 -0.229642534236063 0.0
-0.505845638740676 -0.16751427847941 0.0
-0.503002984090921 -0.105281613544916 0.0
-0.500182960425791 -0.0429632995719866 0.0
-0.497431762913434 0.0194161801647937 0.0
-0.494808898460726 0.0818213242696132 0.0
-0.492390315482163 0.144200298111206 0.0
-0.490268760645 0.206479960575065 0.0
-0.488548122329155 0.26856064957094 0.0
-0.487315289335067 0.330313307687605 0.0
-0.486516114171991 0.391581287772234 0.0
-0.485538447461035 0.452230360887571 0.0
-0.481936356171781 0.512224500009176 0.0
-0.462737312597129 -0.602121501662761 0.0
-0.460359858061029 -0.540702487937666 0.0
-0.45789854415249 -0.479165103205601 0.0
-0.455374919708241 -0.41751233152902 0.0
-0.452804231702074 -0.35575376649739 0.0
-0.45017810980718 -0.2938994617519 0.0
-0.447460756620194 -0.231949190838606 0.0
-0.444658855698108 -0.169906150892598 0.0
-0.441829760115615 -0.107790984980901 0.0
-0.439014165295295 -0.0456289832611574 0.0
-0.436255170347478 0.0165475509371485 0.0
-0.433604577982858 0.0786963551775515 0.0
-0.431123640003892 0.140762256600901 0.0
-0.428879050910631 0.202674782024631 0.0
-0.426927667956228 0.26434491907925 0.0
-0.425265907181853 0.32566293518574 0.0
-0.423680099509148 0.386505824256505 0.0
-0.421382531447775 0.446781612486645 0.0
-0.417186412572197 0.506706202266079 0.0
-0.401470373615558 -0.604286264372363 0.0
-0.399104371550535 -0.542881368080388 0.0
-0.39666693586666 -0.481365790807087 0.0
-0.394164052570864 -0.419744231483872 0.0
-0.391598049862291 -0.358026307192949 0.0
-0.388958603447778 -0.296221721564448 0.0
-0.386229974089456 -0.234336927842605 0.0
-0.383425040576621 -0.172383118662921 0.0
-0.380582719325342 -0.110382074293562 0.0
-0.377737354568134 -0.0483605901958612 0.0
-0.374925169670897 0.0136486724275232 0.0
-0.372186824296767 0.0756059883726331 0.0
-0.369565510265536 0.137463402344786 0.0
-0.367098406832406 0.199164533402168 0.0
-0.364792510620156 0.260645156954968 0.0
-0.362562610361433 0.321840750915641 0.0
-0.360099148853511 0.382715414446442 0.0
-0.356810088065995 0.443362184707003 0.0
-0.352743270164432 0.504135929024941 0.0
-0.340186980537054 -0.606472061847404 0.0
-0.337836271119722 -0.545081736942515 0.0
-0.335418320911092 -0.483587507459517 0.0
-0.332926983633976 -0.421995076149644 0.0
-0.330357005608114 -0.36031414029818 0.0
-0.32769930606524 -0.298554960276264 0.0
-0.324948093482949 -0.236727582063463 0.0
-0.322116468899724 -0.174846155490423 0.0
-0.319231841154768 -0.112931410716569 0.0
-0.316321045228065 -0.0510079643921044 0.0
-0.31341165996125 0.0108955149837312 0.0
-0.310531899275761 0.0727461354606246 0.0
-0.30770642790311 0.134506750263394 0.0
-0.304944573334493 0.1961373811809 0.0
-0.302212932545173 0.257598767082785 0.0
-0.299381500774594 0.318864743219396 0.0
-0.296171002640473 0.379954564375223 0.0
-0.29229940678748 0.440972999928203 0.0
-0.287802608877821 0.50192874016145 0.0
-0.278880265030314 -0.608651426005925 0.0
-0.276547454641664 -0.547270896627531 0.0
-0.274143915676284 -0.485791340928851 0.0
-0.271654997686786 -0.424219024295074 0.0
-0.269071536980309 -0.362563511602228 0.0
-0.266386193151126 -0.3008352067528 0.0
-0.263597633376341 -0.23904531776972 0.0
-0.260716867826903 -0.177208075731573 0.0
-0.257762997537601 -0.115341856886136 0.0
-0.25475526398991 -0.0534677698504628 0.0
-0.251712216437734 0.00839034010228085 0.0
-0.248649890440957 0.0702061341774428 0.0
-0.245576185146765 0.131951324544508 0.0
-0.242478114402218 0.19359821376373 0.0
-0.239297640692316 0.255125546736676 0.0
-0.235900402321866 0.316534491352164 0.0
-0.232082298174172 0.377876553197796 0.0
-0.227653874964064 0.439259572901092 0.0
-0.2223463941333 0.500824783474635 0.0
-0.217544983428664 -0.61078933372647 0.0
-0.215231980020076 -0.549410792024547 0.0
-0.212837481903845 -0.487935614541733 0.0
-0.210342090531207 -0.426370411477083 0.0
-0.207735333555239 -0.364724376116678 0.0
-0.205011452371558 -0.303007503755277 0.0
-0.202170716063406 -0.241230765360231 0.0
-0.199221208911866 -0.179407281751563 0.0
-0.196175334371968 -0.117553028937489 0.0
-0.193045040894438 -0.0556861983390749 0.0
-0.189840111772598 0.00617254179818733 0.0
-0.186565479757499 0.0680000594236818 0.0
-0.183215392390844 0.129770910556026 0.0
-0.17976256645076 0.191459128686538 0.0
-0.176143087305763 0.253042033283452 0.0
-0.172249196623226 0.314508414024961 0.0
-0.167954041220531 0.375861959186631 0.0
-0.163140511021736 0.437104463049655 0.0
-0.157369640909752 0.498205487458892 0.0
-0.156178815718011 -0.612851028292071 0.0
-0.153886724405429 -0.551465647998999 0.0
-0.151495783155678 -0.489983398403033 0.0
-0.148985530141787 -0.428411192425899 0.0
-0.146346097059479 -0.366757696918262 0.0
-0.143573069907918 -0.305032132683278 0.0
-0.140666801863517 -0.243244593477805 0.0
-0.13763208413619 -0.181406803750124 0.0
-0.134475332620887 -0.119532822364955 0.0
-0.131201334935602 -0.0576389644558408 0.0
-0.127811221737266 0.00425553509915275 0.0
-0.124299536399133 0.0661280782809174 0.0
-0.120649164123204 0.127952154299147 0.0
-0.116824059970108 0.189697803160232 0.0
-0.112763675326689 0.251332175987277 0.0
-0.108389708751597 0.312819654521494 0.0
-0.10363340159357 0.374114419189801 0.0
-0.0984506917636399 0.435145344940721 0.0
-0.0931673020847284 0.495934420238292 0.0
-0.0947832470820826 -0.614808036368234 0.0
-0.0925119198671092 -0.553407514965927 0.0
-0.090118940666032 -0.491907446585968 0.0
-0.0875861327039261 -0.430315034106179 0.0
-0.0849055837330541 -0.368638267311593 0.0
-0.0820739485840288 -0.306885310251082 0.0
-0.0790907196629592 -0.24506500581799 0.0
-0.0759570466815826 -0.183187510977912 0.0
-0.0726734478100965 -0.12126508251257 0.0
-0.0692373155826385 -0.0593122955847637 0.0
-0.0656408207249882 0.00265314116301635 0.0
-0.061868133323925 0.0646099378444594 0.0
-0.0578916398034486 0.126532871313418 0.0
-0.053668399319934 0.1883937510279 0.0
-0.049141447682352 0.25016305000434 0.0
-0.0442535396195393 0.31181403244514 0.0
-0.0389796083822445 0.373331648582478 0.0
-0.0334439962907886 0.434754034438317 0.0
-0.0283591813001657 0.496197413027443 0.0
-0.0333633536284246 -0.616642139813713 0.0
-0.0311108592827865 -0.55521970366907 0.0
-0.0287100976490328 -0.493692912017965 0.0
-0.0261478996810432 -0.432069106585538 0.0
-0.0234190948085458 -0.370355335900763 0.0
-0.020521019922795 -0.308558360526153 0.0
-0.0174515724156895 -0.246685357783274 0.0
-0.0142078489227645 -0.184744521697119 0.0
-0.0107842619771166 -0.122745871041256 0.0
-0.00717048497265118 -0.0607015295296393 0.0
-0.00334950549089723 0.00137354099094992 0.0
0.000704578259277986 0.0634613424037065 0.0
0.00502850619773958 0.125540891852387 0.0
0.00966939714725423 0.187589649154668 0.0
0.0146769007836005 0.249585569021222 0.0
0.0200800882745321 0.311511912705079 0.0
0.0258288667154152 0.373366711555861 0.0
0.0316553415129406 0.43516293817196 0.0
0.0370129774001078 0.496811640752953 0.0
0.0280726581717134 -0.618347679214853 0.0
0.0303103947163724 -0.556898694864635 0.0
0.0327247378350016 -0.495338751197495 0.0
0.0353220433478751 -0.433674935557338 0.0
0.0381045595418084 -0.371912944033126 0.0
0.0410748029799816 -0.310057704561593 0.0
0.0442371096714584 -0.248114248162783 0.0
0.0475988338422128 -0.186088275486285 0.0
0.0511718945095319 -0.123986933994927 0.0
0.0549744904422476 -0.0618190742537524 0.0
0.0590326883745011 0.000404086768322067 0.0
0.0633817065126983 0.0626688200044703 0.0
0.0680657354826773 0.124958788115153 0.0
0.0731335903858295 0.187255781817989 0.0
0.0786249474523885 0.249540008461576 0.0
0.084538314952415 0.311791046800458 0.0
0.0907682174425976 0.373984034233912 0.0
0.0970360372811607 0.436060080458001 0.0
0.10291807963354 0.497891692207156 0.0
0.0895146119092654 -0.619932769562155 0.0
0.0917438001491365 -0.558455156888238 0.0
0.0941772348463087 -0.496858501215391 0.0
0.0968138482863294 -0.43514899164128 0.0
0.0996534013835293 -0.37333047620802 0.0
0.10269893077928 -0.311405615259503 0.0
0.105957561946358 -0.24937683436259 0.0
0.109441419517549 -0.187246831087275 0.0
0.113168895411965 -0.125019303600197 0.0
0.117166060497367 -0.062699193456863 0.0
0.121467792750367 -0.000293391191306509 0.0
0.126118069509186 0.0621889053026919 0.0
0.131167891627832 0.124735480907112 0.0
0.136667985546235 0.187330464836354 0.0
0.142651322766407 0.249951920717738 0.0
0.14909950550929 0.312567335716734 0.0
0.155894241980662 0.375120974371358 0.0
0.162777180381827 0.437513941048574 0.0
0.169349711670522 0.499602215268472 0.0
0.15095091489585 -0.62141975437092 0.0
0.153179376675497 -0.559914319815305 0.0
0.155636514145386 -0.498280554087506 0.0
0.158314632832397 -0.436522943999385 0.0
0.161211982384567 -0.374643027059158 0.0
0.164332844650693 -0.312640835609842 0.0
0.167687589540734 -0.25051579553982 0.0
0.17129333371841 -0.188267129882167 0.0
0.175175008618343 -0.125894520800795 0.0
0.179366528741422 -0.0633983364125927 0.0
0.183911511496241 -0.000780414005633304 0.0
0.188862805668818 0.061955296770754 0.0
0.194279220051167 0.124801324474569 0.0
0.200216891595177 0.187744598194007 0.0
0.206711530764035 0.250761295758274 0.0
0.21374899768142 0.313807905847809 0.0
0.221226245889672 0.376805890660615 0.0
0.22890874467836 0.439624790937408 0.0
0.236370935365164 0.50208134860481 0.0
0.21236987074553 -0.622845001114628 0.0
0.214605917338578 -0.561315704191018 0.0
0.217089673487891 -0.499647816270765 0.0
0.219809030643627 -0.437843369350655 0.0
0.222762018802109 -0.375901300422166 0.0
0.225954820315574 -0.313818766764021 0.0
0.229401365890088 -0.251591840983225 0.0
0.233123872620032 -0.189215773679499 0.0
0.237153803382668 -0.126685536917136 0.0
0.241532894520343 -0.0639959587045841 0.0
0.246313648672102 -0.00114247902982861 0.0
0.251558547139865 0.0618780796329819 0.0
0.257336598576895 0.12506565239 0.0
0.263715396662489 0.188413787437391 0.0
0.270746354469037 0.251902374227442 0.0
0.278441435973876 0.315485413987975 0.0
0.28673838034501 0.379070982597339 0.0
0.295441451018875 0.442495580646748 0.0
0.304093113578236 0.505504277627798 0.0
0.273760600879409 -0.624257803053091 0.0
0.276011314382777 -0.562711886159015 0.0
0.278522123018238 -0.50101643548086 0.0
0.281279681667245 -0.439170697132767 0.0
0.28428299268843 -0.377170992389027 0.0
0.287540576010986 -0.315011421062131 0.0
0.291070068524278 -0.252684379311707 0.0
0.294898738895986 -0.190180631326825 0.0
0.2990644303277 -0.127489619381642 0.0
0.303616581394873 -0.0645993293861322 0.0
0.308616749260774 -0.00149676343909867 0.0
0.314138065099304 0.0618315486967796 0.0
0.320262749355829 0.125397842008142 0.0
0.327076920143946 0.189209855590166 0.0
0.334661698703688 0.253262841699202 0.0
0.343078895537245 0.317525023794398 0.0
0.352342465838436 0.38191023442519 0.0
0.362344592550721 0.446230760555403 0.0
0.372653979155858 0.510127632800307 0.0
0.335113447620875 -0.625717824600466 0.0
0.337382628446609 -0.56416569047463 0.0
0.339918019630574 -0.502453205650587 0.0
0.342707910295199 -0.440577349047097 0.0
0.345752868390591 -0.378531720064575 0.0
0.349063989019043 -0.31630725919121 0.0
0.352662548771044 -0.253892580249995 0.0
0.356580562402794 -0.191273692879025 0.0
0.360861806290188 -0.128433857391015 0.0
0.365562975964067 -0.0653528956785262 0.0
0.370754500232811 -0.0020069785632962 0.0
0.376520760805698 0.0616317472301103 0.0
0.382959578379723 0.125594650768975 0.0
0.39018153703656 0.189915039241863 0.0
0.398309969080824 0.254622383343538 0.0
0.407481485482441 0.319729605664266 0.0
0.417837599319135 0.385202166275987 0.0
0.42946610351377 0.450884113720598 0.0
0.442155930438851 0.516328970023337 0.0
0.396420518743964 -0.627289734077605 0.0
0.398707250174644 -0.565744762321129 0.0
0.4012622026411 -0.504032069147667 0.0
0.404075525078277 -0.442145278576184 0.0
0.407149901980533 -0.380075180516559 0.0
0.410499030488414 -0.317810145046605 0.0
0.414147391119959 -0.255335792758543 0.0
0.418130974175568 -0.192634012830996 0.0
0.422498495289748 -0.129682072221109 0.0
0.42731280117859 -0.0664510481826574 0.0
0.43265213664321 -0.00290446069424096 0.0
0.438611409573949 0.0610037668967727 0.0
0.445304140878725 0.125331409143843 0.0
0.452867218491039 0.190150719944432 0.0
0.461472005982267 0.255550159495908 0.0
0.471347084731764 0.321634322650312 0.0
0.482815733747634 0.388511776628919 0.0
0.496334059023005 0.456234510009932 0.0
0.512407561061214 0.524547762681535 0.0
