-0.763909602933594 -0.654543289441199 0.0
0.463237430554443 -0.69391267206272 0.0
-0.739120829105377 0.61237245798111 0.0
0.61237245798111 0.61237245798111 0.0
-0.702715639999713 -0.657055302734286 0.0
0.465295851515699 -0.632553122041413 0.0
0.532108641090133 0.590455795253933 0.0
-0.725066564894898 0.541029496915501 0.0
-0.641501228903342 -0.659291678859719 0.0
0.467655932308124 -0.571022971797896 0.0
0.457036293151651 0.578117841155127 0.0
-0.721335076862969 0.472883673739575 0.0
-0.580283250626385 -0.661516074265131 0.0
0.470290914182294 -0.509307807068254 0.0
0.385305610113835 0.570047923315276 0.0
-0.720736318892534 0.406821986726091 0.0
-0.51905595805634 -0.663752932491513 0.0
0.473188809257711 -0.447397226905282 0.0
0.315687761091083 0.564410932176657 0.0
-0.721569974058961 0.342000237711468 0.0
-0.457817782357219 -0.666016327112119 0.0
0.476350065091124 -0.3852811307315 0.0
0.247487597265212 0.560380468019136 0.0
-0.723229118997262 0.277954108066645 0.0
-0.396562025906963 -0.668314206891925 0.0
0.479785939896607 -0.322947534016693 0.0
0.180285572433044 0.557517788349632 0.0
-0.725412210292344 0.214423724865054 0.0
-0.335277639044303 -0.670634508479156 0.0
0.483518130362618 -0.260380975796084 0.0
0.113801737135793 0.555558673286844 0.0
-0.727937702329626 0.151257964175837 0.0
-0.27395311063633 -0.672948003678895 0.0
0.487579273000286 -0.197560736106285 0.0
0.0478242284906677 0.55431399120926 0.0
-0.730683994984281 0.0883664526873867 0.0
-0.21258031414783 -0.675216553688329 0.0
0.492013881233533 -0.134459172259738 0.0
-0.0178346211630647 0.553578428664755 0.0
-0.733565004062903 0.0256947411265698 0.0
-0.151156518310528 -0.677401559450518 0.0
0.496879485906835 -0.0710391624425318 0.0
-0.0833623501289797 0.552786822983295 0.0
-0.736519155027337 -0.0367878607223502 0.0
-0.0896854265169446 -0.679470617105112 0.0
0.502247786917666 -0.00725132600717994 0.0
-0.147990271556514 0.555029265783126 0.0
-0.739507068700685 -0.0990944121820424 0.0
-0.028176737746141 -0.681401982501269 0.0
0.508206236344273 0.0569701747273592 0.0
-0.211876803307727 0.558164695714799 0.0
-0.742528996003901 -0.161221555712926 0.0
0.0333547685093241 -0.68318716990463 0.0
0.51486127792455 0.121713338925403 0.0
-0.275826525602103 0.559220851882278 0.0
-0.745728805744645 -0.223152758350565 0.0
0.0948909898980575 -0.684832301734234 0.0
0.522346369526299 0.187097783968486 0.0
-0.340171369600667 0.56153320899878 0.0
-0.748107244439741 -0.285003047827884 0.0
0.156411789846389 -0.686358633858239 0.0
0.530840522958983 0.253290050289406 0.0
-0.405034049307838 0.564378195783188 0.0
-0.750654504581382 -0.346882675198617 0.0
0.217897273849965 -0.687802466391225 0.0
0.540608842793269 0.320533330049025 0.0
-0.470377393698569 0.570820888020323 0.0
-0.753636803123389 -0.408692946351429 0.0
0.279330092495641 -0.689214297966397 0.0
0.552089983929956 0.389205564107458 0.0
-0.535798686385171 0.57775998011875 0.0
-0.7564021362087 -0.470345171539237 0.0
0.340697950308272 -0.69065677134781 0.0
0.566104331801528 0.459937037121088 0.0
-0.601386337390765 0.582672068734265 0.0
-0.759118349913629 -0.531843148992765 0.0
0.401997377343488 -0.692200293483436 0.0
0.584462957989889 0.533825919203073 0.0
-0.66900120528451 0.592428630974653 0.0
-0.761485616753669 -0.593237700207585 0.0
-0.700320805750203 -0.595747004712426 0.0
-0.697923574246595 -0.534326088609885 0.0
-0.695243223654327 -0.472782748323617 0.0
-0.692493293570565 -0.411175083911146 0.0
-0.689620322307481 -0.349507328823438 0.0
-0.687072427012073 -0.287747494823137 0.0
-0.684547276792017 -0.225732755703782 0.0
-0.681390495953472 -0.163459177628187 0.0
-0.678353164002371 -0.101098937794128 0.0
-0.675356119797915 -0.0386067541764034 0.0
-0.672406800607935 0.0240533564833852 0.0
-0.669546141485508 0.0869152352365739 0.0
-0.666840824214874 0.150017341936415 0.0
-0.664388115883382 0.213406509929883 0.0
-0.662330882545287 0.277135701720294 0.0
-0.660890432868873 0.341248826012229 0.0
-0.660443529551328 0.40572393911938 0.0
-0.661728184850334 0.470283609886548 0.0
-0.666390125552478 0.533724806788121 0.0
-0.639127192195884 -0.597975672433904 0.0
-0.636666517542473 -0.536569172481808 0.0
-0.634019099644893 -0.475042786134466 0.0
-0.631280791034283 -0.41340052333626 0.0
-0.628513546287813 -0.351605391087169 0.0
-0.625904110998998 -0.289692320032517 0.0
-0.623211855861181 -0.227668816634178 0.0
-0.620197267869429 -0.16545049805824 0.0
-0.617202043606944 -0.103083371198115 0.0
-0.614235337671239 -0.0405649371859217 0.0
-0.611324827817053 0.0221150130480967 0.0
-0.608521286568838 0.0849657930514588 0.0
-0.605900411254537 0.14799015824723 0.0
-0.603569735037598 0.211174835250682 0.0
-0.601682023912784 0.274470244864489 0.0
-0.600458011511323 0.337752142052158 0.0
-0.600219327377504 0.400750922215252 0.0
-0.601371148485559 0.462935544994616 0.0
-0.603007384561988 0.523432025159904 0.0
-0.57790025285694 -0.600207016031463 0.0
-0.575409803052518 -0.538791459427523 0.0
-0.572786449098065 -0.477248975244028 0.0
-0.570093569785342 -0.415571852259931 0.0
-0.567391441362514 -0.353760368451745 0.0
-0.564731049012336 -0.291846953607948 0.0
-0.561970319943365 -0.229817090779163 0.0
-0.559031838811777 -0.167629958081381 0.0
-0.556082335730996 -0.105308173428699 0.0
-0.553157457567791 -0.0428610434328114 0.0
-0.550296217343309 0.0197014825742624 0.0
-0.547554500622905 0.0823612123578248 0.0
-0.545008982161784 0.145084198288099 0.0
-0.542761069410592 0.207811350000829 0.0
-0.540940421384891 0.270445642715654 0.0
-0.539701018201478 0.332840048343392 0.0
-0.539172609351923 0.394794083275618 0.0
-0.53910306739826 0.456087097797682 0.0
-0.537757895465402 0.51681293668812 0.0
-0.516657023686355 -0.602446542397029 0.0
-0.514159179640719 -0.541027930254673 0.0
-0.511565717479229 -0.479484395668409 0.0
-0.508916767094205 -0.417815006166789 0.0
-0.506246588620747 -0.356029163803505 0.0
-0.503558667853033 -0.294142380803544 0.0
-0.50077686570514 -0.232145949413388 0.0
-0.497884220064542 -0.170027748322529 0.0
-0.494971656956961 -0.107807244658175 0.0
-0.492080094844672 -0.0455041312924945 0.0
-0.489251746660682 0.0168561840697746 0.0
-0.486540647359468 0.0792374605856261 0.0
-0.484015250256395 0.141587665817502 0.0
-0.481758194899678 0.203834629775136 0.0
-0.479860325722138 0.265881819767573 0.0
-0.478393783658681 0.327606805287731 0.0
-0.477296787308169 0.388864060421612 0.0
-0.475994053008952 0.449531129698617 0.0
-0.472238320576101 0.509573042921999 0.0
-0.4554036771381 -0.604717505184987 0.0
-0.452911966480898 -0.543308470512079 0.0
-0.450348667733296 -0.481782237263922 0.0
-0.447733803508312 -0.420141580582256 0.0
-0.44508090595615 -0.358396314361572 0.0
-0.44237967536911 -0.296556995824912 0.0
-0.439591981909472 -0.234623973265775 0.0
-0.436722510145101 -0.172601047282924 0.0
-0.433827012060243 -0.110509583850826 0.0
-0.430943575207313 -0.0483754859998695 0.0
-0.428111658593264 0.013768644313663 0.0
-0.425378140224296 0.0758808443047588 0.0
-0.422797757886242 0.137907272237948 0.0
-0.420428991110075 0.199780442680897 0.0
-0.418319499547268 0.261416823414052 0.0
-0.416459166699948 0.322715561956026 0.0
-0.414643349422208 0.383565917474314 0.0
-0.412143417179833 0.443887813358065 0.0
-0.407863204345282 0.503890647703942 0.0
-0.394137531797022 -0.607026458284254 0.0
-0.391659392527914 -0.545634028973306 0.0
-0.389123419576955 -0.484132831056896 0.0
-0.386532980180799 -0.422527438650526 0.0
-0.383888122956558 -0.360827769299713 0.0
-0.381176436897088 -0.299044051288508 0.0
-0.378380170564626 -0.237183301970565 0.0
-0.375510512284738 -0.175257243837823 0.0
-0.372604785123729 -0.113288108317995 0.0
-0.369695068659678 -0.0513028647892735 0.0
-0.366814521943004 0.0106661328925198 0.0
-0.363999804743839 0.0725801978862134 0.0
-0.361289154711498 0.134393457153613 0.0
-0.358714283999802 0.196053008107668 0.0
-0.356277991945841 0.257499775490253 0.0
-0.353897481766895 0.318675798393175 0.0
-0.351284901199023 0.379550950038118 0.0
-0.347896154969221 0.440215324129766 0.0
-0.343766161689911 0.501001968384438 0.0
-0.332851516272786 -0.60935722172837 0.0
-0.330391615287508 -0.547981038407183 0.0
-0.327878771452777 -0.486503412978478 0.0
-0.325303325613252 -0.424929969963983 0.0
-0.322657394967627 -0.363270724968379 0.0
-0.319929844840978 -0.301536423676995 0.0
-0.317113199270511 -0.239737591106299 0.0
-0.31421920272151 -0.177888756782564 0.0
-0.311273945518052 -0.1160108467222 0.0
-0.308302532530809 -0.0541283369746117 0.0
-0.305330298363551 0.0077307325682409 0.0
-0.30238270397202 0.0695347454418076 0.0
-0.29948140697253 0.13124863275818 0.0
-0.296633372580252 0.192835390745089 0.0
-0.293805889702082 0.254259490281811 0.0
-0.290877976099102 0.315498413159037 0.0
-0.287593831140442 0.376572398101391 0.0
-0.2836971189827 0.437581455271636 0.0
-0.279230577432938 0.498542250521368 0.0
-0.271537783293086 -0.611677127386421 0.0
-0.269099644064879 -0.550311388012327 0.0
-0.266605029037395 -0.488849393025748 0.0
-0.264035183920132 -0.427297376051321 0.0
-0.261378214674012 -0.365665221565641 0.0
-0.258624934553172 -0.303963767528461 0.0
-0.255772720686762 -0.242204610120399 0.0
-0.252831650813667 -0.180402228876501 0.0
-0.24981997627736 -0.118575025606693 0.0
-0.246755905465095 -0.056743802882762 0.0
-0.243656738690551 0.00506833368011717 0.0
-0.240537185411492 0.0668363096160564 0.0
-0.237404207952345 0.128533680480176 0.0
-0.234245435455714 0.190135103592084 0.0
-0.231007437650289 0.251621776519153 0.0
-0.227568101027783 0.312996158669021 0.0
-0.223744110382679 0.374307471671047 0.0
-0.219371168312116 0.435657342115671 0.0
-0.214229187842093 0.497178310973679 0.0
-0.210190488844159 -0.613946097645731 0.0
-0.207776952287797 -0.552581939418022 0.0
-0.205295342446877 -0.491123976388692 0.0
-0.202721931928576 -0.429578862995084 0.0
-0.200043680093831 -0.367956128959774 0.0
-0.197253357712055 -0.306266167982127 0.0
-0.194350428733825 -0.244520267970427 0.0
-0.191342567641448 -0.182731700125526 0.0
-0.188241934816184 -0.120916350879719 0.0
-0.185060260365429 -0.0590919967469222 0.0
-0.181807180984844 0.00272152089115647 0.0
-0.178487798911207 0.0645023936677382 0.0
-0.175097428649002 0.126227061155945 0.0
-0.17161191352422 0.187871977126807 0.0
-0.167974382285297 0.24941717287432 0.0
-0.164089694863091 0.310853886484035 0.0
-0.159848849676467 0.372187901073157 0.0
-0.155159650544746 0.433424439686238 0.0
-0.149658977345161 0.494541920645299 0.0
-0.148807166893592 -0.616124990897639 0.0
-0.146420190304275 -0.554752617276124 0.0
-0.143946184990363 -0.493286040328181 0.0
-0.141360530735717 -0.431732337785103 0.0
-0.138651215299545 -0.370100557079613 0.0
-0.1358128867429 -0.308400302333421 0.0
-0.132845670313499 -0.246641931903024 0.0
-0.129754558940229 -0.184837244600388 0.0
-0.126546436298175 -0.123000119330154 0.0
-0.123226782973822 -0.0611463596799214 0.0
-0.119797775146094 0.000705733959038794 0.0
-0.116255677358693 0.0625350272880278 0.0
-0.112586384051134 0.124317113976119 0.0
-0.108759128896369 0.186024866716964 0.0
-0.104722055463877 0.247629047181529 0.0
-0.100409497541409 0.309098634188933 0.0
-0.0957688767192496 0.370394303441387 0.0
-0.090778688097068 0.431454814061817 0.0
-0.0857601285232832 0.492300121126128 0.0
-0.0873896148740421 -0.618181901974781 0.0
-0.0850297159704985 -0.556792179870018 0.0
-0.0825576862700368 -0.495305223856319 0.0
-0.0799517622238504 -0.433728568100021 0.0
-0.077202558326043 -0.372070651756554 0.0
-0.0743064610786578 -0.310340023595121 0.0
-0.0712633930795477 -0.248545756334728 0.0
-0.0680753919225273 -0.186698031620428 0.0
-0.0647442396830371 -0.124808876817648 0.0
-0.0612690229615938 -0.0628923193262971 0.0
-0.0576442431190583 -0.000965120746623431 0.0
-0.0538574175989964 0.0609528676248758 0.0
-0.049885886752636 0.122838436689242 0.0
-0.0456940224364647 0.184666019337814 0.0
-0.041235149919459 0.246409256517989 0.0
-0.0364652399152774 0.308044885503702 0.0
-0.0313742925393583 0.369560706964163 0.0
-0.0260934181503616 0.430991642788935 0.0
-0.0212828564119894 0.492437635019456 0.0
-0.0259436307894583 -0.620096251564939 0.0
-0.0236092534606037 -0.558681733559499 0.0
-0.0211332466137867 -0.497164675041204 0.0
-0.0184998134794257 -0.435552950276727 0.0
-0.015703193924995 -0.37385413781205 0.0
-0.0127412302921935 -0.31207539266965 0.0
-0.00961296513295563 -0.250224104784302 0.0
-0.00631712085742881 -0.188308479433029 0.0
-0.0028502299581433 -0.126338320184056 0.0
0.00079527544441924 -0.06432526832675 0.0
0.00463273644332632 -0.0022834823163757 0.0
0.0086830675782714 0.0597702195272997 0.0
0.0129761994593662 0.121816443095816 0.0
0.0175501559782844 0.183834612482404 0.0
0.0224431575550641 0.24580485304322 0.0
0.0276715649258138 0.30771231725924 0.0
0.0331757585276583 0.369555165085041 0.0
0.0386953107693656 0.431343138507592 0.0
0.0437093870529042 0.492993682153689 0.0
0.0355215273622967 -0.621861121061003 0.0
0.0378344678096262 -0.560416655167294 0.0
0.0403206789110483 -0.498862440903615 0.0
0.0429878341681501 -0.437206308272402 0.0
0.0458377297950209 -0.375454552306866 0.0
0.0488715469094078 -0.31361249772759 0.0
0.052091740927976 -0.251685379337869 0.0
0.0555032841778774 -0.189678925186848 0.0
0.0591150970227151 -0.127600135724745 0.0
0.0629415367565644 -0.0654575242592474 0.0
0.0670036639150289 -0.00326175160879565 0.0
0.0713301347410081 0.0589742598719003 0.0
0.0759566454774253 0.121235248797705 0.0
0.08092144348526 0.183504331489019 0.0
0.086252118468129 0.245763185145562 0.0
0.0919357606842297 0.307992696523167 0.0
0.0978614400050129 0.370168878701418 0.0
0.1037558256296 0.432235718518343 0.0
0.109203603739387 0.494073251180234 0.0
0.0969943960081694 -0.623484488418849 0.0
0.0992925774654801 -0.562007627820757 0.0
0.101795169734754 -0.500412249861146 0.0
0.104500832291249 -0.438705461322332 0.0
0.107407754935752 -0.376891732354854 0.0
0.110516813564739 -0.314974091286614 0.0
0.113832540677325 -0.252955146964682 0.0
0.117363942233092 -0.190837646625279 0.0
0.121125549279668 -0.128625229965585 0.0
0.12513853358343 -0.0663226750909726 0.0
0.129431482673739 -0.00393659005165197 0.0
0.134040331894163 0.0585242557571165 0.0
0.139006044476071 0.121048258537225 0.0
0.144367449394525 0.183620386431117 0.0
0.150144758191754 0.246219822039142 0.0
0.156308440317606 0.308815593715074 0.0
0.162734216965336 0.371354662602404 0.0
0.169164101038814 0.433743147120958 0.0
0.175201293638369 0.495843375422881 0.0
0.158461955076224 -0.624989757429404 0.0
0.1607541635323 -0.56348110410937 0.0
0.16327862839182 -0.501843874782611 0.0
0.166025634113559 -0.440083552257821 0.0
0.168990768451983 -0.378202235033287 0.0
0.172175398840705 -0.316200238488548 0.0
0.175586655658559 -0.254077117271019 0.0
0.179237853511856 -0.191832146401931 0.0
0.183149249613748 -0.129465025202023 0.0
0.187348857547466 -0.0669761194270864 0.0
0.191872791691606 -0.00436723805431384 0.0
0.196764462437757 0.0583577526171675 0.0
0.202071150899979 0.121191579612431 0.0
0.207835656197595 0.184121599450135 0.0
0.214079614406467 0.247124874830811 0.0
0.220776112273779 0.310159735993978 0.0
0.227812980925358 0.373151266675093 0.0
0.234951343823133 0.43597487782593 0.0
0.241765894830991 0.498453559967188 0.0
0.21991102994399 -0.626415742662206 0.0
0.222207007559592 -0.56487925081398 0.0
0.224757267394793 -0.503203013956499 0.0
0.227545967045866 -0.441389970522266 0.0
0.230567534455097 -0.37943944154028 0.0
0.233824617897825 -0.317348709399567 0.0
0.237327362923193 -0.255113871954567 0.0
0.241093581086211 -0.192730195951651 0.0
0.245149320894944 -0.130192709886315 0.0
0.249529493157267 -0.0674963598972276 0.0
0.254277967535658 -0.00463676469006311 0.0
0.259446456556756 0.0583890414809602 0.0
0.265090923255349 0.121580818985951 0.0
0.271263867970435 0.18493213426438 0.0
0.278000349386247 0.248423424434119 0.0
0.285296097589775 0.312010414022256 0.0
0.293074582503689 0.375605019149584 0.0
0.301130312170483 0.439050322059871 0.0
0.309004865753969 0.502099171344033 0.0
0.281329284754976 -0.627815926976964 0.0
0.283637871365895 -0.566259099013735 0.0
0.286215332643107 -0.504550397669844 0.0
0.289043177904587 -0.442689658491739 0.0
0.292116134559256 -0.380673284630457 0.0
0.295438747666655 -0.318495271571173 0.0
0.29902444658059 -0.256147887640823 0.0
0.302895588244563 -0.193621830422658 0.0
0.307083952243791 -0.130906581285766 0.0
0.311631322132919 -0.067990291780865 0.0
0.316589588452082 -0.00486025958887827 0.0
0.322019849154576 0.0584965789256221 0.0
0.327989705824559 0.122092000562885 0.0
0.334568060018057 0.185933383008631 0.0
0.341816446353198 0.250016048993348 0.0
0.349775228052571 0.314309404323485 0.0
0.358436347159732 0.37873075350955 0.0
0.36767337325058 0.443099668554406 0.0
0.377049120098016 0.507068405725138 0.0
0.342705649413607 -0.629256485176162 0.0
0.345032419904275 -0.567690324591652 0.0
0.347635326100942 -0.5059597347519 0.0
0.350496688667436 -0.444061733041034 0.0
0.353612466850663 -0.381989611319228 0.0
0.3569895329258 -0.319733940738718 0.0
0.360644661108369 -0.257283021910155 0.0
0.364604552651331 -0.194622659115386 0.0
0.368906375647539 -0.131736041832557 0.0
0.373598456378887 -0.068603071494586 0.0
0.378740644840398 -0.00520015724677563 0.0
0.384404122598758 0.0585001621138124 0.0
0.390670516176549 0.122528742611293 0.0
0.397630826292179 0.186918355184023 0.0
0.405384847279317 0.25169815760394 0.0
0.414040881446594 0.316881571485903 0.0
0.423706982655819 0.38243671189353 0.0
0.434435539013627 0.448215258080063 0.0
0.445992352168454 0.513787432010742 0.0
0.404030753566529 -0.630811805027325 0.0
0.406376055921179 -0.569250637429296 0.0
0.408999599962766 -0.507514867951262 0.0
0.411885493412964 -0.44559752871497 0.0
0.415031793353319 -0.383488770856226 0.0
0.418447885601755 -0.321176377314177 0.0
0.422153562777416 -0.258645447836756 0.0
0.426179206339003 -0.195877422262989 0.0
0.430566504175295 -0.132849203216888 0.0
0.435369370793092 -0.0695316084417369 0.0
0.440654732796735 -0.0058880232840463 0.0
0.446503306287339 0.0581276286166562 0.0
0.453010982652238 0.122572997341491 0.0
0.460292738781157 0.187520143276484 0.0
0.468492230783592 0.253057423043975 0.0
0.477801819208169 0.319289868444359 0.0
0.488495846924241 0.386328329202257 0.0
0.500964784672394 0.454232755352693 0.0
0.515639831821769 0.52277233503279 0.0
