-0.755637964103644 -0.656692630581057 0.0
0.471855470091466 -0.697453008571574 0.0
-0.72470281124115 0.61237245798111 0.0
0.61237245798111 0.61237245798111 0.0
-0.694449748691964 -0.659308509158004 0.0
0.473941800972919 -0.636085550974889 0.0
0.533724464341361 0.588923530318213 0.0
-0.712812799335065 0.540435016529748 0.0
-0.633241251438827 -0.66165135373007 0.0
0.476347470469023 -0.574536939990844 0.0
0.459772266819631 0.575624919525887 0.0
-0.710195324984465 0.471951045235299 0.0
-0.572030746512725 -0.663987023377841 0.0
0.47903673371329 -0.51279161838896 0.0
0.38893654765889 0.56693693418288 0.0
-0.710259335703674 0.40561909435051 0.0
-0.510811775752398 -0.666344314600644 0.0
0.481991794806776 -0.450838519982903 0.0
0.320085293365788 0.560900492713099 0.0
-0.711523390802849 0.340574844474717 0.0
-0.449580984518979 -0.668737818627921 0.0
0.485208491029764 -0.388666909598363 0.0
0.252568366809924 0.556618156759931 0.0
-0.713475891604006 0.276347239183746 0.0
-0.388329491691277 -0.671172943796145 0.0
0.488693662494143 -0.326264041325587 0.0
0.185992358934603 0.55360883226377 0.0
-0.715865969323027 0.212670713289085 0.0
-0.32704415447225 -0.673633034658342 0.0
0.492464103236129 -0.263613529758774 0.0
0.120095953485689 0.5515831299295 0.0
-0.718542418057468 0.14938889855036 0.0
-0.265711829881869 -0.676083308304009 0.0
0.496546501301048 -0.200693587491198 0.0
0.054683522865314 0.550339220190318 0.0
-0.721403146703692 0.0864067678117523 0.0
-0.204323439764639 -0.678480045056457 0.0
0.500977843521869 -0.137475411248699 0.0
-0.0104154520827614 0.549673776212975 0.0
-0.724375212412225 0.0236658608245002 0.0
-0.142876057106818 -0.680779691268579 0.0
0.505806021372451 -0.0739206885565296 0.0
-0.0753686894754063 0.549061193216318 0.0
-0.727406216622723 -0.0388679026982401 0.0
-0.0813739147313232 -0.68294588385785 0.0
0.511090427165992 -0.00997888145435288 0.0
-0.139489553545624 0.551247777697811 0.0
-0.730463472879715 -0.101210397190946 0.0
-0.0198278732015981 -0.684954076405331 0.0
0.516902918047966 0.0544169265227895 0.0
-0.202964597298755 0.554334427564247 0.0
-0.733552707134331 -0.163360535890947 0.0
0.0417456107790209 -0.686794182432123 0.0
0.523330229016005 0.119355726418925 0.0
-0.266495929666898 0.555697102317346 0.0
-0.736830422087134 -0.225303158794564 0.0
0.103326356883624 -0.688471938100686 0.0
0.53048060866884 0.184958093227581 0.0
-0.33034231475446 0.558277660592338 0.0
-0.739275921773318 -0.287165997711543 0.0
0.164891852359231 -0.690009481786148 0.0
0.538499705700933 0.251391638346029 0.0
-0.394623011978214 0.561468232093996 0.0
-0.74189287118582 -0.349053756422114 0.0
0.226419626493214 -0.691445422340988 0.0
0.547605847421217 0.31890110124274 0.0
-0.459341198216967 0.568026939288389 0.0
-0.744958820924997 -0.410861964642659 0.0
0.287889671010047 -0.692834304446183 0.0
0.558166827568706 0.387867473694124 0.0
-0.524180863484066 0.575180277377234 0.0
-0.747817418413603 -0.472509729888661 0.0
0.349287130994038 -0.694245069704716 0.0
0.57088499500831 0.458929301676559 0.0
-0.589164634285281 0.580740920042978 0.0
-0.750633789027522 -0.534002526510349 0.0
0.410606404264596 -0.695757472808559 0.0
0.587353790995608 0.533215185000935 0.0
-0.655922220074303 0.591245383288686 0.0
-0.753106473786211 -0.595391916294311 0.0
-0.69194733026217 -0.598004141845873 0.0
-0.68944375889962 -0.53658674043807 0.0
-0.686663202499914 -0.475046000231754 0.0
-0.683821676899576 -0.413439768483992 0.0
-0.680863680878544 -0.351772344522025 0.0
-0.678242157370115 -0.290004474650295 0.0
-0.675653753285515 -0.227973690071593 0.0
-0.672428023408704 -0.165681760626762 0.0
-0.66932533797342 -0.103295917769968 0.0
-0.666261340428314 -0.0407695409024312 0.0
-0.663238223510434 0.0219346251378503 0.0
-0.660290280158132 0.0848514553014674 0.0
-0.657475028524361 0.148020075752926 0.0
-0.654876547280501 0.211487382640389 0.0
-0.652618090684512 0.275305460908797 0.0
-0.650890743601624 0.339516156601664 0.0
-0.650022584164697 0.40409514814161 0.0
-0.650669012378639 0.468769113926659 0.0
-0.654334513914833 0.532379667065327 0.0
-0.630757852442546 -0.60033843144864 0.0
-0.628190882556651 -0.538934662436264 0.0
-0.625444768247556 -0.477410414502703 0.0
-0.622616639211006 -0.415768779585135 0.0
-0.619768782226878 -0.353970841802389 0.0
-0.617089551087865 -0.292051324365575 0.0
-0.614334227847569 -0.230019075273363 0.0
-0.611256370065431 -0.16778787056662 0.0
-0.608200177438107 -0.105403709599768 0.0
-0.605171061563262 -0.0428641320302987 0.0
-0.602191849234156 0.019840767962881 0.0
-0.599306859683076 0.0827195111027147 0.0
-0.596582817646031 0.145773404472989 0.0
-0.594114468876035 0.208986980944482 0.0
-0.592036085377782 0.272307938457328 0.0
-0.590541421650656 0.335609951212268 0.0
-0.589913018833349 0.398625669645926 0.0
-0.590505055841942 0.460839546187806 0.0
-0.591443806840425 0.521403772055788 0.0
-0.569535845387342 -0.602682070552217 0.0
-0.566939387346563 -0.541270814690182 0.0
-0.564219539689136 -0.479732291556243 0.0
-0.561440493138879 -0.418057950456662 0.0
-0.558662433321109 -0.356247672719094 0.0
-0.555935709998698 -0.294334265738301 0.0
-0.55311475820916 -0.232303383968302 0.0
-0.550118306103017 -0.170113964218613 0.0
-0.547112834219085 -0.10778928557297 0.0
-0.544130725461305 -0.045339547105919 0.0
-0.54120642445203 0.0172241187847932 0.0
-0.538389602222839 0.0798819901496143 0.0
-0.535748334655377 0.142598326561261 0.0
-0.533372053785308 0.205312322915983 0.0
-0.53137385637163 0.26792614216977 0.0
-0.529885562500124 0.330294433898387 0.0
-0.529011239177127 0.392223107596471 0.0
-0.528496454560348 0.453501646253223 0.0
-0.526747897450786 0.514213237226918 0.0
-0.508297828796841 -0.605044006129562 0.0
-0.505694713414013 -0.543632523820002 0.0
-0.503007721758988 -0.482096495480085 0.0
-0.500276745619592 -0.420434574171798 0.0
-0.497535076713311 -0.358656211797613 0.0
-0.494784611887143 -0.296777336552766 0.0
-0.491946284426791 -0.234789695561035 0.0
-0.489000438410802 -0.172681637592634 0.0
-0.486036618639339 -0.110473572658097 0.0
-0.48309267296012 -0.0481862683857316 0.0
-0.480206486025336 0.0141537638171381 0.0
-0.477426185394767 0.0765093270893341 0.0
-0.474812173203163 0.138827954127173 0.0
-0.472436263333554 0.201038231680388 0.0
-0.470375334650038 0.263046651149571 0.0
-0.468685668247934 0.324737569312064 0.0
-0.467296775757081 0.38597730681917 0.0
-0.465670039819684 0.446657109225753 0.0
-0.461762938052254 0.506747003907074 0.0
-0.447048960561645 -0.607447314242084 0.0
-0.444453307342945 -0.546048649421846 0.0
-0.441799858472099 -0.4845340936771 0.0
-0.439107143954668 -0.422906200626018 0.0
-0.436386921118681 -0.36117502249832 0.0
-0.433626832486882 -0.29935165758591 0.0
-0.430786221189969 -0.237437075531354 0.0
-0.427867567228019 -0.175435754050316 0.0
-0.424924827586771 -0.113369892738447 0.0
-0.421993210083175 -0.051266122585457 0.0
-0.419108188503551 0.0108425441177639 0.0
-0.416311283902792 0.0729143562667099 0.0
-0.413650177652448 0.134896776246975 0.0
-0.411174461873078 0.196725399404704 0.0
-0.408921805524012 0.258322475831944 0.0
-0.406874753471017 0.319596680346943 0.0
-0.404837214814764 0.380450747331471 0.0
-0.402140526808303 0.440818521093232 0.0
-0.397782481794721 0.500903827091762 0.0
-0.385785212258919 -0.609895475569328 0.0
-0.383205182063764 -0.548516301426482 0.0
-0.380582697723133 -0.487030526949565 0.0
-0.377918417582641 -0.425442593364206 0.0
-0.375209972334724 -0.363762741701062 0.0
-0.372442691583019 -0.302001765570054 0.0
-0.369596609465432 -0.240167296425115 0.0
-0.366681019265864 -0.178271650720338 0.0
-0.363731438963052 -0.116337584823596 0.0
-0.360777415033337 -0.0543923016561458 0.0
-0.35784871317591 0.00753212135679828 0.0
-0.35497759603868 0.0693980542358816 0.0
-0.352196876434943 0.131161802316653 0.0
-0.349532268225677 0.192774150031405 0.0
-0.346981844758494 0.254181532100321 0.0
-0.344464868470746 0.315333096504922 0.0
-0.341715364924984 0.376205203981807 0.0
-0.338238275754151 0.436885392689744 0.0
-0.334055204332854 0.497683634315307 0.0
-0.324498130391476 -0.612367363390088 0.0
-0.321939262524917 -0.551006443907166 0.0
-0.319343746137121 -0.489546907208896 0.0
-0.316698200935217 -0.427994287492659 0.0
-0.313991909364937 -0.366358936002056 0.0
-0.311211477805437 -0.304652115651207 0.0
-0.308347538537378 -0.242884868025098 0.0
-0.305410276671591 -0.181072143259139 0.0
-0.302424252069173 -0.1192350992428 0.0
-0.299412589534994 -0.0573980860657082 0.0
-0.296398088067033 0.00441150327718343 0.0
-0.293403123708495 0.066163391653023 0.0
-0.29044598480529 0.127824711255918 0.0
-0.287530916268631 0.189361628537956 0.0
-0.284625625389925 0.250742623856098 0.0
-0.281618109806815 0.311949176209658 0.0
-0.278276404752598 0.373002842916842 0.0
-0.274370528563645 0.433998977808438 0.0
-0.269950165254461 0.49496287890564 0.0
-0.263178718452363 -0.614824587831887 0.0
-0.260645520550778 -0.553474997032283 0.0
-0.258072253854606 -0.492032366604214 0.0
-0.255435753099876 -0.430502878113224 0.0
-0.252721137961063 -0.368896742472693 0.0
-0.24991715140297 -0.307225250554356 0.0
-0.247019674950938 -0.245500408150738 0.0
-0.244037660050756 -0.183736962288805 0.0
-0.240988310524074 -0.121953349141306 0.0
-0.23788858272238 -0.0601700531717912 0.0
-0.234754287369026 0.00159059998169602 0.0
-0.231598552918327 0.0633048751025101 0.0
-0.228427155351088 0.124948285472582 0.0
-0.225228137404129 0.18649799687335 0.0
-0.221952596766738 0.247937838701969 0.0
-0.218490816359693 0.309271712392955 0.0
-0.214680757962879 0.370546538662513 0.0
-0.210384292676067 0.431857381525347 0.0
-0.205433117426268 0.493327264762715 0.0
-0.201820397782285 -0.61722147127782 0.0
-0.199316727484705 -0.55587318421797 0.0
-0.196760649938958 -0.494434424705626 0.0
-0.194123730420571 -0.432911863330428 0.0
-0.191390074077678 -0.371315363092197 0.0
-0.188550752439702 -0.309655722932481 0.0
-0.185604228911993 -0.247944554972836 0.0
-0.182557590987377 -0.186195282500477 0.0
-0.179422581925186 -0.124423691531291 0.0
-0.176210532362363 -0.0626471122193674 0.0
-0.172930746313873 -0.000884500148701187 0.0
-0.169588315273658 0.0608437537240562 0.0
-0.166179468172741 0.122516109433151 0.0
-0.162683086922404 0.184111629845251 0.0
-0.159049370504229 0.245613305052769 0.0
-0.155195997169365 0.307015127071851 0.0
-0.151032276870044 0.368325352224469 0.0
-0.146492009167982 0.429553166907717 0.0
-0.141293035618921 0.490686467978167 0.0
-0.140420471966597 -0.619513990066626 0.0
-0.137949231482824 -0.558156139606814 0.0
-0.13540504928457 -0.496707283661243 0.0
-0.132758728249849 -0.435174632589363 0.0
-0.129995817932377 -0.373567604690749 0.0
-0.127109809145365 -0.311896185368228 0.0
-0.124100422459619 -0.250170993709944 0.0
-0.120972699111042 -0.188403890835148 0.0
-0.117733847453076 -0.126608548759802 0.0
-0.114389903112511 -0.0648002099996993 0.0
-0.110943960017206 -0.00299615979634127 0.0
-0.107393899746965 0.058784053947521 0.0
-0.103728567891455 0.120518308548185 0.0
-0.0999224964978665 0.182182563706689 0.0
-0.0959326569303419 0.243751544186253 0.0
-0.0917063178577033 0.305199306338614 0.0
-0.0872076415039295 0.36649366806893 0.0
-0.0824388631885111 0.427584056511464 0.0
-0.0777168548301702 0.488488271802202 0.0
-0.0789810189830234 -0.621666395409951 0.0
-0.0765434840149583 -0.560288932185319 0.0
-0.0740055603235644 -0.498817088242088 0.0
-0.0713414713122578 -0.437258698328138 0.0
-0.0685400770531703 -0.37562263931681 0.0
-0.0655972988530396 -0.313917837564934 0.0
-0.0625133395157394 -0.252153584199568 0.0
-0.0592910016400854 -0.190340064055987 0.0
-0.0559332259478283 -0.128489037679893 0.0
-0.0524407053048627 -0.0666139246597075 0.0
-0.0488102102659041 -0.00473044922505339 0.0
-0.0450325877723425 0.0571431051243111 0.0
-0.0410901831032368 0.118985719700431 0.0
-0.0369548339870231 0.180774677819868 0.0
-0.0325904502158419 0.242487055224532 0.0
-0.0279667026503026 0.304103322833294 0.0
-0.0230893703495481 0.365614250010749 0.0
-0.018096855014624 0.427051131805219 0.0
-0.0135943003482018 0.488496669848218 0.0
-0.017508574211663 -0.623655430671031 0.0
-0.0151036457762129 -0.562250163909596 0.0
-0.0125658418278393 -0.500744702089136 0.0
-0.0098763356783271 -0.439147429055665 0.0
-0.00702852962613488 -0.377466444311579 0.0
-0.00402060844518766 -0.315709288772203 0.0
-0.000852643510021985 -0.253883550113706 0.0
0.00247510369824695 -0.191997419719524 0.0
0.00596404239891013 -0.130060446737945 0.0
0.00961901350237217 -0.0680837326092687 0.0
0.0134496758822706 -0.00608055277834011 0.0
0.0174718831579501 0.0559335584383176 0.0
0.0217085940987332 0.117940922291888 0.0
0.0261884561907214 0.179923063698513 0.0
0.030937834176965 0.241862394063459 0.0
0.0359598105295198 0.303745991413292 0.0
0.0411846940510251 0.365572009707718 0.0
0.0463597750683327 0.42734672506262 0.0
0.0509922475397821 0.48899452514891 0.0
0.0439864999517229 -0.625472692568795 0.0
0.0463628538949016 -0.56403389617857 0.0
0.0489071817522969 -0.502487069691378 0.0
0.0516288222874113 -0.440840776101484 0.0
0.0545293172295108 -0.379101905962415 0.0
0.0576086329121674 -0.317276173196736 0.0
0.0608674224619744 -0.255369001334879 0.0
0.0643083235566491 -0.193386122190016 0.0
0.0679372730535383 -0.131334355896829 0.0
0.0717647603421167 -0.0692218344734653 0.0
0.0758067561064256 -0.00705860771836168 0.0
0.0800851926637982 0.0551432718084554 0.0
0.084627007261829 0.117369682205548 0.0
0.0894594891756336 0.179605113652907 0.0
0.0945976181305701 0.241832722615786 0.0
0.100016462098855 0.30403465443094 0.0
0.105599185532662 0.366187731161001 0.0
0.111077984138571 0.428238965468874 0.0
0.116047182593835 0.49007660492519 0.0
0.105491373699998 -0.627125876995537 0.0
0.107846265587029 -0.565650692517461 0.0
0.11040396613665 -0.504057990922288 0.0
0.113163126750317 -0.442355803337192 0.0
0.116120500507125 -0.380549224299131 0.0
0.119274876543321 -0.318641643436362 0.0
0.122628233503179 -0.256635838663812 0.0
0.126186466097325 -0.194534587276204 0.0
0.129960213114358 -0.132341447011311 0.0
0.133965663585018 -0.070061006730334 0.0
0.138224960881096 -0.00769956671975988 0.0
0.142765752931856 0.0547345513395156 0.0
0.147618605193856 0.117230358675883 0.0
0.152809954703834 0.179773637732732 0.0
0.158346624447257 0.2423446278028 0.0
0.164187248676962 0.304913814932896 0.0
0.170200981763935 0.367430836518783 0.0
0.176130088871259 0.429807030328606 0.0
0.181580127343627 0.491911601023922 0.0
0.166991505113687 -0.628639376266468 0.0
0.169334687005091 -0.567128164594509 0.0
0.171912156660917 -0.505488567195913 0.0
0.174712335563677 -0.443727084198588 0.0
0.177728214564582 -0.381846379068636 0.0
0.18095827478383 -0.319847041395397 0.0
0.184406409205513 -0.257728739719113 0.0
0.188082099982102 -0.195490785085755 0.0
0.192000854096799 -0.133132880468895 0.0
0.196184645576228 -0.0706553819098823 0.0
0.200661864536994 -0.00806007418103009 0.0
0.205466155988365 0.0546492359191178 0.0
0.21063281571228 0.11746541877999 0.0
0.216190693845559 0.180376159896366 0.0
0.222146580070466 0.243359262278533 0.0
0.228459893625361 0.306374734475117 0.0
0.235008461757353 0.369351183009357 0.0
0.241548443209865 0.432169992713098 0.0
0.247654803893381 0.494660811989268 0.0
0.228472141364441 -0.630054455138847 0.0
0.230814829044944 -0.568511137414446 0.0
0.233417039935692 -0.506827310303051 0.0
0.236259234423615 -0.445006846021553 0.0
0.239332236892754 -0.383049447237439 0.0
0.242635149921116 -0.320952505452144 0.0
0.246174303999522 -0.258712125306694 0.0
0.249963040345156 -0.196323575069238 0.0
0.254021875137735 -0.13378193353776 0.0
0.258378702347065 -0.0710822728231319 0.0
0.263068471481904 -0.00822042035518231 0.0
0.268131716784394 0.05480631328421 0.0
0.273610793298411 0.117997398010685 0.0
0.279542359410935 0.181346234001136 0.0
0.285944156846192 0.244833544115198 0.0
0.292794501806639 0.308416456392504 0.0
0.300001252712033 0.372010425762996 0.0
0.307347850217926 0.43546499248968 0.0
0.314374337849076 0.498541067834911 0.0
0.289919393087604 -0.631428878734648 0.0
0.29227226792239 -0.569861203083861 0.0
0.294901653626196 -0.508139648422386 0.0
0.297783831548596 -0.446264656103977 0.0
0.300909200369736 -0.384232692593113 0.0
0.304278289630915 -0.322037622259051 0.0
0.307900265180776 -0.259671561268292 0.0
0.31179247664855 -0.197125123926871 0.0
0.315980482714682 -0.134387826292625 0.0
0.320498170123486 -0.0714480004236525 0.0
0.325387410887473 -0.0082932853562703 0.0
0.330696776144637 0.0550888810861584 0.0
0.336478573429894 0.118709648227773 0.0
0.342783580088043 0.182575758008983 0.0
0.349652542926942 0.246682195500096 0.0
0.357102814043246 0.310998996256727 0.0
0.365102335715769 0.375446283722672 0.0
0.373503728038317 0.439850344795856 0.0
0.381861995951359 0.503874630248963 0.0
0.35132069308644 -0.632835548709753 0.0
0.353691219378527 -0.571255125407471 0.0
0.356346787649983 -0.509506444737444 0.0
0.359263580070338 -0.447586545447683 0.0
0.362432866336626 -0.385488377052284 0.0
0.365857236760665 -0.323202106771102 0.0
0.369548885667537 -0.26071569177763 0.0
0.373529076797218 -0.198014707036191 0.0
0.377828175337368 -0.135082257418179 0.0
0.382485847990571 -0.0718983287521762 0.0
0.387550950666474 -0.00843960716299033 0.0
0.393080886228781 0.0553208796432222 0.0
0.399140292475514 0.119413283889458 0.0
0.405799501043697 0.183869506785957 0.0
0.41313328290038 0.248717854289169 0.0
0.421219582563787 0.313971429280236 0.0
0.430130136923278 0.379599848653078 0.0
0.439878008893606 0.445461032028541 0.0
0.450201304816833 0.51114095616707 0.0
0.412665120140314 -0.634358982838914 0.0
0.415055025815387 -0.572781106394764 0.0
0.417732211640561 -0.51102182563305 0.0
0.420674558205656 -0.449073551896237 0.0
0.423875405428813 -0.38692576831357 0.0
0.427339754570396 -0.324565638770707 0.0
0.431082612264836 -0.261977704680922 0.0
0.435128599495737 -0.199142913682311 0.0
0.439512145724028 -0.136037760200986 0.0
0.444277895951469 -0.0726327673828605 0.0
0.449480980936161 -0.00889117691818868 0.0
0.455187260428661 0.0552330424926228 0.0
0.461474076492088 0.119797275725813 0.0
0.468433214603186 0.184873089901734 0.0
0.476178812875504 0.250548182405199 0.0
0.484864375930827 0.316927054929461 0.0
0.494711310147245 0.384121216039589 0.0
0.5060380968518 0.452196017549391 0.0
0.519191583724829 0.520941463909237 0.0
