-0.746379817562821 -0.658995227062416 0.0
0.481461655835414 -0.700960149829335 0.0
-0.709375524520874 0.61237245798111 0.0
0.61237245798111 0.61237245798111 0.0
-0.685197389420701 -0.661702659975532 0.0
0.483561836506001 -0.639584141241191 0.0
0.535490338569374 0.587312820368176 0.0
-0.699742098855191 0.539838492803812 0.0
-0.623995278686584 -0.664140579592774 0.0
0.485998389015046 -0.578016235777221 0.0
0.462747525673011 0.573017247310638 0.0
-0.698276189084495 0.470991141707934 0.0
-0.562793237301484 -0.666576743196167 0.0
0.48872620526885 -0.516239803675112 0.0
0.392871324695377 0.563694290637415 0.0
-0.69901897776885 0.404363176277579 0.0
-0.501584106217094 -0.669044942779485 0.0
0.491721539218656 -0.454243158283536 0.0
0.324838262645824 0.557250320199046 0.0
-0.70071658636674 0.339074363401157 0.0
-0.440362595893128 -0.671560577012036 0.0
0.49497554951422 -0.392014940330656 0.0
0.258048259837523 0.552712166059019 0.0
-0.702957463168099 0.274647163844833 0.0
-0.37911741102699 -0.674126448940995 0.0
0.498490601259719 -0.329541619884142 0.0
0.192136689012605 0.549554283302634 0.0
-0.70554427108081 0.210809868612577 0.0
-0.317833064240195 -0.676720988739244 0.0
0.502278506292069 -0.266805834729119 0.0
0.126862507568338 0.547461257373537 0.0
-0.708357991327952 0.147400338392942 0.0
-0.256494556079157 -0.679303391653284 0.0
0.506359876559311 -0.20378465222136 0.0
0.0620475176730118 0.546218460162483 0.0
-0.711317301930256 0.0843184190097973 0.0
-0.195091690095666 -0.681823851003956 0.0
0.510763973464878 -0.140448011006576 0.0
-0.00246063807801062 0.545625433855423 0.0
-0.714363298916266 0.0215012366832957 0.0
-0.133621247814341 -0.684233389115516 0.0
0.51552875196068 -0.076756299568701 0.0
-0.0668089331799855 0.545202237743217 0.0
-0.717453424633372 -0.0410890193241079 0.0
-0.0720879647349409 -0.68649129123637 0.0
0.520700865441326 -0.0126577177024656 0.0
-0.13039836791704 0.547316124928872 0.0
-0.720562199084839 -0.103471330182577 0.0
-0.0105038942889245 -0.688569905775996 0.0
0.526335957396422 0.0519158080320023 0.0
-0.193440516636657 0.550334555862156 0.0
-0.723701253607369 -0.165647139352499 0.0
0.0511127544343631 -0.690457328104948 0.0
0.532500164860772 0.117054274531285 0.0
-0.256529303960287 0.552018434065916 0.0
-0.727040679729092 -0.227602881428004 0.0
0.11273961705598 -0.692158765946625 0.0
0.539275232787482 0.182879102306884 0.0
-0.319853027878938 0.554873439718714 0.0
-0.729537078493512 -0.289479751595234 0.0
0.174351677730672 -0.693697164732122 0.0
0.546771516178218 0.249558624457685 0.0
-0.383524677691233 0.558420938821482 0.0
-0.732208167342265 -0.35137669383047 0.0
0.235923748792726 -0.695113431668672 0.0
0.555157560329585 0.317338318862829 0.0
-0.44759391484512 0.565081215228877 0.0
-0.735343451075874 -0.413183244734279 0.0
0.297433013635019 -0.696466221045559 0.0
0.564725285872955 0.386600468219424 0.0
-0.511827301568707 0.572439428407168 0.0
-0.738282189857272 -0.474826798792725 0.0
0.358861904134894 -0.697830934650298 0.0
0.576049703102964 0.457988006613323 0.0
-0.576171874279963 0.578680044569036 0.0
-0.741186179428058 -0.536314727649319 0.0
0.420202532881006 -0.699296985453423 0.0
0.590486245501981 0.532651421471472 0.0
-0.642027811576161 0.589967884099014 0.0
-0.743752514394536 -0.597699130073194 0.0
-0.68259908646896 -0.600401904505634 0.0
-0.680000820847817 -0.538987754081783 0.0
-0.67713243685409 -0.477449148576089 0.0
-0.674212528926108 -0.415843739710788 0.0
-0.67118362034848 -0.354175867045419 0.0
-0.668503674710453 -0.292398585047321 0.0
-0.665868612970269 -0.230349698235477 0.0
-0.662590983436364 -0.168036940396298 0.0
-0.659440711393594 -0.105622256893041 0.0
-0.656327899070161 -0.0430575099762118 0.0
-0.653249108330703 0.0196959895939032 0.0
-0.650231519596394 0.0826742949656986 0.0
-0.647322889452916 0.145917307091985 0.0
-0.64459332864002 0.209472009393028 0.0
-0.642145445035828 0.273389435718247 0.0
-0.640138714116536 0.337708731956445 0.0
-0.638850686406509 0.40240147112333 0.0
-0.638851781984702 0.467194140532512 0.0
-0.641502114360841 0.530962896751137 0.0
-0.621413994472248 -0.602830312934533 0.0
-0.618752322219348 -0.541428775426881 0.0
-0.61591988561246 -0.479906072023533 0.0
-0.61301527187253 -0.418264307405488 0.0
-0.610101252002543 -0.356462510415181 0.0
-0.607367901830445 -0.294535178256175 0.0
-0.604566305745601 -0.232492503368035 0.0
-0.601442690236165 -0.170246197552397 0.0
-0.598343768510066 -0.107842290107718 0.0
-0.595270932628886 -0.0452783251031496 0.0
-0.592241819395795 0.0174552903225034 0.0
-0.589293886287314 0.0803661973145647 0.0
-0.586484383992076 0.14345404177729 0.0
-0.58389464818268 0.206700742642725 0.0
-0.581639680875079 0.270050519450942 0.0
-0.579885292583713 0.333373698744869 0.0
-0.578873733260877 0.396403258294654 0.0
-0.578906632561017 0.458636867676998 0.0
-0.579139201297779 0.519254677101272 0.0
-0.560197585485875 -0.605275528596717 0.0
-0.557506627244215 -0.543868184355598 0.0
-0.554702738500666 -0.482333175815497 0.0
-0.551851125024126 -0.420661054108069 0.0
-0.549011980638179 -0.358851272231751 0.0
-0.546235023044807 -0.296937021774179 0.0
-0.543371052953246 -0.234904084913762 0.0
-0.540334698368541 -0.17271111842965 0.0
-0.537292095196406 -0.110382147798293 0.0
-0.534272122804673 -0.0479283546715908 0.0
-0.531304357930528 0.0146377946807962 0.0
-0.528431896209473 0.0772948072619388 0.0
-0.525713774353668 0.140004787657157 0.0
-0.523226902695132 0.202704704642126 0.0
-0.521067128308571 0.265295238634489 0.0
-0.519343248794096 0.327631936243969 0.0
-0.518132643300979 0.389526409932919 0.0
-0.517177584576626 0.450778437420451 0.0
-0.515025438152221 0.511463731984402 0.0
-0.498965839321488 -0.607750552628791 0.0
-0.496268862607564 -0.546346099246592 0.0
-0.493500930708208 -0.484817500977932 0.0
-0.490701838813387 -0.423162971069946 0.0
-0.487903936624777 -0.361392012662423 0.0
-0.485107474261631 -0.299520986984285 0.0
-0.482230303531162 -0.237542110144655 0.0
-0.479249884028583 -0.175444247118795 0.0
-0.476254237323537 -0.113248868050262 0.0
-0.473277911989787 -0.0509779536592243 0.0
-0.470354177447959 0.01134070394199 0.0
-0.467524900790209 0.0736687345592267 0.0
-0.464841990982204 0.135952991912388 0.0
-0.462365873349305 0.198122585845999 0.0
-0.460158744328447 0.260086885068097 0.0
-0.458260155910109 0.321737115884176 0.0
-0.456589998485952 0.382952047773001 0.0
-0.45464560305238 0.443638470410178 0.0
-0.450592218050369 0.50377561415232 0.0
-0.437722806817997 -0.610278488065495 0.0
-0.435034525056543 -0.548890466351019 0.0
-0.432303676054287 -0.487387996680992 0.0
-0.429547338415464 -0.425773401698522 0.0
-0.426775447296475 -0.364056989773272 0.0
-0.423973479324302 -0.302250435451015 0.0
-0.421098086001984 -0.24035537465114 0.0
-0.41814936421673 -0.178377034337577 0.0
-0.415179305892439 -0.116338554807624 0.0
-0.412220007493734 -0.0542674067574198 0.0
-0.409302669233031 0.00780287684148284 0.0
-0.406463099551898 0.069830665967565 0.0
-0.403741481870218 0.131764689880282 0.0
-0.401177976059154 0.193543693827808 0.0
-0.398799613655795 0.255095965616662 0.0
-0.396580911397674 0.316340273782378 0.0
-0.394333751191761 0.377193924529689 0.0
-0.391449431232909 0.437606619124246 0.0
-0.387021534369707 0.497777691050914 0.0
-0.376462965006793 -0.612859616248376 0.0
-0.373792281589697 -0.551494347118965 0.0
-0.371096204723211 -0.490024895142555 0.0
-0.368372611196007 -0.428455563527516 0.0
-0.365616594386565 -0.366796939146746 0.0
-0.362811074231966 -0.305060419067241 0.0
-0.359933694257956 -0.243254296214207 0.0
-0.356991672754974 -0.181391542382809 0.0
-0.354018537127767 -0.119495509513208 0.0
-0.351041070194843 -0.0575936918709213 0.0
-0.34808536664474 0.00428207721247294 0.0
-0.345178961771972 0.0660952359533834 0.0
-0.34234885642819 0.127804347555819 0.0
-0.339614330888358 0.189364060757012 0.0
-0.336968289371049 0.250726628522044 0.0
-0.334331698052596 0.311848778885197 0.0
-0.331460345598087 0.37271398957992 0.0
-0.327908566211852 0.433407634619772 0.0
-0.323684245967198 0.494215614120234 0.0
-0.315176306577353 -0.615467498523159 0.0
-0.312529673718549 -0.554122810831119 0.0
-0.309864575772698 -0.492682681079432 0.0
-0.307163728907472 -0.43115254372556 0.0
-0.304413398270844 -0.369543101867097 0.0
-0.301597748769475 -0.307866164778548 0.0
-0.298705336479568 -0.246133325296081 0.0
-0.295744606586344 -0.18435999264711 0.0
-0.292738401569496 -0.122567591211145 0.0
-0.289707649788993 -0.0607803610122899 0.0
-0.286672367044057 0.000974964293582712 0.0
-0.283651567160179 0.062669497878116 0.0
-0.280659870133185 0.124272673328373 0.0
-0.27769850310031 0.185753986984373 0.0
-0.274735342187474 0.247086155144601 0.0
-0.271667226762908 0.30825494524397 0.0
-0.268286056351969 0.36928353527979 0.0
-0.26438842602729 0.430262790539825 0.0
-0.260030727937353 0.491227241767957 0.0
-0.253852522182069 -0.618057534297617 0.0
-0.251235492396703 -0.556725287300371 0.0
-0.24859684408495 -0.495303645947181 0.0
-0.24590872600945 -0.433798721621894 0.0
-0.243153040527136 -0.372221057046277 0.0
-0.240316257601337 -0.31058241219445 0.0
-0.237392577123377 -0.248895221636927 0.0
-0.234389649291492 -0.187174517886839 0.0
-0.231323453999913 -0.125438781456556 0.0
-0.228209503849902 -0.0637081715034984 0.0
-0.225061913264966 -0.00200420375960085 0.0
-0.221892014331591 0.0596507827265466 0.0
-0.218704187026039 0.121234345375548 0.0
-0.215486710254578 0.182726272559787 0.0
-0.212195102212156 0.244113154935186 0.0
-0.208732047093202 0.305400439347126 0.0
-0.204956981613222 0.366632717916913 0.0
-0.200758549108817 0.427898173459662 0.0
-0.196022663354246 0.489309516457396 0.0
-0.192484168427603 -0.62057793580656 0.0
-0.189901692941888 -0.559246843320699 0.0
-0.187284611889014 -0.49782909408679 0.0
-0.184599440347751 -0.436331348136218 0.0
-0.181827167938536 -0.374763796866193 0.0
-0.178956956859844 -0.313137649046661 0.0
-0.175986090056228 -0.251464847021031 0.0
-0.172920905229836 -0.189758968536717 0.0
-0.169772570247826 -0.128035691940315 0.0
-0.166551854006489 -0.0663118773534434 0.0
-0.163267563423675 -0.00460554905577984 0.0
-0.159924620927045 0.0570643924328762 0.0
-0.156520031731844 0.118678535234532 0.0
-0.15303561786235 0.180218702319785 0.0
-0.149428608718828 0.241671047738161 0.0
-0.145629541932223 0.303032590790301 0.0
-0.141566232139107 0.364314432799912 0.0
-0.137199153579204 0.425530275728116 0.0
-0.132331312928889 0.486678035908996 0.0
-0.131068236180175 -0.62297933530437 0.0
-0.128524248135874 -0.561637367664915 0.0
-0.125923570080628 -0.500208105914452 0.0
-0.123232045438021 -0.438698861126707 0.0
-0.120432513393432 -0.377119410813961 0.0
-0.117517102675605 -0.315480117912488 0.0
-0.114484962945219 -0.253791858207385 0.0
-0.111341038985948 -0.192066545268555 0.0
-0.108092729217356 -0.130317622703269 0.0
-0.104746495122358 -0.0685597320283863 0.0
-0.101306228325777 -0.00680907762672715 0.0
-0.0977713262172664 0.0549164801887512 0.0
-0.0941335170688054 0.116597252809626 0.0
-0.0903726122385617 0.178212505748233 0.0
-0.0864544584666389 0.239741240237732 0.0
-0.0823394049556336 0.301163031852513 0.0
-0.0780086911081147 0.362453444283109 0.0
-0.0734891555920393 0.423573275198518 0.0
-0.0690935632818068 0.484538100894608 0.0
-0.069607052129126 -0.625221760461319 0.0
-0.0671036717723756 -0.56385787427039 0.0
-0.0645137780362139 -0.50240298346402 0.0
-0.0618071880420627 -0.440865191582275 0.0
-0.0589707437860222 -0.379253799438873 0.0
-0.055999713668925 -0.317578102744425 0.0
-0.0528944353374489 -0.255847600538984 0.0
-0.0496583554607753 -0.194072462909478 0.0
-0.0462954681726601 -0.132264153025876 0.0
-0.0428079823541543 -0.07043543363582 0.0
-0.0391948692175471 -0.00860091751349757 0.0
-0.0354502712812211 0.0532227861339027 0.0
-0.0315615570245865 0.115016995073974 0.0
-0.0275081228220548 0.176762031468822 0.0
-0.0232646586889955 0.23843862576869 0.0
-0.0188148769628314 0.300031187432569 0.0
-0.0141808698813412 0.36153350988203 0.0
-0.00950877033034793 0.422972842412064 0.0
-0.00534634333098051 0.484413934516256 0.0
-0.008107902223943 -0.627278987326492 0.0
-0.00564456578968199 -0.565884185786661 0.0
-0.0030591550268357 -0.504392050094252 0.0
-0.000329437906198065 -0.442811448183749 0.0
0.00255225783827192 -0.381150989288718 0.0
0.00558756519659738 -0.3194185913264 0.0
0.00877550226342803 -0.257622026900841 0.0
0.012114360658802 -0.195769453212183 0.0
0.0156035621824306 -0.133870133999376 0.0
0.0192452669860343 -0.0719345858569086 0.0
0.023045463201094 -0.00997513942819807 0.0
0.0270149047097034 0.0519940344972712 0.0
0.0311694692992644 0.113957065978672 0.0
0.035528225050711 0.175897674221161 0.0
0.0401053604256997 0.237800618752476 0.0
0.0448902344716437 0.299654878194643 0.0
0.0498026243467524 0.361458426810474 0.0
0.0545976771027388 0.423213883791163 0.0
0.0588128367902025 0.484853137132781 0.0
0.0534176984302037 -0.629140920854777 0.0
0.0558449093823992 -0.567708853626188 0.0
0.0584328831861824 -0.506170969760034 0.0
0.0611929540614382 -0.444536551822449 0.0
0.0641266038568376 -0.382813080568375 0.0
0.0672327090058982 -0.321006652185836 0.0
0.0705102075230863 -0.259122867153112 0.0
0.0739594630268231 -0.197167443543626 0.0
0.077583462951828 -0.135146997360038 0.0
0.0813888292839923 -0.0730692489921867 0.0
0.0853863972556261 -0.0109436015284509 0.0
0.0895912666619286 0.0512187991076968 0.0
0.0940214240230836 0.113404998934652 0.0
0.0986929038308342 0.175600864980658 0.0
0.103607658846304 0.237790987723778 0.0
0.108728219708067 0.299958665621008 0.0
0.113931398449942 0.362081424802065 0.0
0.11895506496697 0.424109426003181 0.0
0.123404492496834 0.485939811461128 0.0
0.114955481446777 -0.63081483908505 0.0
0.117354078069128 -0.569342194744977 0.0
0.119952136255335 -0.507753499228281 0.0
0.122748558686957 -0.446057710239551 0.0
0.125738802065616 -0.384260547804829 0.0
0.128919654226438 -0.322365757993084 0.0
0.132290594936313 -0.260376278092597 0.0
0.135854436393799 -0.198294903102524 0.0
0.139617922650394 -0.136125095768815 0.0
0.143592215904889 -0.0738712444465983 0.0
0.147792915266173 -0.0115393362867366 0.0
0.152239207192962 0.05086274700133 0.0
0.156950990028869 0.113324599404369 0.0
0.161941920728307 0.175832746366311 0.0
0.167204909663782 0.238368363847216 0.0
0.172686117347929 0.300903245347369 0.0
0.178247531816181 0.363389607991271 0.0
0.183631482694968 0.425744135337477 0.0
0.188446459739867 0.487843408029866 0.0
0.176489297221053 -0.632326050034996 0.0
0.178869993925856 -0.57081291322414 0.0
0.181485456695869 -0.509172010727663 0.0
0.18432241049485 -0.447410877105861 0.0
0.187371329233004 -0.3855327448506 0.0
0.190627854121867 -0.323538472119691 0.0
0.194092665428159 -0.261427832149197 0.0
0.197771411478249 -0.199200164164123 0.0
0.20167481166141 -0.136855172289276 0.0
0.205818713642907 -0.0743932103128961 0.0
0.21022363063553 -0.0118160629707531 0.0
0.21491320353794 0.0508724713529393 0.0
0.219910392849705 0.113665314347105 0.0
0.225229607872819 0.176550332063844 0.0
0.230862129488168 0.239505855891011 0.0
0.236752879037674 0.302493317838147 0.0
0.24276878177248 0.365444626192548 0.0
0.248660320640789 0.428247103433523 0.0
0.254002660103452 0.490737382905275 0.0
0.238002725118779 -0.633718258833547 0.0
0.240378244700552 -0.572168488999076 0.0
0.243017170155684 -0.510477833997994 0.0
0.245896323579983 -0.448651124438454 0.0
0.24900294724461 -0.386688444104792 0.0
0.252332610622818 -0.324587282264338 0.0
0.255887827669406 -0.262343738508353 0.0
0.259677440609986 -0.199953076575349 0.0
0.26371636304927 -0.137410430447671 0.0
0.268025344125142 -0.0747110205464718 0.0
0.272630208511316 -0.0118509326665772 0.0
0.277560006782922 0.0511721545058011 0.0
0.282843048081603 0.114357266266318 0.0
0.288499536511048 0.177697396681975 0.0
0.294529062733917 0.241173210872066 0.0
0.300891437760749 0.304742798600172 0.0
0.307477572564144 0.368324674309794 0.0
0.314058403001472 0.431774482750234 0.0
0.320171516445556 0.494861280472143 0.0
0.299480238198113 -0.635053578444286 0.0
0.301863175142695 -0.573475151742319 0.0
0.304529071360493 -0.511741179687296 0.0
0.307448931814058 -0.449852725953183 0.0
0.310608801579577 -0.387806305881116 0.0
0.314005182620785 -0.325595631982424 0.0
0.317642954562804 -0.263212651157599 0.0
0.32153440636964 -0.200647886227099 0.0
0.325698774249137 -0.137890893838319 0.0
0.330161879818394 -0.0749302147523477 0.0
0.334955319548157 -0.0117538934473887 0.0
0.340114762897192 0.0516500096612424 0.0
0.345676689777783 0.115291808003669 0.0
0.351673004144471 0.17917727329033 0.0
0.35812262529638 0.243300549512962 0.0
0.365018469116111 0.307631595863215 0.0
0.372302554658518 0.372092456434705 0.0
0.379804089491576 0.436515194838546 0.0
0.387067875766181 0.500573982792459 0.0
0.360907702102011 -0.636411808509037 0.0
0.363307512300382 -0.574816942400343 0.0
0.366000196551883 -0.513050257507354 0.0
0.36895566955601 -0.451108801074473 0.0
0.372160462549547 -0.388985151915262 0.0
0.37561285603109 -0.326669045769042 0.0
0.379320423628452 -0.26414807340135 0.0
0.383298914591916 -0.201407564247006 0.0
0.387571758633686 -0.138430533683207 0.0
0.392169754234163 -0.075197067971358 0.0
0.397130452936413 -0.0116841843676112 0.0
0.402497031401729 0.0521344806465268 0.0
0.408316501875534 0.116288148517705 0.0
0.414637623980135 0.180807457767313 0.0
0.421508863098329 0.245719222524564 0.0
0.428975968089956 0.31103523259369 0.0
0.437071675979487 0.37672513941688 0.0
0.445765787965746 0.442651157375592 0.0
0.454763551534459 0.508413184853117 0.0
0.42227259113512 -0.637887936964907 0.0
0.424692488332042 -0.576292911003717 0.0
0.427407662981735 -0.514509792633198 0.0
0.430389624490897 -0.452530351579336 0.0
0.433626938178842 -0.390343381483761 0.0
0.43712017983696 -0.327935402527962 0.0
0.440879510720989 -0.265290367307107 0.0
0.44492368965452 -0.202388695487419 0.0
0.449279723033672 -0.139206436992829 0.0
0.453982735772878 -0.0757137940180346 0.0
0.459075696286139 -0.0118738668244148 0.0
0.464609082011892 0.0523592696766359 0.0
0.470640934247056 0.117042567798044 0.0
0.477238767634642 0.182246754759189 0.0
0.484485630589659 0.248058225782085 0.0
0.492493822048925 0.314579815731339 0.0
0.501428141231095 0.381921723742825 0.0
0.51152900730517 0.450151413248482 0.0
0.523048554236056 0.519075020949508 0.0
