-0.736208466359318 -0.661422309938676 0.0
0.491982277438524 -0.704400264008347 0.0
-0.693263036012649 0.61237245798111 0.0
0.61237245798111 0.61237245798111 0.0
-0.675031770766778 -0.664208839102281 0.0
0.494082411065432 -0.643015097699641 0.0
0.537400890649059 0.585628862822356 0.0
-0.685952324745856 0.539251460883255 0.0
-0.613836399089403 -0.666730240114926 0.0
0.496535272377681 -0.58142713295714 0.0
0.465948519250156 0.570306644221437 0.0
-0.685665190127055 0.470019644942643 0.0
-0.552643652867921 -0.669255855549816 0.0
0.499286065461322 -0.519618742849707 0.0
0.39708880063527 0.56033802401821 0.0
-0.687097168702965 0.403072751915821 0.0
-0.491445688411885 -0.671825070200328 0.0
0.502304979419139 -0.457577668039795 0.0
0.329918743567494 0.553483578680416 0.0
-0.689228039586795 0.337519551735274 0.0
-0.43023514930975 -0.674454367289162 0.0
0.505578446266793 -0.395291939922932 0.0
0.263893180331473 0.548689666595607 0.0
-0.691750124418597 0.272876466462109 0.0
-0.368998116018257 -0.677143890444283 0.0
0.509104320913728 -0.332747228052796 0.0
0.198678709812801 0.545384321063983 0.0
-0.694522033432027 0.208865275453867 0.0
-0.307716524724176 -0.679866859879993 0.0
0.51288938183031 -0.269925148875206 0.0
0.134056032745638 0.54322539137908 0.0
-0.697458519429748 0.145317593101124 0.0
-0.246373311000048 -0.682576018428319 0.0
0.516948077512622 -0.206801555628644 0.0
0.0698654141272579 0.541985454539318 0.0
-0.700500115614301 0.0821277030790299 0.0
-0.184957005334186 -0.685215007984048 0.0
0.521301800872647 -0.143345040610337 0.0
0.00597348818749856 0.541467838061867 0.0
-0.703602731740163 0.0192279463144214 0.0
-0.123464009587128 -0.687728999758249 0.0
0.525978348901765 -0.0795145934911628 0.0
-0.0577452533581728 0.541244953160418 0.0
-0.706734225367585 -0.0434235327367714 0.0
-0.0618995382639577 -0.690072574153639 0.0
0.531011303944351 -0.015257054012318 0.0
-0.120784350659182 0.543269247084066 0.0
-0.709876766661834 -0.105849091410724 0.0
-0.000276867528002465 -0.692214704801796 0.0
0.536439602809763 0.0494968812723312 0.0
-0.183376296730528 0.546199213478409 0.0
-0.713048261753488 -0.168052944466127 0.0
0.0613839715843904 -0.694141477040229 0.0
0.542308050742007 0.114838225110631 0.0
-0.246002228627292 0.548218410727859 0.0
-0.716433206068291 -0.230023335606651 0.0
0.123058334161834 -0.695857444738189 0.0
0.548670784972605 0.18088912471796 0.0
-0.30878452983048 0.551352436948675 0.0
-0.718964506387837 -0.291915549246013 0.0
0.184718587541329 -0.697386292314322 0.0
0.555601173197748 0.247818264869398 0.0
-0.371826542591207 0.555266226354055 0.0
-0.721674313684392 -0.35382259994599 0.0
0.246336702911024 -0.698771212163089 0.0
0.56321528258265 0.315870987706934 0.0
-0.435230906686507 0.562011243662808 0.0
-0.724864588535978 -0.415627873278492 0.0
0.30788692553554 -0.700075017230328 0.0
0.57172458320867 0.385428910860637 0.0
-0.498840635850569 0.569560639474633 0.0
-0.727870249904936 -0.477267476970211 0.0
0.369348843202231 -0.701379701193539 0.0
0.5815681194931 0.457134882245577 0.0
-0.562516481499248 0.576507314201362 0.0
-0.730849178736065 -0.538750882369952 0.0
0.430712155918696 -0.702784594656015 0.0
0.593843949648266 0.532150701737763 0.0
-0.627435486048106 0.58860592822084 0.0
-0.733497227084292 -0.600130518320634 0.0
-0.672349467185535 -0.602911327576068 0.0
-0.669668333847696 -0.541500126863083 0.0
-0.66672464620252 -0.479963176495066 0.0
-0.663739650652863 -0.418357986937974 0.0
-0.660653974019477 -0.356688909922247 0.0
-0.65793072095093 -0.294900949090768 0.0
-0.655265405811347 -0.23283211369589 0.0
-0.651952831293173 -0.170496304011903 0.0
-0.648772610352109 -0.108049872538761 0.0
-0.645629020725241 -0.0454429989446909 0.0
-0.642512665492291 0.0173645927356838 0.0
-0.639443213006345 0.0804102734842743 0.0
-0.636458154964279 0.143734828185364 0.0
-0.633612989442126 0.207385357843812 0.0
-0.630988848704823 0.271411678938607 0.0
-0.628712554396849 0.335849591650904 0.0
-0.627009921174387 0.400664754316213 0.0
-0.626365378887038 0.465578809008117 0.0
-0.627994819110937 0.529490985418675 0.0
-0.611168906596656 -0.60542215928399 0.0
-0.608424312904648 -0.544022325934207 0.0
-0.605518065288273 -0.482500561738565 0.0
-0.602550370237055 -0.420857922511476 0.0
-0.599584621929534 -0.359051269554963 0.0
-0.596812701666534 -0.297114856046841 0.0
-0.593981440761963 -0.235060209842916 0.0
-0.590829417390973 -0.17279677865785 0.0
-0.587705829029342 -0.110370655287036 0.0
-0.584607817344654 -0.047779353168082 0.0
-0.581547548852915 0.0149864009241129 0.0
-0.578555288987059 0.0779332883255852 0.0
-0.575678423275493 0.141059090058247 0.0
-0.572984418478787 0.204342698441128 0.0
-0.570568484987033 0.267724093759101 0.0
-0.568567935521067 0.331068943612206 0.0
-0.567184206389683 0.394108484688777 0.0
-0.566665893991154 0.456350978420279 0.0
-0.566193718573706 0.517005754647666 0.0
-0.549958629565387 -0.607957962153103 0.0
-0.547184873508058 -0.546554099225353 0.0
-0.544309519846558 -0.485022130448016 0.0
-0.541398975344673 -0.42335165813418 0.0
-0.538513531865604 -0.36154167992673 0.0
-0.535702279148952 -0.299625774027983 0.0
-0.53281228462748 -0.237589808447478 0.0
-0.529753879473727 -0.175392128822496 0.0
-0.526692761801893 -0.113057586976879 0.0
-0.523654112397687 -0.0505984318795006 0.0
-0.520662403939489 0.011971391894272 0.0
-0.517753883526474 0.074628385949383 0.0
-0.514978232614803 0.137332142932372 0.0
-0.51239947287112 0.200016892101982 0.0
-0.510095774665378 0.262581140974515 0.0
-0.508152423523924 0.324880494603798 0.0
-0.50661959527419 0.386731451553821 0.0
-0.50523554345569 0.447944038154164 0.0
-0.502686014886226 0.508589725599694 0.0
-0.488734057768649 -0.610536368018805 0.0
-0.485954829258711 -0.549138775624673 0.0
-0.483118651509572 -0.487617469054247 0.0
-0.480265355564223 -0.425970200975212 0.0
-0.477426376909732 -0.364206528212324 0.0
-0.474600275089857 -0.302343260275255 0.0
-0.471701702390489 -0.240373096554805 0.0
-0.468705078304755 -0.17828546497696 0.0
-0.465696780646707 -0.1161030073656 0.0
-0.462707876949023 -0.0538490495157665 0.0
-0.459766800648038 0.00844716519877804 0.0
-0.456908895758251 0.0707458812673296 0.0
-0.454177259391952 0.132993030744745 0.0
-0.451620531893116 0.195118004811035 0.0
-0.449285728942164 0.2570328747311 0.0
-0.447195065475294 0.318635754054747 0.0
-0.445258088546616 0.379818343442657 0.0
-0.443006943328189 0.440504685076694 0.0
-0.43881484468871 0.500687496413636 0.0
-0.427498054069593 -0.613180704180645 0.0
-0.42472866109378 -0.55180350015629 0.0
-0.421933247857762 -0.490313421297142 0.0
-0.419127484820779 -0.428712553458296 0.0
-0.416319448542921 -0.367011479269708 0.0
-0.413492362297617 -0.305222482834678 0.0
-0.410600053179944 -0.243347909554672 0.0
-0.407640088071537 -0.181393805129021 0.0
-0.404662354072695 -0.119384351819986 0.0
-0.401695652289548 -0.0573479657727024 0.0
-0.398766685864935 0.00468119395362908 0.0
-0.395905280747298 0.0666615296384179 0.0
-0.393143792371973 0.128542995086643 0.0
-0.390512543663941 0.190267535981924 0.0
-0.388027444273502 0.251769690360592 0.0
-0.385654432571349 0.312978804706633 0.0
-0.38321272266801 0.373827722134195 0.0
-0.380152777027189 0.434283786490809 0.0
-0.375664329332499 0.494542999040694 0.0
-0.366243467549819 -0.615887941196755 0.0
-0.363493573235763 -0.554537097098652 0.0
-0.360736889426218 -0.493084722134772 0.0
-0.357968452444234 -0.431534979922583 0.0
-0.355180717741905 -0.369898825376908 0.0
-0.352354069621855 -0.308188294872183 0.0
-0.349463614430111 -0.246412387318908 0.0
-0.346514345868726 -0.184584787565502 0.0
-0.343537648559882 -0.12272950901093 0.0
-0.340557357113465 -0.0608743914147573 0.0
-0.337595677904117 0.000948944348958414 0.0
-0.334675165597197 0.0627050110825747 0.0
-0.331816717040833 0.124354694614761 0.0
-0.329032852736667 0.185856654778577 0.0
-0.326310967012418 0.247169216992936 0.0
-0.323573398857916 0.308257076519822 0.0
-0.320597344594881 0.369111353006167 0.0
-0.316986210105885 0.429815616454662 0.0
-0.312733710033778 0.490630959624898 0.0
-0.304958578757698 -0.618625992822825 0.0
-0.302235584268876 -0.557298348952781 0.0
-0.299514042929771 -0.495878765542389 0.0
-0.296772609477981 -0.43437257146347 0.0
-0.293994373827081 -0.37279083748121 0.0
-0.291160903008979 -0.311145946028271 0.0
-0.288258520361595 -0.24945007302948 0.0
-0.28529377952227 -0.187719122463626 0.0
-0.282287651507962 -0.125974817684782 0.0
-0.279258694128862 -0.0642413050267383 0.0
-0.276223945790561 -0.00254465154079751 0.0
-0.273198845963419 0.0590876847478076 0.0
-0.270194122111174 0.120627515997169 0.0
-0.267207760220963 0.182047790478912 0.0
-0.264207597333779 0.243325631970085 0.0
-0.261099107502731 0.304451319597785 0.0
-0.257697791513987 0.36544990568956 0.0
-0.253826631574414 0.426407982026828 0.0
-0.249548123474203 0.48736985052077 0.0
-0.243631612825612 -0.621343597182055 0.0
-0.240942169981465 -0.560029715166642 0.0
-0.238251436731036 -0.498630484176266 0.0
-0.235526633999433 -0.437151930780285 0.0
-0.232746244246419 -0.37560493451137 0.0
-0.229894288086122 -0.314001738770231 0.0
-0.22696312366151 -0.252355224267533 0.0
-0.22395895154242 -0.19068072617602 0.0
-0.220896381170572 -0.128996780567058 0.0
-0.217789326165821 -0.0673232191401204 0.0
-0.214650041921762 -0.00568072858420661 0.0
-0.211487899315765 0.0559097862819286 0.0
-0.208305724501153 0.117427983910157 0.0
-0.20509189356404 0.178856346900268 0.0
-0.201806228301607 0.240184301669119 0.0
-0.198363702216366 0.301418887956422 0.0
-0.194645162008336 0.362602318317727 0.0
-0.19056622780497 0.423815596261975 0.0
-0.186068731634079 0.485160358866842 0.0
-0.18225413977203 -0.623982388872135 0.0
-0.17960436270636 -0.56266963163657 0.0
-0.176939746849995 -0.50127448340586 0.0
-0.174221453334474 -0.439803570139094 0.0
-0.171427124941476 -0.378267406554328 0.0
-0.168543829600387 -0.316677614781863 0.0
-0.165567512914343 -0.255046473067126 0.0
-0.162503622859209 -0.193387717417582 0.0
-0.15936261844868 -0.13171691554369 0.0
-0.156154573131069 -0.0700504424579017 0.0
-0.15288766446645 -0.00840536018148866 0.0
-0.149566520563019 0.0532009719832511 0.0
-0.146188811547833 0.114751346259035 0.0
-0.142739205351009 0.176230455388948 0.0
-0.139181874308818 0.23762777535897 0.0
-0.13546012145321 0.298943586238947 0.0
-0.131520214655968 0.360192190748355 0.0
-0.127349585439651 0.421392371285699 0.0
-0.12283965811329 0.482552532319406 0.0
-0.120822760933982 -0.626487236647493 0.0
-0.118217691685642 -0.565162329813638 0.0
-0.115574179457147 -0.503754318420163 0.0
-0.112852767596484 -0.442270584918543 0.0
-0.110033342067485 -0.380721254335994 0.0
-0.107106487061459 -0.319117063215197 0.0
-0.104070634132077 -0.257469141119779 0.0
-0.100930504702263 -0.195789447560223 0.0
-0.097693570664299 -0.134091182718286 0.0
-0.0943666090511443 -0.0723883580492362 0.0
-0.090954207663918 -0.0106960478759135 0.0
-0.0874571928145593 0.050969652786688 0.0
-0.0838701093673884 0.112591608306472 0.0
-0.0801780050905029 0.174152569424968 0.0
-0.0763555799065489 0.235636082605031 0.0
-0.0723762755625745 0.297027638377209 0.0
-0.0682385380161315 0.358311098695787 0.0
-0.063994356676039 0.419459247920551 0.0
-0.059952597639662 0.480485421347044 0.0
-0.0593400226838607 -0.62881360374371 0.0
-0.0567827048974904 -0.567464441231798 0.0
-0.054154720438732 -0.506028137470579 0.0
-0.0514211282512436 -0.444513034613126 0.0
-0.0485665148972102 -0.382928843670744 0.0
-0.0455853263646898 -0.321285222143664 0.0
-0.0424779038449983 -0.259591868918092 0.0
-0.0392482287923865 -0.197858926321999 0.0
-0.0359012535560149 -0.136097537841418 0.0
-0.0324406207845651 -0.0743197729130494 0.0
-0.0288674378182809 -0.0125390769107558 0.0
-0.0251791044587829 0.049229696698616 0.0
-0.021368010811804 0.110970314829513 0.0
-0.0174211587606952 0.172666284380611 0.0
-0.0133241310615179 0.234302158495484 0.0
-0.00907489577577471 0.295866428916493 0.0
-0.00471222590321749 0.357355901562364 0.0
-0.000390341273342677 0.418793354507963 0.0
0.00340208338505103 0.480225119855586 0.0
0.00218602529208337 -0.630932041581039 0.0
0.00469554850183605 -0.569548765785221 0.0
0.0073144463202804 -0.50807149756361 0.0
0.0100686942828595 -0.446509563887208 0.0
0.012967255012526 -0.384872072627443 0.0
0.0160117266144269 -0.323167311337681 0.0
0.0192003267740153 -0.261403228421893 0.0
0.0225299877039865 -0.199587932997145 0.0
0.02599821351558 -0.137730382187136 0.0
0.0296045334323124 -0.0758404769297893 0.0
0.0333512874869045 -0.013929561141557 0.0
0.037244113958773 0.0479896103011032 0.0
0.0412917412710748 0.109903033625104 0.0
0.0455035199759559 0.17179666938529 0.0
0.0498812338758785 0.233657630583101 0.0
0.05440018432602 0.29547670960356 0.0
0.0589692347292734 0.35725148690445 0.0
0.0633514138759317 0.418980775427201 0.0
0.0671165037640681 0.48060453323098 0.0
0.063742669634095 -0.632830580972281 0.0
0.0662081464221601 -0.571406173472807 0.0
0.0688253911246483 -0.509878625227472 0.0
0.071608033829989 -0.448257924221271 0.0
0.0745576767623308 -0.386552136478688 0.0
0.077672224740166 -0.324767736007018 0.0
0.0809489861555459 -0.262910493375473 0.0
0.0843861139849881 -0.200986103107701 0.0
0.0879836886780917 -0.139000964357213 0.0
0.0917444811788146 -0.0769623710367403 0.0
0.0956741723669524 -0.0148790650009939 0.0
0.0997809624249177 0.0472387228426803 0.0
0.104073755906675 0.109379197515969 0.0
0.108557117061227 0.171529558559972 0.0
0.113219650177465 0.233675729227701 0.0
0.11801091467207 0.295801998968934 0.0
0.12280092325229 0.35788645322756 0.0
0.127333266541148 0.41988249295777 0.0
0.13122549676611 0.481696833105925 0.0
0.125314136373916 -0.634515962080745 0.0
0.127743442065149 -0.573046621659203 0.0
0.130367225923693 -0.511463131270516 0.0
0.133184882013866 -0.449775375844045 0.0
0.136190704763438 -0.387989702940052 0.0
0.139379566262431 -0.326110213770072 0.0
0.142748507391355 -0.26414000137046 0.0
0.14629729712618 -0.202081874836705 0.0
0.150028800401585 -0.139939200879494 0.0
0.153949136832562 -0.0777161722472604 0.0
0.15806730339231 -0.0154184791907026 0.0
0.162393910441 0.0469464001555454 0.0
0.166937998741171 0.109368572993279 0.0
0.171700152228086 0.171835189182618 0.0
0.176658940762746 0.234328183944396 0.0
0.181747472437043 0.29682044160108 0.0
0.186819948644678 0.359266584481097 0.0
0.191618490170823 0.421588683183247 0.0
0.195755095810096 0.483671155338916 0.0
0.18688258996431 -0.636014341964913 0.0
0.189287395173741 -0.574499844328959 0.0
0.191925976920196 -0.51285860294193 0.0
0.19478352362793 -0.451099202169426 0.0
0.197848074502347 -0.389225449501052 0.0
0.201112483978127 -0.327238470748916 0.0
0.204574255708017 -0.265138141673489 0.0
0.208235221027117 -0.20292383123407 0.0
0.212101302032687 -0.140595254516029 0.0
0.216182173812634 -0.0781527866588391 0.0
0.220490377167132 -0.0155982578212436 0.0
0.225039386639806 0.0470644627559126 0.0
0.229839573700064 0.109828218771452 0.0
0.234890524557546 0.17268085927404 0.0
0.240167452839729 0.23560096666424 0.0
0.24560001546212 0.29855105177894 0.0
0.25104332469346 0.361465980159273 0.0
0.256241380909875 0.424238826510509 0.0
0.260769353391927 0.486713433394516 0.0
0.248429861870034 -0.637371851953946 0.0
0.250824423385671 -0.575815966553107 0.0
0.253484977737685 -0.514119183987958 0.0
0.256384774832786 -0.452287317029012 0.0
0.259507506494081 -0.390320833435662 0.0
0.262845234187731 -0.328217314769457 0.0
0.266396671113047 -0.265972851433627 0.0
0.27016615709203 -0.203582706115596 0.0
0.274162969651929 -0.141042084824721 0.0
0.278400637157136 -0.0783463940099012 0.0
0.282895725812658 -0.0154920477601685 0.0
0.287665589649479 0.047522788048774 0.0
0.292724167623667 0.11069650243767 0.0
0.298074725241303 0.174021390641052 0.0
0.303697993452366 0.237477639047074 0.0
0.309534280076402 0.30102373978771 0.0
0.315456231447472 0.364580610599735 0.0
0.321220727314019 0.428009405649365 0.0
0.326361688882712 0.491087171532474 0.0
0.30993871488269 -0.63865500173424 0.0
0.312337601902185 -0.5770659132264 0.0
0.315024752486017 -0.515319932081582 0.0
0.317965866442796 -0.453418762258157 0.0
0.321142626624493 -0.391358958782007 0.0
0.324547512335268 -0.329134068383422 0.0
0.328181116325763 -0.266735859426471 0.0
0.332050644967464 -0.204154764023824 0.0
0.336168955214459 -0.141380396125029 0.0
0.34055369749631 -0.0784015471086368 0.0
0.34522601925518 -0.0152067492207161 0.0
0.350208420765426 0.0482151680515301 0.0
0.355521152290391 0.111873437187184 0.0
0.361176646655096 0.175772469657748 0.0
0.367171116709559 0.239904976879339 0.0
0.373471765365532 0.304239990846243 0.0
0.379992852532631 0.368700338674765 0.0
0.386537621541895 0.433122543312384 0.0
0.392637818474409 0.497190522422237 0.0
0.371393391230653 -0.639950627307213 0.0
0.373808141386034 -0.57834115694032 0.0
0.376522554597095 -0.516556561408228 0.0
0.379500176974281 -0.454593888722223 0.0
0.382722771907444 -0.392445325460889 0.0
0.386184302064109 -0.330100155418371 0.0
0.389887705221244 -0.267545587254901 0.0
0.393843175529825 -0.204766696420922 0.0
0.398067126021676 -0.141746412866065 0.0
0.402581348786229 -0.0784649504240333 0.0
0.407411874429751 -0.0148997263534092 0.0
0.412587325865974 0.0489748732688047 0.0
0.418136601114731 0.113186880246201 0.0
0.424086161469483 0.177765225588856 0.0
0.430457088567206 0.242734502369447 0.0
0.437261322736981 0.308104032542556 0.0
0.44449013038966 0.373841737301674 0.0
0.452066175974789 0.439811623430857 0.0
0.45965619017245 0.505624708513558 0.0
0.432779725047998 -0.641364471080503 0.0
0.435215133363835 -0.579751895167824 0.0
0.437952800866682 -0.517944659594664 0.0
0.440957750795975 -0.455933878880198 0.0
0.44421373682625 -0.393707642316174 0.0
0.447716889674173 -0.331251808034315 0.0
0.451472493738638 -0.268549715761283 0.0
0.455493383614453 -0.205581228225802 0.0
0.459799033511491 -0.142321921991581 0.0
0.464414873309466 -0.0787416603311159 0.0
0.469371442435666 -0.0148034143687691 0.0
0.474703437657624 0.0495385602098159 0.0
0.480449006814233 0.114340595286249 0.0
0.486650508876586 0.179672195667644 0.0
0.493358570402996 0.245617742393273 0.0
0.500642234521511 0.312277124894357 0.0
0.508606396423719 0.379756957976894 0.0
0.517407737883251 0.44812282952976 0.0
0.527193273982743 0.517190703203463 0.0
