-0.713521582062201 -0.666531670145912 0.0
0.515372902770531 -0.710985998196807 0.0
-0.659209099411964 0.61237245798111 0.0
0.61237245798111 0.61237245798111 0.0
-0.652355933340614 -0.669441709157836 0.0
0.517434632213279 -0.649580891808306 0.0
0.541630107203518 0.58205915392896 0.0
-0.656639294122246 0.538142978340459 0.0
-0.591174650914641 -0.672097585679417 0.0
0.519879993756053 -0.587950741861337 0.0
0.472962514284178 0.56461704337899 0.0
-0.658753701084881 0.468096882289542 0.0
-0.530002303570799 -0.67477095596978 0.0
0.52263401818681 -0.526076145588607 0.0
0.406271224335307 0.553346775400167 0.0
-0.661576246825566 0.400456856325938 0.0
-0.468829740473773 -0.677513927754413 0.0
0.525654489091711 -0.463943835846872 0.0
0.340930863965202 0.545680824959731 0.0
-0.664562504481919 0.334326196326886 0.0
-0.407645152551629 -0.680345885762064 0.0
0.528918281135034 -0.401540675378116 0.0
0.276519440451259 0.540390016870648 0.0
-0.667620478419662 0.269211257258098 0.0
-0.346428843521605 -0.683261522103579 0.0
0.53241416919398 -0.338850700855045 0.0
0.212772198662987 0.536804021025527 0.0
-0.670726108188855 0.204820075038893 0.0
-0.285157002761797 -0.686222867648621 0.0
0.536138785482085 -0.275853379684058 0.0
0.149516839641257 0.534525574403552 0.0
-0.673865336350639 0.140970607810329 0.0
-0.223807898397365 -0.689168641395452 0.0
0.540094107828034 -0.212521963717153 0.0
0.0866328828950408 0.533302012666434 0.0
-0.677024918522964 0.0775449080418748 0.0
-0.162367118971348 -0.692028188834257 0.0
0.544285543384612 -0.148822123180609 0.0
0.0240266470120038 0.532947001298758 0.0
-0.680192181527845 0.0144647910135955 0.0
-0.100830089292777 -0.69473390047436 0.0
0.54872016572504 -0.0847097829119179 0.0
-0.0383829742830605 0.533160280096875 0.0
-0.683357135495208 -0.0483204966379876 0.0
-0.0392029358252239 -0.697230074561841 0.0
0.553404766869002 -0.020128791839276 0.0
-0.100286663452064 0.534956014495901 0.0
-0.686518268253039 -0.110840756466296 0.0
0.0224985262018956 -0.699478285716551 0.0
0.558343844952109 0.0449928253642215 0.0
-0.161942881819064 0.53764661555192 0.0
-0.689706874296343 -0.173106367332228 0.0
0.0842504286806611 -0.701460149447805 0.0
0.563537916847345 0.110748155167254 0.0
-0.223597808422124 0.54037836853614 0.0
-0.693138105643775 -0.235109774008569 0.0
0.146023308938551 -0.703178626115843 0.0
0.568983320241292 0.177260468860535 0.0
-0.28526286435064 0.544079112426724 0.0
-0.695695488360726 -0.297035784490639 0.0
0.207784007583517 -0.704658728627758 0.0
0.574675304474584 0.244698060646202 0.0
-0.347009545630189 0.548747733973058 0.0
-0.698440532550569 -0.358965214118372 0.0
0.269498502976775 -0.705948198500014 0.0
0.580618165328688 0.313303296507793 0.0
-0.409067288914889 0.555606087285327 0.0
-0.701701167143759 -0.420768875669679 0.0
0.331134851096567 -0.707118289981035 0.0
0.586850643286387 0.383450135504166 0.0
-0.471406896061163 0.563482354310288 0.0
-0.704803989443471 -0.482401303488498 0.0
0.392666650511973 -0.708264498710696 0.0
0.593517251019995 0.455766006644961 0.0
-0.533680828142034 0.571900145412038 0.0
-0.707897498313444 -0.543876673501022 0.0
0.454078502446893 -0.709506610993786 0.0
0.601149562110071 0.531396258443813 0.0
-0.596657745425201 0.585671945236748 0.0
-0.710675657435754 -0.605247493876746 0.0
-0.649538833395486 -0.60814954460034 0.0
-0.646725006584582 -0.546743317203458 0.0
-0.643665592782988 -0.485208322364148 0.0
-0.640587280415799 -0.423601932836538 0.0
-0.637427161562887 -0.361928439054984 0.0
-0.634658752487689 -0.300115938139493 0.0
-0.631977700810457 -0.238002706327662 0.0
-0.628641830304123 -0.175615364521347 0.0
-0.62545013372079 -0.113098327394033 0.0
-0.62229464353538 -0.0503979813836852 0.0
-0.619153315497887 0.0125295285955664 0.0
-0.616029903623862 0.0757245959068411 0.0
-0.612940263733648 0.139230093162308 0.0
-0.609909293495395 0.203093471136155 0.0
-0.606973513363923 0.267361670172735 0.0
-0.604192640493168 0.33206193277954 0.0
-0.601687832891249 0.397142635886256 0.0
-0.599773711840858 0.462301238084611 0.0
-0.599391104791526 0.526445959292217 0.0
-0.588367415934826 -0.610792471580542 0.0
-0.585489916690416 -0.549394518371972 0.0
-0.582470877606193 -0.487872931580263 0.0
-0.579414146509436 -0.426226520262271 0.0
-0.576384710688914 -0.36440755660069 0.0
-0.57357820864636 -0.302449760018937 0.0
-0.570732964388216 -0.240367270045643 0.0
-0.567571623274905 -0.178064514687783 0.0
-0.564448168669969 -0.115587796115784 0.0
-0.561350747255042 -0.0529344646537671 0.0
-0.558279997109583 0.00990410516783616 0.0
-0.555251139195207 0.0729324689628933 0.0
-0.552291110580401 0.136144127281472 0.0
-0.549438923767306 0.199510763126655 0.0
-0.546749648749347 0.262961678039674 0.0
-0.544303555678403 0.326349311017182 0.0
-0.542221557671213 0.389395028758133 0.0
-0.54064898615018 0.451619660000058 0.0
-0.538808655546052 0.512292382387539 0.0
-0.527170460474943 -0.613478423173128 0.0
-0.524263852148932 -0.552080225129737 0.0
-0.521280551332677 -0.490552945119866 0.0
-0.518289834232113 -0.428884171178409 0.0
-0.515352410612363 -0.367071931124606 0.0
-0.512516128636358 -0.305150574507441 0.0
-0.509620440459694 -0.243106032237722 0.0
-0.506566679932675 -0.180895965817906 0.0
-0.503519433399848 -0.118547092175671 0.0
-0.500496094864865 -0.0560740220261208 0.0
-0.497510490699057 0.00650594876107748 0.0
-0.494584718062951 0.0691646603726095 0.0
-0.491749309760928 0.13185567283597 0.0
-0.489042135468207 0.194506254546304 0.0
-0.486505777509635 0.257008519942328 0.0
-0.484178523572287 0.319215600576498 0.0
-0.482056573756867 0.380951021730552 0.0
-0.479869303897424 0.442044452544963 0.0
-0.476566863919474 0.502567954524421 0.0
-0.465962239486101 -0.616235791464936 0.0
-0.463051019521291 -0.554851278822315 0.0
-0.460113623224229 -0.493344002704736 0.0
-0.45719029084939 -0.431710753023831 0.0
-0.45431070824299 -0.369961208498863 0.0
-0.451469973462759 -0.308113117828167 0.0
-0.44857612054888 -0.246160192900499 0.0
-0.445597169957851 -0.184093125958325 0.0
-0.442615961345158 -0.12193720453708 0.0
-0.439656261119112 -0.0597188034242844 0.0
-0.436736452215275 0.00252946335187048 0.0
-0.433878425173896 0.0647644811207026 0.0
-0.431107208887657 0.126929652600972 0.0
-0.428447370445361 0.188954222636056 0.0
-0.425914966995018 0.250755093708145 0.0
-0.423496800761455 0.312244017602067 0.0
-0.421080451830695 0.373339558672182 0.0
-0.418263142126503 0.434004653681674 0.0
-0.413824578196413 0.494271289969501 0.0
-0.404743050011572 -0.619088877024308 0.0
-0.401843719485503 -0.557733528217216 0.0
-0.398954807828745 -0.496268791752375 0.0
-0.396089287511564 -0.434696279134299 0.0
-0.393251445181108 -0.373027178939973 0.0
-0.39041981681303 -0.31127508806876 0.0
-0.387542312161982 -0.249443892413461 0.0
-0.384611137268018 -0.187541467136216 0.0
-0.381671693775267 -0.125594349715293 0.0
-0.378745851631521 -0.0636331291294776 0.0
-0.375850930906653 -0.00169349865193457 0.0
-0.373004349217672 0.0601827674933675 0.0
-0.370222287142411 0.121947945833994 0.0
-0.367514770991468 0.183550482106863 0.0
-0.364874704594724 0.24493789905366 0.0
-0.362249853642466 0.306061822125463 0.0
-0.359472136475407 0.366888468619562 0.0
-0.356105371503584 0.42742495896452 0.0
-0.351527176979751 0.487864081002948 0.0
-0.343502154348759 -0.622027745731494 0.0
-0.340625942213565 -0.560706840642189 0.0
-0.337784057258397 -0.499290313432916 0.0
-0.334965720340734 -0.437782060412351 0.0
-0.332157882850343 -0.376193840086992 0.0
-0.329335582328723 -0.314539066358494 0.0
-0.326468540078894 -0.252828270585202 0.0
-0.323556990725095 -0.191076717531777 0.0
-0.320627732900411 -0.1293099157368 0.0
-0.31769835914882 -0.0675565364552772 0.0
-0.314782914021225 -0.0058478596360598 0.0
-0.311893566456558 0.0557827844354692 0.0
-0.309038539547318 0.117301069689905 0.0
-0.306216329487797 0.17867400079734 0.0
-0.303402751114319 0.239872590906555 0.0
-0.300522096247472 0.300878271324918 0.0
-0.297392587180573 0.361698528114737 0.0
-0.293712494302191 0.422414138323739 0.0
-0.289445514691041 0.483235369585741 0.0
-0.282224003170637 -0.625008141918601 0.0
-0.27938030091899 -0.563716405570897 0.0
-0.276582276395104 -0.502340574807389 0.0
-0.273800081765155 -0.440885767527807 0.0
-0.271010086957963 -0.379363838133599 0.0
-0.268188310118695 -0.317788387665539 0.0
-0.265316268094273 -0.256172842135367 0.0
-0.26239641359426 -0.194534188519784 0.0
-0.259445668947917 -0.132894834085117 0.0
-0.256477524482354 -0.0712787858507967 0.0
-0.253502722887921 -0.00971077375803476 0.0
-0.250529209358533 0.0517846693408553 0.0
-0.247559586779719 0.113184252015654 0.0
-0.24458502719852 0.174468038910421 0.0
-0.241572895377884 0.235622253594169 0.0
-0.238445160461145 0.296646570579478 0.0
-0.235062795667397 0.357570302410107 0.0
-0.231299530755718 0.418472247037931 0.0
-0.227226784201245 0.479417582355819 0.0
-0.220893493498637 -0.627964311654719 0.0
-0.218091288906347 -0.566689498564096 0.0
-0.215333193837857 -0.505338451197638 0.0
-0.212575986569966 -0.443917001760296 0.0
-0.209790828846494 -0.382436720939785 0.0
-0.20695643707749 -0.320910857346471 0.0
-0.204061131190513 -0.259353230404917 0.0
-0.201107898508317 -0.197779829217094 0.0
-0.198108315127955 -0.136209339570802 0.0
-0.195072806270332 -0.0746609521207369 0.0
-0.192009627518353 -0.0131536818479351 0.0
-0.188923967243349 0.0482944720655843 0.0
-0.185815314831527 0.109667419198593 0.0
-0.182672025414229 0.170953068425216 0.0
-0.179462213819003 0.232146507428524 0.0
-0.176124758889157 0.293257852700719 0.0
-0.172582257737462 0.354324263533457 0.0
-0.168803424840111 0.415411530537729 0.0
-0.164844069404376 0.476597044892932 0.0
-0.159499905827156 -0.630823536120706 0.0
-0.15674781291673 -0.569550082199991 0.0
-0.154025372751993 -0.508203918459582 0.0
-0.151282299403498 -0.446791552090255 0.0
-0.148488988449993 -0.385324134122802 0.0
-0.145627888894469 -0.323814124224365 0.0
-0.142691919438497 -0.262274491310384 0.0
-0.139684448490889 -0.200719307217208 0.0
-0.136614246374851 -0.139163928478199 0.0
-0.133489740307607 -0.0776237510466337 0.0
-0.130317613650205 -0.0161138801460375 0.0
-0.127101697580439 0.0453514672562038 0.0
-0.123840805558137 0.106759587969816 0.0
-0.120525084916511 0.168101069169078 0.0
-0.117132221077608 0.22937230056322 0.0
-0.113630345597603 0.290580597802202 0.0
-0.110001639259959 0.351747636589313 0.0
-0.1062868134282 0.412904077241894 0.0
-0.102560028430267 0.474080480008565 0.0
-0.0980388680047259 -0.633518102275502 0.0
-0.0953443420814351 -0.572230041616012 0.0
-0.0926528964269123 -0.510868475370093 0.0
-0.0899136447183644 -0.449440859907414 0.0
-0.0870999821278455 -0.387957987087148 0.0
-0.0841989751519049 -0.326431333744673 0.0
-0.0812072838574096 -0.264872536896696 0.0
-0.078128904618549 -0.203293645027614 0.0
-0.0749712112768075 -0.141707355379626 0.0
-0.0717413903630867 -0.0801263784510861 0.0
-0.0684452265479952 -0.0185634501990347 0.0
-0.0650862387122008 0.0429689997888894 0.0
-0.06166445982389 0.104459166131092 0.0
-0.0581752428001435 0.165897140477926 0.0
-0.0546107262054287 0.227276170398055 0.0
-0.0509701400239501 0.288594552438114 0.0
-0.0472860086761158 0.349854162959186 0.0
-0.0436610775892395 0.411053238067539 0.0
-0.0403969187422761 0.472200750223767 0.0
-0.0365133007001642 -0.635993506903779 0.0
-0.0338814295969449 -0.574676443026378 0.0
-0.0312155510377831 -0.513281205913682 0.0
-0.0284703500863276 -0.451816541046644 0.0
-0.0256253289299025 -0.390292946681184 0.0
-0.0226728867220575 -0.32872078996901 0.0
-0.0196130671991009 -0.267110159652946 0.0
-0.0164506741842914 -0.20547112699933 0.0
-0.013192365833493 -0.143814165466307 0.0
-0.00984447364733419 -0.0821499020887434 0.0
-0.0064122368596115 -0.0204893558191266 0.0
-0.00289947784246479 0.0411562707497136 0.0
0.000691408919691815 0.102775841158081 0.0
0.00435819864068463 0.164359489981878 0.0
0.00809345113697464 0.225899698716445 0.0
0.0118704768735939 0.287393293877696 0.0
0.0156166359933337 0.348842791867417 0.0
0.0191607810338161 0.410260716133546 0.0
0.0221352927883907 0.471656082918478 0.0
0.0250671714092373 -0.638213236378759 0.0
0.0276349516915861 -0.5768554608153 0.0
0.0302819248600906 -0.515411598700392 0.0
0.0330423785222203 -0.453891832548018 0.0
0.0359283797704793 -0.392306242870866 0.0
0.0389418104833419 -0.330663846607525 0.0
0.0420795491455349 -0.268972935749864 0.0
0.0453360165381755 -0.207241510806589 0.0
0.0487050490172059 -0.145477894499195 0.0
0.0521810401590267 -0.0836907239304727 0.0
0.0557591069041358 -0.0218893266478882 0.0
0.0594346588513345 0.0399164192828741 0.0
0.0632020380373816 0.101716266167735 0.0
0.0670509552229682 0.163500608661663 0.0
0.0709580151508355 0.225261052682041 0.0
0.0748697941051269 0.286991509449129 0.0
0.0786724601421918 0.348687965703407 0.0
0.0821444198474015 0.410341309537084 0.0
0.08492568401296 0.471909375638718 0.0
0.0866873071879339 -0.640161148210281 0.0
0.0891942625786135 -0.578754203269423 0.0
0.0918304993624626 -0.517250641248481 0.0
0.0946149742276355 -0.455661826408445 0.0
0.0975499704363574 -0.393996989713516 0.0
0.100631738291265 -0.332263362957234 0.0
0.10385453813238 -0.270467060167286 0.0
0.107212264927487 -0.208613733408316 0.0
0.110699306971231 -0.146709357135759 0.0
0.114310806221827 -0.0847603920046014 0.0
0.118042143584001 -0.0227743004021355 0.0
0.121887641858962 0.0392404271775382 0.0
0.125837845489171 0.101274138291559 0.0
0.129874012838123 0.163316379164563 0.0
0.133957429594776 0.225355219040255 0.0
0.138010713355428 0.287376225641382 0.0
0.141888939139336 0.349358004343214 0.0
0.145346843383473 0.411260563673028 0.0
0.148030411408689 0.47301173666004 0.0
0.14832813767655 -0.641842633288962 0.0
0.150782785322628 -0.580381648988427 0.0
0.153417813442897 -0.518811414352766 0.0
0.156234189279715 -0.457143674227114 0.0
0.159224213983763 -0.395386047702673 0.0
0.162379143636277 -0.333543361230208 0.0
0.165691300906819 -0.271619036060531 0.0
0.169154488651892 -0.209615936046397 0.0
0.17276389235922 -0.147537282275412 0.0
0.17651557150158 -0.0853869564302662 0.0
0.180405270824589 -0.0231701896874983 0.0
0.184426298707494 0.0391061260906759 0.0
0.188565681618124 0.101432773297465 0.0
0.192797321996599 0.163797618027067 0.0
0.197070186925841 0.226183369685525 0.0
0.20128979040442 0.288564195283825 0.0
0.205292846139545 0.350898693019699 0.0
0.2088198800479 0.413119458344031 0.0
0.211491488906164 0.475127736834421 0.0
0.209968247977296 -0.64328539740976 0.0
0.212384154743771 -0.581769447709149 0.0
0.215028144677881 -0.520129802886595 0.0
0.217882730846632 -0.458377193994497 0.0
0.220931291593645 -0.396516609146231 0.0
0.224161250986557 -0.334549728966786 0.0
0.227563872024416 -0.272476658107865 0.0
0.231133433955601 -0.210296868464408 0.0
0.234866304400466 -0.148010175844636 0.0
0.238759794090363 -0.0856171323023359 0.0
0.242810396349478 -0.0231198771087561 0.0
0.247011027769444 0.0394772352499248 0.0
0.251346463783525 0.102166368326741 0.0
0.255785905539894 0.164934568243219 0.0
0.260271166758212 0.22775985317698 0.0
0.264699366532303 0.290605528212024 0.0
0.268899277286283 0.353410861610901 0.0
0.272599181819534 0.416079249524283 0.0
0.275373115857083 0.478469100442144 0.0
0.271585769043645 -0.644540395205131 0.0
0.27398032551379 -0.582972991452873 0.0
0.276642759660593 -0.521265565695647 0.0
0.279539347464192 -0.459425968374168 0.0
0.282646768320993 -0.39745546063962 0.0
0.285950149310959 -0.335351817788451 0.0
0.289440676065696 -0.273111131003538 0.0
0.293113732128564 -0.210728709192864 0.0
0.296967326503562 -0.148199999222987 0.0
0.301000482074388 -0.0855209509160119 0.0
0.305211085654864 -0.0226889195146214 0.0
0.309592784732097 0.0402964995908985 0.0
0.314130219770541 0.103431716893705 0.0
0.318791814055098 0.166706569718712 0.0
0.323518963644505 0.230098755328071 0.0
0.32821041174594 0.293565472336514 0.0
0.332698527490514 0.357029810983491 0.0
0.336707138957921 0.420361178613585 0.0
0.339758103246328 0.483351019941075 0.0
0.333159868030196 -0.645683046880277 0.0
0.335551744737497 -0.584072731495214 0.0
0.338239577931213 -0.522303606997677 0.0
0.341178395563005 -0.460378720435071 0.0
0.34434114880186 -0.398294701320098 0.0
0.347712310075197 -0.336044750721915 0.0
0.351283941872273 -0.273620282553307 0.0
0.355053102420562 -0.21101158389309 0.0
0.359019855243999 -0.14820847338472 0.0
0.363185393963405 -0.0852004187436131 0.0
0.367549734986132 -0.0219772384355639 0.0
0.372108621936351 0.0414701749708142 0.0
0.3768491272282 0.10514803622276 0.0
0.381743534756506 0.169056684814085 0.0
0.386740669526616 0.233183899306477 0.0
0.391753158165449 0.297493804661566 0.0
0.396634783197098 0.361906508680206 0.0
0.401129198873063 0.426262012650152 0.0
0.404732005857178 0.490258589087879 0.0
0.394671422908354 -0.646814589778422 0.0
0.397076545260719 -0.585175373922424 0.0
0.399792237706967 -0.52335503301797 0.0
0.402769068345343 -0.46135061516797 0.0
0.405979209067492 -0.399153484246936 0.0
0.409407997878386 -0.336751984919124 0.0
0.413049115611271 -0.27413254063128 0.0
0.416901626634945 -0.21127972128157 0.0
0.420967827989136 -0.148176329531913 0.0
0.425251320689392 -0.0848029533352735 0.0
0.42975477101022 -0.0211380640386731 0.0
0.434477145514776 0.0428419665882614 0.0
0.439410201816414 0.10716192005104 0.0
0.444534314171915 0.171845823808838 0.0
0.449813400865736 0.236911365707004 0.0
0.455187947270933 0.302358943619599 0.0
0.460559974467135 0.368146685363603 0.0
0.46574706661524 0.434132573420651 0.0
0.470320957386476 0.499937391574754 0.0
0.456102945527455 -0.648062955258223 0.0
0.458529510879541 -0.58641413514867 0.0
0.461269681615788 -0.524557798238397 0.0
0.464275233544193 -0.462483731682026 0.0
0.467520222859317 -0.400178591704019 0.0
0.470991873509868 -0.337626876982223 0.0
0.474685692098313 -0.274810650499665 0.0
0.478602593982513 -0.21170859775981 0.0
0.482746839262699 -0.148295287772416 0.0
0.48712419911722 -0.0845398796318186 0.0
0.491739905945631 -0.0204051523381899 0.0
0.49659636262552 0.0441540201132481 0.0
0.501690746115521 0.109192120087799 0.0
0.507013205815173 0.174774979983982 0.0
0.51254650062601 0.240980644206962 0.0
0.518268301552844 0.307898873882794 0.0
0.524155570681973 0.375621316555524 0.0
0.53018281512963 0.444195385341272 0.0
0.536257355093551 0.513431341040772 0.0
