-0.70124340023928 -0.669155466495647 0.0
0.528006991628279 -0.714100566976225 0.0
-0.641543656587601 0.61237245798111 0.0
0.61237245798111 0.61237245798111 0.0
-0.640082992900415 -0.672112326722096 0.0
0.530032983456379 -0.652684798618863 0.0
0.543933401372182 0.580184150631118 0.0
-0.641343111839909 0.537635173532065 0.0
-0.578908862743323 -0.674821343319552 0.0
0.5324573766462 -0.591032634470063 0.0
0.476737334320744 0.561658853773774 0.0
-0.644662952789931 0.46716862287547 0.0
-0.517747273012601 -0.677554983663158 0.0
0.535194798087649 -0.529123879712469 0.0
0.411177850009219 0.549742174646253 0.0
-0.648178565701215 0.399161934140594 0.0
-0.456588452390957 -0.680372327681287 0.0
0.538196713981443 -0.466944822735671 0.0
0.346787099893897 0.541683191265609 0.0
-0.651583095488926 0.332724306429605 0.0
-0.395418247605256 -0.683294509189874 0.0
0.541435176108046 -0.404481765595931 0.0
0.283210525863814 0.53615750826103 0.0
-0.654894600951538 0.267358358190434 0.0
-0.33421386802751 -0.686313439341644 0.0
0.544894399641429 -0.341717918764654 0.0
0.220220057529403 0.532443046380928 0.0
-0.658149471908683 0.202765103248543 0.0
-0.272948392570464 -0.689385235511748 0.0
0.548565927045274 -0.278631634095266 0.0
0.157668103756832 0.530114400309292 0.0
-0.661370489777183 0.138755245613579 0.0
-0.211597539890671 -0.692441145219139 0.0
0.552445473641733 -0.215194792289962 0.0
0.0954545335872651 0.528906605079005 0.0
-0.664568383126297 0.0752042895864863 0.0
-0.150145271521436 -0.695402884508752 0.0
0.55653040320867 -0.151371505431152 0.0
0.0335059439972243 0.528639828342202 0.0
-0.667746797783071 0.0120284078881817 0.0
-0.0885864439865979 -0.698196030214028 0.0
0.560817334675635 -0.0871160482681551 0.0
-0.0282360873245141 0.529090163403063 0.0
-0.67090726719285 -0.0508279237953395 0.0
-0.0269276327973466 -0.700759408771374 0.0
0.565299496167448 -0.0223706493028508 0.0
-0.0895656234116819 0.530748110724217 0.0
-0.674056779038323 -0.113398504086215 0.0
0.0348140265563182 -0.703050659666279 0.0
0.569963862198843 0.0429381085423129 0.0
-0.150744624157787 0.533287471529347 0.0
-0.677233599472335 -0.175697041234853 0.0
0.0966126577188863 -0.705049009106349 0.0
0.574788265075765 0.108904384266068 0.0
-0.211899235898467 0.536396752095581 0.0
-0.680668827512892 -0.237718326393949 0.0
0.158436276903372 -0.706756529793361 0.0
0.57973920426232 0.175651878608105 0.0
-0.272999313942606 0.540383079558277 0.0
-0.683220736168745 -0.299662342057799 0.0
0.220248838887896 -0.708198858473189 0.0
0.584771268293237 0.243348188816771 0.0
-0.334092842370339 0.545437900151116 0.0
-0.685965513266162 -0.361603717964961 0.0
0.28201320165498 -0.709426017332779 0.0
0.58983012359509 0.312232872883861 0.0
-0.395483684641707 0.55232377125355 0.0
-0.689244393677948 -0.423406930455924 0.0
0.343694208582057 -0.710513540350472 0.0
0.594863276721434 0.38267281392004 0.0
-0.457191280603248 0.560329869548912 0.0
-0.692380047808899 -0.485036076547172 0.0
0.405262359704412 -0.711563804477729 0.0
0.599858626011036 0.455279506110098 0.0
-0.518744341939751 0.569503897701897 0.0
-0.695515652190045 -0.546507876693931 0.0
0.466699625680006 -0.712707065501331 0.0
0.605043110656917 0.531167482407371 0.0
-0.580735244801334 0.584123721413928 0.0
-0.698344478545154 -0.607874629183134 0.0
-0.637212848277489 -0.610822308128915 0.0
-0.634346956697259 -0.549418140612979 0.0
-0.63124470333216 -0.487883536000726 0.0
-0.628135542356392 -0.426275860662329 0.0
-0.624954922764951 -0.364599334626463 0.0
-0.622181549822036 -0.302773335453164 0.0
-0.619511558710567 -0.240636229172445 0.0
-0.616183865870399 -0.178221087683582 0.0
-0.613007024990887 -0.115666081171121 0.0
-0.609866771604658 -0.0529155259803322 0.0
-0.606734505018804 0.0100763925501646 0.0
-0.603605738519028 0.0733517489578979 0.0
-0.600485166326525 0.136954609235018 0.0
-0.597381982959266 0.200932665314619 0.0
-0.594309982858467 0.265331236740375 0.0
-0.591295075474571 0.330172432212295 0.0
-0.588406637336193 0.395393385825017 0.0
-0.585877852610059 0.460672361686367 0.0
-0.584524661635275 0.524903422854649 0.0
-0.576045899434568 -0.61351707909574 0.0
-0.573116192392454 -0.55211939130516 0.0
-0.570055757329999 -0.490597157149879 0.0
-0.566970421818996 -0.428948007991855 0.0
-0.563926103089446 -0.367121835917319 0.0
-0.561120350214709 -0.305152077893875 0.0
-0.558287290250892 -0.243054139939457 0.0
-0.555141426819409 -0.180729752994373 0.0
-0.552039027166892 -0.118225356268087 0.0
-0.548963595784887 -0.0555381726579996 0.0
-0.545909842751946 0.00734010004742815 0.0
-0.542885304390813 0.0704128715365702 0.0
-0.539906561457122 0.133671266092095 0.0
-0.536998363686086 0.197082846386714 0.0
-0.5341959156691 0.260570560626415 0.0
-0.531551706110688 0.323978379922934 0.0
-0.529148191447034 0.387019626624905 0.0
-0.527082473480753 0.449217054255167 0.0
-0.524595180322458 0.509869599468654 0.0
-0.514855871078775 -0.616264541381465 0.0
-0.511897009871949 -0.554868582937054 0.0
-0.508874793826554 -0.493343020745847 0.0
-0.505860116041212 -0.431674396075549 0.0
-0.50291397945946 -0.369860234409374 0.0
-0.500083620370137 -0.307935268931149 0.0
-0.497204669120905 -0.245885419185827 0.0
-0.494173848286142 -0.183667988846035 0.0
-0.491155106099398 -0.121310717481381 0.0
-0.488161849719963 -0.0588294944204409 0.0
-0.485202500296615 0.0037565362448891 0.0
-0.482292036474734 0.0664165950946716 0.0
-0.479451448763795 0.129100769843021 0.0
-0.476705696833414 0.191732165038554 0.0
-0.474079956549471 0.25419873229189 0.0
-0.471589746804021 0.316351105351016 0.0
-0.469205444331892 0.37801490640624 0.0
-0.466652308373264 0.439028926459691 0.0
-0.463004608756909 0.499469439598152 0.0
-0.453656455299098 -0.619099068651206 0.0
-0.450693329075238 -0.557720753844558 0.0
-0.447720497490222 -0.496220185469496 0.0
-0.444778537016714 -0.43459366234641 0.0
-0.441896292968629 -0.372850935941357 0.0
-0.439067116256396 -0.311010245697541 0.0
-0.436195683050776 -0.249065834197297 0.0
-0.433246729208688 -0.18700909151704 0.0
-0.43030126315438 -0.124866758976436 0.0
-0.427379337700679 -0.062666891781855 0.0
-0.424494264630244 -0.000443994255343276 0.0
-0.421661193853514 0.0617568792590042 0.0
-0.418896150997407 0.123877559267272 0.0
-0.416211752144827 0.185846890673655 0.0
-0.413608717957352 0.24758390560167 0.0
-0.411056312324611 0.309007043430197 0.0
-0.408430966310625 0.370048600548888 0.0
-0.405359832577633 0.430692717993678 0.0
-0.400816892122424 0.49099650635236 0.0
-0.392446599812791 -0.622045662648833 0.0
-0.389496311560477 -0.560701232500449 0.0
-0.386575971128949 -0.499249289929544 0.0
-0.383697249512128 -0.437691217695137 0.0
-0.380862518448214 -0.376038537854747 0.0
-0.378047919677757 -0.314305547355654 0.0
-0.37519833304082 -0.252496957688619 0.0
-0.372303205956977 -0.190621643488853 0.0
-0.369405636655866 -0.128707435259461 0.0
-0.366523968709986 -0.0667861272816493 0.0
-0.363670779222897 -0.00489429849285807 0.0
-0.360857244268557 0.056926087026122 0.0
-0.358091433568164 0.118628411376028 0.0
-0.355373209837525 0.180164401212413 0.0
-0.352683942871023 0.241488243544854 0.0
-0.349962142205754 0.302563100484797 0.0
-0.347045167527059 0.363372704450185 0.0
-0.343550032982221 0.423945773901022 0.0
-0.338943627403212 0.484475043910202 0.0
-0.331213646916991 -0.625090819812466 0.0
-0.328288230179851 -0.563785210157309 0.0
-0.325419224748592 -0.502387167692878 0.0
-0.322592894510052 -0.440900469774067 0.0
-0.319793361435746 -0.379337310962319 0.0
-0.31699290386603 -0.31771183861195 0.0
-0.314158461005738 -0.256035402674074 0.0
-0.311287806202084 -0.19432412287758 0.0
-0.308405378122364 -0.132604326094581 0.0
-0.30552558372899 -0.0709051560429941 0.0
-0.302658330951304 -0.00925775617665374 0.0
-0.299810554114146 0.0523056222735846 0.0
-0.296984114759995 0.113753095011305 0.0
-0.294170486062784 0.175055942813172 0.0
-0.291339656365559 0.236191683490031 0.0
-0.28841663426713 0.297150330970311 0.0
-0.285239011166399 0.35794782762156 0.0
-0.281549904074374 0.418663779817441 0.0
-0.277297004023436 0.479482904896129 0.0
-0.26993997014252 -0.628183837935648 0.0
-0.267049849925249 -0.56691065943086 0.0
-0.264229227408139 -0.505557636235028 0.0
-0.261443860898132 -0.444129790547646 0.0
-0.258666629892689 -0.382639393548043 0.0
-0.255870662500033 -0.321100687624806 0.0
-0.253034969689616 -0.259527759326235 0.0
-0.250159868407714 -0.197938176067092 0.0
-0.247260187518066 -0.136354723102815 0.0
-0.244346823475222 -0.0748013602744974 0.0
-0.241427326099929 -0.0133021551385333 0.0
-0.238505870269774 0.0481198325264461 0.0
-0.235580998193191 0.109443783439131 0.0
-0.23264048619365 0.170653349969379 0.0
-0.229651399583651 0.23173933209247 0.0
-0.226543541710114 0.292706134472519 0.0
-0.223199397230248 0.353585315440754 0.0
-0.219516442627603 0.414452173566374 0.0
-0.215568230195251 0.475382834518951 0.0
-0.20860864092957 -0.631251237917921 0.0
-0.205764027674848 -0.569996756466174 0.0
-0.202988063385717 -0.508670996883539 0.0
-0.200232084388313 -0.447279692829247 0.0
-0.197463419689276 -0.385834771601525 0.0
-0.19465799763333 -0.324350001859964 0.0
-0.191802010010672 -0.262839692919932 0.0
-0.188896752290483 -0.201320183522648 0.0
-0.185952217559569 -0.139810255810436 0.0
-0.182977035151731 -0.0783287967580427 0.0
-0.179977428775021 -0.0168940003769481 0.0
-0.176956488294859 0.0444775672862472 0.0
-0.173912049249065 0.105771905295815 0.0
-0.170832461175431 0.166979565946361 0.0
-0.167689872784737 0.228098344149037 0.0
-0.16443466690656 0.289139708897694 0.0
-0.161009434296708 0.350138059915584 0.0
-0.157408357499467 0.411151158255362 0.0
-0.153743859091539 0.472243332495051 0.0
-0.147207667451389 -0.634212643102152 0.0
-0.144418493389879 -0.572959743070062 0.0
-0.141683132653317 -0.511639421091357 0.0
-0.13894529891858 -0.450258111707696 0.0
-0.136171564610859 -0.388827283037522 0.0
-0.133341923200658 -0.327359820143995 0.0
-0.130447670158799 -0.265869048312671 0.0
-0.127491051084237 -0.204369221221261 0.0
-0.124479928406274 -0.142875604477811 0.0
-0.121421858360858 -0.0814031182396333 0.0
-0.118322746957612 -0.0199659033443195 0.0
-0.115186013655285 0.0414233784260086 0.0
-0.112011033401472 0.102754258733594 0.0
-0.10879063763537 0.164020261978831 0.0
-0.105509056842912 0.225221265216037 0.0
-0.102146328950476 0.286368258132058 0.0
-0.0987017483325989 0.347487023531801 0.0
-0.0952416831179529 0.408615014217313 0.0
-0.0919327160431484 0.469794379230293 0.0
-0.0857321164310085 -0.636993638055435 0.0
-0.08300711937633 -0.57572493124129 0.0
-0.0803078981325373 -0.514387991974124 0.0
-0.077577542379738 -0.45299029143279 0.0
-0.0747859910235806 -0.391542946329142 0.0
-0.0719184052340118 -0.330057804024627 0.0
-0.0689704532570796 -0.268546760442452 0.0
-0.0659456893105172 -0.207021915890776 0.0
-0.0628513763051698 -0.145495722738268 0.0
-0.0596948573686743 -0.0839802436686723 0.0
-0.0564824806010869 -0.0224870407547372 0.0
-0.0532190850896714 0.03897330771512 0.0
-0.0499074133131806 0.100391707438722 0.0
-0.0465478850347633 0.161762020721105 0.0
-0.0431411530653403 0.223082549093202 0.0
-0.0396989710467835 0.284358365025229 0.0
-0.0362704286769789 0.345600925780892 0.0
-0.0329833371896623 0.406821735278228 0.0
-0.0301357930440624 0.468027697625196 0.0
-0.0241850775296762 -0.639534421587031 0.0
-0.0215304432622174 -0.578234305936407 0.0
-0.0188620322472163 -0.516860981412243 0.0
-0.0161290248379607 -0.455423369605514 0.0
-0.0133081744307909 -0.393932352099431 0.0
-0.010390718869549 -0.332398649737484 0.0
-0.00737645518455127 -0.270832549323452 0.0
-0.00427052436251616 -0.209244090936005 0.0
-0.00108037892793734 -0.147643415836455 0.0
0.00218635130607154 -0.0860404284275693 0.0
0.00552239521669203 -0.0244449261691267 0.0
0.00892074342706096 0.0371337317899764 0.0
0.0123740231881536 0.0986869872288689 0.0
0.0158724398045314 0.16020832807825 0.0
0.019397697483249 0.221694229875587 0.0
0.0229088273077751 0.283145638908584 0.0
0.0263162692769862 0.344567628829221 0.0
0.0294401759231268 0.405966916261682 0.0
0.0319737776145956 0.467334015122883 0.0
0.0374230073616703 -0.641794726674202 0.0
0.0400050783756156 -0.580450522434515 0.0
0.0426494285788295 -0.519024655110854 0.0
0.0453948054544763 -0.457527713221461 0.0
0.0482550161399647 -0.395970257729377 0.0
0.0512322058671432 -0.334361672665763 0.0
0.0543226694607027 -0.272710428103479 0.0
0.0575196378682942 -0.211024478739146 0.0
0.0608151662705633 -0.149311840325933 0.0
0.0642011214674252 -0.0875805308718828 0.0
0.0676690372664743 -0.02583888827579 0.0
0.0712092238570165 0.0359046162492792 0.0
0.0748088322791035 0.0976415535885584 0.0
0.0784477412064549 0.15936442020193 0.0
0.0820899223784416 0.221066851720579 0.0
0.0856674657159341 0.282743947221103 0.0
0.0890548885084186 0.344390415115776 0.0
0.0920378680776481 0.405993071947846 0.0
0.0942938498500701 0.467519546545894 0.0
0.0990755693703291 -0.643756180048769 0.0
0.101588049129222 -0.582358673561205 0.0
0.104216860334 -0.520868259136588 0.0
0.106983891630554 -0.459296978793709 0.0
0.109891923450427 -0.397654649487559 0.0
0.112936478195282 -0.335948891574181 0.0
0.116110363876354 -0.274186004552402 0.0
0.11940540334948 -0.212371638208344 0.0
0.122813185679746 -0.150511581682185 0.0
0.126325075252077 -0.0886119192275524 0.0
0.129931328172767 -0.0266795355316991 0.0
0.133619338683048 0.0352778510223124 0.0
0.137370459290821 0.0972515032669992 0.0
0.141154241375659 0.159231897702177 0.0
0.14491816391348 0.221207820569394 0.0
0.148571026284555 0.283165030198685 0.0
0.151959782130593 0.345082012561337 0.0
0.154844374735984 0.406922053240478 0.0
0.156886780092835 0.468624463733389 0.0
0.160751958585315 -0.645423411300929 0.0
0.163203654110935 -0.583967165460389 0.0
0.165827119933552 -0.522404532464484 0.0
0.168624323467716 -0.460748193978385 0.0
0.171586685554888 -0.399006419378825 0.0
0.174703728870645 -0.33718441495467 0.0
0.177965474583791 -0.275285787880388 0.0
0.181362791697201 -0.213313460362234 0.0
0.184887069005422 -0.151270626890364 0.0
0.188529371704698 -0.0891610835726369 0.0
0.192278844184596 -0.0269899380578705 0.0
0.196120152656585 0.0352360510632878 0.0
0.200029290729157 0.0975077664032195 0.0
0.203966715426516 0.159813090815367 0.0
0.207866313814878 0.222134659658342 0.0
0.211619200627975 0.284446724315556 0.0
0.215052398374372 0.346709307399203 0.0
0.21790488663764 0.408859944864355 0.0
0.219802212516411 0.470808714386107 0.0
0.222428880493533 -0.646824858512497 0.0
0.224834303158895 -0.585308563091299 0.0
0.227463564203321 -0.523670467923465 0.0
0.230297979838659 -0.461922402878018 0.0
0.233318669133743 -0.40006996849719 0.0
0.236510391585863 -0.338115143471618 0.0
0.23986133558211 -0.276058173106332 0.0
0.243362048056906 -0.21389862028317 0.0
0.247004160557055 -0.151636412667086 0.0
0.250778837767302 -0.089272285612403 0.0
0.254674575513918 -0.0268086771041739 0.0
0.258674015246484 0.0357495998530684 0.0
0.262749085122922 0.098394051293626 0.0
0.266853623066243 0.161110867178754 0.0
0.270912325280271 0.223877156786011 0.0
0.274805218090038 0.286655802719643 0.0
0.278346619379811 0.349387302826379 0.0
0.281255477413961 0.411979310730012 0.0
0.283104412380237 0.474297278077078 0.0
0.284082531399767 -0.648013888360609 0.0
0.286460666607645 -0.586440892083089 0.0
0.289106388618036 -0.524728633981017 0.0
0.29198254149203 -0.462886021392385 0.0
0.295062325537816 -0.400914733165253 0.0
0.29832743140863 -0.338812658122816 0.0
0.30176531796503 -0.276575911855041 0.0
0.305366930499071 -0.214199867297959 0.0
0.309124683208643 -0.151680159992426 0.0
0.313030381106244 -0.0890131212790383 0.0
0.317072593646327 -0.0261967493643635 0.0
0.32123310577593 0.0367683799151663 0.0
0.325481825410616 0.0998772852554936 0.0
0.329769513815295 0.163117976806291 0.0
0.334017363952849 0.226466038903397 0.0
0.338102325266743 0.289876805380493 0.0
0.341834952635517 0.353272848371143 0.0
0.344920079275162 0.416525855752847 0.0
0.346870733409172 0.479433071875853 0.0
0.345690214437591 -0.649070429581293 0.0
0.348061844240506 -0.587449426360921 0.0
0.350732186409723 -0.525668923941985 0.0
0.353650899901851 -0.463732675998726 0.0
0.356786562213995 -0.401637357615376 0.0
0.360119659934499 -0.339376002690779 0.0
0.363638021112547 -0.27693986269391 0.0
0.367333665378754 -0.214319184820541 0.0
0.371200294528818 -0.151503951371876 0.0
0.375230902225925 -0.0884840749863532 0.0
0.379414949802172 -0.0252501961713081 0.0
0.383734769572962 0.0382054682570603 0.0
0.388160717899763 0.101887154931195 0.0
0.392644692907586 0.165792429215548 0.0
0.397111189581066 0.229905464438271 0.0
0.401444371858945 0.294186214657267 0.0
0.405465710580209 0.358550925762645 0.0
0.408885479921201 0.422837947590516 0.0
0.411175790545784 0.486749035750747 0.0
0.407231091419576 -0.650103051953417 0.0
0.409614423671258 -0.588448638028135 0.0
0.412312778705189 -0.526610297104246 0.0
0.415270133758678 -0.464585086662611 0.0
0.418453839786548 -0.402363952110111 0.0
0.421844931981989 -0.33993476233744 0.0
0.425432485944578 -0.277283548675398 0.0
0.429210027658985 -0.214394640691382 0.0
0.433172819391883 -0.151250811321851 0.0
0.437315378314042 -0.0878329085824896 0.0
0.441628673112923 -0.0241200733944835 0.0
0.446096767706267 0.0399100675051985 0.0
0.450692657999352 0.104280208713051 0.0
0.455373271648054 0.169011137586277 0.0
0.460073186418834 0.234115771446598 0.0
0.464695805581615 0.299587868703074 0.0
0.469096087079081 0.365377091729288 0.0
0.473034441265827 0.431332706292034 0.0
0.476026338728682 0.497072191934288 0.0
0.468686021785265 -0.651251045890488 0.0
0.471091049133516 -0.589583538840577 0.0
0.47381436473222 -0.527702150106764 0.0
0.476801005905854 -0.465596004076933 0.0
0.480020148416041 -0.403251035777858 0.0
0.483454562249863 -0.340651053916695 0.0
0.487094874001226 -0.277777466092426 0.0
0.490936046756861 -0.214608347257281 0.0
0.494974731129082 -0.151117742719828 0.0
0.499206844782364 -0.0872744565008471 0.0
0.503624898777885 -0.02304121306634 0.0
0.508214995899083 0.0416266704880824 0.0
0.512953518230243 0.106782444112049 0.0
0.51780393368464 0.172489483108029 0.0
0.522714055048357 0.238821479183546 0.0
0.52761413589939 0.305860904292976 0.0
0.532414143218466 0.373687696411749 0.0
0.536991728739944 0.44233200136619 0.0
0.541121712748269 0.511585645926027 0.0
