-0.688518343158189 -0.671787797286879 0.0
0.54109153046552 -0.717081855895455 0.0
-0.623642088472843 0.61237245798111 0.0
0.61237245798111 0.61237245798111 0.0
-0.627362963581066 -0.674783462039258 0.0
0.543072827304257 -0.65565505863737 0.0
0.546350214668998 0.578259707115978 0.0
-0.62578041533319 0.537164348955776 0.0
-0.566195938392148 -0.677537950711673 0.0
0.545467011089721 -0.593980355072544 0.0
0.480661329460682 0.558642248535305 0.0
-0.630298219989292 0.466274823484184 0.0
-0.505045250947917 -0.680324388475182 0.0
0.548178150471616 -0.532036809979501 0.0
0.416250549972231 0.546087792710077 0.0
-0.634500519200219 0.397893469026213 0.0
-0.443900531714968 -0.683209119303771 0.0
0.551151332971976 -0.46981029834078 0.0
0.352820237117768 0.537648842884862 0.0
-0.638315073581988 0.331141108962155 0.0
-0.382745233759696 -0.686215172307149 0.0
0.554353761309309 -0.407286574853512 0.0
0.290086472869138 0.531900799157713 0.0
-0.641870336148937 0.265517651515784 0.0
-0.321553376886244 -0.689331648348386 0.0
0.557765081583749 -0.344448020572197 0.0
0.227858856416187 0.528068281424089 0.0
-0.645263713339057 0.200717135839704 0.0
-0.260294815727485 -0.69250858862256 0.0
0.561371746705401 -0.281271852358444 0.0
0.166014885280892 0.525697517249083 0.0
-0.64855526160631 0.136542845215337 0.0
-0.198942615224386 -0.695669538679529 0.0
0.565163215942926 -0.217728543955151 0.0
0.104474934759333 0.524511546039371 0.0
-0.651779988491132 0.0728635403727303 0.0
-0.137479037155983 -0.698728351185296 0.0
0.569128818832977 -0.153780597294189 0.0
0.0431858886262107 0.524337850067841 0.0
-0.654958072025094 0.00958957375920388 0.0
-0.075898337913358 -0.701603592791633 0.0
0.573254724214861 -0.0893805706626411 0.0
-0.0178877574769868 0.525038291306953 0.0
-0.658102721448034 -0.0533395015177762 0.0
-0.0142075486913575 -0.704228474169358 0.0
0.57752057931186 -0.0244689973379865 0.0
-0.0786459384639204 0.526543763293312 0.0
-0.661229537996397 -0.115961610060061 0.0
0.0475748389942512 -0.70655660599886 0.0
0.581895763149232 0.0410290506406121 0.0
-0.139346932035684 0.528910793767101 0.0
-0.664383849290189 -0.17829390548208 0.0
0.109420886695147 -0.708564771689639 0.0
0.586335238598221 0.107208838529673 0.0
-0.199996486386247 0.532412004015054 0.0
-0.667812911127078 -0.240333650298137 0.0
0.171296027243526 -0.710254131784095 0.0
0.590775275688947 0.174194433561773 0.0
-0.260534370408232 0.536683965599947 0.0
-0.670349625598526 -0.302296109265558 0.0
0.233161265879088 -0.711650943653056 0.0
0.595129055415123 0.242152444694313 0.0
-0.320979046865963 0.542129309550719 0.0
-0.673084732757417 -0.364249725952682 0.0
0.294976280317053 -0.712807525715734 0.0
0.599282254123587 0.311318796637146 0.0
-0.381716465788069 0.549023482725344 0.0
-0.676372859433496 -0.426052653546952 0.0
0.356702650031881 -0.713803728892917 0.0
0.603088665141556 0.382051158484406 0.0
-0.442803243784778 0.557133861674616 0.0
-0.679532914681695 -0.487678678935863 0.0
0.418307739495506 -0.714748877970352 0.0
0.606374852041285 0.454939414783357 0.0
-0.503630264538559 0.56707235913381 0.0
-0.682702451119556 -0.549147151806771 0.0
0.479770872181926 -0.715783810933855 0.0
0.609052707233146 0.531050779899587 0.0
-0.564637744318208 0.582538727975314 0.0
-0.685574174279069 -0.610510031583913 0.0
-0.624447529459497 -0.613495290266247 0.0
-0.6215372964133 -0.55209293845954 0.0
-0.618400284801503 -0.490558408298459 0.0
-0.615268728815012 -0.428949093237943 0.0
-0.612076505666092 -0.367269120552873 0.0
-0.609307460057578 -0.305429060322359 0.0
-0.606658439826093 -0.243267354729675 0.0
-0.60334936923413 -0.180823522900973 0.0
-0.60019822168414 -0.118229382249067 0.0
-0.597084398149587 -0.055427093972513 0.0
-0.593972673975419 0.00763120332277709 0.0
-0.590850240507691 0.0709893578709171 0.0
-0.587710540177733 0.134692716224069 0.0
-0.584546982011118 0.198789257418149 0.0
-0.581350616619285 0.263322585557644 0.0
-0.578113773101423 0.328309178491949 0.0
-0.574855087276102 0.393673350940116 0.0
-0.57172997827926 0.459069771496802 0.0
-0.569441287222313 0.523366635648176 0.0
-0.563284906151344 -0.616234185259663 0.0
-0.560310701093879 -0.554836395482375 0.0
-0.557216938918056 -0.493313119392812 0.0
-0.554111500045659 -0.431660788561525 0.0
-0.551061291080775 -0.369826885176204 0.0
-0.548265770361108 -0.307844559574865 0.0
-0.545454931401203 -0.245730454599914 0.0
-0.542335104621742 -0.183383520143695 0.0
-0.539264770028391 -0.120850349061481 0.0
-0.536222760557635 -0.0581280118514714 0.0
-0.533197833925918 0.00479147287646265 0.0
-0.530189841813835 0.0679103272053963 0.0
-0.527205064487843 0.13121717181322 0.0
-0.524254165562028 0.194675157626032 0.0
-0.521352914493165 0.258200285857192 0.0
-0.518526966263767 0.321626944480003 0.0
-0.515822257658497 0.384658501213587 0.0
-0.513291097230718 0.44681689564378 0.0
-0.51019086865481 0.507430309197374 0.0
-0.502101819409065 -0.619035703258165 0.0
-0.499098386936031 -0.557641648274391 0.0
-0.496045352704446 -0.496117450116788 0.0
-0.493015308711406 -0.434448589502628 0.0
-0.49006958782406 -0.372632086356769 0.0
-0.487254821104695 -0.310703056842366 0.0
-0.484402840241968 -0.248647389484976 0.0
-0.481405736987757 -0.186422029087585 0.0
-0.478426795276793 -0.124055786203845 0.0
-0.475475438889364 -0.0615658822907589 0.0
-0.472554716367062 0.00102659453015556 0.0
-0.469672573861265 0.0636880822125275 0.0
-0.466840636620751 0.126364933809706 0.0
-0.464071281507987 0.18897568871271 0.0
-0.461372842542101 0.251403556297107 0.0
-0.458738987860769 0.313495897952731 0.0
-0.456115616606338 0.375079526446928 0.0
-0.453224595636815 0.436001779665439 0.0
-0.449258221748722 0.496345207913794 0.0
-0.440911384583978 -0.621940489162603 0.0
-0.437904002688014 -0.560568147267447 0.0
-0.434903890100036 -0.499074073069564 0.0
-0.431952018393175 -0.43745407529698 0.0
-0.429076410227321 -0.375717989120789 0.0
-0.42626867235957 -0.313884558880984 0.0
-0.423430126894156 -0.251948574612201 0.0
-0.420522215744435 -0.189902163890717 0.0
-0.417624117456648 -0.127773593313479 0.0
-0.414752197521448 -0.0655926840685896 0.0
-0.411914756455941 -0.00339594407611191 0.0
-0.409120312888174 0.0587694875760149 0.0
-0.406376066565014 0.120843695517163 0.0
-0.403682947853669 0.182754936062439 0.0
-0.401026708416078 0.244424195946588 0.0
-0.398359520244806 0.305776492264132 0.0
-0.395546873472667 0.366757939910117 0.0
-0.392244049229226 0.427374739054175 0.0
-0.387611092467967 0.487712139589724 0.0
-0.379711175455356 -0.624974351572882 0.0
-0.376717554913322 -0.563640765406426 0.0
-0.373774015346856 -0.502201597295665 0.0
-0.3708909475769 -0.440658012610453 0.0
-0.368068804883172 -0.379021888001026 0.0
-0.36528132585754 -0.317308246739106 0.0
-0.362470352491013 -0.255522657971996 0.0
-0.359622568073087 -0.193675042835084 0.0
-0.356778777410669 -0.13179458604795 0.0
-0.353953827069359 -0.0699143493654598 0.0
-0.351155607284472 -0.00807185877871467 0.0
-0.348389143231368 0.0536906796700552 0.0
-0.345654525703423 0.115327724753781 0.0
-0.342941629367156 0.176794295937408 0.0
-0.340220491346764 0.238051316412939 0.0
-0.337420477203203 0.299073643013719 0.0
-0.33438387779908 0.359862853110909 0.0
-0.330778128016511 0.420469999744482 0.0
-0.326154904319154 0.481088593225651 0.0
-0.318486557513774 -0.628120157095777 0.0
-0.315519549396462 -0.566829918250839 0.0
-0.312631736905031 -0.505450539076168 0.0
-0.309806405273608 -0.443985693331275 0.0
-0.307024819572977 -0.382448034198199 0.0
-0.304256475472426 -0.320852468239699 0.0
-0.301465512905806 -0.259211192481498 0.0
-0.298647237080077 -0.197541215542385 0.0
-0.295823736022938 -0.135869718082509 0.0
-0.293006257374677 -0.074226343755138 0.0
-0.290200622064464 -0.0126421156446759 0.0
-0.287408609428835 0.0488517933531479 0.0
-0.284625834151793 0.110225957838492 0.0
-0.281836892326031 0.171455966720717 0.0
-0.279006079823311 0.232525877624202 0.0
-0.276059055143051 0.293434307210409 0.0
-0.272851922980519 0.35420565357426 0.0
-0.269170452640046 0.414918362417689 0.0
-0.264945591789202 0.475731788472177 0.0
-0.257217748780838 -0.631320572851605 0.0
-0.254288831046028 -0.570066149023213 0.0
-0.25145400978756 -0.508736276275115 0.0
-0.248674586856462 -0.447335893889509 0.0
-0.245919901166683 -0.385877706537108 0.0
-0.243160154371331 -0.324376615951361 0.0
-0.240371827881953 -0.262847387797624 0.0
-0.237553094182297 -0.201308189792717 0.0
-0.234716697008708 -0.139782203755517 0.0
-0.231870964990098 -0.0782933556162164 0.0
-0.229020304714593 -0.0168650593906157 0.0
-0.226165199906489 0.04448109050003 0.0
-0.223300241498342 0.105726733709537 0.0
-0.220409931192991 0.166859080971964 0.0
-0.217461085102924 0.227873452142702 0.0
-0.21439107504218 0.288778904393706 0.0
-0.211102916171459 0.349609223500526 0.0
-0.207516432420103 0.410436469225004 0.0
-0.203705373081122 0.47134793995136 0.0
-0.195885915204142 -0.634494155275889 0.0
-0.193006546971036 -0.573260282563133 0.0
-0.190221199933589 -0.511960266908202 0.0
-0.187475672463488 -0.450599749863757 0.0
-0.18473339285856 -0.389191024055044 0.0
-0.181967456031747 -0.327748388358955 0.0
-0.179161898511521 -0.266286653444289 0.0
-0.176316314427641 -0.204822521199295 0.0
-0.173439121693024 -0.143374885330333 0.0
-0.170537179550973 -0.0819623463135313 0.0
-0.167614727830123 -0.0206023006557175 0.0
-0.164672830993033 0.0406900814419278 0.0
-0.161707762603259 0.10190282615122 0.0
-0.158707944246143 0.163029026557704 0.0
-0.155649522828032 0.224069027228311 0.0
-0.152494044735057 0.285035440290593 0.0
-0.149203339072953 0.345959688823533 0.0
-0.145795981281809 0.406891216565099 0.0
-0.142439857908055 0.467880745656572 0.0
-0.134477730858126 -0.637552637633708 0.0
-0.131659194114837 -0.576320608136691 0.0
-0.128919491014188 -0.515026645579954 0.0
-0.126196215757661 -0.453677111322418 0.0
-0.123452038402177 -0.39228379268843 0.0
-0.120664446931502 -0.330860005294063 0.0
-0.117823085037181 -0.269419438926837 0.0
-0.114929064786202 -0.207976540786897 0.0
-0.11198934550547 -0.146546501077755 0.0
-0.109010632261437 -0.0851437845205629 0.0
-0.105998089556555 -0.0237815956818623 0.0
-0.102954774422005 0.0375289193826891 0.0
-0.0998806703340914 0.0987794742703884 0.0
-0.0967712923582143 0.159966468534315 0.0
-0.0936172719633175 0.221093219545956 0.0
-0.090410142683095 0.282174426912205 0.0
-0.0871655727170421 0.34324021021264 0.0
-0.0839745553139604 0.404335367109882 0.0
-0.0810956024611923 0.465513944048574 0.0
-0.0729876688769969 -0.640414713199776 0.0
-0.0702400183927429 -0.579165682999788 0.0
-0.067541699756406 -0.517853905884037 0.0
-0.0648296474466082 -0.456486861718646 0.0
-0.0620702605849406 -0.395075990287836 0.0
-0.0592467443333254 -0.333633512257078 0.0
-0.0563537463233402 -0.272171589093587 0.0
-0.0533943655532917 -0.210702383112223 0.0
-0.0503757529006542 -0.149238115092577 0.0
-0.0473054170878339 -0.0877902158839101 0.0
-0.0441902869847553 -0.0263690918424225 0.0
-0.041036541280925 0.0350165119259849 0.0
-0.0378496348270902 0.0963602010509242 0.0
-0.0346350007812986 0.157659620702825 0.0
-0.0314016357852331 0.218918194428738 0.0
-0.0281734818054827 0.280147938854594 0.0
-0.0250157118661192 0.34137017556283 0.0
-0.0220806833406739 0.402609897738247 0.0
-0.0196630800681656 0.4638720219608 0.0
-0.0114189862108148 -0.643015148148415 0.0
-0.0087495394811288 -0.581732284962696 0.0
-0.00608738457992235 -0.520381391436682 0.0
-0.00337606423573527 -0.458971556377342 0.0
-0.000589501968787088 -0.397514042235911 0.0
0.00228227354194597 -0.33601992654563 0.0
0.00523973983461971 -0.274499701148137 0.0
0.00827743420549432 -0.212963385106019 0.0
0.0113871171529139 -0.151420800290728 0.0
0.0145598622649005 -0.089881143600492 0.0
0.0177863651148328 -0.0283530084002638 0.0
0.0210564306004079 0.0331560697297118 0.0
0.0243577249466271 0.0946400877078615 0.0
0.027672937903935 0.15609585671983 0.0
0.0309730295367896 0.217523794930388 0.0
0.0342029140201311 0.27892885078345 0.0
0.0372562764370466 0.340318366020587 0.0
0.0399444926755003 0.401692778342607 0.0
0.0420211299770043 0.463024412136235 0.0
0.0502170344144885 -0.645309836542266 0.0
0.0528052829415294 -0.583979471795769 0.0
0.0554381014058624 -0.522572075031495 0.0
0.0581588221767791 -0.461098633072443 0.0
0.0609830650019103 -0.399570187742818 0.0
0.0639132804054038 -0.33799649629042 0.0
0.0669452052733031 -0.276386217175284 0.0
0.0700708980508442 -0.214747273607267 0.0
0.0732806459919263 -0.153087393469512 0.0
0.0765638006372857 -0.0914140014227035 0.0
0.0799083250304832 -0.0297344818272335 0.0
0.0832994475045536 0.031944047754113 0.0
0.0867171580142732 0.0936148946742014 0.0
0.0901315513639076 0.155272526222059 0.0
0.0934940265012005 0.21691239828435 0.0
0.0967222199120355 0.278530481477237 0.0
0.0996788827700449 0.340119838646531 0.0
0.102156545132032 0.401663158267717 0.0
0.103871262460893 0.46313839996775 0.0
0.111902455887329 -0.647278126107452 0.0
0.114412162262997 -0.58589027651315 0.0
0.117024512652848 -0.524413422086299 0.0
0.11976443599056 -0.462860280525859 0.0
0.122635268841295 -0.401241261054912 0.0
0.125631839643702 -0.339564384080124 0.0
0.128745527202866 -0.277836150704332 0.0
0.131966101839909 -0.216062230566585 0.0
0.135282373263415 -0.154248258377107 0.0
0.138681951053036 -0.0923999860459448 0.0
0.142149994907405 -0.0305237848691791 0.0
0.145667007583339 0.0313733035445007 0.0
0.149205196575258 0.0932833154104892 0.0
0.152722453948192 0.15519744965801 0.0
0.156152463094228 0.217104920779478 0.0
0.159390082933939 0.278991327375452 0.0
0.16227374244397 0.340834735485211 0.0
0.164568214934788 0.40260162104287 0.0
0.165952475254734 0.464243311378704 0.0
0.173614898611263 -0.648923862175606 0.0
0.176055148068348 -0.587472510054393 0.0
0.178657889835991 -0.525917808249412 0.0
0.181426175082555 -0.46427338241248 0.0
0.184350586089522 -0.402548165431303 0.0
0.187418937349675 -0.340747760377087 0.0
0.190618969726519 -0.278875982411725 0.0
0.193938641428557 -0.216935842516219 0.0
0.197365572789265 -0.154930551952242 0.0
0.200885870979251 -0.0928638839539174 0.0
0.204482126911768 -0.0307409137970872 0.0
0.208130422811029 0.0314316010348516 0.0
0.211795781960266 0.0936444539841005 0.0
0.215425254770505 0.155885280439528 0.0
0.218937590849738 0.218136291582289 0.0
0.222209220249173 0.280371397752411 0.0
0.225056886627092 0.342551586310071 0.0
0.227217448836103 0.40461898736206 0.0
0.228321720600037 0.46649265451862 0.0
0.235329139125497 -0.650276209759989 0.0
0.237715388489293 -0.588759644937165 0.0
0.240320639803707 -0.527123325345115 0.0
0.243125063963586 -0.465380197297317 0.0
0.246107543544831 -0.403536492056152 0.0
0.249250190665424 -0.34159450613271 0.0
0.252538139739564 -0.279554650771277 0.0
0.25595823326901 -0.217416615661088 0.0
0.259497404466506 -0.155180492783473 0.0
0.263140722295169 -0.0928472779680449 0.0
0.266868749652245 -0.0304198210116164 0.0
0.270653928485654 0.0320964420806173 0.0
0.274455410323057 0.0946921235503473 0.0
0.278211690400252 0.157352223903236 0.0
0.281830225282802 0.220052484831001 0.0
0.285173552183059 0.282754754426906 0.0
0.288040783257382 0.345399995856272 0.0
0.290140552955552 0.407899327120682 0.0
0.2910433549436 0.470124853462849 0.0
0.297019396126306 -0.651390958412438 0.0
0.299372240757928 -0.589812349201988 0.0
0.301991864914214 -0.528095359575645 0.0
0.304837694658203 -0.466249978989084 0.0
0.307879455607467 -0.404278322324491 0.0
0.311095413120131 -0.342178409711325 0.0
0.314469320765439 -0.279946404954248 0.0
0.317987718713642 -0.217577780949274 0.0
0.321637473095525 -0.155068417117177 0.0
0.325403233492383 -0.0924151106771165 0.0
0.329264330137087 -0.0296166307081342 0.0
0.333190772067163 0.0333252740446979 0.0
0.337137806398038 0.0964039434126891 0.0
0.341038536052328 0.159605136414398 0.0
0.344793792110203 0.222901705491347 0.0
0.348258275881778 0.286246233619702 0.0
0.351219822852635 0.349559562139839 0.0
0.35336275410058 0.412714166868872 0.0
0.354189260583479 0.475511756077904 0.0
0.358661079698614 -0.652352577482329 0.0
0.361003442951184 -0.590720753546583 0.0
0.363646821313318 -0.5289288304502 0.0
0.366535479621438 -0.466981293115397 0.0
0.36963361162871 -0.40487487379525 0.0
0.372917725824927 -0.342602450179161 0.0
0.376371438572016 -0.28015512838482 0.0
0.379981767963028 -0.217523144726835 0.0
0.383736106831395 -0.154696693474951 0.0
0.3876193185707 -0.091666211230189 0.0
0.391610394142395 -0.0284232883129635 0.0
0.395678343600481 0.0350383296170524 0.0
0.399776873419798 0.0987205765509774 0.0
0.403837486569383 0.162617733731808 0.0
0.407760176487711 0.226709575484032 0.0
0.411400175416828 0.290950665397925 0.0
0.414545632815658 0.355251555720467 0.0
0.416871414289117 0.419446333935036 0.0
0.417822576376571 0.48323709110927 0.0
0.420231629296984 -0.653277034404471 0.0
0.422584043556992 -0.591607170595518 0.0
0.425255516491864 -0.529750630718522 0.0
0.428183378293447 -0.467704493454225 0.0
0.431330142026882 -0.405459288013133 0.0
0.434672545890703 -0.343002409873999 0.0
0.438195082299061 -0.280319504499714 0.0
0.441885775576588 -0.217394675032527 0.0
0.44573290543999 -0.154210692675026 0.0
0.449721973053922 -0.0907487190976964 0.0
0.453832328581016 -0.0269886638065482 0.0
0.458033209513412 0.0370904141319806 0.0
0.462278893870426 0.101508812872197 0.0
0.466502824232713 0.166283549994971 0.0
0.470610041303522 0.231421876689473 0.0
0.474466385938022 0.296909404047832 0.0
0.47787871288071 0.362684789399008 0.0
0.480547947772026 0.428584348265869 0.0
0.481928176099835 0.494215703950934 0.0
0.481710276391087 -0.654315101957747 0.0
0.484084573668658 -0.592628543957452 0.0
0.486781421125268 -0.530721727007663 0.0
0.489739055771888 -0.468583118419199 0.0
0.492921753349313 -0.406197932836351 0.0
0.496307831396414 -0.343549286185085 0.0
0.499883052126374 -0.280617924126267 0.0
0.503636454323204 -0.217381302011458 0.0
0.507557119029624 -0.153812933966238 0.0
0.511631160041462 -0.0898812717494745 0.0
0.515838417806706 -0.0255490150820317 0.0
0.520148726721858 0.0392279892785869 0.0
0.524517649984955 0.104501563228326 0.0
0.528881837696622 0.170332227358472 0.0
0.533153826689139 0.236788548755789 0.0
0.537215802916441 0.303944225111861 0.0
0.540909510399928 0.371864579700429 0.0
0.544013238379384 0.440556643707542 0.0
0.546163119252682 0.509781944191173 0.0
