-0.603521105210961 -0.680804841853176 0.0
0.631925989699781 -0.761969763320184 0.0
-0.421954393386841 0.61237245798111 0.0
0.61237245798111 0.61237245798111 0.0
-0.542549922909783 -0.686482904210074 0.0
0.635252841378543 -0.700456922457928 0.0
0.574695238761963 0.556080967093536 0.0
-0.456824585328197 0.540021077399335 0.0
-0.48153980269283 -0.691942385281736 0.0
0.639348871665656 -0.638531514432326 0.0
0.524123466697483 0.522353790642211 0.0
-0.480842476009521 0.467663864300599 0.0
-0.420538745330736 -0.697484828285386 0.0
0.643978006777692 -0.576142239029833 0.0
0.470116977932654 0.502071827166823 0.0
-0.496867067129704 0.396692295902376 0.0
-0.359525635096393 -0.703212923690984 0.0
0.648986396106889 -0.513255073762396 0.0
0.415184350685872 0.489730449299368 0.0
-0.50848840288441 0.327521808798317 0.0
-0.298456863899156 -0.709131605440467 0.0
0.654259059757385 -0.449838835813503 0.0
0.359969791488234 0.482300368018232 0.0
-0.517604163125257 0.259920321200033 0.0
-0.237274312999417 -0.715172413779127 0.0
0.659697431156171 -0.385858533259119 0.0
0.304644115017535 0.478134308298645 0.0
-0.525221714127441 0.193582026193594 0.0
-0.175919113854578 -0.721207998169251 0.0
0.6652052124779 -0.321272136583835 0.0
0.249280503772095 0.476324967433532 0.0
-0.531910734552928 0.128250073429829 0.0
-0.114345365456209 -0.727083119988962 0.0
0.670677775991988 -0.256028580362062 0.0
0.193952857214101 0.476388674658893 0.0
-0.538012078460817 0.0637273442209888 0.0
-0.0525290910298336 -0.732643856191167 0.0
0.67599277338296 -0.190066759477344 0.0
0.138767894692526 0.478156099615253 0.0
-0.543738910590706 -0.000133772296485966 0.0
0.00952907048103809 -0.737757615403895 0.0
0.681000762051998 -0.123314275678891 0.0
0.0840204657381189 0.483214476184941 0.0
-0.549231054854328 -0.0634413432665367 0.0
0.0718049871678264 -0.742324024843921 0.0
0.685514671812515 -0.055686594931134 0.0
0.0283748938997452 0.483334916706908 0.0
-0.554590829815182 -0.126271139169274 0.0
0.134254828437558 -0.746279636589372 0.0
0.689296869059688 0.0129145104887039 0.0
-0.0277947520817366 0.483388432609219 0.0
-0.559928761332449 -0.188669066058538 0.0
0.196819409665835 -0.749599370964423 0.0
0.692041320688004 0.0826028479641284 0.0
-0.0831209618592644 0.493330522656764 0.0
-0.565638764526284 -0.250639822485771 0.0
0.259428930681551 -0.752297101505706 0.0
0.693346306124771 0.153510922292518 0.0
-0.138644275974013 0.501460304862576 0.0
-0.570394651267819 -0.312588044878141 0.0
0.3220067180152 -0.754427087460069 0.0
0.692668512808802 0.225792491073306 0.0
-0.193371181678513 0.512184629134624 0.0
-0.575332151186538 -0.374464775808389 0.0
0.384473792985231 -0.756087464864085 0.0
0.689241235063052 0.299623608081707 0.0
-0.24967125589166 0.519747538892576 0.0
-0.580931617121914 -0.436036207238131 0.0
0.44675396133322 -0.757426400894025 0.0
0.681921825470255 0.375192126736952 0.0
-0.307340787318007 0.527213778583379 0.0
-0.586551358143252 -0.497408467144244 0.0
0.508780592844769 -0.758651347064218 0.0
0.668899778186791 0.452647881627149 0.0
-0.363625877833288 0.542309046703109 0.0
-0.592294261784019 -0.558621660061293 0.0
0.570507628106312 -0.760042142626477 0.0
0.647176536951195 0.531931926972251 0.0
-0.421346073379954 0.557718417256705 0.0
-0.597855466544366 -0.619748633517413 0.0
-0.536904105284209 -0.625401284691582 0.0
-0.531298456744501 -0.564210057450052 0.0
-0.525591380781078 -0.502893166884505 0.0
-0.52002020120851 -0.441487882414394 0.0
-0.514480326621767 -0.380002389810705 0.0
-0.509453417957137 -0.318238519449636 0.0
-0.504653005700783 -0.256075908969318 0.0
-0.499168261160729 -0.193655532740617 0.0
-0.493856401949629 -0.131001645408532 0.0
-0.488545172200972 -0.0680504636606945 0.0
-0.483139984058131 -0.00474604269377404 0.0
-0.477549327273685 0.0589593766714487 0.0
-0.471654797746502 0.123103675152241 0.0
-0.46528622832081 0.187702015405588 0.0
-0.458192892119513 0.252711256041785 0.0
-0.45001194364222 0.317949791306199 0.0
-0.440264020165387 0.382926614676008 0.0
-0.428520677667088 0.446521996200048 0.0
-0.414827477997918 0.506466544902041 0.0
-0.475874503755766 -0.630839695160164 0.0
-0.470222209779922 -0.569650637966487 0.0
-0.464585517975461 -0.508338165616234 0.0
-0.45906603870563 -0.446884806082276 0.0
-0.453712070848326 -0.385217058854221 0.0
-0.448716262209832 -0.323361213642955 0.0
-0.443782425605166 -0.261361307656847 0.0
-0.438552186025083 -0.199114563964259 0.0
-0.433387963645832 -0.136659484039313 0.0
-0.428231652181248 -0.0740036674848132 0.0
-0.423024244934454 -0.0111588947854879 0.0
-0.417702088052149 0.0518420033068278 0.0
-0.41218395952596 0.11492837727356 0.0
-0.406358916383282 0.177968132204532 0.0
-0.400074914549665 0.24073502153578 0.0
-0.393129804396194 0.30287921450443 0.0
-0.385273612999747 0.363947129307883 0.0
-0.376259352230578 0.423593053515376 0.0
-0.367685926988072 0.482695091223373 0.0
-0.414818215403573 -0.636415880905104 0.0
-0.409160245685797 -0.575254343944975 0.0
-0.40360521314392 -0.513966323856891 0.0
-0.398212940856776 -0.452527902793958 0.0
-0.39302444260878 -0.390933805934261 0.0
-0.388067966405962 -0.329224525879993 0.0
-0.383145766852629 -0.267400026551985 0.0
-0.378112522351968 -0.205429540066089 0.0
-0.373122591311774 -0.143353924974599 0.0
-0.368156560093658 -0.0812144433186238 0.0
-0.363178184247175 -0.0190654563757772 0.0
-0.358141484222699 0.0430155663916161 0.0
-0.352981904234149 0.104921053508497 0.0
-0.347603053353603 0.166512228666871 0.0
-0.341860016407701 0.227630966280422 0.0
-0.335547977226041 0.288141216675253 0.0
-0.328452777478989 0.348019922550324 0.0
-0.320839385782441 0.407539799766376 0.0
-0.315133476027828 0.467032393014703 0.0
-0.353740400526082 -0.642192336261399 0.0
-0.348111506636664 -0.581087367967789 0.0
-0.342663085298453 -0.519871196024968 0.0
-0.337410853704122 -0.458537623838969 0.0
-0.332356164570568 -0.397100992488829 0.0
-0.327466656087451 -0.335590164848188 0.0
-0.322616248637429 -0.274016175366943 0.0
-0.317740720597261 -0.212387557412092 0.0
-0.312905572066591 -0.150749757795155 0.0
-0.308101529073516 -0.0891542845072012 0.0
-0.303300196701624 -0.0276601908271176 0.0
-0.298457426867435 0.0336664240355182 0.0
-0.293504637522398 0.0947584845132025 0.0
-0.288337155763948 0.155562841520999 0.0
-0.282807853970025 0.216066024755813 0.0
-0.276753127638172 0.276334633700624 0.0
-0.270148598249285 0.336569011100449 0.0
-0.263558330312016 0.39708868991042 0.0
-0.258524304198972 0.457956984321866 0.0
-0.292621681686743 -0.648165286668364 0.0
-0.287050555778929 -0.587131876698749 0.0
-0.281719187388962 -0.526012179978309 0.0
-0.276598857771428 -0.464809527105475 0.0
-0.271657099788296 -0.403543711354051 0.0
-0.266840877402716 -0.342242009103745 0.0
-0.262067489313173 -0.280924914123514 0.0
-0.25730355071064 -0.219616145018142 0.0
-0.25257467099486 -0.158356806354432 0.0
-0.247872016309026 -0.0971894049623394 0.0
-0.243169355657387 -0.0361540244018078 0.0
-0.238423468024356 0.0247172327343213 0.0
-0.233569082808328 0.085409560403079 0.0
-0.228516356034957 0.145939804226548 0.0
-0.223163556126561 0.20637458251081 0.0
-0.217456073079047 0.266851019230778 0.0
-0.211539979443122 0.327577903015806 0.0
-0.205941263351733 0.388745870836771 0.0
-0.201052826661667 0.450315111523036 0.0
-0.231424874290634 -0.654252106349226 0.0
-0.225935914248745 -0.593283028672838 0.0
-0.220723758173182 -0.53225120752378 0.0
-0.215720434836453 -0.471164721425611 0.0
-0.210869704963625 -0.410045122822941 0.0
-0.206113831318666 -0.348918565435717 0.0
-0.201395893746117 -0.287808510412665 0.0
-0.196695525337551 -0.226740495805938 0.0
-0.192021573531036 -0.16574620010044 0.0
-0.187366573149782 -0.10485406754647 0.0
-0.182710350701014 -0.0440849279441756 0.0
-0.17802046504828 0.0165530101342569 0.0
-0.17325255465631 0.0770702076283117 0.0
-0.168357667535482 0.137502886245287 0.0
-0.163309084141476 0.197917456963867 0.0
-0.158166660216862 0.258404713291689 0.0
-0.153170321521601 0.319039200411922 0.0
-0.148707714691029 0.379783980706601 0.0
-0.144621876797715 0.440469222688444 0.0
-0.170107972600692 -0.66031412015196 0.0
-0.164724812653055 -0.599385074727619 0.0
-0.159630365085889 -0.538411037108712 0.0
-0.154726292593087 -0.47740245613433 0.0
-0.149942776351686 -0.416380579388003 0.0
-0.14522496951112 -0.355369592039383 0.0
-0.140533231827158 -0.294392107906489 0.0
-0.135855693714806 -0.233470812439636 0.0
-0.131197450982461 -0.172629025103121 0.0
-0.126556918644733 -0.111885214440133 0.0
-0.121925678891198 -0.0512500525725733 0.0
-0.117290164542211 0.00927644780099888 0.0
-0.112636307989366 0.0697074064784603 0.0
-0.107962599358583 0.130070916375654 0.0
-0.103309092885831 0.190407404222577 0.0
-0.0988032486376878 0.250758120016866 0.0
-0.0946862997452983 0.31114011972801 0.0
-0.0911963706613542 0.3715399177351 0.0
-0.0882424927579378 0.432077825891149 0.0
-0.108635800840343 -0.666190596410097 0.0
-0.103382284665068 -0.605269021839501 0.0
-0.0984027084783857 -0.544312659439026 0.0
-0.0935798602021173 -0.483333477376449 0.0
-0.0888400051295102 -0.422351898518746 0.0
-0.0841361356610477 -0.361390096915768 0.0
-0.0794428588462017 -0.300468793900282 0.0
-0.0747570190251568 -0.239607453018505 0.0
-0.0700875214934042 -0.178823974406186 0.0
-0.0654423615152782 -0.118131630201856 0.0
-0.0608281572917173 -0.0575375869505451 0.0
-0.0562532176281363 0.0029582283188943 0.0
-0.0517349092426732 0.063363106418385 0.0
-0.0473148287294867 0.123689685362935 0.0
-0.0430844089506814 0.183948037354314 0.0
-0.0392139466158022 0.244128795014652 0.0
-0.0359556113016098 0.304176711482468 0.0
-0.03359834025367 0.363976683473266 0.0
-0.0326897861773228 0.423375923104253 0.0
-0.0469877623619674 -0.671727168795861 0.0
-0.0418867739249431 -0.61077914278247 0.0
-0.0370184963713596 -0.549798746330667 0.0
-0.0322596474600497 -0.488799754248682 0.0
-0.0275415249753702 -0.427802175309356 0.0
-0.0228289759989458 -0.36682660954533 0.0
-0.0181104034059426 -0.305891821209189 0.0
-0.0133926433034744 -0.245014366904527 0.0
-0.00869248518215784 -0.184208160913517 0.0
-0.00402936321861821 -0.123482541784888 0.0
0.000574419072627911 -0.0628411808899751 0.0
0.00508973773896521 -0.00228080077032705 0.0
0.00947260166655947 0.0582097322027482 0.0
0.0136507446566496 0.11865025475972 0.0
0.0175061987510965 0.179068653301508 0.0
0.0208631342383268 0.239502176305831 0.0
0.0234940110619012 0.300009936983374 0.0
0.0250920429995437 0.360715927864983 0.0
0.024620929081764 0.421826437658284 0.0
0.0148392119562144 -0.676793957606253 0.0
0.0197682186025495 -0.615788404468285 0.0
0.0245302950349442 -0.554745701949197 0.0
0.0292417440780872 -0.493682273832978 0.0
0.0339581642285194 -0.432618349476196 0.0
0.0386994110474241 -0.371573306711656 0.0
0.0434627313612443 -0.310563897088605 0.0
0.048230019817134 -0.249603765584372 0.0
0.0529742634408058 -0.188703051945322 0.0
0.0576633238750416 -0.127866848053171 0.0
0.0622585688068316 -0.0670939152685962 0.0
0.0667100567557515 -0.00637464948027763 0.0
0.0709482005170328 0.0543112513870154 0.0
0.074871963316486 0.114998089391225 0.0
0.0783359928982183 0.175737527396184 0.0
0.0811425102309218 0.236604996927099 0.0
0.083035394925385 0.297710266214297 0.0
0.0836393442892156 0.359193577949609 0.0
0.0827415783989003 0.421010213470019 0.0
0.0768307404235033 -0.681294816042409 0.0
0.0815747283911853 -0.620205568990919 0.0
0.0862386843926505 -0.559068167089734 0.0
0.0909194001690218 -0.497902596222463 0.0
0.0956523937593519 -0.436729760440696 0.0
0.100439414839679 -0.375567953636971 0.0
0.105262573195926 -0.314431905074 0.0
0.110091395382251 -0.253332604908206 0.0
0.114886956080936 -0.192277231219395 0.0
0.119602924509069 -0.131268115255212 0.0
0.124182695026604 -0.0703019224075268 0.0
0.128553423691712 -0.0093683864085292 0.0
0.132617063460385 0.051550320996016 0.0
0.136239045380386 0.112479171451743 0.0
0.139236833406815 0.173445750635134 0.0
0.141371727903853 0.234469740448832 0.0
0.142344709527586 0.295536328524508 0.0
0.141869485872498 0.35652323451529 0.0
0.140256420595468 0.417207533981238 0.0
0.138957616635886 -0.685170947519441 0.0
0.143512867020074 -0.623977490441203 0.0
0.148091239924271 -0.562719744569054 0.0
0.152758638412093 -0.50142183838414 0.0
0.157524987234068 -0.440105369061722 0.0
0.162372057971113 -0.378787422835399 0.0
0.167266380321492 -0.317480770214993 0.0
0.172164501399215 -0.256194381727375 0.0
0.177014606384532 -0.194934012998605 0.0
0.181755242482158 -0.133702009725745 0.0
0.186311020111626 -0.0724975641872166 0.0
0.190585845017873 -0.0113170436956786 0.0
0.194454087296044 0.0498442397963619 0.0
0.197750952498569 0.11098838480022 0.0
0.200264724573078 0.17210704760932 0.0
0.201736079454508 0.233170248596788 0.0
0.201884393368837 0.294112255059133 0.0
0.200538503250165 0.354848562094167 0.0
0.19784961239614 0.415472646450199 0.0
0.201179256975976 -0.688401788075058 0.0
0.205553768583384 -0.627089373782148 0.0
0.210064543843076 -0.56569239742226 0.0
0.214737114124044 -0.504238918880229 0.0
0.219552289945458 -0.442750512807979 0.0
0.224471326546007 -0.381242442290778 0.0
0.229445539447197 -0.319725290785694 0.0
0.234418718606369 -0.258206367583973 0.0
0.239326213305608 -0.196691067130506 0.0
0.244091725875867 -0.135183539964197 0.0
0.248621937307733 -0.0736879483203546 0.0
0.252799474337887 -0.0122099184107179 0.0
0.256474850716465 0.0492406962979108 0.0
0.259458897105108 0.110646082214315 0.0
0.261518420800899 0.171974935961855 0.0
0.262381736875512 0.233178633610903 0.0
0.261770920654999 0.294196739457897 0.0
0.259472323051314 0.355000182634486 0.0
0.255370856693817 0.415666520380335 0.0
0.26344789406463 -0.691005512386621 0.0
0.267662887364017 -0.629565233238899 0.0
0.272129536347838 -0.568016587080656 0.0
0.2768264303795 -0.506390043222668 0.0
0.281704312566173 -0.444705430316481 0.0
0.286704999435803 -0.38297484436704 0.0
0.291765964063806 -0.321205787081824 0.0
0.296819345769981 -0.259403414426875 0.0
0.301788639135265 -0.197572562099435 0.0
0.306583912895246 -0.135719090059132 0.0
0.311095641876183 -0.0738518294194584 0.0
0.315187578598614 -0.0119846445254279 0.0
0.318689254095385 0.0498605298913098 0.0
0.321389424817097 0.111650434948132 0.0
0.323032755499008 0.173336569389847 0.0
0.323324579987029 0.234854502326931 0.0
0.321949051609265 0.296131890673348 0.0
0.318593796265289 0.357111452508937 0.0
0.31294042152314 0.417774470037087 0.0
0.325711935084409 -0.693040879553821 0.0
0.329801931261325 -0.631470212766492 0.0
0.334252029840824 -0.569763757291085 0.0
0.338991597488659 -0.507951126179864 0.0
0.343943383762416 -0.446047619607864 0.0
0.349032483703188 -0.384060091540618 0.0
0.354184803184515 -0.32199133359341 0.0
0.359322595095005 -0.259842914947997 0.0
0.36435903158567 -0.197617657861388 0.0
0.369192142128932 -0.135321456504715 0.0
0.373697983090341 -0.0729657747526482 0.0
0.377723288885153 -0.0105703372722081 0.0
0.381077966232377 0.0518331294664089 0.0
0.38352834834726 0.114196832549472 0.0
0.384792560658929 0.17645193505204 0.0
0.38453992516979 0.238506056966719 0.0
0.382393684772931 0.300245413977693 0.0
0.377926834549736 0.361542990735916 0.0
0.370635266001094 0.422266268022425 0.0
0.387919795300463 -0.694611680234837 0.0
0.391930503426694 -0.632915876664154 0.0
0.396392587372338 -0.571052010006378 0.0
0.401189812775075 -0.509043744321975 0.0
0.406222150416197 -0.446898338259525 0.0
0.411402035306386 -0.384614889995866 0.0
0.416646669320455 -0.322189341131066 0.0
0.421870504595624 -0.259617510682687 0.0
0.426978100492807 -0.196897714532759 0.0
0.431857060545278 -0.134032836116185 0.0
0.436370627013925 -0.0710333024477909 0.0
0.440349953306528 -0.00792060698030487 0.0
0.443586097254968 0.0552675608719932 0.0
0.445822100457767 0.1184710166472 0.0
0.446745294450502 0.181598557647442 0.0
0.445979410004061 0.244519672837441 0.0
0.443072526041448 0.307056832106166 0.0
0.437471096656887 0.368977993997601 0.0
0.428472332979696 0.429986498169257 0.0
0.450022892788763 -0.695874501209302 0.0
0.454005847552688 -0.634068795091557 0.0
0.458504465690802 -0.572054753555717 0.0
0.463367675593396 -0.509843854454545 0.0
0.468480453989659 -0.447431833398132 0.0
0.47374735691497 -0.384807608572846 0.0
0.479079889884456 -0.321958093844444 0.0
0.484386713055853 -0.258870823104958 0.0
0.4895652894421 -0.195536215622743 0.0
0.494494123126547 -0.131949491011789 0.0
0.499024879978757 -0.0681138152954639 0.0
0.502974160801269 -0.00404448919921807 0.0
0.506114579866904 0.0602244356710414 0.0
0.508164823598509 0.124630957930078 0.0
0.50877756716535 0.189071113889449 0.0
0.507523000183251 0.253380491660938 0.0
0.50386256440571 0.317308191494298 0.0
0.497103905467819 0.380479505806957 0.0
0.486318813023847 0.44234247562055 0.0
0.511976871472338 -0.69705046639229 0.0
0.515979621357906 -0.635162294799705 0.0
0.52052918348635 -0.573011448849182 0.0
0.525456868885762 -0.510591770722962 0.0
0.530641438747618 -0.447884989532136 0.0
0.535984269823234 -0.384868576936205 0.0
0.541393714399972 -0.321519066477807 0.0
0.546774056112115 -0.2578133186869 0.0
0.552016528151579 -0.193729727581391 0.0
0.556991127395931 -0.129249360545084 0.0
0.561538285470088 -0.064358577672778 0.0
0.565459911878027 0.000947033495771412 0.0
0.568509000158845 0.0666557852093562 0.0
0.570376652333755 0.1327292352924 0.0
0.570674065227746 0.199083730208228 0.0
0.568905709188416 0.265560479332748 0.0
0.564427778436595 0.331872845468809 0.0
0.556384471533573 0.397512087619286 0.0
0.543595401815301 0.461575999989686 0.0
0.573739021439148 -0.698442041346092 0.0
0.577790569483976 -0.636510987599649 0.0
0.582389794368032 -0.574239466771694 0.0
0.587368740168668 -0.511600605697684 0.0
0.592607951725803 -0.448563661656188 0.0
0.59800893647724 -0.385096690626987 0.0
0.603478089350808 -0.321166320111334 0.0
0.608915599206126 -0.256736793631911 0.0
0.614206318216768 -0.191769690905945 0.0
0.619211199604942 -0.126223810760193 0.0
0.623758236051857 -0.060056380841804 0.0
0.627632125589462 0.00677489444025039 0.0
0.630561226598254 0.074307576242394 0.0
0.632199470594815 0.142567253046907 0.0
0.632098728635729 0.211552660608673 0.0
0.629664791417437 0.281206816352728 0.0
0.62408735876557 0.351353877098583 0.0
0.61423728683472 0.421554203825355 0.0
0.598539746248947 0.490745660059423 0.0
