-0.675485862493355 -0.674402082527302 0.0
0.554487307901958 -0.719920722432793 0.0
-0.605649106949568 0.61237245798111 0.0
0.61237245798111 0.61237245798111 0.0
-0.614335286481995 -0.677429952685642 0.0
0.556416537291365 -0.658482610716663 0.0
0.548869243064805 0.57629801390213 0.0
-0.610076371631009 0.536733076020836 0.0
-0.55317523951253 -0.680223508083052 0.0
0.558772968626194 -0.596784932833871 0.0
0.484709258071562 0.555584534448393 0.0
-0.615777288868545 0.465422789579143 0.0
-0.492035438089683 -0.683056436695351 0.0
0.561450008342364 -0.534806055384821 0.0
0.421452205685108 0.542404798364942 0.0
-0.620656491729433 0.396662957650582 0.0
-0.430904935674988 -0.686002543952755 0.0
0.564386320128045 -0.472531464319591 0.0
0.358983407127544 0.53360184725551 0.0
-0.624871577948054 0.32959153288892 0.0
-0.369764764474131 -0.689086857234185 0.0
0.567544236937859 -0.409946378340056 0.0
0.297092178640015 0.527645990267709 0.0
-0.628660908096159 0.263706832378531 0.0
-0.30858569263906 -0.692295644331793 0.0
0.570898830859685 -0.347032348490647 0.0
0.235626272886685 0.52370715705223 0.0
-0.632183002859482 0.198696080221253 0.0
-0.247334272155741 -0.69557274969309 0.0
0.574431474584368 -0.283765443710927 0.0
0.174488307361833 0.521303125322523 0.0
-0.635535332731782 0.13435506767342 0.0
-0.185980841995828 -0.698833850143416 0.0
0.578125395631922 -0.220114704461088 0.0
0.113619063016381 0.520145312912678 0.0
-0.638777287889094 0.0705456936618886 0.0
-0.124505916476674 -0.701984773022155 0.0
0.581961929186944 -0.156040981823149 0.0
0.0529855081812918 0.520069234633052 0.0
-0.641945647138541 0.00717237553429883 0.0
-0.0629031364330137 -0.704936947968714 0.0
0.585916845909716 -0.0914950628648993 0.0
-0.00742470549943226 0.521032646445224 0.0
-0.645065340141658 -0.0558303554268332 0.0
-0.00118000303822001 -0.707617886770679 0.0
0.589956263992185 -0.0264157206919399 0.0
-0.0676194253172014 0.522371774890425 0.0
-0.648160611919554 -0.118504633843973 0.0
0.0606436005836235 -0.709977126835868 0.0
0.594031991028979 0.0392735473769458 0.0
-0.127845572136144 0.524545401813266 0.0
-0.651283872554271 -0.180871134558959 0.0
0.122537626850938 -0.711988992571599 0.0
0.598076066723784 0.105669149374715 0.0
-0.187989054338138 0.528452931453686 0.0
-0.654698597262078 -0.242929682906224 0.0
0.18446487494544 -0.713653734077102 0.0
0.601994319831428 0.172895471141786 0.0
-0.247972563704878 0.533009287093589 0.0
-0.657212373729531 -0.304910811965231 0.0
0.246383353090535 -0.714998242053527 0.0
0.60565802949216 0.241117873927024 0.0
-0.307778273589761 0.538848094307249 0.0
-0.659930298683027 -0.366876822045978 0.0
0.308249518470787 -0.71607715252171 0.0
0.608891899222324 0.310567875816386 0.0
-0.36788198727506 0.545732061395888 0.0
-0.66322038742373 -0.42867958709991 0.0
0.370021658092789 -0.716974664697797 0.0
0.611454164962099 0.381591858467292 0.0
-0.42836547877283 0.553919300318332 0.0
-0.66639794666088 -0.490302629008729 0.0
0.431663989408703 -0.717807096470989 0.0
0.613006624770366 0.454752433005006 0.0
-0.488467194401023 0.5646263643933 0.0
-0.669594700836814 -0.551767978496332 0.0
0.493153200249266 -0.718725936273497 0.0
0.61313918145699 0.531052481885681 0.0
-0.548502987865778 0.580931206496114 0.0
-0.672502877033693 -0.61312715796874 0.0
-0.611380998563498 -0.616143373580641 0.0
-0.608432838429941 -0.554742626200438 0.0
-0.605267726419527 -0.493207912071715 0.0
-0.602120682034475 -0.431596679535608 0.0
-0.598924070112237 -0.369912944873157 0.0
-0.596166805162527 -0.308058449917294 0.0
-0.593546621004267 -0.245871707924785 0.0
-0.590264495660484 -0.183398635931372 0.0
-0.587147654981192 -0.120764651686012 0.0
-0.584069182119183 -0.0579097010351656 0.0
-0.580987223898763 0.00521618885138697 0.0
-0.577880646621728 0.0686587130441965 0.0
-0.574731651452239 0.132464571990843 0.0
-0.571517913593766 0.196682074992284 0.0
-0.568207907662643 0.261353035607357 0.0
-0.564760881433414 0.326487869217928 0.0
-0.561146207785084 0.391996658444517 0.0
-0.557446033741303 0.457506472429649 0.0
-0.554263819088868 0.521848942514028 0.0
-0.550222512780452 -0.61891995134453 0.0
-0.5472102178625 -0.55752175977973 0.0
-0.544089776873636 -0.495997122680084 0.0
-0.540971171546308 -0.434341261138112 0.0
-0.537922334753858 -0.372499237818391 0.0
-0.535144618834326 -0.310503917953967 0.0
-0.532363958912552 -0.248373149975925 0.0
-0.529278538222681 -0.186003049535523 0.0
-0.52624898510159 -0.123440377359403 0.0
-0.523249478490134 -0.0606820320715389 0.0
-0.520262858797769 0.00227964986324958 0.0
-0.517281368288409 0.0654456713299186 0.0
-0.51430114131282 0.128802046324704 0.0
-0.511319066643588 0.192307268119723 0.0
-0.50833210136473 0.255869874400004 0.0
-0.505340303497173 0.319313678561683 0.0
-0.502355480501646 0.382330373150098 0.0
-0.499389293953907 0.444438599219893 0.0
-0.495715777869567 0.504995145559053 0.0
-0.489046270935061 -0.621769227478448 0.0
-0.486004661417149 -0.560376789648871 0.0
-0.482927476711186 -0.498853653106872 0.0
-0.47988905984586 -0.437184234062073 0.0
-0.476951095819192 -0.37536505006176 0.0
-0.474159617528787 -0.31343160084408 0.0
-0.47134270065467 -0.251369730855584 0.0
-0.46838782441432 -0.189136031247663 0.0
-0.465457604072247 -0.126760422722489 0.0
-0.462557528519592 -0.0642615028059089 0.0
-0.45968536548343 -0.00166238318598311 0.0
-0.456842191652171 0.0610004540663885 0.0
-0.45403054713169 0.123669402290244 0.0
-0.451250694732335 0.186258085412036 0.0
-0.44849488915482 0.2486444567812 0.0
-0.445736141345982 0.31067190829644 0.0
-0.442897580744721 0.372167609397476 0.0
-0.439698776336786 0.432986845367399 0.0
-0.435443813276405 0.493220044895387 0.0
-0.427864820339342 -0.62473831679795 0.0
-0.424819564018421 -0.56337172874241 0.0
-0.421798878990186 -0.501883930109075 0.0
-0.418844169059869 -0.44027024618742 0.0
-0.415982648290134 -0.378540608936639 0.0
-0.41320419157108 -0.316714281470973 0.0
-0.410406794328502 -0.254786617386745 0.0
-0.407548627507425 -0.19275051681519 0.0
-0.404707070845203 -0.13063582976955 0.0
-0.40189487463499 -0.0684742132109054 0.0
-0.399115448217224 -0.00630427180350044 0.0
-0.396370866640156 0.055824650349325 0.0
-0.393659784404072 0.117850746548365 0.0
-0.390971848265251 0.179701524063007 0.0
-0.388278387705559 0.241299769640394 0.0
-0.385515152548141 0.302576963777469 0.0
-0.382537130601272 0.363493055547485 0.0
-0.37902598850371 0.424076914731201 0.0
-0.37431842066238 0.484444352272886 0.0
-0.366674350652078 -0.627853909689041 0.0
-0.363643773153879 -0.566531042067137 0.0
-0.360683799153429 -0.505104551270111 0.0
-0.357803553306873 -0.443575400602218 0.0
-0.355001574107021 -0.381955842321838 0.0
-0.352249205277615 -0.320261649251389 0.0
-0.349485269720778 -0.258499275248888 0.0
-0.346693712787814 -0.19667972625774 0.0
-0.343913090018842 -0.134833589023599 0.0
-0.341154826907434 -0.0729952405108132 0.0
-0.338422242749165 -0.0112032002647548 0.0
-0.335714378934105 0.0505000449333866 0.0
-0.333023577128988 0.112070009399652 0.0
-0.330330023556601 0.173465012395457 0.0
-0.327592775079017 0.234652755125294 0.0
-0.324732327406546 0.295619869269616 0.0
-0.321595496631888 0.35638593878933 0.0
-0.317897176469487 0.41702476558545 0.0
-0.313268558807779 0.477731250542758 0.0
-0.305458214907109 -0.631095197514452 0.0
-0.302455995829351 -0.569820296608085 0.0
-0.299556204536493 -0.508459607738858 0.0
-0.296739135554997 -0.447016720000333 0.0
-0.293983187675344 -0.385504766648865 0.0
-0.291255074368494 -0.323939435092492 0.0
-0.288516148397146 -0.262333791852884 0.0
-0.285759272312307 -0.200705760036531 0.0
-0.283004229103923 -0.139083399677742 0.0
-0.280259179361154 -0.0774968731975185 0.0
-0.27752596404379 -0.0159770938506994 0.0
-0.27480135826793 0.0454458428043753 0.0
-0.272074931742761 0.106744976936287 0.0
-0.269324652442767 0.167900210829758 0.0
-0.266509367702118 0.228902125135711 0.0
-0.26355540413299 0.289757870663847 0.0
-0.260336503672524 0.350500167285441 0.0
-0.256678661522169 0.411206200139078 0.0
-0.252495335625171 0.472010332085809 0.0
-0.24419442089371 -0.634398080732028 0.0
-0.241233105068538 -0.573162450468381 0.0
-0.238390978241344 -0.511855855333173 0.0
-0.235624849408551 -0.450483168448361 0.0
-0.232900494669184 -0.389057543880537 0.0
-0.230185181945413 -0.327594557219236 0.0
-0.227452870489612 -0.266109667047241 0.0
-0.224699612380888 -0.204621655778063 0.0
-0.221936110930796 -0.143154115510326 0.0
-0.219168196672554 -0.0817309495491185 0.0
-0.216397235174369 -0.0203749300699803 0.0
-0.213620160360537 0.0408937961118501 0.0
-0.210827792927726 0.10205929410237 0.0
-0.208001557361943 0.163112269603097 0.0
-0.205108137114978 0.224052454614496 0.0
-0.202092229597937 0.284893412626625 0.0
-0.198876329498567 0.345671070512073 0.0
-0.195401048599352 0.406454496304382 0.0
-0.191738183798326 0.467342293589066 0.0
-0.182862171680384 -0.637672979186327 0.0
-0.179954484098975 -0.576459797479289 0.0
-0.177166712325391 -0.515185717920283 0.0
-0.174439061429587 -0.45385630121479 0.0
-0.171731026623504 -0.392484214293536 0.0
-0.169012856649646 -0.331084294529657 0.0
-0.166266437450231 -0.269671862945377 0.0
-0.163489684393672 -0.208263996067163 0.0
-0.16068948265201 -0.146879714204678 0.0
-0.157870986729335 -0.0855373520056822 0.0
-0.155036545945529 -0.0242535407975506 0.0
-0.152185323143725 0.0369578915780706 0.0
-0.14931217570101 0.0980869101111671 0.0
-0.146405725134579 0.159129008100608 0.0
-0.143446112770412 0.220086871160016 0.0
-0.14040569779567 0.280973986493324 0.0
-0.137264712643149 0.34181853780014 0.0
-0.134064849183959 0.402661355625347 0.0
-0.131027706877432 0.463539077958322 0.0
-0.121446764282546 -0.640823576960129 0.0
-0.118605356843745 -0.579612517501814 0.0
-0.115868336158652 -0.518345137944448 0.0
-0.113167109550114 -0.457027731519271 0.0
-0.110460406125077 -0.395672408333753 0.0
-0.107723192627497 -0.334292919519871 0.0
-0.104943463537539 -0.272903327297531 0.0
-0.102121216705071 -0.211518284956657 0.0
-0.099262544278098 -0.150152926056738 0.0
-0.0963733536208339 -0.088821287255371 0.0
-0.0934581397721107 -0.0275356772108358 0.0
-0.0905196838066915 0.0336942152127771 0.0
-0.0875586596101768 0.0948622049448574 0.0
-0.0845732904526109 0.155967467094735 0.0
-0.0815604682796556 0.217016665829538 0.0
-0.0785227780179897 0.278028196858147 0.0
-0.0754914278278994 0.339036703586181 0.0
-0.0725807805842325 0.400094856284569 0.0
-0.0701399668745247 0.461268893531996 0.0
-0.0599420592887804 -0.643761556341855 0.0
-0.0571783251818069 -0.582532300075534 0.0
-0.0544880053112908 -0.52124591345537 0.0
-0.0518018062834505 -0.459909884783957 0.0
-0.0490825467573013 -0.398535977406739 0.0
-0.0463114589842808 -0.337136789199435 0.0
-0.0434821701508709 -0.275724755275059 0.0
-0.040597337710322 -0.214312113006577 0.0
-0.0376640256819878 -0.152910870202604 0.0
-0.0346899437572934 -0.091531850812207 0.0
-0.0316826445950981 -0.0301843374960891 0.0
-0.0286496886002178 0.0311247195064271 0.0
-0.0255992616725982 0.092391586393968 0.0
-0.022541759396318 0.153617665578063 0.0
-0.0194943329537293 0.2148115219692 0.0
-0.0164927274662025 0.275992223124741 0.0
-0.0136176208685309 0.337191158195015 0.0
-0.0110452035672708 0.39844692004334 0.0
-0.00906678043925531 0.459762495942439 0.0
0.00164851323374962 -0.646416175743811 0.0
0.00432610431828567 -0.585150647684775 0.0
0.00697482931906483 -0.523822399001597 0.0
0.00965685498424603 -0.462440682267186 0.0
0.0124011266677612 -0.401017140871092 0.0
0.0152188412700439 -0.339563213932142 0.0
0.0181107532005074 -0.278089607870169 0.0
0.0210710710693056 -0.216606335036758 0.0
0.0240907554547104 -0.155122917282013 0.0
0.0271595669815174 -0.0936478691132748 0.0
0.0302661522255517 -0.0321886118491587 0.0
0.0333971240419094 0.0292491019081302 0.0
0.0365352081691226 0.0906617725917781 0.0
0.0396556532771871 0.152049466538078 0.0
0.0427188299233821 0.213416444190117 0.0
0.0456557704517203 0.274771478932481 0.0
0.0483436739725064 0.336123829276523 0.0
0.0505851155953333 0.397467167075485 0.0
0.0521929611479234 0.458756050651145 0.0
0.0633128043260855 -0.648739452475647 0.0
0.0659004466929822 -0.587422987743012 0.0
0.0685144758686838 -0.526034247250463 0.0
0.0712028749687055 -0.464584612725029 0.0
0.0739831102955967 -0.403085609566316 0.0
0.0768579522087624 -0.341547376627985 0.0
0.0798225841972874 -0.27997877429803 0.0
0.082867892344898 -0.218387713482746 0.0
0.0859823955942169 -0.156781660447069 0.0
0.0891529327750894 -0.0951674825553811 0.0
0.0923639064372449 -0.0335516611841874 0.0
0.0955954888107723 0.028059966771165 0.0
0.0988205616197495 0.0896623367478428 0.0
0.101999526989843 0.151251722511992 0.0
0.10507133769455 0.21282515110553 0.0
0.107939295842205 0.274379107595966 0.0
0.110454340052272 0.335904615399362 0.0
0.112415346272964 0.397380180920409 0.0
0.113577831585631 0.45879458293572 0.0
0.125031471328913 -0.650708442980661 0.0
0.127531492945338 -0.58933028309298 0.0
0.130120037337809 -0.527867135193027 0.0
0.132825129070179 -0.466332393181947 0.0
0.135650687138416 -0.404737066608115 0.0
0.138590857873458 -0.343089589817108 0.0
0.14163559795502 -0.281396685244254 0.0
0.144772633258722 -0.219664069656733 0.0
0.147988007706592 -0.157897261301374 0.0
0.151265599477379 -0.0961017334499064 0.0
0.154585510778412 -0.0342834211207896 0.0
0.157921414078702 0.0275511989019415 0.0
0.161236461071687 0.0893947736283246 0.0
0.164476996320521 0.151238992346683 0.0
0.167563004190055 0.213073183088217 0.0
0.170375372245921 0.274882409347472 0.0
0.172743646791375 0.336643989441922 0.0
0.174436974941805 0.39832744836044 0.0
0.175152167618938 0.459896584449281 0.0
0.1867803633542 -0.652326210550741 0.0
0.189202122264072 -0.590879750285996 0.0
0.191776707365712 -0.529333075069475 0.0
0.194508294315437 -0.467700762341503 0.0
0.197386643827881 -0.405992422973004 0.0
0.200397871405638 -0.344214076277148 0.0
0.203527448158883 -0.282369771244806 0.0
0.206760439002491 -0.220462643069509 0.0
0.210080725269395 -0.158495969541936 0.0
0.21346950272231 -0.0964735718066083 0.0
0.216902878610909 -0.0344005939090178 0.0
0.220348448896311 0.027716063597932 0.0
0.223760389509829 0.0898669018881205 0.0
0.227072466835557 0.152039029764476 0.0
0.230188339619324 0.214213867707597 0.0
0.232969574254904 0.276364536546299 0.0
0.235222115925638 0.338452482005488 0.0
0.236680109356955 0.400423990696073 0.0
0.236979860190101 0.462207118073202 0.0
0.248532288630291 -0.653622657000144 0.0
0.250892189615601 -0.592105775627481 0.0
0.253465916223335 -0.530471260895806 0.0
0.256232516328954 -0.468733192104252 0.0
0.2591686429591 -0.40689845062572 0.0
0.2622537681284 -0.344969673374622 0.0
0.265469987452606 -0.28294746670612 0.0
0.268800467109753 -0.220831687571234 0.0
0.27222748826756 -0.15862265001034 0.0
0.275730094244824 -0.0963216934931992 0.0
0.279281014332834 -0.0339321993974762 0.0
0.282842620809644 0.028539601679718 0.0
0.286361436994497 0.0910831847110377 0.0
0.289760740206143 0.153682019950631 0.0
0.292930754153471 0.216310012163528 0.0
0.295716272590833 0.278927339119281 0.0
0.297900578963179 0.341474607632603 0.0
0.299181086204927 0.4038654907633 0.0
0.299125399085387 0.465978186525684 0.0
0.31025945705747 -0.654656010760064 0.0
0.31257971660901 -0.593071682212636 0.0
0.315165654798881 -0.531349907165811 0.0
0.317973280171365 -0.469501780590724 0.0
0.320968840959017 -0.407529873490031 0.0
0.324127183730086 -0.345432358525164 0.0
0.327428377343524 -0.283205475520574 0.0
0.330854595556045 -0.220844837333549 0.0
0.334387218437052 -0.158346626442122 0.0
0.338003831031076 -0.0957081940570447 0.0
0.341674648339059 -0.0329292113535974 0.0
0.345358058072746 0.0299872050930403 0.0
0.34899481351518 0.0930324278956284 0.0
0.352500490201772 0.156189540153544 0.0
0.355755561272444 0.219428039050986 0.0
0.358592223184505 0.282696851425399 0.0
0.360774909765785 0.345913817441386 0.0
0.361966119083398 0.408950570723435 0.0
0.361655234975386 0.4716116838551 0.0
0.371935369340709 -0.65551530715755 0.0
0.374241072216681 -0.593872483278153 0.0
0.376849836495355 -0.532068987366332 0.0
0.379700510102165 -0.470110059581448 0.0
0.382752892698964 -0.40799250428377 0.0
0.385979521710449 -0.345709058059131 0.0
0.389359827291565 -0.283250702743851 0.0
0.392875873251331 -0.220607696168458 0.0
0.39650881740416 -0.157770495571527 0.0
0.40023549877926 -0.0947301422464333 0.0
0.404024578398725 -0.0314793043082922 0.0
0.407831913772359 0.0319865411520655 0.0
0.411594740046305 0.0956667057622052 0.0
0.415224307945128 0.159551683660357 0.0
0.418596141418135 0.223616061819137 0.0
0.421536342356974 0.28780778644274 0.0
0.423799083856889 0.352029836761212 0.0
0.425022221388115 0.416109273071941 0.0
0.424620506075297 0.479744979814583 0.0
0.433535749460794 -0.656323953408621 0.0
0.435849780338466 -0.594638381187853 0.0
0.43848666702663 -0.532763383035818 0.0
0.441377050519605 -0.470696073767678 0.0
0.444478592221476 -0.408426573251684 0.0
0.447763740800438 -0.345941810109057 0.0
0.451212433069981 -0.283227053782537 0.0
0.454807242295364 -0.220266197856536 0.0
0.458529543950527 -0.15704204190226 0.0
0.462355933415364 -0.0935361155227564 0.0
0.46625428502873 -0.029729194033422 0.0
0.470179177145968 0.0343980595253061 0.0
0.474066340690474 0.0988632485019326 0.0
0.477825869951604 0.163679108338486 0.0
0.481333316356462 0.228846349917223 0.0
0.484416827723387 0.294340945410791 0.0
0.486834634182908 0.36008798931648 0.0
0.488226639640094 0.425906469579664 0.0
0.487981413608071 0.491387062471449 0.0
0.495038238866062 -0.6572442793811 0.0
0.497374298056798 -0.595538337904795 0.0
0.500036918414643 -0.533605715240235 0.0
0.502957491024092 -0.47143423068684 0.0
0.506095376316229 -0.409008382114184 0.0
0.509424444027677 -0.346310592773548 0.0
0.512925615354002 -0.283320943357044 0.0
0.516582049304895 -0.220016264647949 0.0
0.520375326695101 -0.156369536137599 0.0
0.524281853394051 -0.0923488630393888 0.0
0.528268918267244 -0.0279169500585213 0.0
0.532290215770836 0.0369697453521393 0.0
0.536280600823085 0.10236143558079 0.0
0.540149956960079 0.168315415106275 0.0
0.543775483714039 0.234894395289631 0.0
0.546991053947761 0.302161868043753 0.0
0.549569622039589 0.370165684030915 0.0
0.551188798249364 0.438883861650765 0.0
0.551342122414923 0.508035197131905 0.0
