-0.649058875542877 -0.679477794362933 0.0
0.58165027717879 -0.725130030700559 0.0
-0.569971808791161 0.61237245798111 0.0
0.61237245798111 0.61237245798111 0.0
-0.587917184820003 -0.682554791562035 0.0
0.583458996621263 -0.663668802991959 0.0
0.554156035213043 0.572333048836101 0.0
-0.578760040304532 0.535993646927509 0.0
-0.526770424560373 -0.685411229322682 0.0
0.585723298265948 -0.601924372449363 0.0
0.493060966050048 0.549438485318063 0.0
-0.586754437704164 0.463866664166476 0.0
-0.465651756943646 -0.688321832921697 0.0
0.588315203460888 -0.539873807019879 0.0
0.432077944482576 0.535059803868432 0.0
-0.592944586319104 0.394355177290032 0.0
-0.404549137309567 -0.691375531552991 0.0
0.591160493884289 -0.477501866356494 0.0
0.371495992387463 0.525586238887906 0.0
-0.597927100398155 0.326646438698845 0.0
-0.343438762586368 -0.694601481095879 0.0
0.594211751431518 -0.41479272749201 0.0
0.311255973912505 0.519264212175982 0.0
-0.602155521637384 0.26023916896802 0.0
-0.28228484630433 -0.697980249117931 0.0
0.597434925606632 -0.351726294446049 0.0
0.251281280977829 0.515150977697376 0.0
-0.605909035168304 0.19480786422916 0.0
-0.221047246928317 -0.701443112867892 0.0
0.600801309819172 -0.28827633329974 0.0
0.191523428404139 0.512707825863591 0.0
-0.609359173858772 0.130133505746572 0.0
-0.159690767814596 -0.704889791095493 0.0
0.604281825216732 -0.224408985167371 0.0
0.131962679006089 0.511624337460828 0.0
-0.612613603608465 0.0660642372925244 0.0
-0.0981923872958419 -0.708209884935425 0.0
0.60784206913393 -0.160081734420649 0.0
0.0726047545974692 0.511753678620134 0.0
-0.615741943140849 0.00249252752288399 0.0
-0.0365445317654109 -0.711300463817682 0.0
0.611437367687549 -0.095241724533381 0.0
0.0134846369922992 0.51327830258961 0.0
-0.618792280112797 -0.0606572123850255 0.0
0.0252442916510185 -0.71407764296158 0.0
0.615007217236695 -0.0298240755005952 0.0
-0.0456259658877639 0.514246824002615 0.0
-0.621805919802562 -0.123435601283869 0.0
0.0871513223089288 -0.716482876275631 0.0
0.618468747377732 0.0362510052280591 0.0
-0.104926924490705 0.515970786893321 0.0
-0.624849240013321 -0.185870418094997 0.0
0.149142194336547 -0.718485664073484 0.0
0.621708534214258 0.103082294394981 0.0
-0.164069540631547 0.520732333724082 0.0
-0.62821777554046 -0.247966747548381 0.0
0.211174352163471 -0.72008453362152 0.0
0.624571647466835 0.170794688434823 0.0
-0.222986774433887 0.525847074422311 0.0
-0.630669325278953 -0.309985134300198 0.0
0.273199747516247 -0.721307727372286 0.0
0.626845169104399 0.239550361959771 0.0
-0.281564851143243 0.53247412967048 0.0
-0.633336864720883 -0.371975902866549 0.0
0.335168368495596 -0.722214580591109 0.0
0.628230571779233 0.309569897444887 0.0
-0.340482181241738 0.539286600480198 0.0
-0.636614831215256 -0.433778622728428 0.0
0.397031934023521 -0.722898028517146 0.0
0.628292272852303 0.381171254291799 0.0
-0.399834277876254 0.547539669137443 0.0
-0.639811760645488 -0.495396084147971 0.0
0.458748442430083 -0.723488384524953 0.0
0.62635800554567 0.454846144336426 0.0
-0.458510342596756 0.559778572902881 0.0
-0.643047494591785 -0.556855708047318 0.0
0.520289455728626 -0.724158410912047 0.0
0.621368434313218 0.531418454691386 0.0
-0.516672970204938 0.577709924072329 0.0
-0.646013419595661 -0.618207964674107 0.0
-0.58490036330222 -0.621270784391114 0.0
-0.581891486733086 -0.559872712098585 0.0
-0.578685559930056 -0.498337043092959 0.0
-0.575523149874317 -0.436721400298835 0.0
-0.572333730992929 -0.375029541430649 0.0
-0.56961607955396 -0.313145763074366 0.0
-0.567070006851103 -0.250908727060977 0.0
-0.563859234942321 -0.188376818893658 0.0
-0.560828899657255 -0.125662773575655 0.0
-0.557839701013828 -0.0627020290815005 0.0
-0.554836751719206 0.000559706263639464 0.0
-0.551782553625736 0.064171950763493 0.0
-0.548637239111272 0.128184261381381 0.0
-0.545347678605411 0.192645709202144 0.0
-0.541838389451957 0.257594370590506 0.0
-0.53800492580399 0.323027528246133 0.0
-0.533724012693074 0.388823349111819 0.0
-0.52894712276114 0.45454371393197 0.0
-0.524125064921162 0.518920419442281 0.0
-0.523749432276676 -0.624107439728579 0.0
-0.520676098367599 -0.562707788631312 0.0
-0.517517661109105 -0.501179743245617 0.0
-0.514388352241479 -0.43951611941063 0.0
-0.511358183519679 -0.377657192851226 0.0
-0.508632199532108 -0.3156352883199 0.0
-0.505928479428926 -0.253470563264095 0.0
-0.502929207075073 -0.191053425799088 0.0
-0.499999140035614 -0.128431011753872 0.0
-0.497103372563057 -0.0655998425076881 0.0
-0.494213231112717 -0.00255288239898363 0.0
-0.491306235116639 0.0607083769353569 0.0
-0.488359040061963 0.124164527942873 0.0
-0.485342383454564 0.187764210795618 0.0
-0.482218103685524 0.251399843133386 0.0
-0.478939684942022 0.314871716570781 0.0
-0.475459191916127 0.377843981682999 0.0
-0.471721447052675 0.43982263011667 0.0
-0.467037355587086 0.50021996168869 0.0
-0.462586192546611 -0.627036917840206 0.0
-0.459483374413563 -0.565647029666523 0.0
-0.456373263004392 -0.504125289391646 0.0
-0.453333744577404 -0.44245401238079 0.0
-0.450427222150642 -0.380628746128244 0.0
-0.44769855573799 -0.31868576410075 0.0
-0.44496850489626 -0.256610805685808 0.0
-0.442115518068319 -0.194359791127363 0.0
-0.439300936154327 -0.131964941430783 0.0
-0.436522680478047 -0.0694476958658376 0.0
-0.433768436168515 -0.0068353799707935 0.0
-0.431026291233627 0.0558293863545461 0.0
-0.428281799055796 0.118480571579487 0.0
-0.425512862799292 0.18102115608788 0.0
-0.422682498274718 0.243317357592718 0.0
-0.419726843181713 0.305202934679016 0.0
-0.416529722687729 0.366503695409837 0.0
-0.412810695668631 0.427089133128989 0.0
-0.408079344042838 0.487068403317823 0.0
-0.401422098063355 -0.630119495633742 0.0
-0.398316256835636 -0.568763755773743 0.0
-0.395269843563568 -0.507287808851696 0.0
-0.392325158026005 -0.445686054806472 0.0
-0.389507827821967 -0.383968664274019 0.0
-0.386804336232598 -0.322155974770741 0.0
-0.384106191261023 -0.260244506535687 0.0
-0.381365205896055 -0.198228785130268 0.0
-0.378655355296269 -0.136141942790111 0.0
-0.375982529970033 -0.0740194468914896 0.0
-0.373340917706877 -0.0119042850296093 0.0
-0.370720528235268 0.0501495384742165 0.0
-0.368104106308508 0.112076124623107 0.0
-0.365460385373592 0.173801130832699 0.0
-0.362734078958433 0.235250583388126 0.0
-0.359830843149684 0.296368559989103 0.0
-0.35658680903651 0.357142487327868 0.0
-0.352731751350292 0.417647440260622 0.0
-0.347924372650451 0.478064977560117 0.0
-0.34025059395609 -0.633383726666888 0.0
-0.33716130556064 -0.572081689716364 0.0
-0.33418395177042 -0.510679927335128 0.0
-0.331325147015721 -0.449179057420711 0.0
-0.328579643053352 -0.387592141309699 0.0
-0.325914083485643 -0.325936502673854 0.0
-0.323261404390558 -0.264220419088994 0.0
-0.320600263632867 -0.202457139585478 0.0
-0.317964963703953 -0.140680139154471 0.0
-0.315360469959013 -0.0789265053009223 0.0
-0.312781504723041 -0.0172368200905141 0.0
-0.310215894831465 0.0443458082806418 0.0
-0.307641496607779 0.105778974038869 0.0
-0.305020432235395 0.167027597055414 0.0
-0.302291369469056 0.228072940004019 0.0
-0.299358468229998 0.28892511776673 0.0
-0.296076868093844 0.349639547019976 0.0
-0.292247275486522 0.410335464891249 0.0
-0.287641928724721 0.471211401511087 0.0
-0.279050985558201 -0.636801386045735 0.0
-0.275993606510041 -0.575556602629393 0.0
-0.273085434214172 -0.51423274589837 0.0
-0.270300794593754 -0.452833301775717 0.0
-0.267612400520969 -0.391372417845129 0.0
-0.264981492334585 -0.32986738560858 0.0
-0.262363988716696 -0.268333047546 0.0
-0.259748053777952 -0.206789194166597 0.0
-0.257149116237474 -0.145265677658308 0.0
-0.254569530349513 -0.0837937173676226 0.0
-0.25200368579739 -0.0224040148804082 0.0
-0.249439034397008 0.0388754849979139 0.0
-0.246853948444568 0.100022732170516 0.0
-0.244214229260864 0.161026167241804 0.0
-0.241468934964655 0.221889169229408 0.0
-0.23854610848033 0.28263542086803 0.0
-0.23535220448261 0.343313392022667 0.0
-0.231785893677472 0.403997036989122 0.0
-0.227723609024603 0.464772485758515 0.0
-0.217796793306581 -0.64029464689101 0.0
-0.214786017351756 -0.579096065977452 0.0
-0.211944943095318 -0.517835525770673 0.0
-0.209221400860458 -0.456517827470873 0.0
-0.206574086746712 -0.395157062551519 0.0
-0.203964488719833 -0.333770178445735 0.0
-0.201361653459816 -0.272374036868183 0.0
-0.198757574492364 -0.210988666826202 0.0
-0.196159126574053 -0.149638499460676 0.0
-0.193567494629828 -0.0883474160682035 0.0
-0.190978437348624 -0.0271369485593481 0.0
-0.188382412823908 0.0339755625958882 0.0
-0.185763474574389 0.0949788601676213 0.0
-0.183097732769632 0.155870328694321 0.0
-0.180352180976646 0.216658022278479 0.0
-0.177485557608487 0.277363842568688 0.0
-0.174456052612457 0.338027504040941 0.0
-0.171240818160432 0.398712758229201 0.0
-0.167900822794001 0.459540832656937 0.0
-0.156463216691908 -0.643757433523931 0.0
-0.1535143130609 -0.582585087213966 0.0
-0.150737436638362 -0.521362391159778 0.0
-0.148061612951041 -0.460094791277604 0.0
-0.145438515266668 -0.398795725454801 0.0
-0.142832783131695 -0.337481120237889 0.0
-0.140222125824169 -0.276167329807847 0.0
-0.137601274922452 -0.214872202057596 0.0
-0.134974288033309 -0.153615050567478 0.0
-0.132343231100686 -0.0924137491370903 0.0
-0.129707094048358 -0.031283524085753 0.0
-0.127061765531916 0.0297642667229258 0.0
-0.124399874808564 0.0907231136540292 0.0
-0.121710984501578 0.151592760991507 0.0
-0.118983324825796 0.212379780153078 0.0
-0.116209835899035 0.273098408165793 0.0
-0.113404881954267 0.333769403753561 0.0
-0.110652013862201 0.394415454059994 0.0
-0.108272967366954 0.455043868521734 0.0
-0.0950327477127222 -0.647077168770277 0.0
-0.0921611200344771 -0.585907477673817 0.0
-0.0894452863250635 -0.52469276346886 0.0
-0.086804292533812 -0.463439214259767 0.0
-0.084189029460117 -0.402159596695371 0.0
-0.0815694990979471 -0.340868541897753 0.0
-0.0789305113342215 -0.279580874819834 0.0
-0.0762699905844751 -0.218311696885185 0.0
-0.0735924993176625 -0.157076091584415 0.0
-0.0709026123943949 -0.0958873421734039 0.0
-0.0682038103381398 -0.0347561256987262 0.0
-0.065498691537401 0.0263105447842597 0.0
-0.0627896566308677 0.0873103523158576 0.0
-0.0600804909331121 0.14824759684213 0.0
-0.0573802009124991 0.209135193656785 0.0
-0.0547120629881296 0.269998705427492 0.0
-0.0521356217431195 0.330882201192907 0.0
-0.0498075570918729 0.391855522080723 0.0
-0.0482514340129372 0.453010118984775 0.0
-0.0334980182593326 -0.650151445139488 0.0
-0.0307177472687281 -0.58896114024023 0.0
-0.028059325070464 -0.527725014793615 0.0
-0.0254410228128321 -0.466450590028629 0.0
-0.0228185409035574 -0.405150281145401 0.0
-0.0201692355601205 -0.343837450920296 0.0
-0.0174847898771982 -0.282525106197477 0.0
-0.0147671028358628 -0.221225678837284 0.0
-0.0120232185811976 -0.159950820634653 0.0
-0.00926143057072801 -0.098710243540505 0.0
-0.00649073890171435 -0.0375111234184649 0.0
-0.00372165232381092 0.0236429968242811 0.0
-0.000967908568018564 0.0847534892473011 0.0
0.0017503328688214 0.145829059006782 0.0
0.0044002493447495 0.206888429295109 0.0
0.00692380094841989 0.267964843808826 0.0
0.0092113299009531 0.329110096558802 0.0
0.011041736179529 0.390389844220343 0.0
0.0121304460174362 0.451803196678128 0.0
0.0281371525352135 -0.652898524129971 0.0
0.0308152847208906 -0.591667057731921 0.0
0.0334211671540289 -0.530383563977063 0.0
0.0360283580592393 -0.469057627283173 0.0
0.0386714997443708 -0.407701656885418 0.0
0.0413641812084845 -0.346327830963822 0.0
0.0441076357565808 -0.284947317407367 0.0
0.0468953276205678 -0.223570167218662 0.0
0.0497165225715202 -0.162205378079758 0.0
0.0525582607899048 -0.100860204880606 0.0
0.0554050140326135 -0.0395398670797958 0.0
0.058236988366207 0.0217532593585487 0.0
0.0610271270966569 0.0830204317476457 0.0
0.0637361155979658 0.144267892566951 0.0
0.066303783882817 0.205507115880476 0.0
0.0686343809070419 0.266753785934714 0.0
0.0705733219335041 0.328019732848579 0.0
0.0719057058541666 0.389283597516523 0.0
0.072557904795573 0.450465951595824 0.0
0.0898588080663671 -0.655262745279171 0.0
0.0924293687143514 -0.593973478131069 0.0
0.0949897470919816 -0.532621509691625 0.0
0.0975971961462513 -0.471219010766394 0.0
0.10027283801117 -0.409778484065794 0.0
0.103020036577216 -0.348310858676874 0.0
0.105832819001712 -0.286825444778832 0.0
0.108699681150898 -0.22533019701942 0.0
0.111605573245315 -0.163832155613726 0.0
0.114532304097901 -0.102337209995415 0.0
0.117457200706798 -0.0408502289788795 0.0
0.120350454936827 0.0206252346667817 0.0
0.123171001885958 0.0820869696563306 0.0
0.125860318227342 0.143534271881753 0.0
0.128333120940304 0.204966451577526 0.0
0.130464757666222 0.266379846238535 0.0
0.132082713521145 0.32776016473301 0.0
0.132996776971001 0.389077381322615 0.0
0.13304251546243 0.450343092705455 0.0
0.151644705857064 -0.657216681977012 0.0
0.154109365935775 -0.595857321031137 0.0
0.156634130089632 -0.534421046424256 0.0
0.159253182716294 -0.472922607834919 0.0
0.161971576108019 -0.411374238638758 0.0
0.164782061555773 -0.349785244284457 0.0
0.167671730499325 -0.288162854775256 0.0
0.170624220335783 -0.226512973399264 0.0
0.173620080038707 -0.164841015412047 0.0
0.17663581796237 -0.103152080619892 0.0
0.179641598428116 -0.0414514935136887 0.0
0.18259773036877 0.0202550237694828 0.0
0.185449705232241 0.0819608056480983 0.0
0.188121379170065 0.143657776780053 0.0
0.190505991132361 0.205334504694317 0.0
0.192456805309654 0.266973824287965 0.0
0.193784813441999 0.328550520961161 0.0
0.194266346083527 0.390039590088452 0.0
0.193635615553166 0.451430715191882 0.0
0.21346706762511 -0.658761928562696 0.0
0.215835733341906 -0.5973246987397 0.0
0.218337736907236 -0.535793533042126 0.0
0.220979476095064 -0.474184928967111 0.0
0.223749044853367 -0.41250989303843 0.0
0.226629147693404 -0.3507753369019 0.0
0.229600727209501 -0.288985860391146 0.0
0.232643112819731 -0.227144962254813 0.0
0.235732819191517 -0.165256214097537 0.0
0.238841416677607 -0.103323758979746 0.0
0.241932359925412 -0.0413531973157232 0.0
0.244956735185686 0.0206478364987875 0.0
0.247847644497506 0.0826686384366838 0.0
0.250513004479916 0.144694424176022 0.0
0.252826881979089 0.206703939672888 0.0
0.254621084691126 0.268667374290261 0.0
0.255678825391616 0.330545476910807 0.0
0.255727152740421 0.392291241173996 0.0
0.254413733613977 0.453850310488148 0.0
0.275294698073372 -0.65992993393396 0.0
0.277585675413175 -0.598411882384406 0.0
0.280079983966982 -0.536780409552491 0.0
0.282754405356701 -0.475051895988751 0.0
0.285581118954395 -0.413234577188631 0.0
0.288534322978523 -0.351331841422355 0.0
0.291590080612207 -0.289344778946086 0.0
0.294724309464504 -0.227273709585601 0.0
0.297910174253647 -0.165119570961503 0.0
0.301114967973978 -0.102884643260132 0.0
0.304296198424466 -0.0405737298365605 0.0
0.307396710800859 0.0218048431461443 0.0
0.310338535282769 0.0842375666714627 0.0
0.313015321032908 0.146703865299578 0.0
0.315283406175826 0.209172609333178 0.0
0.316952004302892 0.271598753959075 0.0
0.317771577960112 0.33391965476725 0.0
0.317414954312284 0.396051075999382 0.0
0.315441786804091 0.457881136539919 0.0
0.337095753209192 -0.660783849692173 0.0
0.339334508562993 -0.599187534998688 0.0
0.341836607488144 -0.537455565174009 0.0
0.34455120762869 -0.475601299489896 0.0
0.347437595955392 -0.413628280754598 0.0
0.350463807114866 -0.351535056908539 0.0
0.353602619081429 -0.289318111034852 0.0
0.35682762734041 -0.226973461750038 0.0
0.360109498343082 -0.164498076903599 0.0
0.363412082126851 -0.101890675330046 0.0
0.366687922263366 -0.039153111560608 0.0
0.369872901150206 0.0237082066904338 0.0
0.372879669686427 0.0866799027057685 0.0
0.375589666665812 0.149738509132756 0.0
0.377843359503723 0.212845039891009 0.0
0.379428066629015 0.275938486103063 0.0
0.380060489066082 0.338926889781255 0.0
0.37935679169342 0.401675092130249 0.0
0.376775648790612 0.463987874380991 0.0
0.398839924780343 -0.661421860476614 0.0
0.40105587691558 -0.599756445759031 0.0
0.403578848110041 -0.537929093562049 0.0
0.406336833804058 -0.475946616053451 0.0
0.409280844526083 -0.413806014489664 0.0
0.412375517778202 -0.351499800546508 0.0
0.415592017838096 -0.289018780941721 0.0
0.418902695801698 -0.226353359696677 0.0
0.422276554579727 -0.163494672462838 0.0
0.42567485068451 -0.100435202131081 0.0
0.429046229221247 -0.0371701320742154 0.0
0.432321072371788 0.0263010357155312 0.0
0.435404657822366 0.08997148532563 0.0
0.438168782903532 0.153822744082463 0.0
0.44044098644282 0.217816819902455 0.0
0.441989701829383 0.281884937097786 0.0
0.442500842870795 0.345909461619904 0.0
0.441535676346935 0.409695062886681 0.0
0.438440919468728 0.472922793878117 0.0
0.460499582777967 -0.661982243916205 0.0
0.46272033844622 -0.600264597494196 0.0
0.465271385816316 -0.538351872222073 0.0
0.468069958568404 -0.476241307887503 0.0
0.471064017492723 -0.413922242691264 0.0
0.474217484235974 -0.351380706994118 0.0
0.477501306817495 -0.288601260518269 0.0
0.48088737514941 -0.225567437104026 0.0
0.484343601486032 -0.162262186171877 0.0
0.48782927128644 -0.0986679288460717 0.0
0.491289987189732 -0.0347674397420944 0.0
0.494651870755461 0.0294549465259402 0.0
0.497814576576649 0.0940106416799485 0.0
0.500642623310179 0.158902432530034 0.0
0.50295373961776 0.224115558656102 0.0
0.504501785077145 0.289602566270982 0.0
0.504948470542285 0.355254159223228 0.0
0.503810701704031 0.420841867510562 0.0
0.500339075279996 0.485900682086088 0.0
0.522049356515772 -0.662650416019847 0.0
0.52429237490531 -0.60090498649242 0.0
0.526869753711252 -0.538919845559746 0.0
0.529699160535895 -0.47668155823651 0.0
0.532730126540857 -0.414173213297408 0.0
0.535927674762907 -0.351375863474858 0.0
0.539263161617551 -0.288268267344371 0.0
0.542708197271844 -0.224826010718954 0.0
0.546229693267439 -0.161021012287833 0.0
0.549785114249106 -0.0968207146364134 0.0
0.553317274255008 -0.0321879208280992 0.0
0.556748357394973 0.0329194754982282 0.0
0.559972673113804 0.0985479986398508 0.0
0.56284748874016 0.164747526677646 0.0
0.565180254204835 0.231567130907487 0.0
0.566709179126792 0.29904603510571 0.0
0.567070763569494 0.367189260670668 0.0
0.565742540987869 0.435900079439744 0.0
0.561931864773773 0.504775194488972 0.0
