-0.635936550683737 -0.681894014070284 0.0
0.595142501379281 -0.727474859029149 0.0
-0.552576279640198 0.61237245798111 0.0
0.61237245798111 0.61237245798111 0.0
-0.574798898485822 -0.684989397865922 0.0
0.596885148381917 -0.666002038722782 0.0
0.556886281573967 0.570375540418979 0.0
-0.563409091114544 0.535685655364831 0.0
-0.513658304073166 -0.687870873162117 0.0
0.599097448107575 -0.604234163062655 0.0
0.497298206065658 0.546408527181904 0.0
-0.572500566229991 0.463171183799427 0.0
-0.452549609990105 -0.69081371563985 0.0
0.601640851055887 -0.542147692106442 0.0
0.43741185198512 0.531462681266517 0.0
-0.579317975958589 0.393294591493465 0.0
-0.391460248033419 -0.693914330007343 0.0
0.604434753735988 -0.479727042266037 0.0
0.377736147023414 0.521686247695051 0.0
-0.584664518875495 0.325274333309768 0.0
-0.330364044175372 -0.697203919490292 0.0
0.607426900512727 -0.416955886518671 0.0
0.318288849691174 0.515207645992832 0.0
-0.589097540857513 0.258611162487148 0.0
-0.269221976503371 -0.700660208697895 0.0
0.610578728159783 -0.353813322532588 0.0
0.259029788006443 0.511026707565921 0.0
-0.59295488938762 0.1929738491766 0.0
-0.207990587173117 -0.70420820852153 0.0
0.613856570988081 -0.290271981107151 0.0
0.199933565103626 0.508577066134284 0.0
-0.59644417695373 0.12813624368612 0.0
-0.146631937434998 -0.707739699028775 0.0
0.61722532893919 -0.226296565322164 0.0
0.140999038034593 0.507538231280613 0.0
-0.59969657973566 0.0639397571338471 0.0
-0.0851212676421702 -0.711136244479408 0.0
0.620642931220122 -0.161842879046004 0.0
0.0822502247003347 0.507772592305493 0.0
-0.602797687546709 0.000270978324585304 0.0
-0.0234504338045192 -0.714287843082794 0.0
0.624054763969508 -0.0968562343977183 0.0
0.023746559722448 0.509592345798184 0.0
-0.605806831042345 -0.0629506685835823 0.0
0.0383715148495881 -0.717105038350437 0.0
0.627387380012871 -0.0312699024748711 0.0
-0.0348521183208693 0.510358772121214 0.0
-0.608773585069348 -0.125779982886974 0.0
0.100320345179747 -0.71952536922343 0.0
0.630541009987815 0.0349975814488933 0.0
-0.0937097037394298 0.511826961546573 0.0
-0.61177109280086 -0.188248244946156 0.0
0.162359511114139 -0.721516036191639 0.0
0.633379979031519 0.102046184387372 0.0
-0.152364317587672 0.517034097305957 0.0
-0.615110458209963 -0.250363167981337 0.0
0.224443776375282 -0.72307479201932 0.0
0.635719448582158 0.170000976114127 0.0
-0.21077843212013 0.522418599961991 0.0
-0.61752535355031 -0.312399796817028 0.0
0.286522081799848 -0.724230609623144 0.0
0.637304803050014 0.239022207520716 0.0
-0.268777182595152 0.529435423885471 0.0
-0.620162135676525 -0.374402716909197 0.0
0.348541221136067 -0.72504519109999 0.0
0.637776181092514 0.30932401499231 0.0
-0.327150938669036 0.536189333798798 0.0
-0.623428098551832 -0.436205537900292 0.0
0.410449695115714 -0.725615812956327 0.0
0.636601315297679 0.381207454650182 0.0
-0.38598443100833 0.544429483456584 0.0
-0.626628608707438 -0.497820416132165 0.0
0.472202487680268 -0.726079703101682 0.0
0.63294179799368 0.455121228940222 0.0
-0.443970900135487 0.557422022981088 0.0
-0.62987763605389 -0.559277422420667 0.0
0.533768724312437 -0.726620100570347 0.0
0.625419292606417 0.531776390445417 0.0
-0.501248351299784 0.576128150891611 0.0
-0.632866159010824 -0.62062646281864 0.0
-0.571757113330404 -0.623706414851405 0.0
-0.568724182373406 -0.562309437217266 0.0
-0.565504056505918 -0.500773065845797 0.0
-0.5623400247445 -0.439155032737273 0.0
-0.559160165071705 -0.377458956678717 0.0
-0.556467999001947 -0.315560655485161 0.0
-0.553964439265799 -0.253298877980046 0.0
-0.550795151841686 -0.190737989232079 0.0
-0.547813862286622 -0.127984568518799 0.0
-0.544875300025118 -0.0649718135588973 0.0
-0.541918280690174 -0.0016432768752744 0.0
-0.538897401763534 0.0620524868536248 0.0
-0.535762143272921 0.126166495079408 0.0
-0.532444536788921 0.190748228405341 0.0
-0.528848029202975 0.255833844836454 0.0
-0.524837978935516 0.32141370541186 0.0
-0.520248279135197 0.387348730228846 0.0
-0.514973715855218 0.453164372205166 0.0
-0.509412816203671 0.517532276190228 0.0
-0.510609525885989 -0.626566720750185 0.0
-0.507511990716446 -0.565166103726244 0.0
-0.50434074655689 -0.503636120119829 0.0
-0.501212117061788 -0.441968414635875 0.0
-0.498197125360895 -0.380100936228964 0.0
-0.495502584898435 -0.318065766067743 0.0
-0.492842801332597 -0.255884158362114 0.0
-0.489892215049354 -0.193443706303747 0.0
-0.487017563904347 -0.130791753622666 0.0
-0.484179586595742 -0.0679246292250995 0.0
-0.481344106857576 -0.00483560923527464 0.0
-0.47848164671178 0.058472557441735 0.0
-0.475559674973766 0.121977699420379 0.0
-0.47253673972029 0.185623367305405 0.0
-0.469358614147234 0.249293518527832 0.0
-0.465958117718978 0.31277583970587 0.0
-0.462262106810708 0.375719179471256 0.0
-0.458189750823293 0.437621013828619 0.0
-0.453073966358631 0.497920943919237 0.0
-0.44945226587722 -0.629529679782525 0.0
-0.446325185134577 -0.568140782825701 0.0
-0.443204778995291 -0.506619444707137 0.0
-0.440170666938226 -0.444946964420772 0.0
-0.437285592121443 -0.383118433461425 0.0
-0.434593839181049 -0.321170515896928 0.0
-0.43191264354778 -0.259088898713441 0.0
-0.429116100902709 -0.196829193499553 0.0
-0.426364971785173 -0.134424792262991 0.0
-0.423653608825746 -0.0718985768996343 0.0
-0.420964977316226 -0.00928002433889277 0.0
-0.418281148207939 0.0533850899324228 0.0
-0.415579903266695 0.116026362800895 0.0
-0.412829068535118 0.178541180368033 0.0
-0.409978721037234 0.240789462833963 0.0
-0.406949068922839 0.302599538376616 0.0
-0.403607758562333 0.363795762505003 0.0
-0.399677144039347 0.424254033977012 0.0
-0.394761320652052 0.484093518297493 0.0
-0.388296268968041 -0.632662082759562 0.0
-0.385166508094757 -0.571311410599604 0.0
-0.382113371984712 -0.509841000062057 0.0
-0.379179586437663 -0.448244819070692 0.0
-0.376389996594658 -0.386533181066864 0.0
-0.373729442216472 -0.324726973906044 0.0
-0.371086310774406 -0.26282331342025 0.0
-0.368409378117208 -0.200817562852333 0.0
-0.365771049542592 -0.138744521283761 0.0
-0.363174030103681 -0.0766415920719084 0.0
-0.36060825330621 -0.0145539999140922 0.0
-0.358058203665553 0.0474618558548599 0.0
-0.355499386151806 0.109337944275916 0.0
-0.352891068065049 0.170998893085044 0.0
-0.350165983955032 0.232372227036928 0.0
-0.347216394500899 0.293408174482555 0.0
-0.34387042235917 0.354107705593373 0.0
-0.339879974041673 0.414568971600773 0.0
-0.335048456507511 0.475007353297162 0.0
-0.327133645167913 -0.635993407204133 0.0
-0.324021410729329 -0.574701345380992 0.0
-0.321041485659898 -0.513311453524043 0.0
-0.318199234710578 -0.451824210536922 0.0
-0.315487554850989 -0.390253105728923 0.0
-0.312870814707103 -0.328616251685976 0.0
-0.310279125471557 -0.266922848261523 0.0
-0.307688640400824 -0.205187279159408 0.0
-0.305131699460035 -0.143444473521405 0.0
-0.302610286229631 -0.0817328802878297 0.0
-0.300115170252957 -0.0200941166726113 0.0
-0.297629040843552 0.0414283975510734 0.0
-0.295123138478826 0.10279329691157 0.0
-0.292551365765157 0.163968791103918 0.0
-0.289843180473065 0.224942865897813 0.0
-0.286895517684782 0.285737195157155 0.0
-0.283567576123319 0.346424702333893 0.0
-0.279698545934057 0.407146679911312 0.0
-0.27512164590579 0.468103358969303 0.0
-0.265941705992295 -0.639491730111977 0.0
-0.262863192507836 -0.578261479174483 0.0
-0.259956927835069 -0.516955441957662 0.0
-0.257194290014522 -0.455577087627788 0.0
-0.254545210442209 -0.39414108956785 0.0
-0.251968280245835 -0.332665547930576 0.0
-0.249416816296669 -0.271166193579246 0.0
-0.246876770518916 -0.209663748431012 0.0
-0.244361565915861 -0.148188954131401 0.0
-0.241870892453358 -0.0867735484421006 0.0
-0.239395736932216 -0.025448118729498 0.0
-0.236919317034221 0.0357604633962424 0.0
-0.234414957793772 0.0968325719581626 0.0
-0.231843049151452 0.157760823244712 0.0
-0.229148452662838 0.218554781071989 0.0
-0.226260400367066 0.279245978882422 0.0
-0.223100512753957 0.339890101835296 0.0
-0.219599865152888 0.400558960469282 0.0
-0.215615585462869 0.46131571415843 0.0
-0.204691744433746 -0.64307238165699 0.0
-0.201662711347133 -0.581891718576107 0.0
-0.19882823782486 -0.520653514610393 0.0
-0.196131732023413 -0.459362566720673 0.0
-0.193528429062284 -0.398033446437986 0.0
-0.190977020587768 -0.336683786372254 0.0
-0.188444209064907 -0.275331143830019 0.0
-0.185920092159127 -0.213996164678238 0.0
-0.183409798887637 -0.152703695784711 0.0
-0.18091241650292 -0.0914776120555175 0.0
-0.178421196976786 -0.0303388490461482 0.0
-0.175923741897868 0.0306965970446237 0.0
-0.173401187685115 0.0916196907094665 0.0
-0.170827493958656 0.152430950317426 0.0
-0.168170179887898 0.213142267788176 0.0
-0.165394759817056 0.273779284116246 0.0
-0.162475656164721 0.334383268403134 0.0
-0.159405735124008 0.395015605504448 0.0
-0.156237066626827 0.455808646546108 0.0
-0.1433569679024 -0.64662108528035 0.0
-0.140393941123191 -0.585468484156921 0.0
-0.137628557280527 -0.524270712095253 0.0
-0.134984346910048 -0.463033183716698 0.0
-0.132409163698721 -0.401769727867363 0.0
-0.129864938459734 -0.340496812422426 0.0
-0.127327399582337 -0.2792313044652 0.0
-0.124789812880206 -0.217991439978759 0.0
-0.122254979166267 -0.156796694047658 0.0
-0.119723622318401 -0.0956647465616707 0.0
-0.117193309800456 -0.0346101935562585 0.0
-0.114658608292889 0.0263567145609284 0.0
-0.112111387787083 0.0872310216189185 0.0
-0.109542001648506 0.148014274684627 0.0
-0.106942812764005 0.208714526876956 0.0
-0.104316547089779 0.269345818463881 0.0
-0.101693277036583 0.329924664441882 0.0
-0.0991751555466556 0.390464215702952 0.0
-0.0971295426429352 0.450956672582824 0.0
-0.0819184800009718 -0.65001721745632 0.0
-0.0790382193536784 -0.588867496646009 0.0
-0.0763389884298634 -0.527678299173177 0.0
-0.0737337689670787 -0.466455779976153 0.0
-0.0711696305707533 -0.405213036064112 0.0
-0.0686141862742921 -0.343965136890043 0.0
-0.0660507521590581 -0.282727291742585 0.0
-0.0634763274996815 -0.221514840113947 0.0
-0.0608948433998787 -0.160342871920753 0.0
-0.0583103713114884 -0.0992243508236112 0.0
-0.0557260783356885 -0.0381692316148783 0.0
-0.0531446862509468 0.0228166680913001 0.0
-0.0505696575611613 0.0837327628426199 0.0
-0.0480076471209978 0.144585652201308 0.0
-0.0454735164688256 0.205391090258953 0.0
-0.0430001634120674 0.266178029434458 0.0
-0.0406598706320841 0.326995344266647 0.0
-0.0386280619983607 0.387922061210093 0.0
-0.0375109191561415 0.449062601601257 0.0
-0.0203683216529455 -0.653151441780516 0.0
-0.0175862297069622 -0.591979887509146 0.0
-0.0149497250167348 -0.530768062255806 0.0
-0.0123709905326943 -0.469523515762119 0.0
-0.00980226544493465 -0.408258989413697 0.0
-0.00721905337089963 -0.346988229622341 0.0
-0.00461214927063004 -0.28572453794402 0.0
-0.0019831621003674 -0.224480464625205 0.0
0.000660774734269591 -0.163267521245119 0.0
0.00331096560343536 -0.102094923114361 0.0
0.00595757138464433 -0.0409688789689076 0.0
0.0085885080777546 0.0201086547505818 0.0
0.0111872191620394 0.0811414559036496 0.0
0.0137287611412135 0.14214171731756 0.0
0.0161728310254443 0.203133095531157 0.0
0.0184509580802413 0.264155837991762 0.0
0.020440113827526 0.325271897898082 0.0
0.0218983512020583 0.386560153374232 0.0
0.022544462199433 0.448017624609698 0.0
0.0412894629188962 -0.65593665267994 0.0
0.0439614698781561 -0.594721512583511 0.0
0.0465400060300863 -0.533459585083521 0.0
0.0491041931946113 -0.472160625396767 0.0
0.0516914313160401 -0.410837425503543 0.0
0.0543164331874655 -0.349502537866842 0.0
0.0569806069484573 -0.288167375251988 0.0
0.0596769830183024 -0.226842034496116 0.0
0.0623939204458553 -0.165535293296508 0.0
0.0651170461535202 -0.104253838612212 0.0
0.0678287087446083 -0.0430018762561256 0.0
0.0705059148074048 0.0182197861578908 0.0
0.0731167990525397 0.0794146220204903 0.0
0.0756149829802891 0.140591742494431 0.0
0.0779304362406104 0.201765923437119 0.0
0.0799546378101866 0.262955851010954 0.0
0.0815178799916513 0.3241739334486 0.0
0.0823966838935694 0.385390548837976 0.0
0.0825707312643282 0.446510117885283 0.0
0.10303998148822 -0.658313479777263 0.0
0.105595676776953 -0.597037156847115 0.0
0.108123348436205 -0.535702812300636 0.0
0.110684761006977 -0.474323010934096 0.0
0.113302787499421 -0.412910745808421 0.0
0.115981033788898 -0.351477351362732 0.0
0.118712906877809 -0.290032383983354 0.0
0.12148567669802 -0.228583855038847 0.0
0.124282492923992 -0.167138643960986 0.0
0.127082656280705 -0.105702227006144 0.0
0.129860001096476 -0.0442787756325687 0.0
0.132579836253455 0.0171291429339588 0.0
0.13519432577561 0.0785205185395383 0.0
0.137635815473129 0.139895833610483 0.0
0.139807376255889 0.201255080780395 0.0
0.141570918909904 0.262593916377784 0.0
0.142742460075906 0.323894780339835 0.0
0.143136282485518 0.385123296707438 0.0
0.14262779150418 0.446302877374 0.0
0.164859515270827 -0.660252366484861 0.0
0.167300255622472 -0.598901824368373 0.0
0.169787288303347 -0.537478296527739 0.0
0.172357774663839 -0.475997207844472 0.0
0.175017276433668 -0.414471409977204 0.0
0.17775781343898 -0.352910661735371 0.0
0.180565027693463 -0.291322477421791 0.0
0.183420515193515 -0.229712899516117 0.0
0.186302107919993 -0.168087358175029 0.0
0.189182700624939 -0.106450861408238 0.0
0.192027619896849 -0.0448085639060617 0.0
0.194790708715261 0.0168339968424197 0.0
0.197408954404541 0.0784702277834006 0.0
0.19979541427472 0.140091799173199 0.0
0.201830469793359 0.201686414734354 0.0
0.20335395722719 0.263235236701143 0.0
0.20416738684348 0.324711272097118 0.0
0.204049870249299 0.386091854204295 0.0
0.202754772879235 0.447379832126672 0.0
0.226718456592092 -0.661754255606527 0.0
0.229054428607947 -0.600321149723518 0.0
0.231514332347567 -0.53879713469279 0.0
0.234105604459635 -0.477199667253761 0.0
0.236815472631015 -0.415540464811994 0.0
0.239624924860648 -0.353826911069441 0.0
0.242512649584488 -0.292063920647688 0.0
0.245455147145375 -0.230255230133934 0.0
0.248425328882281 -0.168404636745079 0.0
0.251390091275454 -0.106516554834395 0.0
0.254306782184205 -0.044596967436636 0.0
0.257118556475933 0.0173459095125014 0.0
0.259748420882375 0.0793004755950644 0.0
0.262091906482662 0.141250607499106 0.0
0.2640088149085 0.203173207154954 0.0
0.265316342017176 0.265036363480168 0.0
0.26578604425302 0.326799676240189 0.0
0.265140739074115 0.388418594855208 0.0
0.263033867438818 0.449847114684067 0.0
0.288583607025548 -0.662851416704351 0.0
0.290834063428796 -0.601332382805987 0.0
0.293282874454127 -0.53970191523181 0.0
0.29590565465204 -0.477977550035171 0.0
0.298672339717027 -0.416168219842826 0.0
0.301554502961344 -0.354277720770951 0.0
0.304525228432843 -0.292307430058474 0.0
0.307556884258455 -0.230257960738871 0.0
0.310618206437592 -0.168130647444225 0.0
0.313670817747736 -0.105928359252039 0.0
0.316664918626365 -0.043656775984431 0.0
0.319534012435415 0.0186744978824386 0.0
0.322188426006593 0.0810501419652815 0.0
0.324507618925245 0.143447117359295 0.0
0.326331569511111 0.205831165826363 0.0
0.327452025551628 0.268153765656943 0.0
0.327602886522949 0.330349426807005 0.0
0.326444035067546 0.392333411735152 0.0
0.323530286191514 0.453997468409978 0.0
0.350421111808214 -0.663609469384617 0.0
0.352613128854889 -0.602006852226302 0.0
0.35506752471459 -0.540269351730163 0.0
0.357730037767941 -0.478411472402046 0.0
0.360556491307211 -0.416437268407224 0.0
0.363511546560284 -0.35434551002073 0.0
0.36656439794424 -0.292132847394163 0.0
0.369684460140288 -0.229795562738299 0.0
0.372837217897801 -0.16733110012242 0.0
0.375979918395524 -0.104738979962627 0.0
0.379056646779987 -0.0420223171489607 0.0
0.381992539771076 0.020810591164897 0.0
0.384686832319058 0.083743638527011 0.0
0.387004618972358 0.14674956017065 0.0
0.38876708051813 0.20978434839559 0.0
0.389739647343291 0.272780847849835 0.0
0.389615326350055 0.335640442678452 0.0
0.387986558112454 0.398222106042245 0.0
0.384294822240942 0.460327833216909 0.0
0.412198796707245 -0.664131132672004 0.0
0.414363935464425 -0.60245418702273 0.0
0.416838213947109 -0.540614547678335 0.0
0.419544241424039 -0.478619834515942 0.0
0.422428668340796 -0.416467174965692 0.0
0.425452230456952 -0.35414900070305 0.0
0.428582040916207 -0.291656070292626 0.0
0.431785730282131 -0.228978911993952 0.0
0.435026436348101 -0.166109071524669 0.0
0.438257936914247 -0.103039855908776 0.0
0.441419304735641 -0.0397678620102475 0.0
0.444428759194324 0.0237051555788408 0.0
0.447176315260907 0.0873689416849957 0.0
0.449514880723883 0.151199945564282 0.0
0.451248915567602 0.215152933489282 0.0
0.452118935242216 0.279149236199859 0.0
0.451777467857579 0.343058454514273 0.0
0.449747493075421 0.406670188540573 0.0
0.445339587157668 0.46965095288244 0.0
0.473887423699051 -0.664562021314593 0.0
0.476055623440761 -0.60282816021492 0.0
0.478557924647906 -0.540896285669202 0.0
0.481304916616665 -0.478763728341669 0.0
0.484239753045261 -0.416419461947803 0.0
0.487322149082584 -0.353849093366334 0.0
0.490518652270747 -0.291036854888837 0.0
0.493795963807921 -0.227966133790054 0.0
0.497115499413121 -0.164620000443183 0.0
0.500428230125477 -0.100981392154061 0.0
0.503669090166493 -0.0370341979907356 0.0
0.506750582546407 0.0272352180130118 0.0
0.509555083758176 0.0918348394521926 0.0
0.511925239870229 0.156761902631252 0.0
0.513650956714111 0.221992903950626 0.0
0.514450259174671 0.287466898389295 0.0
0.513938154808484 0.353054216217502 0.0
0.511571534999672 0.418496907232081 0.0
0.506531713814453 0.483291902777954 0.0
0.535460227081611 -0.665098920927612 0.0
0.537650803741018 -0.603333617707966 0.0
0.540179689235181 -0.541322022069157 0.0
0.542957750662644 -0.479050101415923 0.0
0.54592964811882 -0.416500261293345 0.0
0.549056038888666 -0.353652886196026 0.0
0.552303591893779 -0.290486088369315 0.0
0.555638296871127 -0.226974845134068 0.0
0.559019965438382 -0.163090560808402 0.0
0.562396927353309 -0.0988003708837828 0.0
0.565700212176191 -0.0340671730434596 0.0
0.568836827895016 0.0311503281083276 0.0
0.571681519136298 0.0968966214732924 0.0
0.574066090657721 0.163217487533194 0.0
0.575764146011673 0.230154390610854 0.0
0.576467414133709 0.297732817868404 0.0
0.575746174535958 0.365933030668549 0.0
0.572981236380649 0.434613669110375 0.0
0.567241952092961 0.503294006578293 0.0
