-0.623046507010112 -0.684202198305332 0.0
0.608400594883587 -0.729625745744248 0.0
-0.53566460609436 0.61237245798111 0.0
0.61237245798111 0.61237245798111 0.0
-0.561912582009386 -0.687312195662398 0.0
0.610074482337599 -0.668141465502342 0.0
0.559642441337815 0.568470740806822 0.0
-0.548436763097845 0.53541792319123 0.0
-0.50077774673543 -0.690214672987647 0.0
0.612231923794585 -0.606350378861217 0.0
0.501525795503131 0.54345281065893 0.0
-0.558583789267165 0.46253488468188 0.0
-0.439678470911748 -0.693185497813474 0.0
0.614724000253489 -0.544228366278922 0.0
0.442694630735442 0.527965398809578 0.0
-0.566005026072181 0.39230534570321 0.0
-0.378601677419506 -0.696328370573719 0.0
0.617463824617549 -0.481759513983984 0.0
0.383888665953604 0.517909622585119 0.0
-0.571700264270365 0.32398256309139 0.0
-0.317518880066295 -0.699676479322526 0.0
0.620394372073456 -0.418927005849623 0.0
0.325202347172631 0.51129262696659 0.0
-0.576327233146159 0.257070511464219 0.0
-0.256387893597804 -0.70320473062631 0.0
0.623472635024908 -0.355709154025006 0.0
0.266630370114842 0.507056569263699 0.0
-0.580280769522212 0.19123276020987 0.0
-0.195162013803342 -0.70683195488167 0.0
0.626660079912428 -0.292077480308574 0.0
0.208169113172088 0.504608107284363 0.0
-0.583803571102793 0.126236324841198 0.0
-0.133800621919599 -0.710442125563533 0.0
0.629915718683794 -0.227995279207422 0.0
0.149834984044314 0.503617341628181 0.0
-0.587049665481063 0.0619160820216882 0.0
-0.0722772729768878 -0.713908933152663 0.0
0.633190005082032 -0.163416703644681 0.0
0.0916693573057496 0.503955805204219 0.0
-0.590120148216908 -0.0018471104207053 0.0
-0.0105832936880161 -0.717115479212012 0.0
0.636418652657505 -0.0982852610714002 0.0
0.0337568850921763 0.506077286826394 0.0
-0.593085250531336 -0.0651386951209757 0.0
0.0512716983347559 -0.719966902210802 0.0
0.63951562325889 -0.0325323960782755 0.0
-0.024355109777711 0.506632232180524 0.0
-0.596002555171109 -0.128017550980446 0.0
0.11326198888344 -0.722396970470009 0.0
0.642364690275697 0.0339250069962995 0.0
-0.082786341539104 0.50782477890255 0.0
-0.598951753078116 -0.190518375313494 0.0
0.175348862423574 -0.724370697782328 0.0
0.64480845591543 0.101188071646829 0.0
-0.140965518877115 0.513487459378665 0.0
-0.602259039519718 -0.252651468355407 0.0
0.237484432328819 -0.725885138871553 0.0
0.646632783913292 0.169381957115668 0.0
-0.198901818364872 0.519132063275666 0.0
-0.604634714904112 -0.314705874101243 0.0
0.299614677872705 -0.726970033245034 0.0
0.647542066221083 0.238664763453076 0.0
-0.25634978836298 0.526531503345458 0.0
-0.607238034968294 -0.376720668384743 0.0
0.361683266047659 -0.727689441147425 0.0
0.647115978018014 0.309243576661252 0.0
-0.31421782580484 0.533213728018053 0.0
-0.610488794099627 -0.438523680624926 0.0
0.423635564993492 -0.728144918696642 0.0
0.644726877072068 0.381400945528912 0.0
-0.372569132838564 0.541409929410933 0.0
-0.61368934641087 -0.500136144845089 0.0
0.485423647562739 -0.728480478403024 0.0
0.639373067536336 0.45553814354967 0.0
-0.429888304947587 0.555140738654276 0.0
-0.616947941414042 -0.561590715607083 0.0
0.547014320663213 -0.728889612239898 0.0
0.629366465762281 0.532240032453968 0.0
-0.486324897826672 0.574586989064187 0.0
-0.619955140319475 -0.622936733969031 0.0
-0.558849793559966 -0.626030068753489 0.0
-0.555796771007598 -0.564634021894671 0.0
-0.55256620512647 -0.503096824179363 0.0
-0.549404041439545 -0.44147632607432 0.0
-0.546236988665393 -0.379776005899112 0.0
-0.543573150783824 -0.317863459546134 0.0
-0.541114537377488 -0.255577535583949 0.0
-0.537989315363905 -0.192988346517926 0.0
-0.535059491920851 -0.130196521649167 0.0
-0.532174031896771 -0.067133061404234 0.0
-0.529265665267603 -0.00373939950107937 0.0
-0.526281350651895 0.0600378125056925 0.0
-0.52316027529514 0.124251043413464 0.0
-0.519820146932181 0.188950184048342 0.0
-0.516144131507789 0.254169456149882 0.0
-0.511968726861568 0.319892162302556 0.0
-0.507087587375384 0.385961425650649 0.0
-0.501344758415694 0.451864550295064 0.0
-0.495102215299741 0.516208416162787 0.0
-0.497705211854262 -0.628910023560961 0.0
-0.494587454009882 -0.56750832324434 0.0
-0.491407142527874 -0.505976299204916 0.0
-0.488282635457751 -0.444304462171666 0.0
-0.485285924962833 -0.382428506292762 0.0
-0.482625520704661 -0.320380294377881 0.0
-0.480012079119059 -0.258182131776462 0.0
-0.477112542168867 -0.195718859249148 0.0
-0.474295560214199 -0.133038043907452 0.0
-0.471517683383532 -0.0701358276502933 0.0
-0.46873945475505 -0.00700579829690849 0.0
-0.465924705165895 0.0563480429657172 0.0
-0.46303216318963 0.119900759880324 0.0
-0.460008872595721 0.183590778293505 0.0
-0.456785646475205 0.247293468512002 0.0
-0.453276501627891 0.310783597488728 0.0
-0.44938628799699 0.373694102165111 0.0
-0.445013744687 0.435513082329973 0.0
-0.4395171573102 0.495707515837431 0.0
-0.436553481278879 -0.631902180168097 0.0
-0.433406140611146 -0.570514104813361 0.0
-0.430279139852001 -0.50899300153822 0.0
-0.427253771535084 -0.447319189256517 0.0
-0.424393092137011 -0.385487330040819 0.0
-0.421740818235758 -0.323534480013974 0.0
-0.419110776253769 -0.261446277182331 0.0
-0.416372858699479 -0.199178046605073 0.0
-0.413687291077357 -0.136764352269595 0.0
-0.411045032941888 -0.0742295163337807 0.0
-0.408424584492956 -0.011605168773762 0.0
-0.405802366060996 0.051059746232144 0.0
-0.403148926742375 0.113690415572222 0.0
-0.400422819921255 0.176178546998593 0.0
-0.397562386180708 0.238377610427665 0.0
-0.394473668490308 0.300110266053493 0.0
-0.391010549302449 0.361199099011298 0.0
-0.386900259189954 0.421526082499212 0.0
-0.381836658130854 0.481220349765986 0.0
-0.375405040553385 -0.635079685082513 0.0
-0.37225538950976 -0.573733808699199 0.0
-0.369199173518127 -0.512268638612159 0.0
-0.366279510202497 -0.450677737246011 0.0
-0.363520468942632 -0.388971575760456 0.0
-0.360905292028262 -0.32717159569389 0.0
-0.35831935418441 -0.265275509359343 0.0
-0.355708516765124 -0.203279522378173 0.0
-0.353143717423299 -0.14122009515072 0.0
-0.350624665333663 -0.0791365596110049 0.0
-0.348137311112988 -0.0170763727436144 0.0
-0.345660993873264 0.0449016707768461 0.0
-0.343164507895027 0.106727399691493 0.0
-0.340598382405324 0.168324391999873 0.0
-0.337884348052908 0.229621630560233 0.0
-0.334902489358085 0.290575407437938 0.0
-0.33147404128918 0.351200043880792 0.0
-0.327372082143644 0.411616461916025 0.0
-0.322533912576481 0.47207360075254 0.0
-0.31425070423973 -0.638472899832358 0.0
-0.311119577791226 -0.577190415875884 0.0
-0.308140661874061 -0.515811941033758 0.0
-0.3053180771302 -0.4543378391746 0.0
-0.302642904943871 -0.392782037589886 0.0
-0.300077308505382 -0.331163436363947 0.0
-0.297548678482155 -0.269492151242606 0.0
-0.295030779277173 -0.207783691875349 0.0
-0.292554114349409 -0.146074425534838 0.0
-0.290117875444431 -0.0844041428590503 0.0
-0.287709140916381 -0.02281547541134 0.0
-0.285305815385549 0.0386478643529444 0.0
-0.282872993149789 0.0999455611185147 0.0
-0.280356967666373 0.161049098015397 0.0
-0.277678734546549 0.221953103100888 0.0
-0.274728754649085 0.28269058892171 0.0
-0.271370386881422 0.343351510605835 0.0
-0.267478566213702 0.404098382498868 0.0
-0.262941093869622 0.465132705641226 0.0
-0.253065836778499 -0.642046242841157 0.0
-0.249970258086316 -0.580830001401946 0.0
-0.247069415764891 -0.519541173544055 0.0
-0.244331789535325 -0.458183233925148 0.0
-0.241724596864047 -0.396771386287667 0.0
-0.239203863759183 -0.335324531982731 0.0
-0.236720407318375 -0.273859276640168 0.0
-0.234258079629943 -0.212397256404972 0.0
-0.231828429814003 -0.150970081518823 0.0
-0.229428665286197 -0.0896099877600725 0.0
-0.227046613088412 -0.0283474342397767 0.0
-0.224661576546655 0.0327917789909489 0.0
-0.22224224453498 0.0937904164597421 0.0
-0.219744097095429 0.154645176738878 0.0
-0.217108328025156 0.215371610867441 0.0
-0.214265651390298 0.27600874197244 0.0
-0.211152142483373 0.336618915796908 0.0
-0.207728739686541 0.397271362589953 0.0
-0.203832975891879 0.458007190013768 0.0
-0.19181954778306 -0.645708298803228 0.0
-0.188776323787313 -0.584544922278595 0.0
-0.185951895565712 -0.523328309397126 0.0
-0.183285340656476 -0.462063272427607 0.0
-0.180728523220037 -0.400764862889074 0.0
-0.178237431075878 -0.339451387558795 0.0
-0.175776521798792 -0.278141083966138 0.0
-0.173334105277112 -0.216855199270766 0.0
-0.170913693489707 -0.155618983767546 0.0
-0.168512444863406 -0.0944563032408297 0.0
-0.166121324237803 -0.0333875126042286 0.0
-0.163725356089717 0.0275726897955438 0.0
-0.161303099180437 0.0884173961610059 0.0
-0.158826730980824 0.149150095988422 0.0
-0.156264574714159 0.20978626824704 0.0
-0.153588791588087 0.27035496415063 0.0
-0.15078900557614 0.330898740433287 0.0
-0.147872148062105 0.391476782408321 0.0
-0.144879201197281 0.452232309981086 0.0
-0.130483091952718 -0.649336731595037 0.0
-0.127509979664432 -0.588203166576751 0.0
-0.124759457171114 -0.527029475435689 0.0
-0.122149686936209 -0.465821057760951 0.0
-0.119624808606533 -0.404592130812637 0.0
-0.117144139803066 -0.343359693378765 0.0
-0.114681522380239 -0.282141114615873 0.0
-0.112228856755102 -0.220955012765312 0.0
-0.109787804754178 -0.159821029030825 0.0
-0.107357896232179 -0.0987566720481815 0.0
-0.104935461478709 -0.0377759585884902 0.0
-0.10251396923278 0.0231118752018223 0.0
-0.100084779945348 0.0839032731388847 0.0
-0.097639262524679 0.144601350019226 0.0
-0.0951739813637875 0.205215308321431 0.0
-0.0927011255307376 0.265758584163708 0.0
-0.0902655888892484 0.326243075618651 0.0
-0.0879865606924204 0.386672096173115 0.0
-0.0862736868940375 0.447022530791568 0.0
-0.0690362200598294 -0.65280304068858 0.0
-0.0661513050712358 -0.591672541566632 0.0
-0.0634719637665281 -0.53050796596239 0.0
-0.0609052657536054 -0.469315448000441 0.0
-0.0583945724145402 -0.408108411648577 0.0
-0.0559052004234528 -0.346902357301142 0.0
-0.0534190570072955 -0.285712874481867 0.0
-0.0509323029623607 -0.224555545257292 0.0
-0.0484483354488455 -0.163445484272947 0.0
-0.0459708378821432 -0.102395374195874 0.0
-0.0435027984357929 -0.041414514492015 0.0
-0.0410472083668886 0.0194923682288076 0.0
-0.0386087237423867 0.0803262695319855 0.0
-0.0361969234939841 0.141095890446416 0.0
-0.0338323830931753 0.201819600210866 0.0
-0.0315571353302647 0.262529566032533 0.0
-0.0294552444258433 0.323279462991 0.0
-0.027719212569176 0.38415780223421 0.0
-0.027034135003782 0.445282156096126 0.0
-0.00747041303537617 -0.655991138292051 0.0
-0.00469038734586606 -0.594837586889151 0.0
-0.00207899912535523 -0.533649162695441 0.0
0.000457492229277759 -0.472433451397716 0.0
0.00297019739748415 -0.411203516638874 0.0
0.00548538211584798 -0.349973484141065 0.0
0.0080130692795933 -0.28875695144285 0.0
0.010551873314801 -0.227566598058791 0.0
0.0130945026069969 -0.166413819551536 0.0
0.0156317861050629 -0.105307376325695 0.0
0.0181529725253238 -0.044252573904061 0.0
0.0206443436384644 0.0167501274342505 0.0
0.0230865101965761 0.0777067929669234 0.0
0.025449831265644 0.138632961772867 0.0
0.027686787314422 0.199557075856239 0.0
0.0297189860057637 0.260526250485387 0.0
0.0314108183497013 0.321612446059955 0.0
0.0325006662051696 0.382907389443501 0.0
0.0327106854808103 0.444405797542642 0.0
0.0542100360815167 -0.658808718637151 0.0
0.0568721530525273 -0.597609195851756 0.0
0.0594202360077104 -0.536367974618713 0.0
0.0619388072299948 -0.475094982588813 0.0
0.0644679236615342 -0.413803390051931 0.0
0.0670233539717912 -0.352506122168824 0.0
0.0696066299529454 -0.291214842046974 0.0
0.072210305952776 -0.229939707588558 0.0
0.0748217984909105 -0.168689304216734 0.0
0.077425294109027 -0.107469794734666 0.0
0.0800010084330379 -0.0462844358350723 0.0
0.0825227729759786 0.0148674417956631 0.0
0.0849540013645806 0.0759914012614071 0.0
0.0872414422009445 0.13709924965619 0.0
0.0893055404533425 0.198208825699846 0.0
0.0910255032939585 0.259341474168988 0.0
0.09221711924879 0.320509680902807 0.0
0.0926485059071348 0.381675087970997 0.0
0.0923498386119654 0.442726545852254 0.0
0.115989285905701 -0.661192844137635 0.0
0.11852649930183 -0.59992882814184 0.0
0.121018449855041 -0.538611323323429 0.0
0.123531266524786 -0.477253284399956 0.0
0.126089491745827 -0.415868190583879 0.0
0.128696925633544 -0.354467783447063 0.0
0.131346326147248 -0.293061875805675 0.0
0.134023722265346 -0.231658556325745 0.0
0.136710463300194 -0.170264577310993 0.0
0.139383363605947 -0.108885052954941 0.0
0.142012820335662 -0.0475235325659511 0.0
0.144559367631892 0.0138182931174279 0.0
0.146968585571587 0.0751404583846325 0.0
0.149163982587283 0.136444409647685 0.0
0.151037394978941 0.197730514189619 0.0
0.152437778889211 0.258993353413826 0.0
0.153169977746375 0.320211720435145 0.0
0.153052118839602 0.381346842515815 0.0
0.151998816079939 0.442434074210711 0.0
0.177842140047836 -0.663111938303549 0.0
0.180255509110751 -0.60176967584023 0.0
0.182701883549114 -0.540358215066097 0.0
0.185221284447661 -0.478893647615438 0.0
0.187819727897323 -0.417389440929793 0.0
0.190488478217648 -0.35585581345766 0.0
0.193211723532064 -0.294300579704344 0.0
0.195969032809716 -0.232729948304743 0.0
0.198735559815337 -0.171149405311227 0.0
0.201480659482241 -0.109563926909579 0.0
0.204164945079625 -0.0479785843170755 0.0
0.206735989155592 0.0136011469256021 0.0
0.209122563417569 0.0751685750481391 0.0
0.211227319467266 0.136714884427037 0.0
0.212918251016679 0.198226620178444 0.0
0.214022176916942 0.259682938147807 0.0
0.214331141237884 0.321054755043166 0.0
0.213626522245451 0.3823214402359 0.0
0.211680867398671 0.443498975253062 0.0
0.239737173246169 -0.664566364387955 0.0
0.242037169287993 -0.603136959908927 0.0
0.244452122700558 -0.541619539891252 0.0
0.246990434163233 -0.480032509895798 0.0
0.249638441386846 -0.418388299078583 0.0
0.252375417196152 -0.356694774635868 0.0
0.2551778167411 -0.294957187451421 0.0
0.258019356217479 -0.233179544527134 0.0
0.260869422613165 -0.171365915358471 0.0
0.263690365990777 -0.109521051281944 0.0
0.266433621693885 -0.0476514096105783 0.0
0.269034694336362 0.0142340857713092 0.0
0.271406878642539 0.0761227670058191 0.0
0.273433799065194 0.137996946350829 0.0
0.274961503350782 0.19983139311233 0.0
0.275792952323258 0.261591729069568 0.0
0.275688068524269 0.323235911994433 0.0
0.274365136373748 0.384721227045932 0.0
0.271483409867233 0.446009594183613 0.0
0.301639208628104 -0.665589242544661 0.0
0.303846020379529 -0.604068929952067 0.0
0.306246541680197 -0.542439046334188 0.0
0.308815196417629 -0.480718274195544 0.0
0.311519685752056 -0.418916248959554 0.0
0.314328984094972 -0.357037191039386 0.0
0.317213241744848 -0.295082790365679 0.0
0.320141352214193 -0.233053989044021 0.0
0.323077741288887 -0.170952567778307 0.0
0.325978541083132 -0.108782051818689 0.0
0.32878690510424 -0.0465490900317644 0.0
0.331427354819812 0.0157353075246741 0.0
0.333798982627213 0.0780538348630856 0.0
0.335767619336783 0.1403807507729 0.0
0.337157466955187 0.202678334619771 0.0
0.337743280023053 0.264894100338126 0.0
0.337242608693327 0.326958988797688 0.0
0.33530229717021 0.388786781722913 0.0
0.331471991890514 0.450271917401131 0.0
0.363512417871695 -0.666248643379069 0.0
0.365654704737271 -0.604639553740296 0.0
0.368058640225508 -0.542896238309105 0.0
0.370666573667479 -0.481034343151314 0.0
0.373430903648363 -0.419058445297853 0.0
0.376312965202939 -0.356967557896938 0.0
0.379278436190854 -0.29475852585941 0.0
0.382292652628556 -0.232427930874784 0.0
0.385316072211259 -0.169973740659109 0.0
0.388299566006086 -0.107396341821892 0.0
0.391179080222648 -0.0447001998969142 0.0
0.393869436006113 0.0181043701285975 0.0
0.396257001393433 0.0809983467406296 0.0
0.398191181659347 0.143950394799747 0.0
0.399474585946146 0.206911071257458 0.0
0.399851450685036 0.269806431479482 0.0
0.398991648157622 0.332530206431811 0.0
0.396464106394536 0.394934037791236 0.0
0.391692502280731 0.456815297873792 0.0
0.42532281136171 -0.666651747628059 0.0
0.427434236290054 -0.604963218688447 0.0
0.429857073987498 -0.543111143992624 0.0
0.432508624791002 -0.481103957072323 0.0
0.435331239889196 -0.418938929340971 0.0
0.438281815871538 -0.356608435393641 0.0
0.441323498680277 -0.294103212343436 0.0
0.44441932279053 -0.231413944563295 0.0
0.447526745400864 -0.168532628591445 0.0
0.450592331220156 -0.105453451470259 0.0
0.453545948426465 -0.0421745046014678 0.0
0.456294142224275 0.0213000825713816 0.0
0.458712287065462 0.0849564257378905 0.0
0.460635160672438 0.14876559364981 0.0
0.461845037183243 0.212674618950528 0.0
0.462055532241975 0.276594128584512 0.0
0.460886883543288 0.340379622415673 0.0
0.457824683955197 0.4038034503246 0.0
0.452143165579655 0.466514237334388 0.0
0.487039610472997 -0.666951362773025 0.0
0.489152398717982 -0.605201336702883 0.0
0.491603192492273 -0.54325030271405 0.0
0.494296042938626 -0.48109570147784 0.0
0.497169367992806 -0.418726164895364 0.0
0.500178747140024 -0.356126898982775 0.0
0.503286422045599 -0.293281831255181 0.0
0.506454044450321 -0.230174226879554 0.0
0.509636738029463 -0.166787306721135 0.0
0.51277745028315 -0.103104564403353 0.0
0.515800845121352 -0.0391110636325453 0.0
0.51860633185504 0.0252047052914393 0.0
0.521059679392972 0.0898471346621609 0.0
0.522982501662869 0.154807626701235 0.0
0.524137938473484 0.220053431423898 0.0
0.524209545296346 0.285509205817303 0.0
0.522767434262384 0.351023246873346 0.0
0.519210751837743 0.416305032200314 0.0
0.512653491041596 0.480807695591544 0.0
0.548634746206133 -0.667355401336337 0.0
0.550770032014157 -0.60557035854217 0.0
0.553247636053797 -0.543532454668176 0.0
0.555971734277325 -0.481227086226115 0.0
0.558882187646216 -0.418635997547332 0.0
0.561935360163452 -0.355738924444008 0.0
0.565093330931106 -0.292513351590883 0.0
0.568316612791676 -0.228933666834933 0.0
0.571558126725703 -0.164970780509828 0.0
0.57475736212216 -0.100591545006642 0.0
0.577833961947603 -0.0357589854764309 0.0
0.580680275537248 0.0295673294504823 0.0
0.583152137475216 0.0954297564072881 0.0
0.585056712625303 0.161869789194456 0.0
0.586134821070443 0.228920903745271 0.0
0.586033186165103 0.296594062225902 0.0
0.584258141112626 0.364843086459105 0.0
0.580097667500304 0.433478261604659 0.0
0.572489976811086 0.501932806133863 0.0
