-0.610507669728526 -0.686384888637828 0.0
0.62130243347575 -0.731565337739384 0.0
-0.519373857975006 0.61237245798111 0.0
0.61237245798111 0.61237245798111 0.0
-0.549377118239703 -0.689505564481616 0.0
0.622905487715885 -0.670069858728994 0.0
0.562394876993172 0.566647529828681 0.0
-0.533971317012024 0.53518913157332 0.0
-0.488247570844829 -0.692424785563225 0.0
0.625005696626683 -0.608256045351451 0.0
0.505701151569639 0.540608247254559 0.0
-0.545126218557847 0.461959599915555 0.0
-0.427157052395458 -0.695419052528652 0.0
0.627444073761105 -0.54609923138453 0.0
0.447874143556743 0.524607837150513 0.0
-0.553124191185398 0.391392632841965 0.0
-0.366091990796407 -0.698599100769749 0.0
0.630127608989528 -0.483583188581243 0.0
0.38989375643378 0.514297317372475 0.0
-0.559150820705134 0.322779226251006 0.0
-0.305021666280585 -0.702000008599155 0.0
0.632994618750543 -0.420690631443896 0.0
0.331930209300317 0.507560070405822 0.0
-0.563960183964587 0.255627689821476 0.0
-0.243900834273119 -0.705593908667914 0.0
0.635997755479767 -0.357399116009521 0.0
0.274011082383893 0.503280769239412 0.0
-0.568002037191091 0.189596966306771 0.0
-0.182679650373598 -0.709293595439593 0.0
0.639093745516047 -0.293679094420928 0.0
0.216152973348503 0.500840023602707 0.0
-0.571552912066905 0.124447603819623 0.0
-0.121314910544895 -0.712975448391971 0.0
0.642235887637895 -0.229492499978583 0.0
0.158388632222807 0.499899261977914 0.0
-0.574788858236917 0.0600082109438911 0.0
-0.0597785599942068 -0.716505531410878 0.0
0.64536740410035 -0.16479188712504 0.0
0.100775713125625 0.500338764965471 0.0
-0.577825895382907 -0.00384587743481857 0.0
0.00193855288334644 -0.719760298465577 0.0
0.648414669274443 -0.0995190130937982 0.0
0.0434250306105214 0.502765519060685 0.0
-0.580744731366969 -0.0672048008462817 0.0
0.0638262188932651 -0.722639708046273 0.0
0.651279494386789 -0.0336035504696782 0.0
-0.0142288397402941 0.503101378705333 0.0
-0.583610635579796 -0.130131375763946 0.0
0.125857248263225 -0.725073942829182 0.0
0.653829756913 0.0330392110053782 0.0
-0.0722535436067948 0.50399956899896 0.0
-0.586509580191019 -0.192663597696988 0.0
0.187990789104724 -0.727025966744391 0.0
0.655887031072212 0.100511482225458 0.0
-0.129972917118406 0.510125014741151 0.0
-0.58978225312198 -0.25481428672006 0.0
0.250176362816157 -0.728492221307688 0.0
0.657208733343676 0.168938398424902 0.0
-0.187460224222097 0.51601722635616 0.0
-0.592116529591326 -0.31688586135435 0.0
0.312357067973213 -0.729503242218609 0.0
0.657459325513218 0.23847567100011 0.0
-0.244389651095977 0.523788312421007 0.0
-0.59468398224488 -0.37891216504812 0.0
0.374473545577869 -0.730125416739644 0.0
0.656159448392881 0.309322772436398 0.0
-0.301792462337413 0.530387510315327 0.0
-0.59791645538797 -0.440715470393251 0.0
0.436468149607496 -0.730464477489858 0.0
0.652588335264753 0.381742326396554 0.0
-0.359700781827479 0.538509205782524 0.0
-0.601113472887484 -0.502325721883044 0.0
0.498290174940462 -0.730671025802829 0.0
0.645585615572909 0.456084397313337 0.0
-0.416379929470305 0.552956890947283 0.0
-0.604377781115454 -0.563778067466655 0.0
0.559904250856478 -0.730948483470376 0.0
0.633166610017485 0.532796637674985 0.0
-0.472026953091653 0.573101804950578 0.0
-0.607399519880875 -0.625121294382333 0.0
-0.546297516076311 -0.628224112458567 0.0
-0.543228596201289 -0.566828816860381 0.0
-0.539991493392731 -0.505290674929037 0.0
-0.536834710203386 -0.443667660901081 0.0
-0.533683614113304 -0.381963113813178 0.0
-0.531050690466188 -0.320036735117883 0.0
-0.528639021465539 -0.257727488948829 0.0
-0.525559969717751 -0.195110954702411 0.0
-0.522683450913453 -0.132282074801769 0.0
-0.519852913043685 -0.0691697190801086 0.0
-0.516995255812007 -0.00571326439154112 0.0
-0.514050118549536 0.0581424918405017 0.0
-0.510946826456793 0.122451437560851 0.0
-0.507589373421627 0.187263860020373 0.0
-0.503841557973734 0.252612037501744 0.0
-0.499512501852362 0.318472153917081 0.0
-0.494358347652466 0.384669226603624 0.0
-0.488178286263105 0.45065133892742 0.0
-0.481312595266214 0.514957650450483 0.0
-0.48515556670756 -0.631119507224284 0.0
-0.482021801559829 -0.569716617498949 0.0
-0.478836296092933 -0.508182475688799 0.0
-0.475719356277861 -0.446506507131271 0.0
-0.472743885523661 -0.384622243530453 0.0
-0.470119998499355 -0.322561358933538 0.0
-0.467554849410657 -0.260347156837589 0.0
-0.464708184692707 -0.197861813249632 0.0
-0.461950481524512 -0.135153135938865 0.0
-0.459234295540847 -0.0722170902020704 0.0
-0.456515144302624 -0.00904757590672262 0.0
-0.453750512657973 0.0543501675320602 0.0
-0.450890881256231 0.117948464269145 0.0
-0.447872525624895 0.181680637152681 0.0
-0.444612451376561 0.245413452056919 0.0
-0.441007756158898 0.308908636837626 0.0
-0.436944432988697 0.371782926233671 0.0
-0.43230582460297 0.433514629732424 0.0
-0.426479424085203 0.49359846628686 0.0
-0.424008849932932 -0.634136284583433 0.0
-0.420845492792086 -0.572748858196337 0.0
-0.417715709293888 -0.511227831970381 0.0
-0.414702380239852 -0.449552590780706 0.0
-0.411868839465332 -0.387717398422759 0.0
-0.409258242383938 -0.325759702102983 0.0
-0.406681144028337 -0.263665094932479 0.0
-0.404003413026028 -0.201388639490434 0.0
-0.401384783642894 -0.138966062641468 0.0
-0.39881301525142 -0.0764231104967048 0.0
-0.396262418943868 -0.0137935452069121 0.0
-0.393704153879898 0.0488705429237258 0.0
-0.391102099556838 0.111489946386987 0.0
-0.388406363698404 0.173950688555457 0.0
-0.385544768807481 0.236099742696429 0.0
-0.38241095732591 0.297753997969748 0.0
-0.378847436379464 0.358734101896377 0.0
-0.374588440665877 0.418927882619622 0.0
-0.3694134385743 0.478474121179471 0.0
-0.362867329836108 -0.637353714123415 0.0
-0.359702058245495 -0.576012321663747 0.0
-0.356646483495663 -0.514552060690525 0.0
-0.353744068942876 -0.45296611838345 0.0
-0.351018115939384 -0.391265136670522 0.0
-0.348450323777885 -0.32947110834994 0.0
-0.34592318179628 -0.267582336013789 0.0
-0.343379777331181 -0.205595862171629 0.0
-0.340889685935956 -0.143549785076807 0.0
-0.338449822021531 -0.0814853355543471 0.0
-0.33604243883263 -0.019452170218173 0.0
-0.333642125911463 0.0424885541230531 0.0
-0.331211514615908 0.104264555091872 0.0
-0.328693146932825 0.165798377871547 0.0
-0.325998753931112 0.227020450731547 0.0
-0.322997504340605 0.287893045689962 0.0
-0.319504947558651 0.348443591071617 0.0
-0.31531461314829 0.408815267838884 0.0
-0.310487180952046 0.469289672525519 0.0
-0.301720575218707 -0.640802980777703 0.0
-0.298574843573365 -0.579529590040887 0.0
-0.29560055447101 -0.518161983138829 0.0
-0.292800594725962 -0.456700432672925 0.0
-0.290164280431018 -0.395159308140872 0.0
-0.28765165303027 -0.333558286282334 0.0
-0.285187504250416 -0.27190838094452 0.0
-0.282743338155235 -0.210226204936521 0.0
-0.28034795287652 -0.148549529990576 0.0
-0.277997947413708 -0.0869194503625106 0.0
-0.275676982286154 -0.0253795737047146 0.0
-0.273358545172042 0.036026127403657 0.0
-0.271002073793611 0.0972584027461833 0.0
-0.268546890275026 0.158291982022165 0.0
-0.265906314816611 0.219128018850314 0.0
-0.262965143969537 0.279810568207672 0.0
-0.259591106187502 0.340445997540332 0.0
-0.255692347714279 0.401216944536671 0.0
-0.251205023331055 0.462325511167582 0.0
-0.240542069484736 -0.644444912500753 0.0
-0.237433711687688 -0.583242024353751 0.0
-0.234541798698781 -0.521969640734483 0.0
-0.231831983326565 -0.460631261584064 0.0
-0.229268856959144 -0.399242618021161 0.0
-0.226805982545666 -0.337823394841282 0.0
-0.224391795217906 -0.276391047354121 0.0
-0.222008169856604 -0.214968096411499 0.0
-0.21966491918062 -0.153586987489169 0.0
-0.217356957204569 -0.0922804238227451 0.0
-0.21506920358724 -0.0310787164103569 0.0
-0.212777378653608 0.0299934036521837 0.0
-0.210445960712904 0.0909210471771464 0.0
-0.208026039236522 0.15170487857098 0.0
-0.205455691272618 0.212366200882454 0.0
-0.202667437740969 0.272951112966409 0.0
-0.199611158712184 0.333528002905717 0.0
-0.196275224223413 0.394163052585894 0.0
-0.192477509036649 0.454876345577152 0.0
-0.179298807636808 -0.64818151163315 0.0
-0.176245649609337 -0.587034622189006 0.0
-0.173434656594838 -0.525838653477568 0.0
-0.170800704145979 -0.464598449421607 0.0
-0.168292403046105 -0.403329534130405 0.0
-0.165863149823229 -0.342050868381098 0.0
-0.163475270667963 -0.280781345125652 0.0
-0.161115404010729 -0.219542788225213 0.0
-0.158785577826614 -0.158360831400583 0.0
-0.156481194859624 -0.097259323812175 0.0
-0.154191156885064 -0.0362580546425959 0.0
-0.151898195176031 0.0246295251783817 0.0
-0.149578634229743 0.085398532398416 0.0
-0.14720324077556 0.146055251055902 0.0
-0.144741424121798 0.206618479324916 0.0
-0.142171876601423 0.267120332070118 0.0
-0.13949843733163 0.327604372862255 0.0
-0.136740536826512 0.388127738402169 0.0
-0.13392608644293 0.448844168691797 0.0
-0.117960155524825 -0.65188260779371 0.0
-0.114981147848032 -0.590767182256144 0.0
-0.11224875281195 -0.52961649933161 0.0
-0.109675940268541 -0.468435956775941 0.0
-0.107203273272612 -0.407240151446021 0.0
-0.104787571885225 -0.346046595168621 0.0
-0.102400897634762 -0.284873141024297 0.0
-0.100033891401494 -0.223738777183463 0.0
-0.0976871953459075 -0.162663310539535 0.0
-0.0953592934565974 -0.101664098360099 0.0
-0.0930454627957843 -0.0407546290024114 0.0
-0.0907382950251667 0.0200567800342168 0.0
-0.0884288850240237 0.0807678145235542 0.0
-0.0861098338879857 0.14138291628565 0.0
-0.0837819691870635 0.201912099912831 0.0
-0.081466624125645 0.262367788632256 0.0
-0.0792226511145799 0.322756895935209 0.0
-0.0771847433537169 0.383072620357207 0.0
-0.0758013266753005 0.443276398651368 0.0
-0.0565045655742033 -0.655412077290737 0.0
-0.0536190762563347 -0.594299860849909 0.0
-0.0509627596185659 -0.533158774925943 0.0
-0.0484369803536826 -0.471994942437182 0.0
-0.0459815374092375 -0.410822105605189 0.0
-0.0435595617612958 -0.349656182223135 0.0
-0.0411516452428949 -0.288513132115252 0.0
-0.0387531987761624 -0.227408779444287 0.0
-0.0363671809832522 -0.166358278279085 0.0
-0.033996998185857 -0.105374067143489 0.0
-0.0316455872510448 -0.0444648575281551 0.0
-0.0293163452755517 0.0163656075855198 0.0
-0.0270152406927836 0.07711974837136 0.0
-0.0247548159944829 0.137808159341422 0.0
-0.0225612068354037 0.198451585195339 0.0
-0.0204850928919627 0.259085205054867 0.0
-0.0186213788674117 0.319767438130155 0.0
-0.0171779872832497 0.380596484510889 0.0
-0.0169148568262158 0.441703169778729 0.0
0.00507700034784818 -0.658647331353562 0.0
0.00785103504626277 -0.597510856632152 0.0
0.0104343098509168 -0.536344707752882 0.0
0.0129262680317155 -0.475156510937447 0.0
0.0153812284931129 -0.413959643265765 0.0
0.017827129079958 -0.352768600020821 0.0
0.020274736088636 -0.291597271043221 0.0
0.0227228228133676 -0.230458472020152 0.0
0.0251638766024185 -0.169363504163824 0.0
0.027588186844895 -0.108320714176325 0.0
0.0299840292510001 -0.0473345704253307 0.0
0.0323360085156013 0.0135958667699835 0.0
0.0346219088490754 0.0744788202051365 0.0
0.0368075018955702 0.135333013427864 0.0
0.0388383392830717 0.196191490996804 0.0
0.040626636889396 0.25710804089866 0.0
0.0420250152399094 0.318164383952419 0.0
0.0427534112768754 0.37946459858296 0.0
0.0425373402603693 0.441000799995895 0.0
0.0667799765009966 -0.661491086808998 0.0
0.0694284761681169 -0.600306318102439 0.0
0.0719432518362911 -0.539084742551771 0.0
0.0744140111261413 -0.477836458245017 0.0
0.0768833429177298 -0.416575004194882 0.0
0.0793679956346894 -0.355313671389201 0.0
0.0818695745652586 -0.294064374155855 0.0
0.0843801225285393 -0.23283734313841 0.0
0.0868860884195294 -0.171640997077574 0.0
0.0893702057075194 -0.110481018085702 0.0
0.0918105659198316 -0.0493597803781381 0.0
0.0941778742414308 0.0117247655778152 0.0
0.0964309418353964 0.0727801367875384 0.0
0.0985098747568636 0.133820649168788 0.0
0.100325978053361 0.194866946586631 0.0
0.101746746209179 0.255942670625404 0.0
0.10257415787978 0.317059882794556 0.0
0.10256815769339 0.378171060863119 0.0
0.101806277625449 0.439150077984121 0.0
0.128587567373449 -0.663877019658953 0.0
0.13110280274892 -0.602624552801009 0.0
0.133556320500114 -0.541322941122134 0.0
0.136018424294336 -0.479985519951578 0.0
0.138515228897079 -0.418626244435813 0.0
0.141050679911711 -0.357257259442334 0.0
0.143616864190516 -0.29588863966127 0.0
0.146198566625051 -0.23452856770765 0.0
0.148775352162871 -0.173183699375856 0.0
0.151321590824311 -0.111858835694938 0.0
0.153804324116418 -0.0505569775599557 0.0
0.156179453458914 0.010720952795012 0.0
0.158386205835942 0.071975879047065 0.0
0.160339602392239 0.133209993559627 0.0
0.161920728698208 0.194423742572142 0.0
0.16296615803112 0.255610265590261 0.0
0.163269952061645 0.316744374934571 0.0
0.162653455903942 0.377782874809595 0.0
0.16106949406739 0.438773072132063 0.0
0.190473112987144 -0.665771665230935 0.0
0.192855865959604 -0.60443706383584 0.0
0.195259004624812 -0.54303687571601 0.0
0.197725264192143 -0.481587843299338 0.0
0.200261055435304 -0.420104040149811 0.0
0.20285687006808 -0.358596144472671 0.0
0.20549545073343 -0.297072281574991 0.0
0.208154370712882 -0.235538848285051 0.0
0.210806165373031 -0.174001422472974 0.0
0.213416749810784 -0.11246500268438 0.0
0.215942181720425 -0.0509346556319129 0.0
0.218324001511821 0.0105840926192991 0.0
0.220483109054978 0.0720842955253703 0.0
0.222312214801145 0.133556443399553 0.0
0.223667486303419 0.194985662817394 0.0
0.224363250363263 0.256348815635255 0.0
0.224182225180444 0.317614457209155 0.0
0.222907589791835 0.378763680834335 0.0
0.220330907112651 0.439825425956702 0.0
0.252403401950371 -0.66717488610154 0.0
0.25466443051591 -0.605748727950528 0.0
0.257031972627068 -0.544237287931032 0.0
0.259515307760781 -0.482659900081266 0.0
0.262099867624814 -0.421029698153534 0.0
0.264763226183735 -0.359355037940617 0.0
0.267479644737923 -0.297641522414117 0.0
0.270220121936469 -0.235893455606105 0.0
0.272950625234323 -0.174115218675515 0.0
0.275629117476321 -0.112311955949528 0.0
0.278201355669918 -0.050490677211548 0.0
0.280595526374483 0.0113388784481549 0.0
0.28271566154508 0.0731628320333733 0.0
0.28443404392886 0.134961744404263 0.0
0.285583592104679 0.196708015103335 0.0
0.285953556452783 0.258364493448877 0.0
0.285292420978382 0.319887059270646 0.0
0.283313777109746 0.38123423066102 0.0
0.27968273772926 0.44237535155379 0.0
0.314341325429317 -0.668120675443842 0.0
0.316501734851915 -0.606598806551333 0.0
0.318851594867358 -0.544969087836429 0.0
0.321364125294377 -0.48325132755951 0.0
0.324004821939088 -0.42145586184191 0.0
0.326740108514216 -0.359587346276039 0.0
0.329537270362387 -0.297647804010066 0.0
0.332361827005424 -0.235638535812333 0.0
0.33517404254579 -0.173561808770355 0.0
0.337924774725444 -0.111421858869182 0.0
0.340550436649521 -0.0492263780843542 0.0
0.342966987027269 0.0130121175215924 0.0
0.345062829864088 0.0752742005010002 0.0
0.346690830641061 0.137531242227165 0.0
0.347660137402379 0.199741798413732 0.0
0.347729171432045 0.261849023786089 0.0
0.346599587382562 0.323779672826939 0.0
0.343905371811695 0.385445163767972 0.0
0.339190902708164 0.446741715823271 0.0
0.376249140583553 -0.668679514508668 0.0
0.378339131606187 -0.607063855036735 0.0
0.380690289988678 -0.545314509047339 0.0
0.383241637589101 -0.48344824909972 0.0
0.385942218047937 -0.421470180918826 0.0
0.388750115349263 -0.359379577698436 0.0
0.391627585001986 -0.297173503321132 0.0
0.394536015509034 -0.234848869520964 0.0
0.39743102584326 -0.172404206344609 0.0
0.400257379089594 -0.109840817231616 0.0
0.402943254217649 -0.0471645869987152 0.0
0.405393654624438 0.0156120559033347 0.0
0.40748272005145 0.0784670382502053 0.0
0.409044942646773 0.141364752683962 0.0
0.409865241989055 0.204250008875896 0.0
0.4096675870456 0.267041571764319 0.0
0.408099597080238 0.329624711724004 0.0
0.404707338220889 0.391842501864881 0.0
0.39889659260092 0.453486053835253 0.0
0.438091112960816 -0.668962929943191 0.0
0.440146389786932 -0.607262891555066 0.0
0.442515487978779 -0.545398371182522 0.0
0.445110526091663 -0.483378614097196 0.0
0.447869655449962 -0.421201052044388 0.0
0.450746027687861 -0.358858025712708 0.0
0.45369893527375 -0.296340276987025 0.0
0.456686972694481 -0.233638675510872 0.0
0.459662138204512 -0.170745702862688 0.0
0.462564094931226 -0.10765646964022 0.0
0.465313932857381 -0.0443706216206119 0.0
0.467807088533669 0.0191052494050174 0.0
0.469905021111931 0.0827534955267069 0.0
0.471425278945931 0.146539589282257 0.0
0.472129040976018 0.21040247143337 0.0
0.471704323663768 0.274241458173381 0.0
0.469740585564954 0.337896915855392 0.0
0.465687565404778 0.401122197073524 0.0
0.458783860841984 0.463545217314292 0.0
0.499835007034041 -0.669130707818659 0.0
0.501890012237832 -0.607364741012959 0.0
0.504286987266596 -0.545394745534295 0.0
0.506923613191608 -0.483218290703054 0.0
0.509733685565284 -0.420823693123713 0.0
0.512668752537904 -0.358195784963201 0.0
0.515686876105681 -0.295318215108345 0.0
0.518744832042563 -0.232174152811335 0.0
0.521791697127736 -0.168746997804762 0.0
0.524762737066628 -0.105020834136124 0.0
0.527572809272689 -0.0409819461244867 0.0
0.530108841332328 0.0233789808741402 0.0
0.532220782972255 0.0880626357531413 0.0
0.533710219803304 0.153054392365536 0.0
0.534314814112186 0.218311903923631 0.0
0.533685356028101 0.283744782057207 0.0
0.531349389491041 0.349178072151469 0.0
0.5266514351265 0.41428633656223 0.0
0.518641580664581 0.478474374923835 0.0
0.561451554624219 -0.669401536902897 0.0
0.563529184716271 -0.607597100984773 0.0
0.565953168064609 -0.545533317297766 0.0
0.568621161792276 -0.483195044350054 0.0
0.571468341846212 -0.420563394403685 0.0
0.574446885844054 -0.357617481542481 0.0
0.577514414328254 -0.29433418949063 0.0
0.580626144125244 -0.230687344057952 0.0
0.583728359961715 -0.166647390415326 0.0
0.586752062578735 -0.10218092897691 0.0
0.589605980852314 -0.0372511482949372 0.0
0.592168423042904 0.0281814718498755 0.0
0.594277105378236 0.0941570827169222 0.0
0.595715567456612 0.16071276000172 0.0
0.596193185080257 0.227873731691239 0.0
0.595313562883399 0.295635893801039 0.0
0.592522008436949 0.363925453853011 0.0
0.587018670848406 0.432501682894801 0.0
0.577619591562832 0.500705436393068 0.0
