-0.598430280205272 -0.688427203189056 0.0
0.633733967424107 -0.733276356350472 0.0
-0.503836071491241 0.61237245798111 0.0
0.61237245798111 0.61237245798111 0.0
-0.537302702126931 -0.691554177885467 0.0
0.635264555282076 -0.671770074936108 0.0
0.565109833764414 0.564933744437177 0.0
-0.520137493780162 0.534997462628845 0.0
-0.476177913552515 -0.694485408349226 0.0
0.637305422902785 -0.609934293561647 0.0
0.509778506141247 0.537911543718398 0.0
-0.53224662224155 0.461446071423211 0.0
-0.41509540300561 -0.69749805168161 0.0
0.639687925753866 -0.547743839735479 0.0
0.452896428450119 0.521429752945087 0.0
-0.540790473113991 0.390560143280657 0.0
-0.35404111677771 -0.700709541818072 0.0
0.642313156880908 -0.485182191139992 0.0
0.395690924850758 0.510889977111994 0.0
-0.547128995886815 0.321670629635177 0.0
-0.292982199018236 -0.704156726215588 0.0
0.645114933132902 -0.422231618741222 0.0
0.338406364178491 0.504050337113696 0.0
-0.552108017864123 0.254291170752647 0.0
-0.23187048053677 -0.707809030192959 0.0
0.648041713997927 -0.358868961282525 0.0
0.281100883591113 0.499738740911683 0.0
-0.556229772486051 0.18807668089848 0.0
-0.1706531178701 -0.711573417188121 0.0
0.651045655978211 -0.295063654270749 0.0
0.223809562353478 0.497310952668394 0.0
-0.55980313167228 0.122781664529302 0.0
-0.109284447525121 -0.71531896533849 0.0
0.654074567051364 -0.230776335593077 0.0
0.166580162642096 0.496420543624731 0.0
-0.563025176938306 0.0582287872082917 0.0
-0.0477349012543387 -0.718904440894567 0.0
0.657064738858214 -0.165958037102521 0.0
0.109485426695315 0.496955797887193 0.0
-0.566026161783068 -0.00571187849631405 0.0
0.01400509236242 -0.722199970186341 0.0
0.659933611488115 -0.10054884875423 0.0
0.0526634118718445 0.499687764175397 0.0
-0.568896771226822 -0.0691349544810956 0.0
0.0759247150345105 -0.725100610805579 0.0
0.662571379270738 -0.0344767586838714 0.0
-0.00456374157889785 0.499799169211515 0.0
-0.571709585307226 -0.132107015773327 0.0
0.137995323606123 -0.727533180734417 0.0
0.664830710871406 0.032344445352279 0.0
-0.0622042715676923 0.500386185779881 0.0
-0.574556545841318 -0.194669207115698 0.0
0.200173987722105 -0.729458749930208 0.0
0.666513022589444 0.100017956254826 0.0
-0.119482478722346 0.506978005532323 0.0
-0.577792119805324 -0.256836780252531 0.0
0.262407725225448 -0.730873235070639 0.0
0.66734838579165 0.168668742477632 0.0
-0.17655272013844 0.513102411536975 0.0
-0.58008289855565 -0.318924780862394 0.0
0.32463686790488 -0.731807986323009 0.0
0.666962769595768 0.238449883030604 0.0
-0.232999144307563 0.521229976293654 0.0
-0.582612081408863 -0.380962144604749 0.0
0.386799165584558 -0.732331659421905 0.0
0.664819795521317 0.309552732483731 0.0
-0.289979107212876 0.527736795572192 0.0
-0.585823016121386 -0.442765859934613 0.0
0.448834109379085 -0.732554013729316 0.0
0.660108796362803 0.382218810956084 0.0
-0.347485616820519 0.535754790445294 0.0
-0.589012610051569 -0.504374138677934 0.0
0.510688378058326 -0.732631972284557 0.0
0.651517094893619 0.456743988356612 0.0
-0.403556961487675 0.550891359077877 0.0
-0.592278376004141 -0.565824509774032 0.0
0.572324584547272 -0.732778458828746 0.0
0.63678008319677 0.533430499367429 0.0
-0.458472166890865 0.571686733756121 0.0
-0.59531004028169 -0.627165223443952 0.0
-0.534210975026416 -0.630273195287697 0.0
-0.531130845509721 -0.56887844822687 0.0
-0.527891520609688 -0.507339241287018 0.0
-0.524743926872222 -0.445713675405819 0.0
-0.521612125081499 -0.384004953309756 0.0
-0.519012739134019 -0.322065280157126 0.0
-0.51664988969012 -0.259733752887839 0.0
-0.513618970806182 -0.197091088056733 0.0
-0.510797358870435 -0.134226857822802 0.0
-0.508023272763684 -0.0710678898638164 0.0
-0.50521807776191 -0.00755158928754276 0.0
-0.502314463078431 0.0563790280777985 0.0
-0.499232387935503 0.12077921529699 0.0
-0.495862829584658 0.185699628598676 0.0
-0.492051245426447 0.251170606834531 0.0
-0.487580994741635 0.317161232517141 0.0
-0.482173522782774 0.383478352513356 0.0
-0.47558885919284 0.449530407253957 0.0
-0.468159109172459 0.513787472914131 0.0
-0.473071251202999 -0.633179359761768 0.0
-0.469926191025588 -0.571775174179555 0.0
-0.466739763756174 -0.510238851689802 0.0
-0.463634111995499 -0.448558792128874 0.0
-0.460682980896758 -0.386666477224412 0.0
-0.458097980645669 -0.324593425366069 0.0
-0.455582937002543 -0.262363876194456 0.0
-0.452790763093578 -0.199857451605876 0.0
-0.450093653971936 -0.137122219134389 0.0
-0.447440388697467 -0.0741539816415821 0.0
-0.444781743130513 -0.0109469510778565 0.0
-0.442069234148723 0.0524924184864607 0.0
-0.439245623584047 0.116133763612431 0.0
-0.436237191224036 0.179905383578592 0.0
-0.432948310051107 0.2436655338251 0.0
-0.429261016313266 0.307162981437226 0.0
-0.42504545336228 0.369998285928719 0.0
-0.420174248262018 0.431639972461102 0.0
-0.414068177120656 0.491611100602518 0.0
-0.411928978543065 -0.636215644805633 0.0
-0.408754345456728 -0.57482868061587 0.0
-0.405625965533645 -0.513307574325235 0.0
-0.402628203538256 -0.451630832400841 0.0
-0.39982462854303 -0.389792355401378 0.0
-0.397257842499287 -0.327829977215909 0.0
-0.394735291107026 -0.26572924930659 0.0
-0.392119027392725 -0.203444996664459 0.0
-0.389568332427383 -0.141014089633042 0.0
-0.387067971107685 -0.0784636671603035 0.0
-0.384588356144941 -0.0158295792006579 0.0
-0.38209578886381 0.0468329972897057 0.0
-0.379548052171717 0.109440531862978 0.0
-0.37688763585585 0.171873438060605 0.0
-0.374033044412685 0.233972255311574 0.0
-0.37086723153505 0.295548134130648 0.0
-0.367223612709733 0.356419763212496 0.0
-0.362845496544929 0.416480714057755 0.0
-0.35759435662102 0.475878884137115 0.0
-0.350793668579144 -0.639467143428353 0.0
-0.347617537168715 -0.578129874637381 0.0
-0.344566662696538 -0.516674151095743 0.0
-0.341684801347677 -0.455092818233695 0.0
-0.338994497690936 -0.393396699090097 0.0
-0.336475971906133 -0.331608328515313 0.0
-0.334008975071049 -0.269726585009882 0.0
-0.331533976748653 -0.20774933155228 0.0
-0.329119294960904 -0.145716262532011 0.0
-0.326759256371247 -0.0836704551572601 0.0
-0.324432708838587 -0.0216637046977415 0.0
-0.322109893612724 0.0402405368582843 0.0
-0.319747830802361 0.101967942311772 0.0
-0.317281828232416 0.163440076100001 0.0
-0.314614622960553 0.224588822445491 0.0
-0.311605731955224 0.285382344836539 0.0
-0.308066257666379 0.345860874233804 0.0
-0.303809672794199 0.406189137782563 0.0
-0.299009943571149 0.466679892591133 0.0
-0.289653703128868 -0.642965787493488 0.0
-0.28649813016166 -0.581700913508414 0.0
-0.283532379162507 -0.520343530307335 0.0
-0.280758122442696 -0.458893841938489 0.0
-0.278162974029774 -0.397366657627428 0.0
-0.275704951575494 -0.335782409634995 0.0
-0.273306385731723 -0.27415298006663 0.0
-0.270936658527818 -0.212496047703345 0.0
-0.26862299449892 -0.150850737531237 0.0
-0.26635960212513 -0.0892593913430303 0.0
-0.264127001401311 -0.027766537999892 0.0
-0.261894635559177 0.0335836344281929 0.0
-0.259616781670171 0.0947529582269463 0.0
-0.257226437968526 0.155719368478121 0.0
-0.254630051508626 0.216490387273659 0.0
-0.251707594946406 0.277120737275663 0.0
-0.248331457466377 0.337732441086723 0.0
-0.244440676928218 0.398526925590911 0.0
-0.240013822665586 0.459706029310812 0.0
-0.228480769114908 -0.646668914174115 0.0
-0.225364372012105 -0.585478590387196 0.0
-0.222485140376437 -0.524221737540084 0.0
-0.219805996600681 -0.462901897076004 0.0
-0.217289015059762 -0.401535316085184 0.0
-0.21488541491613 -0.340142434120594 0.0
-0.212541381027758 -0.278741519322052 0.0
-0.210236940498343 -0.217355935467397 0.0
-0.207980307820164 -0.156018917848269 0.0
-0.205764293963302 -0.094763597174963 0.0
-0.203571165000302 -0.0336201117069309 0.0
-0.201373391005705 0.0273878715565771 0.0
-0.199131666581128 0.0882477537020589 0.0
-0.196793210713036 0.148964025185503 0.0
-0.194293535757583 0.209563470582485 0.0
-0.191567303528118 0.270098806106327 0.0
-0.188577596966707 0.330643800336849 0.0
-0.185337915195965 0.391261117400237 0.0
-0.181646665850745 0.451950953002498 0.0
-0.167239839892274 -0.65047217356392 0.0
-0.164181424362244 -0.589340809318836 0.0
-0.161387450958205 -0.528164349268059 0.0
-0.158788760910521 -0.466947680845915 0.0
-0.156330856536796 -0.405706785178341 0.0
-0.153964674011471 -0.34446124722179 0.0
-0.15165053321749 -0.283230580948513 0.0
-0.149373521564216 -0.222037153372214 0.0
-0.147134315183356 -0.160906954152549 0.0
-0.144926732062981 -0.0998638037160494 0.0
-0.142737831406005 -0.0389269395959207 0.0
-0.1405483293787 0.0218913809223833 0.0
-0.138332650657878 0.0825881886417184 0.0
-0.136060509859334 0.143172375603613 0.0
-0.133702670440465 0.203665781505565 0.0
-0.131244238615323 0.264103232422995 0.0
-0.128702324591224 0.32452901793463 0.0
-0.126107395799497 0.384998365532375 0.0
-0.123472595769693 0.4456750956142 0.0
-0.105898480093915 -0.654237869594273 0.0
-0.102918140913595 -0.593139510378085 0.0
-0.100207282524637 -0.53201055279203 0.0
-0.0976739066082383 -0.470856401520461 0.0
-0.0952551676440009 -0.409692017056 0.0
-0.0929055213765656 -0.348535398362485 0.0
-0.0905953636611767 -0.287404856647705 0.0
-0.0883141825985303 -0.226319730875175 0.0
-0.0860617160575571 -0.165299987741662 0.0
-0.0838355436592068 -0.104362849452791 0.0
-0.0816300638043455 -0.0435213251229704 0.0
-0.0794371988185801 0.0172170911047378 0.0
-0.0772480043702774 0.0778511690479271 0.0
-0.0750565085551222 0.138386438845057 0.0
-0.072867842617948 0.198833396899086 0.0
-0.0707121578926767 0.259203060209556 0.0
-0.0686614247776957 0.319497015735525 0.0
-0.0668643653670346 0.379698113739603 0.0
-0.0658045976091367 0.439752294785305 0.0
-0.0444339160642942 -0.657822591139819 0.0
-0.0415522478608971 -0.596727543748903 0.0
-0.0389221819139074 -0.535608603174976 0.0
-0.0364396391386853 -0.474471886495414 0.0
-0.0340410322708878 -0.413331439217171 0.0
-0.0316874320095653 -0.352203576145616 0.0
-0.0293582126771292 -0.291104611036657 0.0
-0.0270481210406463 -0.230050604044552 0.0
-0.024759764901916 -0.169056758848508 0.0
-0.0224963734362156 -0.108135303595149 0.0
-0.0202609455086981 -0.0472944275907792 0.0
-0.0180574021211407 0.0134630024892554 0.0
-0.0158931204779487 0.0741406733660906 0.0
-0.0137836214479644 0.134750860876907 0.0
-0.0117604265635087 0.195316436004848 0.0
-0.00988236945067188 0.255875364336477 0.0
-0.00825427817950942 0.316490700504116 0.0
-0.00709787754310146 0.377270426245618 0.0
-0.00724358083056678 0.43835861261738 0.0
0.0171633601241242 -0.66109756794002 0.0
0.0199272339483501 -0.599977085231643 0.0
0.0224793600895112 -0.538831889442768 0.0
0.0249246100927894 -0.477669647523444 0.0
0.0273203425967677 -0.416504035242561 0.0
0.0296960603173564 -0.355349901438902 0.0
0.0320631989157911 -0.294221418854888 0.0
0.0344206331859606 -0.233131541474993 0.0
0.0367605782789781 -0.172091494323132 0.0
0.0390727350917937 -0.11110924981072 0.0
0.0413443643427368 -0.0501885057622619 0.0
0.0435583737570438 0.0106729773458738 0.0
0.0456897542965937 0.0714854407560652 0.0
0.0476998297968125 0.132270612721965 0.0
0.0495275385911534 0.193065924212148 0.0
0.051076255362757 0.253931582091972 0.0
0.0521876533099135 0.3149587248938 0.0
0.0525644851922635 0.376263163378538 0.0
0.0519356228161347 0.437834041681538 0.0
0.0788884880055806 -0.663960813595008 0.0
0.0815194781812572 -0.602789804966349 0.0
0.083998106638645 -0.541586648293554 0.0
0.0864190034820002 -0.480361604888922 0.0
0.0888271444597918 -0.419128566628063 0.0
0.0912401780667064 -0.357901177260559 0.0
0.0936597389251322 -0.296691597753427 0.0
0.0960773347081088 -0.235510138772056 0.0
0.0984784377520694 -0.174365074823287 0.0
0.10084433574508 -0.113261649299382 0.0
0.103151029393837 -0.0522014212023023 0.0
0.105366176046601 0.00881893911832804 0.0
0.107444139271093 0.0698087599462999 0.0
0.109318656210189 0.130784668374627 0.0
0.110892327611762 0.191769842902234 0.0
0.112021554587547 0.252789852030728 0.0
0.112495271292006 0.313855847865036 0.0
0.112065542226795 0.374910787721937 0.0
0.110853860636693 0.435814185198806 0.0
0.140723723739239 -0.666342831850434 0.0
0.143213406890743 -0.605101062210313 0.0
0.145625844981554 -0.5438142726132 0.0
0.148035289690193 -0.482496162865037 0.0
0.150469320662097 -0.421161146631096 0.0
0.152931984373024 -0.359821761601847 0.0
0.155414686590958 -0.298488344026156 0.0
0.15790098190993 -0.237169182208614 0.0
0.160368687976938 -0.175870861798053 0.0
0.162789797871286 -0.114597915832524 0.0
0.165128109778167 -0.0533528670379924 0.0
0.16733507225007 0.00786402682230649 0.0
0.169343836774182 0.0690544296921221 0.0
0.171061345124633 0.130221072988926 0.0
0.172358487094481 0.191364208250196 0.0
0.173060111202141 0.252475207329478 0.0
0.172949985092577 0.313524629399 0.0
0.171852088276693 0.374464863072989 0.0
0.169756105531658 0.435355055186508 0.0
0.202640975121538 -0.668208418456001 0.0
0.204989877666678 -0.606880808877321 0.0
0.207347314264668 -0.545491025250443 0.0
0.209758566882331 -0.484056435754849 0.0
0.212230382606811 -0.422591702001214 0.0
0.214752475997846 -0.361107954811618 0.0
0.217306170873547 -0.299613634474653 0.0
0.219867098176586 -0.238115341906598 0.0
0.222405260599156 -0.176618776158017 0.0
0.224883264074836 -0.115129004542184 0.0
0.227252805370619 -0.0536511581963719 0.0
0.229449676308107 0.00780908781403817 0.0
0.231387304467092 0.0692443966134815 0.0
0.23294899319248 0.130644386882448 0.0
0.233979732541336 0.191992551238275 0.0
0.234281992570847 0.253263228041472 0.0
0.233629433429902 0.31442239489023 0.0
0.231806634120784 0.37545256110674 0.0
0.228623820525695 0.436395309204144 0.0
0.264605297572021 -0.669557016249399 0.0
0.266824462079157 -0.608133647417331 0.0
0.269142282306822 -0.546627556563402 0.0
0.271568828358768 -0.485058974352445 0.0
0.274088623992519 -0.423441722727314 0.0
0.276677581458141 -0.361784643662198 0.0
0.279307831615937 -0.300093701214844 0.0
0.281947748800776 -0.238373515743961 0.0
0.284560016016821 -0.176628810463217 0.0
0.287098403497847 -0.114865166736833 0.0
0.289503266472288 -0.0530902084748756 0.0
0.291695857377732 0.00868542605432424 0.0
0.29357145873055 0.0704465358157208 0.0
0.29499165770468 0.132171788802275 0.0
0.295776974232421 0.193831038082604 0.0
0.295703613326424 0.255384128613489 0.0
0.294508987223168 0.31678450120329 0.0
0.291901984330327 0.377991346706621 0.0
0.287553638571843 0.438980883510073 0.0
0.326577719956592 -0.670423501569573 0.0
0.328689138273581 -0.608899849545104 0.0
0.330986144912656 -0.547269924680415 0.0
0.333440760388516 -0.485554627192461 0.0
0.33601633093592 -0.423764982864284 0.0
0.338676806023092 -0.361906086682212 0.0
0.341386703625484 -0.299980309227098 0.0
0.344108300378765 -0.237989331906008 0.0
0.346797881270771 -0.175935938022892 0.0
0.349401285530864 -0.113825113838059 0.0
0.351848539870336 -0.0516656468123272 0.0
0.354047517663312 0.0105283716390078 0.0
0.355876553949171 0.0727353007449558 0.0
0.357176307570327 0.134923500537028 0.0
0.35774172322428 0.197047624727807 0.0
0.357315723597162 0.259046182121054 0.0
0.355584749715391 0.320841254644568 0.0
0.352170378807229 0.382341149530433 0.0
0.346611860980248 0.443443038425672 0.0
0.388518666725882 -0.670880697632536 0.0
0.390554022437031 -0.609258476620854 0.0
0.392850283661909 -0.547503000729275 0.0
0.395343245758907 -0.485632141293373 0.0
0.397978704753948 -0.423651531903469 0.0
0.400711602714387 -0.361560718756043 0.0
0.403500899461637 -0.299357004550743 0.0
0.406304200702836 -0.237037655223967 0.0
0.409072512379521 -0.174601791616923 0.0
0.411744801241833 -0.112051668568198 0.0
0.414241903474244 -0.0493946341887849 0.0
0.416459568228502 0.0133547109650157 0.0
0.418260429689776 0.0761711599914987 0.0
0.41946495457871 0.139014711251877 0.0
0.419841407342489 0.201824230083234 0.0
0.419094627111284 0.264510852054872 0.0
0.416851155112415 0.326950800893364 0.0
0.412635252261094 0.388977625900562 0.0
0.405835220478348 0.450374830112128 0.0
0.450390749211104 -0.671044312794952 0.0
0.452387705739114 -0.609332998284425 0.0
0.454700968068567 -0.547456208830007 0.0
0.457237657861494 -0.485423990726534 0.0
0.459931871304412 -0.423233950334239 0.0
0.462733147009839 -0.360878417408804 0.0
0.465597072723529 -0.298348163936754 0.0
0.468477995217718 -0.235634270647992 0.0
0.471322715935882 -0.172729730914459 0.0
0.474064355711418 -0.109630608582918 0.0
0.476615711420754 -0.0463381400670151 0.0
0.47886175068506 0.0171385714637431 0.0
0.480650839253011 0.0807780413096611 0.0
0.481784326610056 0.144540026275591 0.0
0.482003565735246 0.208355166307921 0.0
0.48097252575434 0.272111089144368 0.0
0.478251762150803 0.335632342335581 0.0
0.473257246694986 0.398652045599402 0.0
0.465193482461356 0.460775261188685 0.0
0.512160374383186 -0.671080822138571 0.0
0.514155500277048 -0.609299346003385 0.0
0.516496545206638 -0.547310844738252 0.0
0.519075057463553 -0.48511303399262 0.0
0.521820372499583 -0.42269394538086 0.0
0.524680151067919 -0.360038068769529 0.0
0.527608438633783 -0.297128804226053 0.0
0.530557347270528 -0.233949253049711 0.0
0.533470196200328 -0.170483020847206 0.0
0.536274964100961 -0.106714809650532 0.0
0.538877231821351 -0.04263215500512 0.0
0.541152142152694 0.0217720240930219 0.0
0.542934726331745 0.0864946562361459 0.0
0.544007697891964 0.151514989715401 0.0
0.544084741470347 0.21678089805556 0.0
0.542785886595524 0.282186587595448 0.0
0.539598881313998 0.347533128530769 0.0
0.533817442930402 0.412458678435551 0.0
0.524432361233242 0.476316586714909 0.0
0.573797190086688 -0.671219226148085 0.0
0.575815070694561 -0.60939598645299 0.0
0.578183290495328 -0.547307081993538 0.0
0.580793230243694 -0.484936872896449 0.0
0.583575544011763 -0.422265876389646 0.0
0.586478370601325 -0.35927261991505 0.0
0.589455042349058 -0.295933421418019 0.0
0.592455703260219 -0.232221581045991 0.0
0.595420305586173 -0.168107116545276 0.0
0.598271773501043 -0.103556415037547 0.0
0.600908471188779 -0.0385328678134781 0.0
0.603195383978154 0.0270020929479603 0.0
0.604953036991246 0.0930863646038991 0.0
0.605942546620998 0.159752533906289 0.0
0.605843448635744 0.227017451210708 0.0
0.60421850041452 0.294861672249421 0.0
0.6004554809851 0.363183167184502 0.0
0.593672607316373 0.431688708952164 0.0
0.582574279070827 0.499623073192337 0.0
