-0.576057395200084 -0.692045558172566 0.0
0.65677106196265 -0.735954452866005 0.0
-0.475514674186707 0.61237245798111 0.0
0.61237245798111 0.61237245798111 0.0
-0.514934380269737 -0.695169458392799 0.0
0.658153124173985 -0.674428312325875 0.0
0.57027878905785 0.561927687237481 0.0
-0.494836445780976 0.534715530252817 0.0
-0.453817334305028 -0.698107922083735 0.0
0.660069448681536 -0.61255203741549 0.0
0.517446802791304 0.533094466219868 0.0
-0.508670069742149 0.460601301583852 0.0
-0.392748327906783 -0.701139374465611 0.0
0.662333740158851 -0.550299603986128 0.0
0.462251205688427 0.51575794517101 0.0
-0.518197832525044 0.389142327798991 0.0
-0.331712386917311 -0.70439338677413 0.0
0.66483625920083 -0.487653988457076 0.0
0.406423243027694 0.504839122672927 0.0
-0.52509218719607 0.319752953346372 0.0
-0.270672746462429 -0.707909909392174 0.0
0.667502518882562 -0.424596680515888 0.0
0.3503477364188 0.497846286818403 0.0
-0.530366636219788 0.251959776244851 0.0
-0.209575905723964 -0.711653259089226 0.0
0.670273228311915 -0.36110323967034 0.0
0.294135942814883 0.493498621024711 0.0
-0.534619657232155 0.185411415209549 0.0
-0.148363574751618 -0.715519594113084 0.0
0.673092110441564 -0.297141280708194 0.0
0.237854289050957 0.491107044771684 0.0
-0.538219416623949 0.119851704708346 0.0
-0.0869856601536574 -0.719364575465143 0.0
0.675896872713241 -0.232669118502203 0.0
0.181576305316489 0.490312194253768 0.0
-0.54140149358468 0.0550925819367525 0.0
-0.0254099253405017 -0.723033664696744 0.0
0.678611098464615 -0.167635055985919 0.0
0.125400998831762 0.491014732302807 0.0
-0.54432213950531 -0.00900545007230123 0.0
0.0363738491015131 -0.726385547349027 0.0
0.681135881527033 -0.101976204031688 0.0
0.0695241833583806 0.494340120878272 0.0
-0.547090222896047 -0.0725451843189049 0.0
0.098353609523518 -0.729306502591389 0.0
0.683340177054198 -0.0356175669209849 0.0
0.0130472532189697 0.493998051466777 0.0
-0.549791622258201 -0.135600051722456 0.0
0.160497949651838 -0.731717397224719 0.0
0.685048821043101 0.0315296625454706 0.0
-0.0439008272562446 0.493924928913695 0.0
-0.552529122314455 -0.198216949056636 0.0
0.222760062206822 -0.73357603109743 0.0
0.68602624776123 0.0995702015702286 0.0
-0.10036466112009 0.501440900538622 0.0
-0.555682185938299 -0.260415664616935 0.0
0.285082347641084 -0.734877527617506 0.0
0.685952181626314 0.168628177585551 0.0
-0.156706602324262 0.507972332111031 0.0
-0.557879010334957 -0.322533790351852 0.0
0.347400078983967 -0.735654854989784 0.0
0.684381460176087 0.238850724329948 0.0
-0.212304807551363 0.516749679616068 0.0
-0.560323539699432 -0.38459160179381 0.0
0.40964576168404 -0.735980902769284 0.0
0.680672099373288 0.310411839316434 0.0
-0.268570145864226 0.523052808187957 0.0
-0.563480104655079 -0.446396548436439 0.0
0.471753739858303 -0.735972832996453 0.0
0.673847181017339 0.38350860800198 0.0
-0.325400667889259 0.530786979196362 0.0
-0.566641158824521 -0.508001764499554 0.0
0.533666049329957 -0.735799114864431 0.0
0.662315108355793 0.458323537871405 0.0
-0.380373078591195 0.547188544091493 0.0
-0.569894710394178 -0.569449125577951 0.0
0.595341818761319 -0.735689968827888 0.0
0.643312703283176 0.534856410162614 0.0
-0.434020712161745 0.569115045938245 0.0
-0.572929766003376 -0.63078585759213 0.0
-0.511835176252799 -0.633888668025461 0.0
-0.508749360481346 -0.572494293617439 0.0
-0.505520923576083 -0.510952552554804 0.0
-0.502405102236091 -0.449321803153112 0.0
-0.499323497344799 -0.387604987616923 0.0
-0.496800111960622 -0.325640784117467 0.0
-0.494541043387582 -0.263268602923985 0.0
-0.49161280538595 -0.200578252780818 0.0
-0.488906038165069 -0.137649707052069 0.0
-0.486249513494213 -0.0744060483581073 0.0
-0.483554560082373 -0.0107810738436512 0.0
-0.480741250064936 0.0532854646592388 0.0
-0.477712532438135 0.117851313402241 0.0
-0.474335756709378 0.182967741083172 0.0
-0.470423180035795 0.248661275339439 0.0
-0.465711918256898 0.314887168158859 0.0
-0.45986264981389 0.381416716630614 0.0
-0.452572907837786 0.447580360204185 0.0
-0.444191963735524 0.511711754758378 0.0
-0.450698581464153 -0.636799826996676 0.0
-0.447547745469444 -0.575392683406756 0.0
-0.444374615809172 -0.513851826354751 0.0
-0.441304588800358 -0.452163825181908 0.0
-0.43841285693153 -0.390256474103031 0.0
-0.435913626290597 -0.328161087439208 0.0
-0.43350470882099 -0.265903550427937 0.0
-0.4308266706823 -0.203358787487513 0.0
-0.428254710270797 -0.140575447894315 0.0
-0.425730788249499 -0.0775490602482055 0.0
-0.423197143237854 -0.0142744537300759 0.0
-0.420594594199827 0.0492396014825978 0.0
-0.417852161207706 0.112957632587549 0.0
-0.414878536467421 0.176798362624722 0.0
-0.411556340497444 0.240603753442764 0.0
-0.407742773872526 0.304097665987887 0.0
-0.403284385961518 0.366849598923124 0.0
-0.39804435197812 0.428309965140334 0.0
-0.391521858882142 0.488060692091098 0.0
-0.3895633421335 -0.639856997615858 0.0
-0.386383042184356 -0.578470298936835 0.0
-0.38327224664915 -0.516948528146023 0.0
-0.38031791799478 -0.455268636145043 0.0
-0.377583959987074 -0.39342391329286 0.0
-0.375111900199423 -0.331452935187742 0.0
-0.372703556113228 -0.269341170492865 0.0
-0.370214084224625 -0.207043041342683 0.0
-0.367801936798929 -0.144597603997503 0.0
-0.365446539498075 -0.0820346270132966 0.0
-0.363111413293066 -0.0193939053435199 0.0
-0.360754370260988 0.0432635407114511 0.0
-0.358322701184008 0.105845977291259 0.0
-0.355746056425271 0.168223149008419 0.0
-0.352927691217902 0.23022335304235 0.0
-0.349733889917656 0.291646883302795 0.0
-0.345985987436112 0.352308971519947 0.0
-0.341450893502688 0.412114691592644 0.0
-0.33614490746544 0.471228038826564 0.0
-0.328438128874324 -0.643155805622423 0.0
-0.325257178183181 -0.581825484023008 0.0
-0.322229945170367 -0.520377544208616 0.0
-0.319400606585611 -0.458804257648258 0.0
-0.316790252506325 -0.397116825813433 0.0
-0.314376378266879 -0.335338809033884 0.0
-0.312033778924836 -0.273470158404848 0.0
-0.309698211325458 -0.211510282611229 0.0
-0.307435772260958 -0.149501870055014 0.0
-0.305236235573673 -0.0874914417567716 0.0
-0.30307250966824 -0.0255347751096058 0.0
-0.300907322243184 0.0363004201367674 0.0
-0.298688082712412 0.0979360664634603 0.0
-0.296337817520411 0.159292046226483 0.0
-0.293744185023439 0.220303246005534 0.0
-0.290751051182424 0.280949269910374 0.0
-0.287164267123627 0.341294727262409 0.0
-0.282836257753913 0.401544495190935 0.0
-0.278139118514626 0.462067036553918 0.0
-0.267309158690605 -0.646729413679885 0.0
-0.264150730508187 -0.585479475202881 0.0
-0.261215667283918 -0.5241402419409 0.0
-0.258503323473491 -0.462711840551212 0.0
-0.255998157336752 -0.40120992220391 0.0
-0.253654490267392 -0.339656323432601 0.0
-0.25139020454855 -0.278064524108902 0.0
-0.249170880850622 -0.216454166811953 0.0
-0.24702097663215 -0.15486686232685 0.0
-0.244930515630002 -0.0933472120238553 0.0
-0.242874554222341 -0.0319413636365493 0.0
-0.240815542856752 0.0293062341648809 0.0
-0.238698897302107 0.0903596230976791 0.0
-0.236446876523732 0.151202944016839 0.0
-0.2339545507761 0.21185579501039 0.0
-0.231094750703952 0.272392776256422 0.0
-0.227750213573746 0.332964427129131 0.0
-0.223915542296847 0.393804974806676 0.0
-0.21963785283072 0.455112671606688 0.0
-0.206144848732026 -0.650528616757164 0.0
-0.203029005711023 -0.589360551203116 0.0
-0.200188066980462 -0.528131477416645 0.0
-0.197579894707072 -0.466845049785624 0.0
-0.195161943066175 -0.405518477103352 0.0
-0.192881166748004 -0.344173578044196 0.0
-0.190679691892741 -0.282830089882747 0.0
-0.18853425211546 -0.221512890984459 0.0
-0.186450264574577 -0.160256616703196 0.0
-0.18441688628724 -0.0990951014635631 0.0
-0.182411812423136 -0.0380580531583567 0.0
-0.180401976075628 0.0228329565697178 0.0
-0.17834173616444 0.083569685168501 0.0
-0.176172061769851 0.144163757578675 0.0
-0.173824899589117 0.204651976669107 0.0
-0.171240113307655 0.265098778837582 0.0
-0.168405464752772 0.325586633248728 0.0
-0.165378304705813 0.386169921135641 0.0
-0.161919759665135 0.446812926470944 0.0
-0.144906498773492 -0.654437317118849 0.0
-0.141853845553129 -0.593333524168897 0.0
-0.13910612778472 -0.532192007543779 0.0
-0.136586780018952 -0.471017754815028 0.0
-0.1342356281951 -0.409827579951154 0.0
-0.131999146656434 -0.348642188420556 0.0
-0.12983405191886 -0.28748219621017 0.0
-0.127722691921746 -0.226370923002869 0.0
-0.125663411920318 -0.165334961315819 0.0
-0.123647339202175 -0.104398022628052 0.0
-0.121658462551329 -0.0435782820785248 0.0
-0.119674237381054 0.0171142163426036 0.0
-0.11766620224961 0.0776799769096254 0.0
-0.115602923426515 0.138132523679479 0.0
-0.113458537818737 0.198498937330074 0.0
-0.111230536625838 0.258818435760089 0.0
-0.108959857336015 0.319135980456902 0.0
-0.106695114614623 0.379503376122506 0.0
-0.104416322027071 0.440102934446699 0.0
-0.0835584218297938 -0.658304011093688 0.0
-0.0805911477099568 -0.59723594118619 0.0
-0.0779348396658792 -0.536145864143973 0.0
-0.0754884271318927 -0.47503920230585 0.0
-0.0731828646113925 -0.413931565116026 0.0
-0.0709683378609321 -0.352841815941053 0.0
-0.0688122742288519 -0.291789074784333 0.0
-0.0667021626987533 -0.23079329835798 0.0
-0.0646362410634664 -0.169874733382549 0.0
-0.0626106518828093 -0.109050364567045 0.0
-0.0606184895835077 -0.0483323777294953 0.0
-0.0586508677722612 0.0122731066982728 0.0
-0.056699321285116 0.0727665746960034 0.0
-0.0547611674210639 0.133155061432606 0.0
-0.0528501108354001 0.193449122940549 0.0
-0.0510128621972295 0.253655934244582 0.0
-0.0493451476364719 0.313765625045958 0.0
-0.0480196080533925 0.373739964799031 0.0
-0.0475795203209223 0.433494202208454 0.0
-0.0220756707521435 -0.661972022469087 0.0
-0.0192166099979938 -0.600907377447064 0.0
-0.0166497578434755 -0.539827991386231 0.0
-0.0142611340664707 -0.478739963982713 0.0
-0.0119810150532617 -0.417657875004681 0.0
-0.00976677111847931 -0.356598743724635 0.0
-0.00759563595259801 -0.295579516089525 0.0
-0.00546125452570542 -0.234616682217533 0.0
-0.00336574319900399 -0.173725555067597 0.0
-0.00131220724806758 -0.112918026389808 0.0
0.000695977941600492 -0.0522014242533497 0.0
0.00265359778758345 0.00842282816500249 0.0
0.00455029794057735 0.0689604886247186 0.0
0.00636469815799914 0.129426567966682 0.0
0.0080551513575978 0.189847434341357 0.0
0.00954804071465245 0.250265884300906 0.0
0.0107213303741721 0.310753703591742 0.0
0.0113302722429499 0.371438187934073 0.0
0.0104175913907941 0.432489265673261 0.0
0.039552031204083 -0.66530142296576 0.0
0.0422815946999352 -0.604209156079352 0.0
0.0447614985879305 -0.543101279072163 0.0
0.0471064530804713 -0.481985518510378 0.0
0.0493793021870985 -0.420876076705276 0.0
0.0516123346165311 -0.359788434828774 0.0
0.0538181226813714 -0.298737278748169 0.0
0.055995620475739 -0.237735824289815 0.0
0.0581364136254815 -0.176795181745596 0.0
0.0602289634818685 -0.115922682116078 0.0
0.0622584759377981 -0.0551206787343706 0.0
0.0642045247411324 0.00561535867483934 0.0
0.0660367509627036 0.0662992625674533 0.0
0.0677081465454304 0.126958167611578 0.0
0.0691455024504986 0.18763750207273 0.0
0.0702362534079 0.248409314970271 0.0
0.070802683411394 0.309382167501422 0.0
0.0705170575077931 0.370693017984071 0.0
0.0691149828533223 0.432323817699308 0.0
0.101319185706528 -0.668181817609618 0.0
0.103902334735765 -0.607034954726661 0.0
0.106299541362498 -0.545864469605624 0.0
0.108614325747925 -0.484680902803305 0.0
0.110895944245868 -0.423498776155391 0.0
0.113163612196497 -0.362332372680784 0.0
0.115418933621332 -0.301194309052486 0.0
0.117652342737881 -0.240095057912926 0.0
0.119847417167104 -0.179042657468763 0.0
0.12198267611699 -0.118041590243275 0.0
0.124030157817038 -0.0570919846031912 0.0
0.125951800095022 0.00381174185153282 0.0
0.127693700105573 0.0646820942391138 0.0
0.129177866372845 0.12553970239124 0.0
0.130291009089438 0.186411979279595 0.0
0.130869436335041 0.247327257650066 0.0
0.130678560347081 0.308293580845801 0.0
0.129455843332397 0.369234245528899 0.0
0.12739980167892 0.42998211655125 0.0
0.163206221794296 -0.670538112907369 0.0
0.165633284561153 -0.609314942557996 0.0
0.167955216233212 -0.548054274069248 0.0
0.170253365096807 -0.486770455991922 0.0
0.172557901048114 -0.425478734627002 0.0
0.174872976412431 -0.364192372682316 0.0
0.177188673096328 -0.302922203040352 0.0
0.179486214481724 -0.241676738056923 0.0
0.181740138547999 -0.180462481780546 0.0
0.183918007159989 -0.119283547275041 0.0
0.185977609638423 -0.0581416908868224 0.0
0.18786219440798 0.00296387284795246 0.0
0.189493791049331 0.064035881907203 0.0
0.190764637399987 0.125077597381685 0.0
0.191527168012782 0.186088193200397 0.0
0.19158507484367 0.247054759388793 0.0
0.190703369123037 0.307938861287747 0.0
0.188709798745365 0.36868428259597 0.0
0.185662406070115 0.429373009632989 0.0
0.225182353642263 -0.672332113055853 0.0
0.227453410958389 -0.611016416360855 0.0
0.229711818856744 -0.549644734961229 0.0
0.232007394661078 -0.488235572654637 0.0
0.234347413914275 -0.426804675710637 0.0
0.236720095354108 -0.365364026540436 0.0
0.239104098281298 -0.30392267910138 0.0
0.241471437019104 -0.242487661805231 0.0
0.243787427853378 -0.181064973152925 0.0
0.246008589116643 -0.119659919667671 0.0
0.248078639985552 -0.0582779185177427 0.0
0.249922912744569 0.00307483157912913 0.0
0.251441308951112 0.0643899085141218 0.0
0.252500179682984 0.125654805727357 0.0
0.252924420121953 0.186849317164968 0.0
0.252495087902331 0.247942323560947 0.0
0.250969020385408 0.308894270411793 0.0
0.248132696002854 0.36968965734491 0.0
0.243831901244772 0.430393866307417 0.0
0.287209419708356 -0.673562649891655 0.0
0.289336053746776 -0.61214361990746 0.0
0.291547421794718 -0.55064646558636 0.0
0.293854930712435 -0.489093065040785 0.0
0.296241364583469 -0.427498526538105 0.0
0.298679529089081 -0.365872623643015 0.0
0.301137600473713 -0.304222038527934 0.0
0.303579109761634 -0.242552048299616 0.0
0.305960713877107 -0.180868109770031 0.0
0.308228535735649 -0.119176755027054 0.0
0.310313132928127 -0.057486944515943 0.0
0.312123245743929 0.00418874055830436 0.0
0.313538438390171 0.0658322723794815 0.0
0.314401136359246 0.127418314489115 0.0
0.314509624780123 0.188911368160097 0.0
0.313616510962261 0.250264907962635 0.0
0.311438795193894 0.311426779090007 0.0
0.307676502504432 0.372356113495676 0.0
0.302012736587405 0.433041148966958 0.0
0.349245028152552 -0.674266327423272 0.0
0.351250866309371 -0.612738767302689 0.0
0.353435619880915 -0.551107701569407 0.0
0.355769028320162 -0.489396056399118 0.0
0.358210437669761 -0.427616164338839 0.0
0.360719212966402 -0.365773981616095 0.0
0.363254765384494 -0.303872587262192 0.0
0.365773419211879 -0.241914454778253 0.0
0.368224199569992 -0.179903441588299 0.0
0.370543843735594 -0.117846085155957 0.0
0.372650858818904 -0.0557534237762234 0.0
0.374438602702364 0.00635723059602257 0.0
0.375767397661377 0.0684597289247423 0.0
0.376456099086815 0.130516304657829 0.0
0.376274237077393 0.192473635705585 0.0
0.374936841761397 0.254260560950021 0.0
0.372102764082885 0.315788968690331 0.0
0.367371043074149 0.376959385377292 0.0
0.360271968161242 0.437668927351505 0.0
0.411246273526956 -0.674520316173325 0.0
0.413165718841257 -0.612885549421446 0.0
0.415345913747598 -0.551118169608342 0.0
0.417716689052941 -0.489238108180795 0.0
0.420217841535772 -0.427252022087652 0.0
0.422798514584629 -0.365160022338262 0.0
0.425411606275697 -0.302959928024722 0.0
0.428007802615334 -0.240649756289927 0.0
0.430529722668879 -0.178229848818973 0.0
0.432905856311614 -0.115704395547656 0.0
0.435043835611819 -0.0530836948001756 0.0
0.436822837955031 0.00961329432297294 0.0
0.438084956345771 0.0723550893069884 0.0
0.43862565480596 0.135092879548582 0.0
0.438183502870834 0.19775354946545 0.0
0.436429190936324 0.260232670235004 0.0
0.432951586612518 0.322387602332849 0.0
0.427235840957252 0.384031285412366 0.0
0.418638299776468 0.444929435632833 0.0
0.473172807542556 -0.67444798720002 0.0
0.475047108312392 -0.612715580251011 0.0
0.477242510125902 -0.550815712636424 0.0
0.479656950862101 -0.488759962326927 0.0
0.482217054728177 -0.426546316906769 0.0
0.484865702975256 -0.364167150147457 0.0
0.487551680231145 -0.30161336440349 0.0
0.490221576395611 -0.238876523966893 0.0
0.492812759849493 -0.175950692399748 0.0
0.495246541320624 -0.112833868293659 0.0
0.497420816526178 -0.0495304757348641 0.0
0.499201811762275 0.013945378154771 0.0
0.500414518090691 0.0775645789591857 0.0
0.500831425781574 0.141275506664427 0.0
0.500158636605367 0.204992215445516 0.0
0.498017483446772 0.268578813683831 0.0
0.493917465922948 0.331827665473911 0.0
0.48721495882205 0.394429976465587 0.0
0.477053501065071 0.455941810420549 0.0
0.534988676158978 -0.674228012463933 0.0
0.536858288871402 -0.612417751646068 0.0
0.539081220631128 -0.550394809936397 0.0
0.541537764438621 -0.488157242337096 0.0
0.544149040611209 -0.425692615392155 0.0
0.546855547722392 -0.362984846397007 0.0
0.549603956203901 -0.300016941067068 0.0
0.552337860460476 -0.23677195457317 0.0
0.554990122546335 -0.173233977827962 0.0
0.557475550170782 -0.10938900198345 0.0
0.559683022399688 -0.0452270903552363 0.0
0.561466526049727 0.0192543838379887 0.0
0.562634369176463 0.0840448916008698 0.0
0.562935528035657 0.149111548706335 0.0
0.562040947997865 0.21438282936627 0.0
0.559516115556023 0.279722267964638 0.0
0.554778827400362 0.344882915715639 0.0
0.547034582005203 0.409429294654282 0.0
0.535172497358554 0.472608681199602 0.0
0.596661738966557 -0.674108161412027 0.0
0.59855433996911 -0.612250150353496 0.0
0.600804663247924 -0.550114761378764 0.0
0.603292565833197 -0.487685504099439 0.0
0.605940366340408 -0.424941849817049 0.0
0.608688754353425 -0.36186129154737 0.0
0.611483175928187 -0.298419155410639 0.0
0.614264488307229 -0.234587834388133 0.0
0.616961104031304 -0.170336638454829 0.0
0.619481284229095 -0.105631671527745 0.0
0.621704624133131 -0.0404368580956352 0.0
0.623472015867482 0.0252843700930857 0.0
0.624572908383925 0.09156536331851 0.0
0.624727885873145 0.158429773205596 0.0
0.623562590944013 0.225877848643623 0.0
0.620566253200882 0.293859754686522 0.0
0.61502395751697 0.362217407786593 0.0
0.605910273415927 0.430552979460956 0.0
0.591741122965166 0.497918524176482 0.0
