-0.548239909882529 -0.696215264871129 0.0
0.685403325315553 -0.738025574858315 0.0
-0.441572058200836 0.61237245798111 0.0
0.61237245798111 0.61237245798111 0.0
-0.487119843796616 -0.699286970060988 0.0
0.686559672811576 -0.676475972375259 0.0
0.576825442938463 0.558669931370204 0.0
-0.464375918494596 0.534492341997254 0.0
-0.426009658741325 -0.702185948212495 0.0
0.688277300618431 -0.614551775996152 0.0
0.527029412994651 0.527665107739507 0.0
-0.480249904485648 0.459745307352961 0.0
-0.364954239436013 -0.705191905224424 0.0
0.69034913024168 -0.552226241156558 0.0
0.473791285589913 0.509369898981995 0.0
-0.490925770374779 0.3876127087377 0.0
-0.303937381990295 -0.708448807270026 0.0
0.692652621485586 -0.489481913323985 0.0
0.41955226024127 0.498088788070908 0.0
-0.498447245984901 0.317628918988081 0.0
-0.242917606782923 -0.712000094189026 0.0
0.695103415809191 -0.4262994766314 0.0
0.364875385754318 0.490983886090411 0.0
-0.504032231526722 0.249341998426165 0.0
-0.181835072161825 -0.71580366516208 0.0
0.69763296140351 -0.362653086347978 0.0
0.309929566221456 0.48663602280905 0.0
-0.508396715323174 0.182394779827968 0.0
-0.120625089499279 -0.719742489062096 0.0
0.70017488153941 -0.298508321472029 0.0
0.254814221552585 0.484305933158807 0.0
-0.511981057743177 0.116518810366198 0.0
-0.0592324586654103 -0.723656086667889 0.0
0.70265479025225 -0.233820889906626 0.0
0.19963090090826 0.483622998909718 0.0
-0.515067538704337 0.0515132692904844 0.0
0.00237800261477706 -0.727374132793632 0.0
0.704981073177475 -0.168536045458008 0.0
0.144507598410024 0.484493967660942 0.0
-0.517843833380376 -0.0127728305209571 0.0
0.0642170299417966 -0.730741926128452 0.0
0.707035291442611 -0.102587613351595 0.0
0.0897302876547866 0.488594806563478 0.0
-0.52044072190137 -0.0764521241552523 0.0
0.12627086438481 -0.733635628692594 0.0
0.708661008878186 -0.0358974029805231 0.0
0.0340990085238263 0.487617862841636 0.0
-0.522960069141394 -0.139606313939674 0.0
0.188504631769516 -0.735969381157799 0.0
0.709649712081262 0.0316259601781163 0.0
-0.0220289576838775 0.486543263073306 0.0
-0.525517652669226 -0.202289274139695 0.0
0.250866808753894 -0.737697418134796 0.0
0.709721338786615 0.100088180640669 0.0
-0.0774898637249069 0.495320874417917 0.0
-0.528522666852506 -0.264526612828908 0.0
0.313294284854842 -0.73881417436738 0.0
0.708494699974023 0.169610947666829 0.0
-0.133027615319279 0.502288167009383 0.0
-0.530558465270922 -0.326681499010085 0.0
0.375716383104314 -0.739354701270067 0.0
0.705438085074883 0.240331585838874 0.0
-0.187678204870155 0.511820520621259 0.0
-0.532852540575542 -0.388764707410528 0.0
0.438059520856415 -0.739396972376084 0.0
0.699780562732962 0.312397795619091 0.0
-0.243197692893218 0.517812419839863 0.0
-0.535894300473612 -0.450572721442141 0.0
0.500252152539697 -0.739066885089141 0.0
0.690342733081909 0.385941309202139 0.0
-0.2993318758696 0.525009402983683 0.0
-0.538971787627778 -0.512176096138106 0.0
0.562231112922468 -0.738546444816233 0.0
0.675198736412148 0.460980613760058 0.0
-0.353024603831255 0.542911495791801 0.0
-0.542161522016023 -0.573621944123769 0.0
0.623951807957468 -0.738086104658292 0.0
0.651015179610768 0.537085604087214 0.0
-0.4053233691103 0.566040544229567 0.0
-0.54515202273906 -0.63495600817461 0.0
-0.48406021673835 -0.638004169884514 0.0
-0.481016333532622 -0.576608164659408 0.0
-0.477850234430416 -0.515061430098817 0.0
-0.474821876277803 -0.453422736622696 0.0
-0.471849830956093 -0.391694664102308 0.0
-0.469466445865623 -0.329700160076956 0.0
-0.467380599561512 -0.267279124452754 0.0
-0.464624881920916 -0.204531414468072 0.0
-0.46210472791372 -0.141526066721811 0.0
-0.459637742139001 -0.0781815989044721 0.0
-0.457123253690716 -0.0144274577479783 0.0
-0.454466205205553 0.0498005309158489 0.0
-0.451549132758164 0.114563072693593 0.0
-0.448211050533213 0.179911987409717 0.0
-0.444224539604574 0.245868593423278 0.0
-0.439272077282422 0.312369695061713 0.0
-0.432945136032834 0.37913912366377 0.0
-0.424881158043298 0.445402955868007 0.0
-0.41550684812842 0.509313472278317 0.0
-0.422924953554115 -0.640873206381646 0.0
-0.419816088331268 -0.579460478849999 0.0
-0.41670817335549 -0.517912344453523 0.0
-0.413730248502669 -0.456213299647848 0.0
-0.410959093727389 -0.394286868015884 0.0
-0.408611676069948 -0.332164322631461 0.0
-0.406378822335935 -0.269873298294408 0.0
-0.403886636341311 -0.207282922666996 0.0
-0.401513421760903 -0.14444286149105 0.0
-0.399193002520926 -0.0813483479305679 0.0
-0.396857469766562 -0.0179950504888744 0.0
-0.394435004874489 0.0456052699779062 0.0
-0.391838561916863 0.109410589362829 0.0
-0.388956636881008 0.173327338985591 0.0
-0.385647708610844 0.237176511200056 0.0
-0.381743391130674 0.300649923249179 0.0
-0.377070728612583 0.36327765329841 0.0
-0.371499008099706 0.424490105932721 0.0
-0.36466555348862 0.483959707489409 0.0
-0.361795563008213 -0.643907363113056 0.0
-0.358657447945539 -0.582518998434816 0.0
-0.355616981261522 -0.520994749082088 0.0
-0.35276401994505 -0.459309831892579 0.0
-0.350162687424022 -0.397456925840919 0.0
-0.347853066657115 -0.335475556676451 0.0
-0.345630371203985 -0.273351013509177 0.0
-0.343341606703604 -0.21103725229354 0.0
-0.341144053284526 -0.148576180289379 0.0
-0.339010826829923 -0.0860008694121586 0.0
-0.336897424541148 -0.0233560764046188 0.0
-0.334751951517925 0.0392898144014897 0.0
-0.332509993132937 0.101834721155743 0.0
-0.330087365513421 0.16413495533438 0.0
-0.327371727818711 0.226003548143448 0.0
-0.32421389321348 0.287227754479547 0.0
-0.320428422312544 0.347620156982869 0.0
-0.315825729865405 0.40710356376932 0.0
-0.310631182706245 0.465859929196008 0.0
-0.300679617393878 -0.647214751161578 0.0
-0.297541908791052 -0.585890807979363 0.0
-0.294592182144045 -0.524450648766882 0.0
-0.291874925552415 -0.462885967193049 0.0
-0.289409352220746 -0.401208501455627 0.0
-0.287169629275806 -0.339443078864497 0.0
-0.285024687974392 -0.277590918441948 0.0
-0.282904689372523 -0.215653331542315 0.0
-0.280873044370795 -0.153676736097454 0.0
-0.278914211585888 -0.0917118702141289 0.0
-0.276994279503604 -0.029819355973469 0.0
-0.275067487818611 0.0319279810387159 0.0
-0.27307056203433 0.0934477162576173 0.0
-0.270913110126072 0.154658201190057 0.0
-0.268466754242498 0.215498988839539 0.0
-0.265559989663135 0.275965259116855 0.0
-0.261998537864874 0.336153379605085 0.0
-0.25769071314586 0.396317861140143 0.0
-0.253238431252953 0.456887834992285 0.0
-0.239560723305174 -0.650829766930625 0.0
-0.236447906240726 -0.589595762973665 0.0
-0.233598672292019 -0.528276790627815 0.0
-0.231009455018862 -0.466872960671314 0.0
-0.228660849492057 -0.405400975312204 0.0
-0.226502723792857 -0.343884352584356 0.0
-0.224447668627645 -0.282338448815932 0.0
-0.222456741947508 -0.220785239478047 0.0
-0.220551118854331 -0.159269295049866 0.0
-0.218715952406549 -0.0978378149474868 0.0
-0.216920030136218 -0.0365386658861741 0.0
-0.215117889682894 0.0245837759065708 0.0
-0.213245079951831 0.0854968115999569 0.0
-0.211212205875702 0.146192895052369 0.0
-0.208902724180249 0.206707169765587 0.0
-0.206184318040032 0.26713899231738 0.0
-0.202957149962168 0.327672839354251 0.0
-0.199284507708499 0.388578252401031 0.0
-0.195281345485919 0.450041040840855 0.0
-0.178403428708925 -0.654695077849124 0.0
-0.175337283334233 -0.593551644189238 0.0
-0.1725911477858 -0.532354333554889 0.0
-0.170116742314468 -0.471106964082316 0.0
-0.167865948039262 -0.409827881453208 0.0
-0.165780604226603 -0.348540497330424 0.0
-0.163797996019226 -0.28726621424723 0.0
-0.161890940697224 -0.226031616790876 0.0
-0.160061566116448 -0.164872875568986 0.0
-0.158294810745604 -0.103824443366964 0.0
-0.156563194138897 -0.0429151988681134 0.0
-0.154827528989436 0.0178361981540101 0.0
-0.153035424957576 0.0784271838580666 0.0
-0.151121713074408 0.138878351179525 0.0
-0.14901616566408 0.199238652575711 0.0
-0.146667787226052 0.259585930465468 0.0
-0.144096355629836 0.320010746972551 0.0
-0.14140992351506 0.380553475655966 0.0
-0.138321644280429 0.441136166783301 0.0
-0.117164734564202 -0.65868030229761 0.0
-0.114168013236526 -0.597607399430454 0.0
-0.111524504402742 -0.536506128575107 0.0
-0.109148763104345 -0.475381571375094 0.0
-0.106973816571764 -0.414251470251522 0.0
-0.104940803130122 -0.353137769375364 0.0
-0.103002145794988 -0.292062278138564 0.0
-0.101136955163626 -0.231049321580611 0.0
-0.0993408815848522 -0.17012606297655 0.0
-0.0976020301142242 -0.10931590507521 0.0
-0.0959010690077913 -0.0486355647612986 0.0
-0.0942121346732136 0.0119077216375901 0.0
-0.0925042226090455 0.0723186836880876 0.0
-0.0907458715552574 0.132616265056689 0.0
-0.0889170498309378 0.192833350594376 0.0
-0.0870318510159218 0.253013440771793 0.0
-0.0851600041928975 0.313201039404105 0.0
-0.0833689809711083 0.373443851216056 0.0
-0.0815871329024502 0.433946522001146 0.0
-0.0558052136283586 -0.662617378614087 0.0
-0.0529026114531884 -0.601583371405193 0.0
-0.0503603433393981 -0.54053815645381 0.0
-0.0480665372677808 -0.479487105910777 0.0
-0.0459447564824083 -0.418446505183784 0.0
-0.0439400966390106 -0.357436138167013 0.0
-0.042016463146375 -0.296475979348571 0.0
-0.0401590144267137 -0.235586626004358 0.0
-0.0383643186757247 -0.174788583512347 0.0
-0.0366270308942673 -0.114098512381686 0.0
-0.0349390749423103 -0.0535276515134731 0.0
-0.0332912103675346 0.00691933552312545 0.0
-0.0316764613091666 0.0672445375328398 0.0
-0.0300973588981835 0.12745588964949 0.0
-0.0285794353017403 0.187562386565591 0.0
-0.027190672203561 0.247563913283286 0.0
-0.0260558024024507 0.307432978957838 0.0
-0.0253738422646592 0.36710095805317 0.0
-0.0257520424958335 0.426440469257449 0.0
0.00570248716451328 -0.666333936692296 0.0
0.00848545669812426 -0.60530348228316 0.0
0.0109279518998895 -0.544269730372085 0.0
0.013155686268981 -0.483238657337724 0.0
0.0152456740949994 -0.422225371048424 0.0
0.0172449431704574 -0.361247631256728 0.0
0.0191787850358752 -0.300323058007885 0.0
0.0210548056486097 -0.239468604243822 0.0
0.0228713505603459 -0.178699701475166 0.0
0.0246252466136237 -0.118027880951895 0.0
0.026312326859652 -0.057459565697708 0.0
0.0279253267452333 0.00300529992212787 0.0
0.0294496448830162 0.0633745366248304 0.0
0.0308560637581868 0.123665820880536 0.0
0.0320900539670924 0.183908974885977 0.0
0.0330600632447639 0.244152054461686 0.0
0.0336245822083592 0.30447777938946 0.0
0.0335146187241617 0.365039432640882 0.0
0.031621692997438 0.426041055032936 0.0
0.0673693525733003 -0.669677028042822 0.0
0.070008825885061 -0.608616430677706 0.0
0.0723535923268931 -0.547551572682948 0.0
0.0745299828736417 -0.486490130380905 0.0
0.0766073437863884 -0.425446826972316 0.0
0.0786212686287496 -0.364437814771824 0.0
0.0805856598097072 -0.303478335336271 0.0
0.0824995117835688 -0.242581888677537 0.0
0.0843535579818295 -0.181759448247936 0.0
0.0861346138794289 -0.121017609093908 0.0
0.0878251815335954 -0.0603571819212019 0.0
0.0894005043651673 0.000229005040974842 0.0
0.090823391599029 0.0607589635541806 0.0
0.092036401964754 0.121266205010385 0.0
0.092951437381996 0.18180574808808 0.0
0.093436865682829 0.242464048772897 0.0
0.0932924037701777 0.303370879799339 0.0
0.0921548103405099 0.3646877051989 0.0
0.089770022121473 0.426383294545791 0.0
0.129188924706824 -0.672526592610815 0.0
0.131665806973553 -0.611406733308696 0.0
0.133916815754799 -0.550273866904921 0.0
0.136055948180021 -0.489138738902679 0.0
0.138137528075755 -0.428016527028048 0.0
0.140182627806051 -0.366922213510067 0.0
0.142192798904442 -0.30586892222118 0.0
0.144157157515531 -0.244867305282304 0.0
0.146056949512096 -0.183925124884959 0.0
0.147867274278761 -0.123045981728278 0.0
0.149555268992572 -0.0622283503402499 0.0
0.151075810388326 -0.0014640588948963 0.0
0.152364839695102 0.0592630022810724 0.0
0.15333006248459 0.119977871647511 0.0
0.15383899807715 0.180712265753875 0.0
0.153703968039494 0.24149628697984 0.0
0.152662550316685 0.302331249024714 0.0
0.150434427213261 0.363112039563602 0.0
0.147305230444861 0.423638363332956 0.0
0.191139292633798 -0.674801228993751 0.0
0.193442426016306 -0.613598728670751 0.0
0.195607185475577 -0.55236809334348 0.0
0.197723272541439 -0.491124326026326 0.0
0.199823923291713 -0.429883595148484 0.0
0.20191341645406 -0.368659994674861 0.0
0.203980251278541 -0.307464944628046 0.0
0.206002851064353 -0.246307244166051 0.0
0.207951800733465 -0.185193346996089 0.0
0.209789310149783 -0.124126951591053 0.0
0.211465909406933 -0.0631090530605358 0.0
0.212914956568251 -0.00213789301040214 0.0
0.214045115676084 0.0587900667042937 0.0
0.214731054387766 0.119677885218276 0.0
0.214803315792791 0.18052208045203 0.0
0.214040654076591 0.241302602640145 0.0
0.212185780982756 0.301967906257327 0.0
0.209069510892004 0.362450500389882 0.0
0.204834547809906 0.422862547322876 0.0
0.253186354332702 -0.676459491753305 0.0
0.255315285190981 -0.615156844343016 0.0
0.257406167900556 -0.553805927194183 0.0
0.259514159578234 -0.492426507255322 0.0
0.261647167763754 -0.431035592492655 0.0
0.263791642949442 -0.369646189462463 0.0
0.265923077605208 -0.308268123993456 0.0
0.268009175057275 -0.246909006822427 0.0
0.270009659601124 -0.185575308540113 0.0
0.271873789376647 -0.124272799386716 0.0
0.273535788287535 -0.0630075153288942 0.0
0.274908580801113 -0.0017867108581101 0.0
0.275876097093643 0.0593792404753808 0.0
0.27628477762545 0.120474339220692 0.0
0.275936009365496 0.181472677296642 0.0
0.274585698736915 0.242335101938245 0.0
0.271970284599121 0.303014008721972 0.0
0.267877937622087 0.363495328115958 0.0
0.26220071170172 0.423874534561725 0.0
0.315288075842505 -0.677499711907255 0.0
0.317255016261648 -0.616085090701232 0.0
0.319289771769376 -0.5545981024752 0.0
0.321405335751156 -0.493062546015752 0.0
0.323582450067916 -0.431495081186522 0.0
0.325790248615835 -0.369906649111303 0.0
0.327992219422248 -0.308304878530963 0.0
0.330146147138453 -0.246695959778186 0.0
0.332201547445088 -0.185086409303603 0.0
0.33409550475011 -0.123484156315343 0.0
0.335747040185199 -0.0619001302766141 0.0
0.337050227714334 -0.000349757891760753 0.0
0.337866294239886 0.0611448358146218 0.0
0.338015391443037 0.122552577748189 0.0
0.337269946598099 0.18383036535978 0.0
0.335354862904421 0.24492254802378 0.0
0.331962746887764 0.305768334393461 0.0
0.326783334584629 0.366324645405394 0.0
0.319517953279791 0.426593543488706 0.0
0.377398021898848 -0.677960664800235 0.0
0.379228523511473 -0.616428065118906 0.0
0.381229474558488 -0.554795479058815 0.0
0.383367957369414 -0.493088266510075 0.0
0.38559860997144 -0.431320387589755 0.0
0.387875378894433 -0.36949892697705 0.0
0.390151630194046 -0.307627943275256 0.0
0.392376648353907 -0.245711034378429 0.0
0.394490896492656 -0.183753582518378 0.0
0.396420420269533 -0.121764309308216 0.0
0.398070258095517 -0.059757395758827 0.0
0.399316877184216 0.00224538192019508 0.0
0.399999727548908 0.064211661938405 0.0
0.399912459542591 0.126095261804859 0.0
0.398795191242362 0.187831867040289 0.0
0.396330517265415 0.24933675059915 0.0
0.39214511603332 0.310506849571381 0.0
0.385812294052912 0.371230019457094 0.0
0.376854209412068 0.431400861544847 0.0
0.439469426953555 -0.677924686017921 0.0
0.441201099129068 -0.61627491293778 0.0
0.443192643878702 -0.554493469703336 0.0
0.445366906367406 -0.492602829296357 0.0
0.447656612381713 -0.430610982582708 0.0
0.45000404829596 -0.368518849004539 0.0
0.45235494096572 -0.306325029492894 0.0
0.454651807307018 -0.244028651434654 0.0
0.456827403244909 -0.181631799167371 0.0
0.458797954909142 -0.119141361909398 0.0
0.460455713773091 -0.0565716962324587 0.0
0.461660643496052 0.00605229455537721 0.0
0.462231114868545 0.0686906121018533 0.0
0.461933796363082 0.131282509792632 0.0
0.460473111448849 0.19373858210746 0.0
0.457480549399649 0.255933019344856 0.0
0.452501927272932 0.31769677637168 0.0
0.44497801110285 0.378813072289932 0.0
0.434229034632214 0.43902058811785 0.0
0.50145860874502 -0.677524129749867 0.0
0.503136937000637 -0.615766767417399 0.0
0.505141233750694 -0.553839741522143 0.0
0.507358650932553 -0.491756600387695 0.0
0.509706990779903 -0.429515928560442 0.0
0.512121253178742 -0.367110304336107 0.0
0.51454217063319 -0.304530964275453 0.0
0.516907177633905 -0.241770275957504 0.0
0.519142556386991 -0.178823881911234 0.0
0.521155803960259 -0.115692506196643 0.0
0.52282746919128 -0.052384964323747 0.0
0.524002055982542 0.0110778253510874 0.0
0.524477568782245 0.0746564298652588 0.0
0.523993305426972 0.138283881157258 0.0
0.522215013237626 0.201851835849959 0.0
0.518715567903172 0.265192505451008 0.0
0.512947044642701 0.328054270266815 0.0
0.504199410645157 0.390070280348608 0.0
0.491548094361933 0.450726895935038 0.0
0.56332710074404 -0.67695191768841 0.0
0.564997156993407 -0.615107664636536 0.0
0.567028367102372 -0.553044186978534 0.0
0.569287768230486 -0.490760123637355 0.0
0.571686761583524 -0.428242639540418 0.0
0.574157349557015 -0.365475120905593 0.0
0.576637456708921 -0.302440274088054 0.0
0.579060604920623 -0.239121311452281 0.0
0.581347340178304 -0.175503184536853 0.0
0.583397023753415 -0.111573813379488 0.0
0.585079024514403 -0.0473268366088251 0.0
0.586222700239381 0.017234238412056 0.0
0.586605344913667 0.0820887583377817 0.0
0.585936918180812 0.147187491119929 0.0
0.583839211798566 0.212432855450396 0.0
0.579815599266055 0.277647205300498 0.0
0.573205534591089 0.342519009612576 0.0
0.563118198949075 0.406513283979772 0.0
0.548335575008437 0.46873225047457 0.0
0.625041081056028 -0.676477763382635 0.0
0.626734242552849 -0.614578667182825 0.0
0.628792794279557 -0.552388517598531 0.0
0.631082992977989 -0.489889998305024 0.0
0.633517271801362 -0.427061480236483 0.0
0.636027456194129 -0.363879360238803 0.0
0.638549604201068 -0.300317931117023 0.0
0.641013539589292 -0.236348685146022 0.0
0.643334005419277 -0.171940323947697 0.0
0.645401943339969 -0.107058935703446 0.0
0.64707482665025 -0.0416695377199285 0.0
0.648165181413584 0.0242613823486806 0.0
0.648425876579161 0.0907607305059373 0.0
0.647529785951445 0.157839888485381 0.0
0.645039197763429 0.225476653361711 0.0
0.640357343767732 0.293580406615144 0.0
0.632650759583672 0.361918158009906 0.0
0.620733070303699 0.429952726297685 0.0
0.602923269230894 0.496480268405956 0.0
