-0.540797149727237 -0.697262538350695 0.0
0.693050787423098 -0.738223806771742 0.0
-0.432911026477814 0.61237245798111 0.0
0.61237245798111 0.61237245798111 0.0
-0.479677034335733 -0.700303545979779 0.0
0.694133929479703 -0.676668493698638 0.0
0.57855737539391 0.557927731402678 0.0
-0.456574413976882 0.534453030632586 0.0
-0.418567920819665 -0.70317533881619 0.0
0.695784229957398 -0.614732668073386 0.0
0.529546721279258 0.526383448038142 0.0
-0.47295939992054 0.459550224207384 0.0
-0.357515322872519 -0.706157769480689 0.0
0.697789533903787 -0.552389524090222 0.0
0.476798242748148 0.507868085536122 0.0
-0.483915529210545 0.387246477116678 0.0
-0.296502688890468 -0.709398478262348 0.0
0.700024193119646 -0.489621570347896 0.0
0.42295523601072 0.496521080641146 0.0
-0.491581910292936 0.317110634752923 0.0
-0.235487331651283 -0.712941783269407 0.0
0.702401449568641 -0.42640933978633 0.0
0.368627648611787 0.489405842799941 0.0
-0.497229787981147 0.248697231931053 0.0
-0.17440781411561 -0.716743919260513 0.0
0.704850485896359 -0.362726679406453 0.0
0.313997599007916 0.48506751645628 0.0
-0.501605748636481 0.181647840109017 0.0
-0.113197861436648 -0.720684477266716 0.0
0.707302435091052 -0.298538702608462 0.0
0.259172074483996 0.482755811069508 0.0
-0.50516887136003 0.115690884745062 0.0
-0.0518010316419166 -0.724598884176018 0.0
0.70967990929069 -0.233800515399412 0.0
0.20425931995286 0.482098712043931 0.0
-0.508213500742535 0.0506222554549839 0.0
0.00981854575388676 -0.728312850715462 0.0
0.711887503134286 -0.168456671226116 0.0
0.149394223582364 0.483001817515732 0.0
-0.510935408924865 -0.01371200699368 0.0
0.0716716853352756 -0.731668348265905 0.0
0.713801886696287 -0.102440254548084 0.0
0.0948909081626695 0.487310363066989 0.0
-0.513471014158776 -0.077427085717834 0.0
0.133744160824934 -0.734539050000259 0.0
0.715260242894409 -0.0356723850508833 0.0
0.0394642523266048 0.486151446931838 0.0
-0.515926292362876 -0.140606828491477 0.0
0.196000206476878 -0.736837460500467 0.0
0.716045643252912 0.0319387997014269 0.0
-0.0164556685254646 0.484772458586578 0.0
-0.518420353341033 -0.203306934923142 0.0
0.258387115489998 -0.738516960261461 0.0
0.715866741698064 0.100499020190702 0.0
-0.0716548994356658 0.49390198427771 0.0
-0.521369931942196 -0.265554647135092 0.0
0.320840415941821 -0.739571830044494 0.0
0.71432681179635 0.170128980439379 0.0
-0.127003518673079 0.500963995288799 0.0
-0.523347262329423 -0.327719177814459 0.0
0.383287978814306 -0.740037633463124 0.0
0.710871933151605 0.240962879021992 0.0
-0.181429049311693 0.510676734388162 0.0
-0.525585476698484 -0.389809188950442 0.0
0.445654751480862 -0.739993575116052 0.0
0.704697928595063 0.313140507317259 0.0
-0.236782329719062 0.516575498667658 0.0
-0.528580328324622 -0.451618572154817 0.0
0.507867782497482 -0.739567663172218 0.0
0.694573177189551 0.386774373229675 0.0
-0.292764492526492 0.523594234490494 0.0
-0.53161898434522 -0.513222158103812 0.0
0.569862686552953 -0.738945179880273 0.0
0.678486466502946 0.461835306358236 0.0
-0.346147647522178 0.541862008747212 0.0
-0.534774936706766 -0.574668408716896 0.0
0.631594033096386 -0.738381493874024 0.0
0.652963634076665 0.537769982404388 0.0
-0.398150054825801 0.565253234108427 0.0
-0.537736749319498 -0.63600256555006 0.0
-0.476644841763352 -0.639019427488547 0.0
-0.473629007517561 -0.577622261830243 0.0
-0.470496317065947 -0.516073534568704 0.0
-0.467507786767967 -0.454432172289085 0.0
-0.464581242253392 -0.392700640405196 0.0
-0.462251027374976 -0.330698050658935 0.0
-0.460226897621131 -0.268264420611108 0.0
-0.457532988248312 -0.205501874936777 0.0
-0.455078164573138 -0.142476856415091 0.0
-0.452677213032062 -0.079106679539044 0.0
-0.450226390199493 -0.0153196634482736 0.0
-0.447626752329383 0.0489493795606669 0.0
-0.444755591955527 0.113761910732325 0.0
-0.441444652064096 0.179169856174392 0.0
-0.437456357218209 0.245193071164147 0.0
-0.432459302297092 0.31176325725228 0.0
-0.426027836380015 0.378591114700215 0.0
-0.417786665021211 0.444873854121224 0.0
-0.408192771821834 0.508713927685209 0.0
-0.415509231006035 -0.64186060894881 0.0
-0.412428446932175 -0.580445696534631 0.0
-0.409354636984348 -0.518895016305361 0.0
-0.406417718344673 -0.457192575066242 0.0
-0.403694873397531 -0.395260852322196 0.0
-0.401403687389349 -0.333131168049143 0.0
-0.399233287946981 -0.270831515938152 0.0
-0.396806194934476 -0.208229468663367 0.0
-0.394501336587422 -0.145375053434633 0.0
-0.392250442918997 -0.0822634235465325 0.0
-0.38998300143863 -0.0188904739890403 0.0
-0.387623965504235 0.0447312326416414 0.0
-0.385082218574814 0.108557917124867 0.0
-0.382241208880722 0.172492713440658 0.0
-0.378953535757049 0.236350983783515 0.0
-0.3750449539937 0.299815967059638 0.0
-0.370339020863631 0.362407366924148 0.0
-0.364709735824131 0.423551177334821 0.0
-0.357841164035594 0.482948118561655 0.0
-0.354380666460222 -0.644871855694153 0.0
-0.351270669256775 -0.583482318698156 0.0
-0.348265562640373 -0.521956802109626 0.0
-0.345455917659612 -0.460270119010884 0.0
-0.342905894423954 -0.398414821380182 0.0
-0.340655176286067 -0.3364306853922 0.0
-0.33849734318908 -0.274302909389357 0.0
-0.336277346515933 -0.211985312894559 0.0
-0.334152082844997 -0.149520588201654 0.0
-0.332093037083169 -0.0869426694080296 0.0
-0.330053659044891 -0.0242976117832758 0.0
-0.327979610154975 0.0383442683569448 0.0
-0.325803583638435 0.100878175914431 0.0
-0.323438068147753 0.16315691894947 0.0
-0.320767127265026 0.2249896125767 0.0
-0.317638320726411 0.286160357034643 0.0
-0.31386580719049 0.346481665050526 0.0
-0.309274510747209 0.405882146853454 0.0
-0.304150765980935 0.464548058085707 0.0
-0.293266405855532 -0.648164481578938 0.0
-0.290157033403545 -0.586841437882042 0.0
-0.287244418510588 -0.525402685852734 0.0
-0.284573119621014 -0.463839797795981 0.0
-0.282161861417518 -0.402164661442152 0.0
-0.279983954571425 -0.340402422595846 0.0
-0.277906854603627 -0.278554596745183 0.0
-0.275859288903275 -0.216622973651058 0.0
-0.273903933176083 -0.154654946050356 0.0
-0.272023869972371 -0.0927023284225309 0.0
-0.270183449958257 -0.030826969147201 0.0
-0.268334780942269 0.0308970312790133 0.0
-0.266411945281154 0.0923862147393879 0.0
-0.264321288542015 0.153558703131799 0.0
-0.261930644785864 0.214355537795812 0.0
-0.259065204635097 0.274776341896038 0.0
-0.255532064430205 0.334926166769415 0.0
-0.251256546342872 0.395072345246885 0.0
-0.246898790625559 0.455657100148907 0.0
-0.232149384728326 -0.651773183667762 0.0
-0.229065430201821 -0.590542532966024 0.0
-0.22625533029001 -0.529228197188973 0.0
-0.223714780799327 -0.467830293054191 0.0
-0.221423392096904 -0.40636578768911 0.0
-0.219329893704154 -0.344858610426238 0.0
-0.217345526279292 -0.283324566530015 0.0
-0.215430173610555 -0.221786204678082 0.0
-0.213604134879708 -0.160288833063055 0.0
-0.211851298120414 -0.0988802715782751 0.0
-0.210138849262039 -0.037608756352894 0.0
-0.208419336312336 0.0234814607723721 0.0
-0.206625873193801 0.0843586667769466 0.0
-0.204666270836837 0.145017642678543 0.0
-0.202421390838576 0.20549773382113 0.0
-0.199758342356173 0.26590479053192 0.0
-0.196583032667352 0.326431802796673 0.0
-0.19297725954325 0.387356182961596 0.0
-0.189070526534423 0.448858574074041 0.0
-0.17099318661248 -0.655638534533806 0.0
-0.167956849767404 -0.594500684304415 0.0
-0.165252026808072 -0.533310975835798 0.0
-0.162828894749461 -0.47207326046073 0.0
-0.160637920715173 -0.410806153184131 0.0
-0.15861963488702 -0.34953343979242 0.0
-0.156710074737775 -0.288276907210982 0.0
-0.154881031555452 -0.227063535482088 0.0
-0.153133761079328 -0.165929842528922 0.0
-0.151452106423189 -0.104910375222213 0.0
-0.149807271753376 -0.0440337177698123 0.0
-0.148158553268729 0.0166823138136656 0.0
-0.146451950176187 0.0772367158516711 0.0
-0.144620950397906 0.13765246928258 0.0
-0.142595175815567 0.197981663369835 0.0
-0.140326608085693 0.258305421383747 0.0
-0.137843869921661 0.318715847361142 0.0
-0.13526779177581 0.3792488596884 0.0
-0.132298544667507 0.439816079420874 0.0
-0.109753758811755 -0.65962650674813 0.0
-0.106788328206118 -0.598560798638277 0.0
-0.104188421918197 -0.537469319179979 0.0
-0.101866367695677 -0.476357147293416 0.0
-0.0997534695994722 -0.415242226721612 0.0
-0.0977894972088072 -0.354146775304863 0.0
-0.0959257584689788 -0.293092861150472 0.0
-0.0941405096609628 -0.232105021251718 0.0
-0.0924286865846215 -0.171210518639455 0.0
-0.0907776122622505 -0.110432625274395 0.0
-0.0891671252365334 -0.049787631965341 0.0
-0.087570577297741 0.0107179898907881 0.0
-0.0859564452433823 0.0710900786861504 0.0
-0.084293489106136 0.131348953583468 0.0
-0.082563511940682 0.191528903234216 0.0
-0.080785243016648 0.251674336076763 0.0
-0.0790359154470795 0.311829384885784 0.0
-0.0773873070207574 0.372040701335641 0.0
-0.0757521546634398 0.432518642714717 0.0
-0.0483907746990509 -0.663564850824764 0.0
-0.0455215785055936 -0.602538878522123 0.0
-0.0430253224239073 -0.541504667512859 0.0
-0.040787426928374 -0.480467536042908 0.0
-0.0387295807602446 -0.419443897649321 0.0
-0.0367955689842199 -0.358453726358593 0.0
-0.0349483739192458 -0.297517172671929 0.0
-0.0331725304068749 -0.236654961278139 0.0
-0.031464157463391 -0.175887633841195 0.0
-0.0298175251385838 -0.115231746172967 0.0
-0.0282242831683511 -0.0546982897830292 0.0
-0.0266751707928247 0.0057084185069101 0.0
-0.0251637279269106 0.0659907964207454 0.0
-0.0236940389605778 0.126156832836312 0.0
-0.0222949652176069 0.186214787909978 0.0
-0.0210402503510754 0.246162109561206 0.0
-0.0200622225287124 0.30596594332124 0.0
-0.0195662405431661 0.365548740291884 0.0
-0.0201745349168115 0.424770859756224 0.0
0.0131236757577425 -0.667277265756126 0.0
0.015870442732106 -0.606254936574998 0.0
0.0182643746903444 -0.545232444016262 0.0
0.0204341272984685 -0.48421568217727 0.0
0.0224585687790818 -0.423219846073648 0.0
0.0243858681367292 -0.362262842400683 0.0
0.0262419919904122 -0.30136242867508 0.0
0.0280348983445947 -0.240535650568182 0.0
0.0297630766348965 -0.179797954320577 0.0
0.0314233465107746 -0.119160775569272 0.0
0.0330113242384401 -0.0586303205580088 0.0
0.0345191723433342 0.00179380329417656 0.0
0.0359311117942385 0.0621198664812513 0.0
0.0372157873377409 0.122366105366331 0.0
0.0383152310448752 0.182563069543222 0.0
0.0391332378477653 0.242760032590097 0.0
0.03952350975831 0.303042572156982 0.0
0.039211462323049 0.363571138713544 0.0
0.0370499622368608 0.42455894615824 0.0
0.0748007091986201 -0.670607573308364 0.0
0.0774005243664556 -0.609554547678974 0.0
0.0796940368339733 -0.548500370070611 0.0
0.0818104973666172 -0.487452647287702 0.0
0.0838209159127294 -0.426426187891273 0.0
0.0857617589370036 -0.365437277596384 0.0
0.0876473079928369 -0.304501271239309 0.0
0.0894766085320343 -0.243631721634605 0.0
0.0912402111502719 -0.182839555482319 0.0
0.0929245336357497 -0.122131175728704 0.0
0.0945113922228468 -0.0615070034204229 0.0
0.0959749055079529 -0.00095920543323134 0.0
0.0972760923638362 0.0595312765714534 0.0
0.0983547798647499 0.119999559881825 0.0
0.0991190023972074 0.180503100394663 0.0
0.0994322479593827 0.241132045444664 0.0
0.099088580912744 0.302021594504968 0.0
0.0977158897492692 0.363339200049581 0.0
0.0950635967160935 0.425049206986907 0.0
0.136633589864758 -0.673433338867105 0.0
0.13906679826564 -0.612319981907439 0.0
0.141263767433 -0.551196535654837 0.0
0.143341139244615 -0.490073738754045 0.0
0.145354551587312 -0.428966891356265 0.0
0.14732559367449 -0.367891121322547 0.0
0.149255854084557 -0.306859658804328 0.0
0.151134162733394 -0.245883186189798 0.0
0.152941215159037 -0.184969385818488 0.0
0.1546512731232 -0.12412162972546 0.0
0.156230244673443 -0.063337974199292 0.0
0.157631208982524 -0.00260960245705592 0.0
0.158787501555505 0.0580804769139975 0.0
0.159603151351041 0.11875834552773 0.0
0.159940761650156 0.179456649587069 0.0
0.15960656047491 0.24020560799996 0.0
0.158331122622204 0.301004180574795 0.0
0.155829659418359 0.361739004411971 0.0
0.152409256488983 0.422201164759497 0.0
0.198599796384028 -0.675671626973714 0.0
0.200854850931501 -0.614474160943784 0.0
0.202962781350995 -0.553251153558665 0.0
0.205015419028094 -0.492017717321047 0.0
0.207046824237207 -0.430790217028781 0.0
0.209061365817021 -0.369582933617714 0.0
0.211047200684273 -0.308407421741616 0.0
0.212982097309641 -0.247272546342723 0.0
0.21483568692739 -0.186184748219368 0.0
0.216568862167452 -0.125147629184947 0.0
0.218130341470339 -0.064162013818354 0.0
0.219450992331981 -0.0032259444370622 0.0
0.220436098169692 0.0576642285116513 0.0
0.22095588174542 0.1185113478522 0.0
0.220835368811792 0.179310983351503 0.0
0.219847065028548 0.240040871099693 0.0
0.217728097443579 0.300645682876504 0.0
0.214309933438452 0.361054928220362 0.0
0.209757631433914 0.421389170626154 0.0
0.260664387828696 -0.677280211217016 0.0
0.262740680896448 -0.615980821125911 0.0
0.264772075876463 -0.554635329782559 0.0
0.266815126400085 -0.493263775694931 0.0
0.268877966530149 -0.431883459952591 0.0
0.270946668550209 -0.370507636328828 0.0
0.27299598925017 -0.309146323883839 0.0
0.27499260148922 -0.247807287062362 0.0
0.276894869384698 -0.186497131677238 0.0
0.278650263505507 -0.125221774041342 0.0
0.280190650699559 -0.0639874552472998 0.0
0.281425860905314 -0.00280177600986785 0.0
0.282235834889242 0.0583242725672146 0.0
0.282462044783614 0.119373624837194 0.0
0.281900023260082 0.180318685535698 0.0
0.280299403853656 0.241117987175975 0.0
0.277391461405085 0.301721635619631 0.0
0.272964850831244 0.362115801435487 0.0
0.266924405289765 0.422404032166454 0.0
0.322784368899522 -0.67825730650696 0.0
0.324694247023598 -0.616843914583485 0.0
0.326667150127981 -0.555359821531427 0.0
0.328716551601108 -0.493829277919049 0.0
0.330822761216202 -0.432269324608752 0.0
0.332954063121901 -0.370691200156733 0.0
0.33507283169141 -0.309102784742582 0.0
0.337135464869761 -0.247510521316567 0.0
0.339089735765185 -0.185921227572176 0.0
0.340870506278317 -0.124343234910916 0.0
0.342393947590079 -0.062788041181041 0.0
0.343550502658392 -0.00127189217694555 0.0
0.344196857231971 0.0601819147752344 0.0
0.344147649137236 0.121540677514807 0.0
0.343168897675057 0.182759147738415 0.0
0.340978602472096 0.243779094155943 0.0
0.337263258424203 0.304537199950273 0.0
0.331710228534307 0.364989488581572 0.0
0.324026582229554 0.425141588739133 0.0
0.384912316612789 -0.6786422098378 0.0
0.386681787783902 -0.617108600976865 0.0
0.388618977726605 -0.555476100862657 0.0
0.390690407940527 -0.493770670109079 0.0
0.39284962533198 -0.43200668572311 0.0
0.395049292754836 -0.370191534565416 0.0
0.397241325024308 -0.308329549227729 0.0
0.399373299098609 -0.246424648732046 0.0
0.401383585515954 -0.184482651141318 0.0
0.4031956037561 -0.122512898584637 0.0
0.404711075102758 -0.0605304588188373 0.0
0.40580230287589 0.00144164022461601 0.0
0.406303591687505 0.0633693044642085 0.0
0.406002377613818 0.125204014458029 0.0
0.40463151705214 0.186878404904668 0.0
0.401865578028195 0.248303956781719 0.0
0.397323302749852 0.309373348948695 0.0
0.390571871185577 0.369970701819521 0.0
0.381132281786032 0.42998976499829 0.0
0.447000539621274 -0.678518492181426 0.0
0.448667990903755 -0.616865319377536 0.0
0.450594438896745 -0.555080921112287 0.0
0.452701099727953 -0.493188421145294 0.0
0.454919020676226 -0.431196169616457 0.0
0.457188845357537 -0.369105320761523 0.0
0.459454568171778 -0.306914712315159 0.0
0.461656717644268 -0.244623802824876 0.0
0.463725635548637 -0.182235183271362 0.0
0.465574535995278 -0.119756512990513 0.0
0.467091886966406 -0.0572032918894812 0.0
0.468132924044691 0.00539791654673626 0.0
0.468510182367409 0.0680047501341622 0.0
0.467983249817601 0.130553161873096 0.0
0.466248158330437 0.192949246968722 0.0
0.462926781024451 0.255061276821756 0.0
0.457554437582605 0.316712855539768 0.0
0.449561207673097 0.37767886636527 0.0
0.438258927375081 0.437690377700659 0.0
0.509004579127858 -0.678020661676002 0.0
0.510616536814673 -0.616257478399882 0.0
0.512554994363733 -0.554324292852121 0.0
0.514704528192207 -0.49223518275201 0.0
0.516980822937895 -0.429988919870649 0.0
0.519316977764641 -0.367578175621788 0.0
0.521651770822669 -0.304994320066916 0.0
0.523920400869236 -0.242229984414217 0.0
0.526046430956103 -0.179281288181001 0.0
0.527933961459177 -0.116149747557169 0.0
0.529459271335484 -0.0528454278881994 0.0
0.530461517359278 0.0106088385100139 0.0
0.530732065338314 0.0741707430363148 0.0
0.530002058782495 0.13776906277054 0.0
0.527927357750594 0.201289263400268 0.0
0.52406902689284 0.264554749737398 0.0
0.517865263004789 0.327301755948281 0.0
0.508590139563708 0.389147369579629 0.0
0.495302936926394 0.449558577876427 0.0
0.570885420946824 -0.677345075158635 0.0
0.572488104378735 -0.615492765586899 0.0
0.574453195766164 -0.553419824837509 0.0
0.576644531592407 -0.491125089068585 0.0
0.578971166518651 -0.428595669127876 0.0
0.581363043999325 -0.365814865902835 0.0
0.583755956355042 -0.302765364371981 0.0
0.586080956064993 -0.239430481280933 0.0
0.58825555791893 -0.175795467346758 0.0
0.590175313031581 -0.111848837881295 0.0
0.591704772488225 -0.0475852819329766 0.0
0.592667210033035 0.0169899378775851 0.0
0.592832259878771 0.0818533170778454 0.0
0.591900255603357 0.146951066120268 0.0
0.589480896832778 0.212178386529265 0.0
0.585062372621478 0.277346273880519 0.0
0.577965210130261 0.342125439407482 0.0
0.567275783771535 0.405953603615675 0.0
0.551751562344995 0.467893258398632 0.0
0.632608939152824 -0.676766772574131 0.0
0.634234662558451 -0.614857829285043 0.0
0.636226966282792 -0.552654673150581 0.0
0.638448810466582 -0.490139844144129 0.0
0.640810232696908 -0.427291490013327 0.0
0.643240900372237 -0.36408578202588 0.0
0.645674570868862 -0.300496805718225 0.0
0.648038348365928 -0.236495887894459 0.0
0.650243592899495 -0.172051653434584 0.0
0.652176948037615 -0.107130286658921 0.0
0.653690386155264 -0.0416972158071067 0.0
0.65458936670674 0.0242801122467044 0.0
0.654617628331012 0.0908267071107348 0.0
0.65343611474498 0.157950451168404 0.0
0.65059125741903 0.225622847983865 0.0
0.645464796260374 0.293741963608006 0.0
0.637193849846187 0.36205416820375 0.0
0.624552895570847 0.429984126116917 0.0
0.605815591542403 0.496258556783167 0.0
