-0.534378915637891 -0.698139941704784 0.0
0.699633856948738 -0.738209875077874 0.0
-0.425702667236328 0.61237245798111 0.0
0.61237245798111 0.61237245798111 0.0
-0.47325830169781 -0.701144470937224 0.0
0.700646731841572 -0.676650014642589 0.0
0.580023641192708 0.55734768899634 0.0
-0.450065033159564 0.534422801041955 0.0
-0.412149732694602 -0.70398292191425 0.0
0.702230892708633 -0.614704978810744 0.0
0.531671921311994 0.525368510790237 0.0
-0.466866443265817 0.459390381529635 0.0
-0.351099197539063 -0.706935127518872 0.0
0.704170124389815 -0.552347993175546 0.0
0.479329520225007 0.506686351717382 0.0
-0.478045853233822 0.386943162893517 0.0
-0.290089841094682 -0.710151818369705 0.0
0.706336319008996 -0.489561585805791 0.0
0.425814934270322 0.495299234980673 0.0
-0.485822078478936 0.316679760170792 0.0
-0.229077971063281 -0.713678072306541 0.0
0.708640825454051 -0.426326199976405 0.0
0.371777148081263 0.488184577122547 0.0
-0.491511196742814 0.248160290348358 0.0
-0.168000836160602 -0.717468756420435 0.0
0.711011031471724 -0.362615457469554 0.0
0.317408610510928 0.483858560011653 0.0
-0.495885459524127 0.18102526064838 0.0
-0.106790865539883 -0.721400667886656 0.0
0.713376081033904 -0.298394116000918 0.0
0.262822366074129 0.481562970879074 0.0
-0.499419611498685 0.115000450993917 0.0
-0.0453906114657832 -0.725305850490787 0.0
0.715656168857241 -0.233616816456767 0.0
0.208132151911962 0.480925525176866 0.0
-0.502418079505516 0.0498789692577651 0.0
0.0162363453149273 -0.729006747235952 0.0
0.717752816069824 -0.168227571973642 0.0
0.153478443137912 0.481849747777771 0.0
-0.505083399027453 -0.0144956528405051 0.0
0.0781008708772625 -0.732342593985182 0.0
0.719538706243237 -0.102158902489093 0.0
0.099200771145909 0.486332726605927 0.0
-0.507556700154401 -0.0782407482981543 0.0
0.140188348857345 -0.735185021767946 0.0
0.720845798574289 -0.035331418253159 0.0
0.04394022144235 0.485014088657491 0.0
-0.509947397832964 -0.141441977675983 0.0
0.202462284427791 -0.73744519240296 0.0
0.721450247697688 0.0323470671501119 0.0
-0.0118070204342287 0.483362238186637 0.0
-0.51237738752738 -0.204156593296566 0.0
0.264869012007107 -0.73907577940819 0.0
0.721051394709955 0.100982178584246 0.0
-0.0667871355224775 0.492792519827545 0.0
-0.515269659968585 -0.266413294940476 0.0
0.327342964111807 -0.74007091986007 0.0
0.719239633658979 0.170693643983131 0.0
-0.121985105227007 0.499924401255985 0.0
-0.517187345112932 -0.328586035451015 0.0
0.389810849559184 -0.740466564852012 0.0
0.715442550196362 0.241612808832965 0.0
-0.176230835192788 0.509779020517331 0.0
-0.519368094380625 -0.390681918712574 0.0
0.452196444530304 -0.740342878010654 0.0
0.708828167805844 0.313872416023143 0.0
-0.231455563495593 0.515594574835127 0.0
-0.522312897101235 -0.452492824316345 0.0
0.51442568260306 -0.739829528693894 0.0
0.698121084054883 0.387567988808745 0.0
-0.287322014311147 0.5224501813292 0.0
-0.525308300129448 -0.514097028796821 0.0
0.576433217843019 -0.739114396856257 0.0
0.681238612718337 0.462628403608004 0.0
-0.340458941465339 0.541008229071461 0.0
-0.528425188429109 -0.575544126852523 0.0
0.63817297423917 -0.738456772479612 0.0
0.654589887383202 0.538392217976538 0.0
-0.392237460833115 0.564596346250965 0.0
-0.531352272735133 -0.636878851894904 0.0
-0.470259823344925 -0.639858750529092 0.0
-0.467278194805134 -0.578460151121584 0.0
-0.464184243972945 -0.516909299972512 0.0
-0.461239795650272 -0.455265294461055 0.0
-0.458362096622427 -0.393530488931325 0.0
-0.456087097653908 -0.331520917690424 0.0
-0.454125391633005 -0.269076666888242 0.0
-0.45149417864699 -0.206301562275361 0.0
-0.449104996092059 -0.143260013437256 0.0
-0.446770297857804 -0.0798683021715686 0.0
-0.444383773522348 -0.0160537912358919 0.0
-0.441843227477114 0.0482495658823874 0.0
-0.439021568265715 0.113103871735214 0.0
-0.435744466989747 0.178561143453805 0.0
-0.431765878658849 0.244639990089899 0.0
-0.426742855155747 0.311267750960398 0.0
-0.420235653435322 0.378143867921297 0.0
-0.41185921378997 0.444440766694483 0.0
-0.402099123861499 0.508218122582811 0.0
-0.409123566301947 -0.642666027123671 0.0
-0.406077013402773 -0.581248802566909 0.0
-0.403042486238996 -0.51969554836563 0.0
-0.40015062285566 -0.457989886296444 0.0
-0.397478963099964 -0.396053451442985 0.0
-0.395245573639329 -0.333917632799206 0.0
-0.393138218926619 -0.271610663525715 0.0
-0.3907764955015 -0.208998765367104 0.0
-0.388539757702114 -0.146132324554899 0.0
-0.386357974805443 -0.0830064157531479 0.0
-0.384158447995451 -0.0196171168602379 0.0
-0.381863425847452 0.0440223383327088 0.0
-0.379378394482495 0.107866690702569 0.0
-0.376582614669538 0.171816284686417 0.0
-0.373323860171096 0.235681711579337 0.0
-0.36942320092081 0.299138945804017 0.0
-0.364701755439572 0.361698968499464 0.0
-0.359038498707929 0.422784387437153 0.0
-0.352161391071435 0.482121522312461 0.0
-0.34799537734781 -0.645647545324831 0.0
-0.344919609517891 -0.584256542370856 0.0
-0.341954783983306 -0.522729544813467 0.0
-0.339192078040237 -0.461041049997868 0.0
-0.336695692032497 -0.39918351656083 0.0
-0.334504970299561 -0.337196928839809 0.0
-0.332412165173832 -0.275066374108096 0.0
-0.330260529917197 -0.212745536894589 0.0
-0.328206587661798 -0.150277788669481 0.0
-0.326220439598073 -0.0876977790077108 0.0
-0.324253809625686 -0.025052644510271 0.0
-0.322250310921422 0.0375856848119419 0.0
-0.320140231557067 0.100110146952696 0.0
-0.317833323099038 0.162370631902933 0.0
-0.315210741263233 0.224173026304249 0.0
-0.31211751747885 0.285298927654268 0.0
-0.3083678744454 0.345561104696751 0.0
-0.303800098924682 0.404893603032119 0.0
-0.298754713150828 0.463486140101116 0.0
-0.286882232641933 -0.648917331500357 0.0
-0.283807212176289 -0.58759456096596 0.0
-0.280936269630465 -0.526156592199118 0.0
-0.278314044295335 -0.464594907440764 0.0
-0.275958866132708 -0.402921520513938 0.0
-0.273843336633229 -0.341161832857122 0.0
-0.271833694589649 -0.279317582053421 0.0
-0.269857464647665 -0.217390942684714 0.0
-0.267976670773383 -0.155430124558035 0.0
-0.266173220418513 -0.0934878288377561 0.0
-0.264409993096595 -0.0316269093839226 0.0
-0.262637305691844 0.0300774969312671 0.0
-0.260787039007916 0.0915411154836432 0.0
-0.258762848417666 0.152681954341526 0.0
-0.25642949384108 0.21344242109901 0.0
-0.253609622465445 0.273826020206159 0.0
-0.250112026862115 0.333945228241071 0.0
-0.245877377198181 0.394077993845821 0.0
-0.241614040491249 0.454676080422871 0.0
-0.225766507675597 -0.652510360836965 0.0
-0.222717262329219 -0.591282046470195 0.0
-0.219950436715637 -0.529971222521827 0.0
-0.217461142988564 -0.468578010861552 0.0
-0.215228186321965 -0.407119591305719 0.0
-0.21319935164945 -0.345620219321983 0.0
-0.211284753145149 -0.284096050625588 0.0
-0.209443277276092 -0.222570093860391 0.0
-0.207694458688339 -0.16108825953042 0.0
-0.206021100878113 -0.0996988605457169 0.0
-0.20438903082026 -0.0384504067024579 0.0
-0.202749125274588 0.0226130004853812 0.0
-0.20103247646689 0.0834605311753082 0.0
-0.199144613448599 0.144088980753374 0.0
-0.196964358220941 0.204541271183536 0.0
-0.194358617410368 0.264928698479364 0.0
-0.191238597224283 0.325451225620208 0.0
-0.187701891204745 0.386392269242373 0.0
-0.18388892154822 0.447927428756361 0.0
-0.16461099849604 -0.656365483689124 0.0
-0.16161006186436 -0.595231852101086 0.0
-0.158950239074376 -0.534048165478213 0.0
-0.156580458628849 -0.472818291737361 0.0
-0.15445002502666 -0.411561053148276 0.0
-0.152498377568982 -0.350300524576688 0.0
-0.150660502606785 -0.28905878742199 0.0
-0.148907311603542 -0.227863128344887 0.0
-0.147239300499946 -0.166750332506038 0.0
-0.145639369953039 -0.105754995694145 0.0
-0.144077606421866 -0.0449054210518525 0.0
-0.14251203552647 0.0157813189265469 0.0
-0.14088733284135 0.0763055620692851 0.0
-0.139135927878132 0.136692312500793 0.0
-0.137187447134755 0.196996278398054 0.0
-0.13499657543392 0.257301251004171 0.0
-0.132599533661572 0.317700409034728 0.0
-0.130127676564646 0.378225655494007 0.0
-0.127270006377574 0.43878019660354 0.0
-0.103370801397112 -0.660345660999886 0.0
-0.10044189879283 -0.599285546422189 0.0
-0.0978888125210272 -0.538201956085131 0.0
-0.0956220548417843 -0.477099945200164 0.0
-0.0935715070958322 -0.415997600852012 0.0
-0.0916757925034496 -0.354917342378031 0.0
-0.0898852710446592 -0.293881426810615 0.0
-0.0881774584111286 -0.232914543927226 0.0
-0.0865466624629769 -0.172044017359835 0.0
-0.0849795262029183 -0.1112929857198 0.0
-0.0834551779081063 -0.0506773603599468 0.0
-0.0819463126024551 0.00979704625586984 0.0
-0.0804209965123412 0.0701370105687978 0.0
-0.0788482313656314 0.130363997294451 0.0
-0.0772114498692229 0.190513437976652 0.0
-0.0755333634832315 0.250630430764485 0.0
-0.0738974825854833 0.31075870897555 0.0
-0.0723789399058002 0.370944052994884 0.0
-0.0708765902953879 0.431401573373404 0.0
-0.0420048703397611 -0.66427518695854 0.0
-0.039173852270324 -0.603255552812368 0.0
-0.0367263427744191 -0.542230293657879 0.0
-0.0345455456021458 -0.481204653213933 0.0
-0.0325515951733799 -0.420195122853472 0.0
-0.0306871716201898 -0.359221807521847 0.0
-0.0289144626644843 -0.298304979657613 0.0
-0.027217451092765 -0.237465449658221 0.0
-0.0255918480318796 -0.176723772666498 0.0
-0.0240315740539943 -0.116096403808625 0.0
-0.022528031799355 -0.0555941212994092 0.0
-0.0210719409123374 0.00477904257587869 0.0
-0.019657291949765 0.0650257549008191 0.0
-0.0182895156909009 0.125153989511051 0.0
-0.0170003311215661 0.185171275920699 0.0
-0.0158683721824094 0.245072824815718 0.0
-0.0150323236638824 0.304821001859837 0.0
-0.0147026324497021 0.364330409084242 0.0
-0.0155135147969356 0.423450679051282 0.0
0.0195151427115165 -0.667974523455118 0.0
0.0222215147786657 -0.606958667760045 0.0
0.0245646441614696 -0.545945405741486 0.0
0.026675604969604 -0.484940527619141 0.0
0.0286348114854584 -0.423959269987767 0.0
0.0304914052392392 -0.36301963542102 0.0
0.0322719480676819 -0.302139474304878 0.0
0.0339847288451707 -0.241335893193022 0.0
0.0356283942832709 -0.180624339078659 0.0
0.0371997906823221 -0.120016161444951 0.0
0.0386943776348095 -0.0595173865358743 0.0
0.0401038514571223 0.000872648013328386 0.0
0.0414114464588712 0.0611625621066146 0.0
0.0425840038339053 0.121371015391324 0.0
0.0435606623584872 0.181529104685925 0.0
0.0442413397770845 0.241687064825823 0.0
0.0444758449708629 0.301932862648192 0.0
0.0439851822392721 0.362433077092827 0.0
0.0415901122748491 0.423408609994354 0.0
0.0812004472275036 -0.671284838353276 0.0
0.0837570988294121 -0.610237901468143 0.0
0.0859976223529116 -0.549192552666897 0.0
0.0880536803578107 -0.488156301907195 0.0
0.0899976826540276 -0.427143997362848 0.0
0.0918668551596707 -0.366172011007454 0.0
0.0936758364023752 -0.30525577299941 0.0
0.0954237583628634 -0.244408866254587 0.0
0.0971010624731982 -0.183642168859753 0.0
0.0986938742131198 -0.122961917831647 0.0
0.100183470513735 -0.0623682078650776 0.0
0.101543055428529 -0.00185265789560939 0.0
0.102732167496277 0.0586046541834299 0.0
0.103688359376575 0.119040170988452 0.0
0.104316444055634 0.179513364618543 0.0
0.104475866221819 0.240117444790128 0.0
0.103956056297785 0.300992110058394 0.0
0.102377652051596 0.362309671515222 0.0
0.0994935009948153 0.424030437045129 0.0
0.143044070523181 -0.674081748187987 0.0
0.145430872975105 -0.612973680428258 0.0
0.147572571357202 -0.55185810735138 0.0
0.149588008107155 -0.490745721293962 0.0
0.151533944936637 -0.429651893869975 0.0
0.153432445602825 -0.368591851740823 0.0
0.155285179469054 -0.307578897190273 0.0
0.15708078903675 -0.246623726155273 0.0
0.158799560826256 -0.185733946438231 0.0
0.1604151044634 -0.124912734872174 0.0
0.161892343992562 -0.0641577986644062 0.0
0.163182893704049 -0.00345978917667908 0.0
0.16421794296668 0.0571990037402598 0.0
0.164898476950108 0.117845496262784 0.0
0.165083026661114 0.178513040927556 0.0
0.164572789720465 0.239231826143382 0.0
0.163092595557551 0.299998623653737 0.0
0.160354050762073 0.360692871772246 0.0
0.156681971112703 0.421098530597492 0.0
0.205022989267576 -0.676281056295509 0.0
0.207228059004886 -0.615087759986452 0.0
0.209278415057827 -0.553871238355912 0.0
0.211267683625077 -0.492646655106276 0.0
0.213230658007091 -0.431430510943827 0.0
0.21517183821395 -0.370237223801215 0.0
0.217079154639749 -0.309078448013204 0.0
0.21892988821568 -0.247963095564033 0.0
0.220692931543865 -0.186897592721579 0.0
0.22232813260132 -0.125885461393265 0.0
0.223782749453157 -0.0649273909964146 0.0
0.224985619672264 -0.00402127487893514 0.0
0.225839252852096 0.0568365956302464 0.0
0.226210213718175 0.117648823499484 0.0
0.225918988548997 0.178410093305527 0.0
0.224732956150333 0.239096164688296 0.0
0.222384681336001 0.299648425393259 0.0
0.2187062144125 0.359993891037835 0.0
0.213881610203353 0.420260444454334 0.0
0.267101581150498 -0.677839885655937 0.0
0.269124164199466 -0.616543296545628 0.0
0.271095769598355 -0.555202570152947 0.0
0.273074162201592 -0.49383793454781 0.0
0.275067729233623 -0.432466912481368 0.0
0.277062295800888 -0.371102950511101 0.0
0.279032072761728 -0.309756221853314 0.0
0.280942939220617 -0.248434617067854 0.0
0.282752188713145 -0.187144857224977 0.0
0.284405863318407 -0.125892988289205 0.0
0.285833925894894 -0.0646854375788001 0.0
0.286943688429174 -0.00353012021222092 0.0
0.287611831657183 0.0575614176237282 0.0
0.28767575980952 0.118571163608212 0.0
0.286926210359476 0.179470042065769 0.0
0.285107676174695 0.240214577508343 0.0
0.281947191269329 0.300752908964419 0.0
0.277233909065627 0.361071401320127 0.0
0.270883781241334 0.421280523422404 0.0
0.329236076630683 -0.678756333353662 0.0
0.331088607402831 -0.617344167015068 0.0
0.332999728978084 -0.555862847903564 0.0
0.334983391835252 -0.494336972881919 0.0
0.337019627554742 -0.432783885189608 0.0
0.339076090885757 -0.371215065300302 0.0
0.341114302744608 -0.309638603098984 0.0
0.343089576839973 -0.24806115713434 0.0
0.344948303806574 -0.186489806017735 0.0
0.346623563039916 -0.124933231749722 0.0
0.348029222269239 -0.0634034282469801 0.0
0.349052774418439 -0.0019173550319101 0.0
0.349547203830603 0.0595006723121044 0.0
0.3493226448832 0.120816542208613 0.0
0.348139873563769 0.18198315689229 0.0
0.345711225890902 0.242940063543982 0.0
0.341718184634575 0.303621755862094 0.0
0.335846293708532 0.363983439117443 0.0
0.327807943092262 0.424033813816726 0.0
0.391378263537347 -0.679070084626215 0.0
0.393087100759986 -0.617535945821101 0.0
0.394960875779071 -0.55590399386479 0.0
0.39696574847024 -0.494200669894957 0.0
0.399054453381451 -0.432440692733867 0.0
0.401178671039341 -0.37063170364488 0.0
0.403289187566506 -0.308778271707529 0.0
0.405332233795429 -0.246884596558508 0.0
0.407244512222552 -0.184956877487799 0.0
0.408947331213978 -0.123004997630398 0.0
0.410339729393506 -0.0610447947244345 0.0
0.411290628686849 0.000899620720498546 0.0
0.411630143499422 0.0627926619576542 0.0
0.411140638078365 0.124583802204684 0.0
0.409549029523581 0.186203060646247 0.0
0.40652330924856 0.247558665655071 0.0
0.401675729793764 0.308539631662855 0.0
0.394568570434777 0.369026857856425 0.0
0.384722334673099 0.428913437937912 0.0
0.453479718077346 -0.678865664105151 0.0
0.455083864133787 -0.617210065439971 0.0
0.456945722486682 -0.555423786935235 0.0
0.458985281119932 -0.493530488092276 0.0
0.46113229634088 -0.431538823705771 0.0
0.463326136197861 -0.369450155399897 0.0
0.465509436405789 -0.307263534876422 0.0
0.467621149475762 -0.244978718128521 0.0
0.4695896862637 -0.182598745418441 0.0
0.471325834827244 -0.120131952000644 0.0
0.47271500040834 -0.0575948337681312 0.0
0.473608577809151 0.00498460763771899 0.0
0.473814349799457 0.0675619712183356 0.0
0.473086126781128 0.130070372872355 0.0
0.471113083035178 0.192412049020241 0.0
0.467509227617864 0.254450200988977 0.0
0.461801308360186 0.316002140097513 0.0
0.453410734125471 0.376835625605405 0.0
0.441642733598182 0.436675301116852 0.0
0.515495377776635 -0.678279265634435 0.0
0.517042194704165 -0.61651171174308 0.0
0.518915368843639 -0.554574065559104 0.0
0.520997474153438 -0.492480855071277 0.0
0.523202544063952 -0.430231024383013 0.0
0.525462190314555 -0.367817343294014 0.0
0.52771364988928 -0.30523131790148 0.0
0.529890342253599 -0.242465828629219 0.0
0.53191364928896 -0.179517428325389 0.0
0.533684930104521 -0.116388337955593 0.0
0.535077002747069 -0.0530897212930651 0.0
0.535924676489511 0.0103539206597968 0.0
0.536013907607167 0.0738977862308112 0.0
0.535069184438908 0.137466978605755 0.0
0.532738290406102 0.200941633550154 0.0
0.528572643176496 0.264137590541453 0.0
0.521999119765638 0.326780668969249 0.0
0.512278861983562 0.388474209605875 0.0
0.498458110188246 0.448668687023259 0.0
0.577385821656289 -0.67750996096817 0.0
0.578922461734972 -0.615651458867501 0.0
0.58082195674498 -0.553571375644002 0.0
0.582945622438231 -0.491268736085688 0.0
0.585200672356688 -0.428730633009535 0.0
0.587515430941961 -0.365940325050143 0.0
0.589824001741576 -0.302880510641928 0.0
0.592055464727172 -0.23953462889634 0.0
0.59412489606104 -0.17588822180491 0.0
0.595924764738127 -0.111930352682205 0.0
0.597315709150964 -0.0476566523719444 0.0
0.598116047272492 0.016926066458968 0.0
0.598089159925325 0.0817918057936806 0.0
0.596927508746394 0.146882815753136 0.0
0.594230895527363 0.21208805384952 0.0
0.58947508363193 0.277208719816985 0.0
0.581965145616287 0.341900250658741 0.0
0.570768930209769 0.405576955464879 0.0
0.554624239580122 0.467267399698908 0.0
0.639116733545967 -0.676837035618825 0.0
0.6406762857566 -0.614920412110429 0.0
0.642602809746407 -0.552707211750333 0.0
0.644756660073724 -0.490179895134654 0.0
0.647045988897189 -0.427316460224106 0.0
0.649398760096094 -0.364092924121632 0.0
0.651746901202022 -0.300483233805926 0.0
0.65401533560697 -0.23645861567258 0.0
0.656112692162201 -0.171987674540156 0.0
0.657922126368942 -0.107036728666208 0.0
0.659291128414522 -0.0415716168693487 0.0
0.660019380586156 0.0244393259437491 0.0
0.659843134964299 0.0910194099418385 0.0
0.658413525399029 0.158173434544828 0.0
0.655263911518733 0.22586741225573 0.0
0.649758283809142 0.293989592882134 0.0
0.641009467017353 0.362268506850975 0.0
0.627759757911588 0.430095944471028 0.0
0.608246217835545 0.496139100598146 0.0
