-0.529044558701024 -0.698848812758504 0.0
0.705090538801279 -0.738014349225576 0.0
-0.420005416870117 0.61237245798111 0.0
0.61237245798111 0.61237245798111 0.0
-0.467923068216345 -0.701812291538405 0.0
0.706037649484388 -0.676451125308255 0.0
0.581207255741159 0.556920167883546 0.0
-0.444899824898157 0.534396738557121 0.0
-0.406814588948943 -0.704612431220747 0.0
0.707558395610203 -0.614499355318691 0.0
0.533381886382825 0.524614991060862 0.0
-0.462017123471309 0.459259929516767 0.0
-0.345765437371609 -0.707528875827309 0.0
0.709433541585867 -0.552132384452397 0.0
0.481361537977411 0.505819904276461 0.0
-0.473359849954164 0.386697431128582 0.0
-0.284758508212289 -0.710714857749279 0.0
0.711533187606095 -0.489332814430081 0.0
0.428107906520314 0.494416393767293 0.0
-0.4812096652656 0.316331728531073 0.0
-0.223749316493622 -0.714216112673048 0.0
0.713767314880003 -0.426081058906842 0.0
0.374300362752846 0.487311270541743 0.0
-0.486918188858397 0.247727312201741 0.0
-0.162674085607238 -0.717986468097679 0.0
0.716062006927067 -0.362350596079361 0.0
0.320138954690705 0.482999130300338 0.0
-0.491277988582812 0.180523756960311 0.0
-0.101464241778997 -0.721900545429714 0.0
0.718344942410195 -0.298105936030683 0.0
0.265741405176256 0.480716906893685 0.0
-0.494776191521655 0.114444676256265 0.0
-0.040061564131174 -0.725787742159037 0.0
0.720534508952475 -0.23330138840536 0.0
0.211225809420753 0.480093049534593 0.0
-0.49772519039278 0.0492809237289426 0.0
0.0215707852545386 -0.729467942937801 0.0
0.722529901930451 -0.167880581356423 0.0
0.15673699737412 0.481028753015339 0.0
-0.500332868649304 -0.0151259937087563 0.0
0.0834437094921233 -0.732778241056431 0.0
0.72420075912056 -0.101775638808257 0.0
0.102635963675866 0.485649050372533 0.0
-0.502744089809044 -0.0788951423102499 0.0
0.145542293694462 -0.735588664980651 0.0
0.725375017519675 -0.0349068291891617 0.0
0.0475036085906205 0.484196895886992 0.0
-0.505071000910438 -0.142113647593045 0.0
0.207829489957903 -0.737809315219796 0.0
0.725823469580303 0.032818214900172 0.0
-0.00810770005290064 0.482314133978964 0.0
-0.507437710761123 -0.204840028877022 0.0
0.27025091002849 -0.739392291235635 0.0
0.72523819011195 0.101504946691504 0.0
-0.0629146708171615 0.49198429631935 0.0
-0.510272133869516 -0.267104248824361 0.0
0.332740165383857 -0.740331581880639 0.0
0.72319945817926 0.171272190472311 0.0
-0.117999081489351 0.499162435388497 0.0
-0.512130344076115 -0.329283689591926 0.0
0.395223098104116 -0.740663386389575 0.0
0.719120237787851 0.242248831228811 0.0
-0.172109187411678 0.509120161684595 0.0
-0.514253401654543 -0.391384451194696 0.0
0.457622614269472 -0.740468541023059 0.0
0.712146430086332 0.314561665545791 0.0
-0.227240162329284 0.51486447450989 0.0
-0.517146373473043 -0.45319699479277 0.0
0.519863822062484 -0.739877912057992 0.0
0.700967601634803 0.388291988848208 0.0
-0.283024032733797 0.521580215670443 0.0
-0.520095408059704 -0.514802189650352 0.0
0.581880668576571 -0.739081281850539 0.0
0.683443725409543 0.463333577983556 0.0
-0.335978131196679 0.540351988606876 0.0
-0.523169215200338 -0.576250537967985 0.0
0.643626611696325 -0.738340848247479 0.0
0.655890639565217 0.538934495711541 0.0
-0.387598752849437 0.564078109960558 0.0
-0.526056743688155 -0.637586260555335 0.0
-0.464963388336134 -0.6405247435812 0.0
-0.4620209062723 -0.579124489340793 0.0
-0.458969753938867 -0.517571430487743 0.0
-0.456072327115088 -0.455924851047901 0.0
-0.453245479412054 -0.394186998500686 0.0
-0.451026387418742 -0.332171605881792 0.0
-0.449126428427615 -0.269718765307425 0.0
-0.446557422924455 -0.206933438329495 0.0
-0.444232834974351 -0.143878569144256 0.0
-0.441963287654699 -0.080469583371024 0.0
-0.439640431671988 -0.0166330624844594 0.0
-0.437159485018967 0.0476977427703345 0.0
-0.434389875763126 0.112585466711857 0.0
-0.431152465285243 0.178082222441399 0.0
-0.427194513105347 0.244205647390994 0.0
-0.422163971532236 0.310879605228115 0.0
-0.415610083459431 0.377794492521407 0.0
-0.407140630164907 0.444102729061456 0.0
-0.397265951903219 0.507829301437384 0.0
-0.403826265661131 -0.643293252113791 0.0
-0.400818867964404 -0.581873637987218 0.0
-0.39782752071487 -0.520317824439981 0.0
-0.394983438060288 -0.458609152424599 0.0
-0.392364483106731 -0.396668614428481 0.0
-0.390189079109251 -0.334527683437674 0.0
-0.388143970738767 -0.272214712573158 0.0
-0.385846507845996 -0.209594786620385 0.0
-0.383676284387803 -0.146718635778698 0.0
-0.381561856250437 -0.0835812517549931 0.0
-0.379428772129895 -0.0201788403087262 0.0
-0.377197117824385 0.0434748456804163 0.0
-0.37476967490612 0.107333380902688 0.0
-0.372022390942446 0.171294894063027 0.0
-0.368799259095239 0.235166170443874 0.0
-0.364917765089124 0.298617378862776 0.0
-0.360197411354317 0.361152551464396 0.0
-0.354521849406572 0.422191766263282 0.0
-0.347657482428372 0.481482863719484 0.0
-0.342698088324324 -0.64623937963475 0.0
-0.339661425511867 -0.584846655927305 0.0
-0.336740509503122 -0.523317990009549 0.0
-0.334027028432027 -0.461627649596146 0.0
-0.331585239264143 -0.399768029644367 0.0
-0.329454219678185 -0.33777927527363 0.0
-0.327425209522968 -0.275646341640404 0.0
-0.32534013199841 -0.213322776168787 0.0
-0.323355155654491 -0.150852509183982 0.0
-0.32143925447323 -0.0882707444286126 0.0
-0.319542756048961 -0.0256254618396468 0.0
-0.317607625968432 0.0370101422606433 0.0
-0.315562232669748 0.0995272230815527 0.0
-0.313314165917478 0.161773380012654 0.0
-0.31074232041358 0.223551989409003 0.0
-0.30768983179125 0.284642779229937 0.0
-0.303971224687334 0.344858966202824 0.0
-0.299436215078026 0.404139344918011 0.0
-0.294470532089556 0.462676236389048 0.0
-0.281585589987363 -0.649479374696657 0.0
-0.278549690248101 -0.588156276068746 0.0
-0.275723674813374 -0.526718472335845 0.0
-0.273152289796371 -0.465157383471225 0.0
-0.270853577880452 -0.403485121216823 0.0
-0.26879958979615 -0.341727274898864 0.0
-0.266855616184574 -0.279885725948265 0.0
-0.264948219257695 -0.217962933568044 0.0
-0.263138861449944 -0.156007755449564 0.0
-0.261408482739122 -0.0940735793702749 0.0
-0.259718763758652 -0.032224034452806 0.0
-0.258018575393292 0.0294649495331324 0.0
-0.256238039626924 0.0909084917006612 0.0
-0.254278688886826 0.152024571236558 0.0
-0.252002899958589 0.212756767926366 0.0
-0.249231453416353 0.273111775512771 0.0
-0.245774871725929 0.333208047236469 0.0
-0.241586766479487 0.393331786880158 0.0
-0.237413024630746 0.453941064768675 0.0
-0.220470703077017 -0.653048488628004 0.0
-0.217460753053513 -0.591821507883098 0.0
-0.214740022956873 -0.530513059543357 0.0
-0.212303213427588 -0.469123266609004 0.0
-0.210128517980123 -0.407669465547739 0.0
-0.208162981947837 -0.346176149362124 0.0
-0.206315825978694 -0.284659723291704 0.0
-0.204545124205293 -0.223143539908516 0.0
-0.202869764443177 -0.161673974109083 0.0
-0.201271652514061 -0.100299706654959 0.0
-0.199715504945847 -0.0390694347273068 0.0
-0.198150850144625 0.0219728957227852 0.0
-0.196507171983606 0.0827971984404669 0.0
-0.194688216755115 0.143401912659213 0.0
-0.192571272992529 0.203832832863321 0.0
-0.190023273549359 0.264205564370501 0.0
-0.186959948529578 0.324725454836156 0.0
-0.183491521735709 0.385680203543001 0.0
-0.179765905294716 0.447240951980884 0.0
-0.159315617943987 -0.656884255510544 0.0
-0.156354396562319 -0.59575348745792 0.0
-0.15374192957412 -0.534574222364194 0.0
-0.151426210976545 -0.473350326455598 0.0
-0.149355648022636 -0.412100765740274 0.0
-0.147468817943437 -0.350849818659577 0.0
-0.145699861126676 -0.289619772284677 0.0
-0.144018962279154 -0.228438133574954 0.0
-0.142425975001272 -0.167341879907102 0.0
-0.140903014642812 -0.106365621215071 0.0
-0.139419249783142 -0.045537410072368 0.0
-0.137931678813069 0.0151262993852245 0.0
-0.136383927426004 0.0756269350311636 0.0
-0.134707615732561 0.135991121551678 0.0
-0.132832447527835 0.196275634881554 0.0
-0.130715371339339 0.256566318010585 0.0
-0.128398709189112 0.316957039453214 0.0
-0.12602191445857 0.377476337286392 0.0
-0.123264787564967 0.438021085593577 0.0
-0.0980747845539945 -0.660847292557928 0.0
-0.0951863512240434 -0.599791181982449 0.0
-0.0926819572672208 -0.538713559228979 0.0
-0.0904707302564227 -0.477619435230933 0.0
-0.0884814423230995 -0.416526983396899 0.0
-0.086651802082516 -0.355458754419693 0.0
-0.0849313954971431 -0.294437127887245 0.0
-0.0832971159491188 -0.233486891980707 0.0
-0.0817427321410213 -0.172635398528298 0.0
-0.0802543087720091 -0.111905659952921 0.0
-0.0788103786549466 -0.0513132673137153 0.0
-0.0773830952982969 0.00913650534794383 0.0
-0.0759401953677987 0.069451187278656 0.0
-0.0744508902546184 0.129653148303915 0.0
-0.0728999441828234 0.189778702906772 0.0
-0.0713132583546439 0.249873444853428 0.0
-0.0697792535099414 0.309980730028247 0.0
-0.0683754566335923 0.37014567090352 0.0
-0.0669891008047506 0.430587145299747 0.0
-0.0367066151615292 -0.664759193112856 0.0
-0.0339172284826204 -0.603744218364129 0.0
-0.0315198404104699 -0.542725846831509 0.0
-0.0293959458736006 -0.481709229145777 0.0
-0.0274644562952463 -0.420710886594966 0.0
-0.0256671597484753 -0.359750998676277 0.0
-0.0239655821400629 -0.298849909058983 0.0
-0.0223432271963303 -0.238028475811482 0.0
-0.0207954378698552 -0.177307248622268 0.0
-0.0193158154464233 -0.116702589710848 0.0
-0.0178955311659969 -0.0562251002588106 0.0
-0.0165252643270269 0.00412141210738754 0.0
-0.015199352519173 0.0643397963728519 0.0
-0.0139243008046346 0.124437973844203 0.0
-0.0127341119025298 0.184422814189674 0.0
-0.0117112997240589 0.244287617020563 0.0
-0.010999522646815 0.30399076019499 0.0
-0.0108130216103774 0.363440370017101 0.0
-0.011795097198424 0.422477240254971 0.0
0.0248175640438806 -0.668437886392276 0.0
0.0274806939130583 -0.607426878115814 0.0
0.0297721576151103 -0.546420815528868 0.0
0.0318249099686514 -0.485425366282757 0.0
0.0337205949252112 -0.424455765651558 0.0
0.0355091532891272 -0.363530063458106 0.0
0.0372176606589367 -0.302666160582548 0.0
0.0388547170009606 -0.241881194417392 0.0
0.0404191441491249 -0.181190599956487 0.0
0.0419078573544531 -0.120605650208271 0.0
0.0433162340560192 -0.0601322264246788 0.0
0.0446356346982293 0.000230541629623236 0.0
0.0458485353390064 0.0604915334748513 0.0
0.0469203634938868 0.12066971275719 0.0
0.0477879839450909 0.180796565650528 0.0
0.0483482916548052 0.240923046057342 0.0
0.0484481410929791 0.301139010150941 0.0
0.0478052884252184 0.361615975603196 0.0
0.0452153295566104 0.422580862727926 0.0
0.0865090262537622 -0.671722461516666 0.0
0.0890203825299899 -0.610680163025541 0.0
0.091207576780827 -0.549641799265778 0.0
0.0932041651304722 -0.488614759090438 0.0
0.0950836879649123 -0.427613886844599 0.0
0.0968840153898966 -0.366655595319544 0.0
0.0986201216583979 -0.305755353384342 0.0
0.100291264503223 -0.244926752422272 0.0
0.101887856378707 -0.184180621045629 0.0
0.103395846013892 -0.123523057647641 0.0
0.104796133132689 -0.0629538953758843 0.0
0.106061240905849 -0.0024643210471559 0.0
0.107149572113375 0.0579662639902081 0.0
0.107996910564957 0.118375338517436 0.0
0.108505555326057 0.178823953336688 0.0
0.108531810308623 0.239407722935245 0.0
0.107861548627286 0.300269879325811 0.0
0.106109858587872 0.361586475373856 0.0
0.103032846625635 0.423314442145489 0.0
0.148360614129536 -0.674487003732833 0.0
0.150699681964116 -0.613383049893672 0.0
0.152786292790111 -0.552273820054645 0.0
0.154741039195248 -0.491169923442831 0.0
0.156621614330433 -0.430086753699006 0.0
0.158450515150609 -0.36903959032552 0.0
0.160229538945598 -0.308041774264279 0.0
0.161947245499808 -0.247103999008313 0.0
0.163583662203893 -0.186233804221224 0.0
0.16511194418499 -0.125434206652315 0.0
0.166496294099059 -0.0647026357971857 0.0
0.167687219082394 -0.00402932655164423 0.0
0.168614257413352 0.0566039863858172 0.0
0.169176031163647 0.117224850965885 0.0
0.169227901778959 0.177867125277081 0.0
0.168567163359035 0.238560880190453 0.0
0.166914221115724 0.299301000969658 0.0
0.163978003700912 0.359961034465009 0.0
0.160097377439 0.420319446532447 0.0
0.21034892189847 -0.676646315820748 0.0
0.212503533854865 -0.615456365740402 0.0
0.214497004884958 -0.554245212598182 0.0
0.216424418918457 -0.493028014564889 0.0
0.218321212321717 -0.4318213480769 0.0
0.220192061160946 -0.370639717791443 0.0
0.22202479103741 -0.309494842325686 0.0
0.223796370806516 -0.248395661497283 0.0
0.225475180261589 -0.187348584907417 0.0
0.227020309582298 -0.126357070357102 0.0
0.228377926950095 -0.0654217050357274 0.0
0.229475326439879 -0.00454027750181238 0.0
0.230212884238715 0.0562909418237727 0.0
0.230454334965461 0.11707432163956 0.0
0.230016648277099 0.177803778052025 0.0
0.228663241312459 0.238453418210501 0.0
0.226123181239085 0.298961954194185 0.0
0.222229077853726 0.359254471983374 0.0
0.217180392921684 0.41946494016538 0.0
0.272437813050457 -0.678156986555545 0.0
0.274407074933979 -0.616862784663238 0.0
0.276320043449382 -0.555526193840792 0.0
0.278235511442775 -0.494167549488127 0.0
0.280162150568081 -0.43280452312451 0.0
0.282085676399444 -0.371450697781752 0.0
0.283979951954522 -0.310116359628876 0.0
0.285810309630898 -0.248809495186921 0.0
0.287533274618283 -0.18753691737786 0.0
0.289093835207906 -0.126304780188331 0.0
0.290420522754988 -0.0651196697383869 0.0
0.291418731669704 -0.00398976941297813 0.0
0.291962639751119 0.0570729055376831 0.0
0.291886513889453 0.118049552336447 0.0
0.290977385685739 0.178909873735856 0.0
0.288975771165652 0.239608757224906 0.0
0.285605427992871 0.300092761304868 0.0
0.280656030139335 0.360348435523588 0.0
0.274052781519513 0.420491927858496 0.0
0.334582938262831 -0.679016979439074 0.0
0.336379322986533 -0.617606078121926 0.0
0.33823020692209 -0.556127448956037 0.0
0.340150020740345 -0.494605927059284 0.0
0.342118679622285 -0.433059076100336 0.0
0.344103438495564 -0.371498559395575 0.0
0.346065235547124 -0.309932630852526 0.0
0.347958614832845 -0.248368122740398 0.0
0.349728958556761 -0.186812327741531 0.0
0.351308019759332 -0.125274217586533 0.0
0.352607927681747 -0.0637661964009085 0.0
0.353513926748368 -0.00230581229373696 0.0
0.353876161237675 0.0590817831269304 0.0
0.353501294054806 0.120361327125929 0.0
0.352146044186575 0.181484219171068 0.0
0.349518349391815 0.242388207833794 0.0
0.345295805665036 0.303006013097946 0.0
0.339162672162612 0.363292180669148 0.0
0.330836049925641 0.423257991506343 0.0
0.396735499256558 -0.679266221206709 0.0
0.39838560667265 -0.617732075561228 0.0
0.400197802035877 -0.55610117714583 0.0
0.402138092633476 -0.494400322421324 0.0
0.404158690310851 -0.432644492006231 0.0
0.406210606186156 -0.370841528901253 0.0
0.408243832640865 -0.308996195760067 0.0
0.410203629363376 -0.247112925540376 0.0
0.412025470275662 -0.185198235036286 0.0
0.413629083964749 -0.123262456156904 0.0
0.414911478267519 -0.0613220619344238 0.0
0.41573899403608 0.000597948732816113 0.0
0.415938527686283 0.0624607704942826 0.0
0.415288529400047 0.124214245398742 0.0
0.413511312737909 0.18578627491026 0.0
0.41026975326265 0.247082458455728 0.0
0.405171059217057 0.307988850358815 0.0
0.397773791214318 0.368383766273823 0.0
0.387598495991855 0.428159913717436 0.0
0.458846534450826 -0.678989895634681 0.0
0.460389814867229 -0.617332890775721 0.0
0.462189092788885 -0.555545856993911 0.0
0.464163542404769 -0.493652867518132 0.0
0.466242030105892 -0.431662821349565 0.0
0.468363029194145 -0.369577254609387 0.0
0.470468204475088 -0.307395403969048 0.0
0.472495359811034 -0.245117281202682 0.0
0.474371474177855 -0.182746307570128 0.0
0.476005512149761 -0.120291384581407 0.0
0.477280553910709 -0.0577698347535779 0.0
0.478045056867774 0.004789155342119 0.0
0.478103148489047 0.0673395148061252 0.0
0.477204174255945 0.129812047044246 0.0
0.475031986858683 0.192105855332038 0.0
0.471194472473118 0.254080036479107 0.0
0.46521169708032 0.315546821378312 0.0
0.456498342969017 0.376268247158148 0.0
0.444354728554555 0.435963921556784 0.0
0.520870547959568 -0.67832540082311 0.0
0.522354988367643 -0.61655497600013 0.0
0.524164946774175 -0.554614626763881 0.0
0.526181584415866 -0.49251924447548 0.0
0.528317765665916 -0.430267925024791 0.0
0.53050404349674 -0.367853536704866 0.0
0.532676542496776 -0.305267718211975 0.0
0.534767375712364 -0.242503576728503 0.0
0.536696298923386 -0.179558043343859 0.0
0.538362603123752 -0.116433939783463 0.0
0.539636472007284 -0.053143352440677 0.0
0.540349383179586 0.0102878299998909 0.0
0.540283125137931 0.0738127475732151 0.0
0.539157035710757 0.137353486667953 0.0
0.536612624067889 0.200785824561441 0.0
0.532193790548143 0.26391943479549 0.0
0.525318571326243 0.32647167445409 0.0
0.515237998469559 0.388034755503205 0.0
0.50098820902552 0.448045902110074 0.0
0.582767845597128 -0.677473787759558 0.0
0.584241310754467 -0.615611010899845 0.0
0.586077250751648 -0.553526173761098 0.0
0.588135159680027 -0.491218474303067 0.0
0.590320932843313 -0.428675018960695 0.0
0.592561732489119 -0.365879063213182 0.0
0.594790434122937 -0.302813348920544 0.0
0.596934660476486 -0.239461448638374 0.0
0.598907661051734 -0.175809177530145 0.0
0.600599571272645 -0.11184608433579 0.0
0.601868042889256 -0.0475686100658538 0.0
0.602527586838448 0.0170151224038216 0.0
0.602336754869071 0.0818770312894843 0.0
0.600981902193476 0.146956082538463 0.0
0.598055123159248 0.212136082837413 0.0
0.593022475617799 0.27721018128657 0.0
0.585176937691848 0.341821301437549 0.0
0.573571860153264 0.405364642701402 0.0
0.556929754824904 0.466841270418108 0.0
0.64450402180662 -0.676717486044396 0.0
0.646000208289708 -0.614795406272635 0.0
0.647862945931342 -0.552575201651365 0.0
0.649950694927061 -0.49003931337482 0.0
0.652170250596507 -0.427165660457046 0.0
0.65444834614886 -0.363930174816475 0.0
0.656715569532839 -0.300306730321524 0.0
0.658895223488524 -0.236266513093848 0.0
0.660893881132006 -0.171778156992059 0.0
0.662592046224562 -0.106808140294814 0.0
0.663833774853194 -0.0413226939838119 0.0
0.664414294577839 0.0247090580729553 0.0
0.664064051898861 0.0913089668452476 0.0
0.66242653282075 0.158479233246033 0.0
0.659024854159555 0.226181290317621 0.0
0.653209033644397 0.294295250032993 0.0
0.644072706374752 0.362534903623791 0.0
0.630332745429753 0.430264952656174 0.0
0.610197574108226 0.496103785033612 0.0
