-0.524848982702062 -0.699389855062801 0.0
0.709364324240451 -0.737672362836395 0.0
-0.415865290164947 0.61237245798111 0.0
0.61237245798111 0.61237245798111 0.0
-0.463726323328093 -0.702309345274057 0.0
0.710251952961202 -0.676106949244731 0.0
0.582095612265542 0.556635013640093 0.0
-0.441118562418679 0.534370506962517 0.0
-0.402617559326672 -0.705067808559754 0.0
0.71171381992767 -0.614150914769204 0.0
0.534659427777092 0.524114758788167 0.0
-0.458445686260857 0.459153760905614 0.0
-0.341569196074522 -0.707944535768845 0.0
0.713528710678195 -0.551777803889825 0.0
0.482877099891296 0.505259726245708 0.0
-0.469889323558544 0.386504726671885 0.0
-0.280563941012829 -0.711094670999167 0.0
0.715565604857937 -0.488970341490473 0.0
0.429817297615459 0.493860786081759 0.0
-0.477775801017969 0.316062726908687 0.0
-0.219556736697844 -0.714564521245041 0.0
0.71773364683242 -0.425708968312421 0.0
0.376180571022202 0.486772014514074 0.0
-0.483482182618106 0.247395139341795 0.0
-0.158483074192794 -0.71830722814336 0.0
0.719958114240128 -0.361967097428028 0.0
0.322172030766088 0.482474169076196 0.0
-0.487815593569502 0.180140693650445 0.0
-0.0972736684947034 -0.722195880757731 0.0
0.722165754309791 -0.297709095558519 0.0
0.267912817350164 0.480202230679405 0.0
-0.491272042359553 0.114021328305571 0.0
-0.0358697511732513 -0.726057983203134 0.0
0.72427377091858 -0.232889069867222 0.0
0.213524306722684 0.479586205182335 0.0
-0.49416964807485 0.0488261934653983 0.0
0.0257658153421408 -0.729711575150234 0.0
0.726179797801251 -0.167450411554038 0.0
0.159154531061004 0.480525418519706 0.0
-0.496720153198905 -0.01560472259495 0.0
0.087643969390416 -0.732992194432131 0.0
0.727751387884341 -0.101325006470684 0.0
0.105180888771312 0.48524303929559 0.0
-0.499071129704436 -0.0793917847285991 0.0
0.149749600957892 -0.735768694991005 0.0
0.728813682843532 -0.0344329333800398 0.0
0.050139651146021 0.483686925573388 0.0
-0.501336718427762 -0.142623221147557 0.0
0.212045294511982 -0.737950383700439 0.0
0.729133700543562 0.0333182361261317 0.0
-0.00537354782248444 0.481624656835253 0.0
-0.503642646171662 -0.205358519853733 0.0
0.274476181534453 -0.739488905241227 0.0
0.728398341211154 0.102033743238321 0.0
-0.0600561071657587 0.491465642325162 0.0
-0.506420379609153 -0.267628690903929 0.0
0.336975329906025 -0.740378083702192 0.0
0.726180599647492 0.171831639650085 0.0
-0.115062364275202 0.498668114864836 0.0
-0.508221009708832 -0.329813246346388 0.0
0.39946801008926 -0.740654217630883 0.0
0.721882792523981 0.242838847366234 0.0
-0.169079466766472 0.50869079177356 0.0
-0.510287905254739 -0.391917823186772 0.0
0.461876555797683 -0.740398522834821 0.0
0.714634533355543 0.315177524654258 0.0
-0.224148417145894 0.514377307396532 0.0
-0.513129010757267 -0.453732061591986 0.0
0.524125533055116 -0.739742594118864 0.0
0.703099326717013 0.388917932411037 0.0
-0.279879288582278 0.520983195989286 0.0
-0.516030269617164 -0.515338559128564 0.0
0.586148426005084 -0.738877418978302 0.0
0.68509410030485 0.463926571446159 0.0
-0.332711871626323 0.539893972060471 0.0
-0.519058657508888 -0.57678849310335 0.0
0.647898392064227 -0.738067089386284 0.0
0.656864195932449 0.539380759036734 0.0
-0.384232203520563 0.56370755045783 0.0
-0.52190343847052 -0.638125572876745 0.0
-0.460808903069144 -0.641019822086046 0.0
-0.457908868372111 -0.579617763871528 0.0
-0.454902887656819 -0.518062480311655 0.0
-0.452053706886601 -0.456413456779482 0.0
-0.449277987071078 -0.394672839358362 0.0
-0.447113756292672 -0.332652843562308 0.0
-0.445273110294559 -0.270193495947212 0.0
-0.442764075065023 -0.207400340687489 0.0
-0.440501311329119 -0.144335420303659 0.0
-0.438294127102176 -0.0809134869715642 0.0
-0.436032682498837 -0.0170605191774261 0.0
-0.433610302281658 0.0472907787640295 0.0
-0.430893876764175 0.112203469560368 0.0
-0.4277007760733 0.17772978893443 0.0
-0.423773417584276 0.243886736167922 0.0
-0.418753195360212 0.31059573116066 0.0
-0.412181469569559 0.377540671806991 0.0
-0.403661157476089 0.443859425459957 0.0
-0.393721604801143 0.507551380973604 0.0
-0.399670781095399 -0.643746302535319 0.0
-0.396705814543275 -0.582324290293128 0.0
-0.393759853709561 -0.520765991890006 0.0
-0.390964556143049 -0.459054569518435 0.0
-0.388398082444733 -0.397110575084424 0.0
-0.386279098835279 -0.334965572053207 0.0
-0.384293679714755 -0.272647916907963 0.0
-0.382057616824569 -0.210021782781294 0.0
-0.379950570525584 -0.14713821354267 0.0
-0.377900044237765 -0.0839921082372981 0.0
-0.375830283887132 -0.020579734220529 0.0
-0.373659772559978 0.0430848097389777 0.0
-0.371289299239106 0.106954283201416 0.0
-0.368592387838069 0.170925236178735 0.0
-0.365410293225177 0.234801712246409 0.0
-0.361557962677157 0.298249665747151 0.0
-0.356853924026415 0.360768051684321 0.0
-0.351185727444093 0.421775072025155 0.0
-0.344349864953349 0.481034540077947 0.0
-0.338542341660185 -0.646652952271736 0.0
-0.335548005237954 -0.585258311957678 0.0
-0.332672930374019 -0.523727833637735 0.0
-0.330009231795202 -0.462035638319142 0.0
-0.327621250188824 -0.400174082554578 0.0
-0.325547879440006 -0.338183420064618 0.0
-0.323579669652329 -0.276048454053802 0.0
-0.321557592480242 -0.213722590934664 0.0
-0.319637490946394 -0.151250185403657 0.0
-0.317787478892457 -0.0886668215226106 0.0
-0.315956827571212 -0.0260210669739784 0.0
-0.314086264445087 0.0366129871129769 0.0
-0.312102728811709 0.0991252270478142 0.0
-0.309912220634351 0.161361618204056 0.0
-0.307392000847139 0.223123754675542 0.0
-0.304383884930658 0.284190077516414 0.0
-0.300702758499021 0.344374263172426 0.0
-0.296207041469666 0.403618782217351 0.0
-0.291316172167106 0.462117661490202 0.0
-0.277430121632822 -0.649857753488948 0.0
-0.274436451736443 -0.58853377271525 0.0
-0.271656916121218 -0.527095539995439 0.0
-0.269136406432255 -0.465534437074454 0.0
-0.266892796619539 -0.403862641321762 0.0
-0.264897754783661 -0.342105858690239 0.0
-0.263015900746666 -0.280266034746373 0.0
-0.261173084168967 -0.2183458089235 0.0
-0.25943030506116 -0.156394508334884 0.0
-0.257767753110185 -0.0944660003271686 0.0
-0.256146191912393 -0.0326244541331431 0.0
-0.254513400603347 0.0290536503816235 0.0
-0.252798193607545 0.0904830227644868 0.0
-0.250900552399388 0.151581660238425 0.0
-0.248681149833695 0.212294043111519 0.0
-0.245959500222339 0.272629232598007 0.0
-0.242547586109418 0.332710033534432 0.0
-0.238408713397885 0.392828441147188 0.0
-0.234314833793316 0.453446099537789 0.0
-0.21631573229084 -0.653396249795924 0.0
-0.213347998744974 -0.59216963836107 0.0
-0.210674479884237 -0.530862438548237 0.0
-0.208289650695965 -0.469474767904068 0.0
-0.206171297641489 -0.408024061133908 0.0
-0.204265941113833 -0.346534958793556 0.0
-0.202482150461075 -0.285024014885288 0.0
-0.200777381779483 -0.223514809626783 0.0
-0.19917000270633 -0.162054044266789 0.0
-0.197641218000356 -0.100690647243624 0.0
-0.1961548921341 -0.0394734288845785 0.0
-0.194659537119358 0.0215538031127608 0.0
-0.193083446960834 0.082361529338166 0.0
-0.191329076251114 0.14294940760813 0.0
-0.189272639818577 0.20336533009695 0.0
-0.186781178572991 0.263728002373521 0.0
-0.183773817470682 0.324246547719304 0.0
-0.180369752423294 0.385211418235155 0.0
-0.176721138145255 0.446790342797289 0.0
-0.155160942219063 -0.657205091547434 0.0
-0.15224208006047 -0.596075866889209 0.0
-0.149677616780895 -0.534899425006673 0.0
-0.147414939575571 -0.473679611890455 0.0
-0.145401834595642 -0.41243547416897 0.0
-0.143576255313508 -0.351191410124234 0.0
-0.141871710400357 -0.289969827163883 0.0
-0.140257819505111 -0.228798370810115 0.0
-0.138733919462961 -0.167714142404247 0.0
-0.1372815053186 -0.106751743012896 0.0
-0.135869033796054 -0.0459390228636895 0.0
-0.134452721326869 0.0147080326608919 0.0
-0.13297540937226 0.0751916592162395 0.0
-0.131368127035056 0.135539665348294 0.0
-0.129560649483921 0.195810315504631 0.0
-0.127511582662672 0.256090890402623 0.0
-0.125267591917171 0.316475649088162 0.0
-0.122973615213479 0.376990613385383 0.0
-0.120302343346319 0.437528440656567 0.0
-0.0939197582424149 -0.661143244329456 0.0
-0.0910740568640991 -0.600089584578777 0.0
-0.088618517569367 -0.539016010232318 0.0
-0.0864613265493215 -0.477927469613729 0.0
-0.0845304701292019 -0.416842168442359 0.0
-0.0827629827623596 -0.35578272275676 0.0
-0.0811078582875367 -0.294771573735654 0.0
-0.0795414930000812 -0.233833559998518 0.0
-0.0780572109322271 -0.172996037174531 0.0
-0.0766406040552147 -0.112281909275861 0.0
-0.0752697246476316 -0.0517065192439744 0.0
-0.0739162927442849 0.00872526224080634 0.0
-0.0725477755560213 0.0690215176975157 0.0
-0.0711335159019028 0.129205271213027 0.0
-0.0696592233276669 0.189313460708546 0.0
-0.0681530575201097 0.249392004628171 0.0
-0.0667068340555159 0.309483953391825 0.0
-0.0653994852476764 0.369633982433366 0.0
-0.0641093460453295 0.430063745477376 0.0
-0.0325502230748084 -0.665030369921409 0.0
-0.0298042329412369 -0.604018415786127 0.0
-0.0274566275250439 -0.543004874501827 0.0
-0.0253877111870805 -0.481994789169952 0.0
-0.0235155121400053 -0.421004667512179 0.0
-0.0217811465214338 -0.360054712024736 0.0
-0.0201456173770998 -0.299165292038063 0.0
-0.0185920270672251 -0.238357280424933 0.0
-0.0171153927967134 -0.1776512076633 0.0
-0.0157090263906324 -0.117063355806488 0.0
-0.0143638776568683 -0.0566041886724098 0.0
-0.0130705496149868 0.00372265163092002 0.0
-0.0118235918976371 0.06392013815135 0.0
-0.0106302535705612 0.123996129431243 0.0
-0.00952615093711159 0.183956966313386 0.0
-0.00859653253848988 0.243794479257637 0.0
-0.00798850416081153 0.303464042738152 0.0
-0.00791876493306959 0.362868955430714 0.0
-0.00903688964750274 0.421843385115294 0.0
0.0289765593769845 -0.668682571001992 0.0
0.0315952993808065 -0.607674827078024 0.0
0.0338359538922382 -0.546673944642707 0.0
0.0358328129046307 -0.485685455204745 0.0
0.0376684269493585 -0.424724554554824 0.0
0.0393933571842072 -0.363809295473387 0.0
0.0410351071342578 -0.302957590849239 0.0
0.0426025653250813 -0.242186582150882 0.0
0.0440947461137035 -0.181511682157535 0.0
0.0455086789315795 -0.120944098553984 0.0
0.0468397420418377 -0.0604896020901595 0.0
0.0480791076916529 -0.000147172663001186 0.0
0.0492087531385631 0.0600922482212861 0.0
0.0501931323367465 0.120247825129952 0.0
0.050967526220106 0.180351298282373 0.0
0.0514267406837373 0.240454117045112 0.0
0.051415663137568 0.300647509500192 0.0
0.0506499531827717 0.361106624568868 0.0
0.0479072968576926 0.422062601587602 0.0
0.090671907044984 -0.671937425797677 0.0
0.0931375489035619 -0.610898358934887 0.0
0.0952728015959 -0.549865151493948 0.0
0.0972125912573387 -0.488845052361075 0.0
0.0990313145603982 -0.427852863002225 0.0
0.100767366388712 -0.366904995133615 0.0
0.102436032541167 -0.306016922625575 0.0
0.104036734455688 -0.245202226082638 0.0
0.105559936753859 -0.184471685845629 0.0
0.106991531277748 -0.123831290897644 0.0
0.108312212052504 -0.0632806795333358 0.0
0.109494072368255 -0.00281072439173412 0.0
0.110494752599052 0.0575996595453558 0.0
0.111248816913298 0.117988693115438 0.0
0.111656816337453 0.178418559325173 0.0
0.111572880908874 0.238986604445047 0.0
0.110780458222871 0.299838610434369 0.0
0.108890851824647 0.361153287908786 0.0
0.105663120137222 0.422885100296185 0.0
0.152528539967974 -0.674667893731429 0.0
0.154820271045067 -0.613566919589259 0.0
0.156853716129802 -0.552462518751829 0.0
0.158750764343538 -0.491365185637618 0.0
0.160569844376027 -0.430290290141294 0.0
0.162333842259891 -0.369253121323155 0.0
0.164044728764178 -0.308267027433913 0.0
0.165691085720659 -0.247342685421765 0.0
0.167252833603656 -0.186487575140381 0.0
0.168702876456244 -0.125704590513729 0.0
0.17000496901908 -0.0649909569673928 0.0
0.171108887507311 -0.00433661007366121 0.0
0.171943043179084 0.0562771077182453 0.0
0.172404417361199 0.116878181016995 0.0
0.172346157364578 0.177500796908117 0.0
0.171562836562231 0.238174880317378 0.0
0.169771807180521 0.298893855834352 0.0
0.166680282571252 0.359526906905235 0.0
0.16263753015302 0.419848731431018 0.0
0.214522797615781 -0.67678802403148 0.0
0.216628219317279 -0.615600632211232 0.0
0.218567245434902 -0.554393744036368 0.0
0.220436078844785 -0.49318245961967 0.0
0.222270706826544 -0.431983373436484 0.0
0.224076024916394 -0.370811028086878 0.0
0.225839875406643 -0.309677172061817 0.0
0.227539091969255 -0.248590754516352 0.0
0.22914177120474 -0.187558166699147 0.0
0.230606539569848 -0.126582817957064 0.0
0.231878857826149 -0.065665224514743 0.0
0.232884981452186 -0.00480310907313559 0.0
0.233523819972167 0.05600725330823 0.0
0.23365713959975 0.116768028961771 0.0
0.23309945350209 0.177472530267853 0.0
0.23161141642257 0.23809361117394 0.0
0.228919690536187 0.298568008683606 0.0
0.22485744865912 0.358819485467026 0.0
0.219635765198337 0.418986721797312 0.0
0.276618202219547 -0.678253974679422 0.0
0.278536285870144 -0.616961773853147 0.0
0.280393534223429 -0.555628698762612 0.0
0.282249584124905 -0.49427511254587 0.0
0.284113421868433 -0.432918763444628 0.0
0.285970790906632 -0.371573314558708 0.0
0.287795405536301 -0.310249123138722 0.0
0.2895523012167 -0.248954240273188 0.0
0.291197541970663 -0.187695545203208 0.0
0.292675444967247 -0.12647927456449 0.0
0.293913594208998 -0.065312139199959 0.0
0.294816082885771 -0.00420253292358758 0.0
0.295255363181999 0.0568371657461801 0.0
0.295063517848004 0.117787550871528 0.0
0.294024984322458 0.178617406489731 0.0
0.291877487212057 0.239280407686909 0.0
0.288342498297519 0.299721970484755 0.0
0.283210226642519 0.35992884736507 0.0
0.276413069248946 0.420021544772148 0.0
0.338770022181081 -0.679063548947811 0.0
0.34051322907729 -0.617653970464325 0.0
0.342307196986579 -0.55617795117256 0.0
0.344166839643228 -0.494660456890245 0.0
0.346072117541309 -0.433119188675523 0.0
0.347990116250673 -0.3715659317308 0.0
0.349881464154328 -0.310009055762779 0.0
0.351700253998082 -0.248455521425369 0.0
0.353391239298277 -0.186912783712227 0.0
0.354885310829065 -0.125390035988265 0.0
0.3560934346619 -0.0638999959511288 0.0
0.356899320775025 -0.00246065921963561 0.0
0.357151148649749 0.0589021917646058 0.0
0.35665315550787 0.120152432920015 0.0
0.355159202771153 0.181240348847921 0.0
0.352374109398475 0.242102364471901 0.0
0.347972720246634 0.302669906695989 0.0
0.341638509366397 0.36289708306439 0.0
0.333092489869305 0.422797256253052 0.0
0.400929076403965 -0.6792567603616 0.0
0.402524136854956 -0.617723140201267 0.0
0.404278379084969 -0.556093798803328 0.0
0.406157866870073 -0.494395760737886 0.0
0.408114579805394 -0.432644185393095 0.0
0.410099174498344 -0.370847061302209 0.0
0.41206118776223 -0.309009297512864 0.0
0.413945287764419 -0.247135507505644 0.0
0.41568616548481 -0.185232454373026 0.0
0.417202508737293 -0.123310816144372 0.0
0.418389955347546 -0.0613875518346466 0.0
0.419113074825946 0.000511665840886662 0.0
0.419196526626803 0.0623491149332567 0.0
0.418416011494387 0.124071420100157 0.0
0.416490579211082 0.185604913034606 0.0
0.413079449640165 0.246853255013622 0.0
0.407786217386481 0.307700331358274 0.0
0.400166849104118 0.368022605280117 0.0
0.389742330955812 0.427712709012734 0.0
0.463046057471756 -0.678919152469738 0.0
0.46453270099279 -0.617261762698714 0.0
0.46627321170599 -0.555475091886431 0.0
0.468186364720946 -0.493583500532397 0.0
0.470200539314946 -0.431596066855301 0.0
0.472253697881206 -0.369514463819024 0.0
0.474286926348701 -0.307338078510176 0.0
0.476237312707143 -0.245067129714304 0.0
0.478030909742723 -0.182705341785212 0.0
0.479575468669296 -0.120262059483374 0.0
0.480752490067721 -0.0577552439108705 0.0
0.481408404360784 0.0047850127875737 0.0
0.481344785360063 0.0673113750271574 0.0
0.480307826225672 0.129752908383511 0.0
0.477977586429122 0.192006377090746 0.0
0.473957549527424 0.253927831234165 0.0
0.467762944996068 0.315325752910833 0.0
0.458803593072033 0.375958000704441 0.0
0.446376486986109 0.435540672988665 0.0
0.525075200508176 -0.678188843998917 0.0
0.526501826539282 -0.616417044570583 0.0
0.528252452409719 -0.554475740153893 0.0
0.530207417425675 -0.492380092317497 0.0
0.532278901834738 -0.430129322821227 0.0
0.534396832625989 -0.3677163932311 0.0
0.536496656031343 -0.30513306524113 0.0
0.538509657927158 -0.242372642403864 0.0
0.540354530462152 -0.179432368106746 0.0
0.541929177553951 -0.116315545559256 0.0
0.543101982605668 -0.0530349862321471 0.0
0.543702113194568 0.01038234563522 0.0
0.543508433612667 0.0738880111600358 0.0
0.542236630247843 0.137401800857912 0.0
0.539523721260495 0.200796195778045 0.0
0.534908176190938 0.263876230452292 0.0
0.527801586503288 0.32635292683509 0.0
0.517447561327685 0.387810219117608 0.0
0.502874902233411 0.447675641904746 0.0
0.586976662022249 -0.677268129159638 0.0
0.588391625130607 -0.615402989849666 0.0
0.590167877036391 -0.553315776471277 0.0
0.592163791429631 -0.491005837745199 0.0
0.594284472162827 -0.428460320026799 0.0
0.596456381348009 -0.36566250960348 0.0
0.598611633670346 -0.30259521580405 0.0
0.600676917610798 -0.239242148009129 0.0
0.602564276820339 -0.175589365804261 0.0
0.604162271109706 -0.111626825639048 0.0
0.605326500847837 -0.0473516252371239 0.0
0.60586882631341 0.0172270738801356 0.0
0.605544398373129 0.0820795623602228 0.0
0.604035227562958 0.147142266542522 0.0
0.600927871906704 0.212295036892314 0.0
0.595681353415924 0.277324867923393 0.0
0.587579803270207 0.341865154121711 0.0
0.575665874125581 0.405296614410606 0.0
0.558650759491752 0.466599706311992 0.0
0.648716033365862 -0.67644148038024 0.0
0.650153467944112 -0.614516162584118 0.0
0.651956247120412 -0.552291982639295 0.0
0.6539816512799 -0.489751416029067 0.0
0.656135652368532 -0.42687236912607 0.0
0.658344232188982 -0.363630753361083 0.0
0.660537137414559 -0.300000429964949 0.0
0.662636620094191 -0.235952598375462 0.0
0.664547884674615 -0.171455961456022 0.0
0.666149632769597 -0.10647717054198 0.0
0.667283549153683 -0.0409828114966072 0.0
0.667741745008588 0.0250573294426341 0.0
0.667250559172964 0.0916639249446622 0.0
0.665448009350191 0.158837123118632 0.0
0.661849814331594 0.226534783901177 0.0
0.655795800460352 0.294630711188104 0.0
0.646365477624342 0.362827306119387 0.0
0.632256861246637 0.430468375539953 0.0
0.611657056089864 0.496134843011562 0.0
