-0.521841938231039 -0.699762737760859 0.0
0.71240493932552 -0.737221285067553 0.0
-0.413315784931183 0.61237245798111 0.0
0.61237245798111 0.61237245798111 0.0
-0.460717910385328 -0.702637265752632 0.0
0.713241270275258 -0.675654817000792 0.0
0.582679835133423 0.556482785765795 0.0
-0.4387489378427 0.534340639304081 0.0
-0.399608568265646 -0.705352616477892 0.0
0.714650779990175 -0.61369692194565 0.0
0.535492792098339 0.523858173871211 0.0
-0.456175120044535 0.459067912847888 0.0
-0.338560478427734 -0.708187573632157 0.0
0.716411298450103 -0.551321411593866 0.0
0.483864785653138 0.504993877789157 0.0
-0.467655500040386 0.386361679498985 0.0
-0.277556233032405 -0.711298603270831 0.0
0.718391344308354 -0.488511176959264 0.0
0.430932096632488 0.493617196859773 0.0
-0.475541569205926 0.315870090596956 0.0
-0.216550427983461 -0.71473250951142 0.0
0.720499748269419 -0.425246737958512 0.0
0.377406986682742 0.486549405658407 0.0
-0.481224977128809 0.247161705291058 0.0
-0.155478115783823 -0.718442120597403 0.0
0.722661475756844 -0.361501516760197 0.0
0.323497308115639 0.482265220588913 0.0
-0.485521273290219 0.179874472476795 0.0
-0.0942695871363452 -0.722299652965278 0.0
0.724802874390013 -0.297239836134627 0.0
0.26932645155615 0.480000290156344 0.0
-0.48893165412133 0.113729167085536 0.0
-0.0328657423166232 -0.726131477480045 0.0
0.726840587911458 -0.232415723253495 0.0
0.215018033906755 0.479386779586104 0.0
-0.491777619422434 0.0485138114778359 0.0
0.0287707485494377 -0.729754498929606 0.0
0.728671454941834 -0.166972471913715 0.0
0.160722204854428 0.480323236284714 0.0
-0.494273219130062 -0.0159325971984054 0.0
0.0906508685201898 -0.733003275980358 0.0
0.730161909109264 -0.100841876227391 0.0
0.10682681987394 0.485096444437322 0.0
-0.496567669141506 -0.0797312710224425 0.0
0.152759424687761 -0.735745901884325 0.0
0.731135530673637 -0.0339439615112664 0.0
0.0518405156171658 0.483468607666414 0.0
-0.498776338838279 -0.142971165557479 0.0
0.215058824589527 -0.737891143308202 0.0
0.731357161011373 0.0338136638001102 0.0
-0.00361310991162327 0.481285889533442 0.0
-0.501025957394942 -0.205712427582934 0.0
0.277493963230848 -0.73939029730211 0.0
0.730510634217512 0.10253602016417 0.0
-0.0582218442639354 0.491222871088371 0.0
-0.503750140106529 -0.267986877226604 0.0
0.33999764005381 -0.740236998072833 0.0
0.728164520626294 0.172340566320682 0.0
-0.113183675592068 0.498429714684499 0.0
-0.505497092401547 -0.330174883861528 0.0
0.402494843569439 -0.740467490466524 0.0
0.723714516714672 0.243352841219973 0.0
-0.167148697266375 0.508480497546159 0.0
-0.507511393362945 -0.392282136604975 0.0
0.464907624740289 -0.740163077423874 0.0
0.716279877131953 0.315691830369112 0.0
-0.222184523784088 0.514123870995889 0.0
-0.510302630436136 -0.454098047395795 0.0
0.527160280319598 -0.739455619598566 0.0
0.7045071594937 0.38942028827887 0.0
-0.277888617925797 0.520655147372022 0.0
-0.513156716771096 -0.515706078478649 0.0
0.589186063073693 -0.738536623319861 0.0
0.686184665326605 0.464386021694549 0.0
-0.330657617050095 0.539634177637429 0.0
-0.516139341940035 -0.577157844392916 0.0
0.650937981053306 -0.737671077748989 0.0
0.657509624274119 0.539717064797636 0.0
-0.382126683254074 0.563493576814701 0.0
-0.518940147840401 -0.638496552406398 0.0
-0.457844254594269 -0.641345711975339 0.0
-0.45498799988203 -0.57994178767402 0.0
-0.452027563346323 -0.518384345420221 0.0
-0.449225837385559 -0.456733082768871 0.0
-0.446499502183508 -0.394990051447258 0.0
-0.44438706446811 -0.332966731492507 0.0
-0.442601262825989 -0.270503009636094 0.0
-0.440147941192824 -0.207704481104317 0.0
-0.437942238967691 -0.144632835030591 0.0
-0.435792677353065 -0.0812023395238562 0.0
-0.433588491844553 -0.0173385512857837 0.0
-0.431221831187645 0.0470262156642927 0.0
-0.428558024280941 0.111955355276308 0.0
-0.425412316864645 0.177501272883854 0.0
-0.421524206660349 0.243680716741771 0.0
-0.416531159971267 0.310413825257482 0.0
-0.409969847640505 0.377380840379137 0.0
-0.401440394704429 0.443711124754029 0.0
-0.391483943278463 0.507388453267016 0.0
-0.396705084568601 -0.644028831627138 0.0
-0.393783851512172 -0.582604496266079 0.0
-0.390883481852617 -0.521043861474746 0.0
-0.388135954668139 -0.459330009176716 0.0
-0.385619707548287 -0.397383251449557 0.0
-0.383553544606645 -0.335235239195017 0.0
-0.381623226183041 -0.272914221278326 0.0
-0.379443684223052 -0.210283697438918 0.0
-0.377394484140642 -0.14739497775849 0.0
-0.375402450851072 -0.0842428543170314 0.0
-0.373390992351793 -0.0208235799138746 0.0
-0.371277566461113 0.0428485927337377 0.0
-0.368961700422671 0.106725992206333 0.0
-0.36631540134285 0.170704282371341 0.0
-0.363178233648822 0.234585915512957 0.0
-0.359363620600535 0.298034334434387 0.0
-0.354689631987978 0.360545364115323 0.0
-0.349046574835496 0.421535782877935 0.0
-0.342249870478505 0.480778459055972 0.0
-0.335576195749209 -0.64689381746106 0.0
-0.332625431843385 -0.585497139522876 0.0
-0.329796127502634 -0.523964762644579 0.0
-0.327180748657123 -0.462270740020345 0.0
-0.324843754479302 -0.400407410592641 0.0
-0.322823946458491 -0.338415080023432 0.0
-0.320911514827433 -0.276278382928352 0.0
-0.318946867827687 -0.213950581151238 0.0
-0.317085562344995 -0.151476306016704 0.0
-0.315295130838602 -0.0888913381501319 0.0
-0.313524140464708 -0.0262445637241902 0.0
-0.311712502309672 0.0363894211439197 0.0
-0.309786228207518 0.0988997690390629 0.0
-0.307650308485632 0.161131485049219 0.0
-0.30518099843162 0.222885103247158 0.0
-0.30221934740654 0.283938292226576 0.0
-0.298580539854374 0.344105004627064 0.0
-0.294128262187663 0.403329918663357 0.0
-0.289301679341219 0.461807816023411 0.0
-0.274463980620918 -0.650059898966239 0.0
-0.271513675486904 -0.588734546991083 0.0
-0.268780172702783 -0.527295331600494 0.0
-0.266308557292364 -0.465733616616449 0.0
-0.264116661004165 -0.404061609339765 0.0
-0.262175945452886 -0.34230505888423 0.0
-0.260350645322979 -0.280465896123745 0.0
-0.258566157428064 -0.218546834615033 0.0
-0.256883128795607 -0.156597485335237 0.0
-0.25528122787205 -0.0946719842573768 0.0
-0.253720595989664 -0.0328348043166848 0.0
-0.252148288737684 0.0288372626515709 0.0
-0.250492279101464 0.0902586961821809 0.0
-0.248651582918102 0.151347518815424 0.0
-0.246485847938421 0.212048765374334 0.0
-0.243813861714519 0.272372925261972 0.0
-0.240448514520907 0.332445379525627 0.0
-0.23635873523316 0.392561392393785 0.0
-0.232330354524889 0.453184015883352 0.0
-0.213349854898999 -0.653562942165115 0.0
-0.210425287819082 -0.592335793407116 0.0
-0.207798102012638 -0.531028741835702 0.0
-0.205462741594564 -0.469641891128023 0.0
-0.203396798429894 -0.40819271474919 0.0
-0.20154649084268 -0.346705911232656 0.0
-0.199819988285674 -0.28519808496722 0.0
-0.19817433340662 -0.223692929376912 0.0
-0.196627511288394 -0.162237335599381 0.0
-0.195160234631222 -0.100880366094127 0.0
-0.193735787478951 -0.039670882967097 0.0
-0.192302010370151 0.0213474051124379 0.0
-0.19078643581863 0.0821453348044345 0.0
-0.189090715770237 0.142723309372742 0.0
-0.187090413258817 0.203130484887798 0.0
-0.184652625067369 0.263487402097225 0.0
-0.181698405022898 0.324005348541603 0.0
-0.178351780987843 0.384976199187723 0.0
-0.17476601861725 0.446565721319896 0.0
-0.152195349024967 -0.657339164997495 0.0
-0.149319523050213 -0.596210218035723 0.0
-0.146801725311375 -0.535035020992832 0.0
-0.144589071894563 -0.473817382027273 0.0
-0.142629011473911 -0.412576367219701 0.0
-0.140859120417606 -0.351336414444489 0.0
-0.139212499337648 -0.290119971285811 0.0
-0.137658374739056 -0.228954745999452 0.0
-0.136195702790693 -0.167877903122892 0.0
-0.134805534138515 -0.106924023656932 0.0
-0.133455829562876 -0.0461208204800585 0.0
-0.132102275201196 0.014516018063757 0.0
-0.130687191627578 0.0749892262657141 0.0
-0.129141212725888 0.135327331068793 0.0
-0.127394111947903 0.195589483661405 0.0
-0.125405394899159 0.255863793227725 0.0
-0.123224066147969 0.316244688162151 0.0
-0.12099774166615 0.376756692709568 0.0
-0.118394173451706 0.43729037564945 0.0
-0.0909542254408369 -0.661246588217615 0.0
-0.0881515560584864 -0.600193880412161 0.0
-0.085743055863422 -0.539122454009442 0.0
-0.0836364193092414 -0.478037180118651 0.0
-0.0817591771521707 -0.416956247300927 0.0
-0.0800479381555965 -0.355902276578013 0.0
-0.0784512948589207 -0.294897716454418 0.0
-0.0769452809250816 -0.233967415346179 0.0
-0.0755228790049614 -0.17313871670526 0.0
-0.0741693217621318 -0.1124344444908 0.0
-0.0728623007300323 -0.0518697781727609 0.0
-0.0715732093435216 0.00855066624320853 0.0
-0.0702692922285309 0.0688353117868903 0.0
-0.0689199093326802 0.129007576141766 0.0
-0.0675112536716579 0.189104760959119 0.0
-0.0660726855273204 0.249172958830557 0.0
-0.0646977545924915 0.30925503309865 0.0
-0.0634657609699825 0.369395486530329 0.0
-0.0622492213991214 0.42981777195594 0.0
-0.0295843216291927 -0.665103716166765 0.0
-0.0268815344504249 -0.604093198509728 0.0
-0.0245814018009698 -0.543082449771628 0.0
-0.0225635600936709 -0.482076396852753 0.0
-0.0207455000787465 -0.42109149640702 0.0
-0.0190678935182118 -0.360147928639369 0.0
-0.0174913676013601 -0.299266049351181 0.0
-0.01599870885102 -0.238466719527966 0.0
-0.014584657903523 -0.177770442674884 0.0
-0.0132422715816052 -0.117193439225536 0.0
-0.0119622884771658 -0.0567460798194562 0.0
-0.0107351916805529 0.00356809865873365 0.0
-0.00955558579095453 0.0637521415445375 0.0
-0.00843108732460063 0.123813854831822 0.0
-0.00739817401215061 0.183759229291249 0.0
-0.00654356395709247 0.243579162189854 0.0
-0.00601615451435983 0.303227166576759 0.0
-0.00603372666147328 0.362603584708828 0.0
-0.00724940916272441 0.421538433128348 0.0
0.0319433869915044 -0.668725525807662 0.0
0.0345185451480457 -0.607719516068808 0.0
0.0367112137449444 -0.546721813905198 0.0
0.0386564698648637 -0.485737808010721 0.0
0.0404374422739242 -0.424782622879451 0.0
0.0421051266980093 -0.363874275788602 0.0
0.0436873614594238 -0.303030658383752 0.0
0.0451932943475272 -0.242268893919199 0.0
0.0466221443177045 -0.181604366420641 0.0
0.0479710975021594 -0.12104823210135 0.0
0.0492356179294626 -0.0606061866683025 0.0
0.0504068471437997 -0.000277116181002603 0.0
0.0514665456046039 0.0599481428160168 0.0
0.0523786747617256 0.12008886594913 0.0
0.0530776839488602 0.18017693239695 0.0
0.0534572974850113 0.240264083805767 0.0
0.0533614735372769 0.300442399213249 0.0
0.0525049209911311 0.360889275406942 0.0
0.0496548704690567 0.421838203052246 0.0
0.0936402536572879 -0.671948640395845 0.0
0.0960617153634452 -0.610911445914007 0.0
0.0981483794608605 -0.54988158202528 0.0
0.10003601712329 -0.488866146107867 0.0
0.101799602059057 -0.427879863808509 0.0
0.103477927902858 -0.366939108976197 0.0
0.105086560974161 -0.306059331024723 0.0
0.106625118211523 -0.245254084073681 0.0
0.108084193035044 -0.184534104411797 0.0
0.109449738468763 -0.12390530350045 0.0
0.110702417146122 -0.0633671938076555 0.0
0.111814153614095 -0.00291045373825854 0.0
0.112742220398909 0.0574862961941509 0.0
0.113420547149712 0.117861723144353 0.0
0.113748753916059 0.178278693831462 0.0
0.11357982210361 0.238835610582577 0.0
0.112695953815138 0.299679822368927 0.0
0.110706472232126 0.360991658428844 0.0
0.107372929287334 0.422724220363013 0.0
0.15549894553655 -0.674645284621207 0.0
0.157745689298677 -0.613546194060886 0.0
0.159729856921996 -0.552445116778366 0.0
0.161574179152809 -0.491352407883402 0.0
0.163337619155635 -0.430283373243307 0.0
0.165043401280957 -0.369253272462541 0.0
0.166693708707653 -0.308275433189364 0.0
0.168277244415755 -0.247360504647475 0.0
0.169773970367215 -0.186515917882689 0.0
0.17115674203414 -0.125744483823249 0.0
0.172389143517973 -0.0650432997619297 0.0
0.173420607269577 -0.00440212040314648 0.0
0.174178962546309 0.0561979426683551 0.0
0.174560305272925 0.116785124050742 0.0
0.174416567495702 0.177393786603085 0.0
0.173540830057495 0.238053732859924 0.0
0.171648798525696 0.298757455128411 0.0
0.168446945732091 0.35937147077304 0.0
0.164291302757637 0.419668486461924 0.0
0.217495680011203 -0.676728987424509 0.0
0.219555129346923 -0.615543390931342 0.0
0.221444120943136 -0.5543396623027 0.0
0.223259635600893 -0.493132797597573 0.0
0.225038113552373 -0.431939356106099 0.0
0.226784706375219 -0.370773872740501 0.0
0.228487388105158 -0.309648093788918 0.0
0.230123028975768 -0.248570961042356 0.0
0.231659668897852 -0.187548847053399 0.0
0.233055764538444 -0.12658512903871 0.0
0.234256456022107 -0.0656802827093595 0.0
0.23518747556113 -0.00483199984144771 0.0
0.235746950636758 0.0559634246940182 0.0
0.235795565804465 0.116708008529887 0.0
0.235146466300703 0.177394664302233 0.0
0.233558768288701 0.23799545211579 0.0
0.230757836996138 0.298445904847424 0.0
0.22657742094827 0.358669093921036 0.0
0.22123624593158 0.418806919185497 0.0
0.279593812979895 -0.678155568232402 0.0
0.281464811287961 -0.616864991463013 0.0
0.283271232711765 -0.555534796772494 0.0
0.285073369995806 -0.494185300696648 0.0
0.286880547474707 -0.432834259133487 0.0
0.288678666791296 -0.371495360480884 0.0
0.290441486381379 -0.310178991981605 0.0
0.292133989817006 -0.248893237950973 0.0
0.293712084487799 -0.187645017609857 0.0
0.295119799128819 -0.126440622715054 0.0
0.296284258208447 -0.0652868501986828 0.0
0.297108877969512 -0.00419223782807051 0.0
0.297465174395095 0.0568305935039208 0.0
0.297184014279924 0.117761846103254 0.0
0.296048367519596 0.178569722310134 0.0
0.293794365698917 0.239207150604684 0.0
0.290142198130415 0.29961888123269 0.0
0.284882605842412 0.359791906896942 0.0
0.277952952621728 0.419849708082926 0.0
0.341748427128741 -0.67892263617521 0.0
0.343443375206544 -0.617514430011082 0.0
0.345185733645572 -0.556040909552545 0.0
0.346990895420595 -0.494527067116073 0.0
0.348839020083736 -0.432990659218175 0.0
0.350697246963228 -0.371443531832355 0.0
0.352526161473475 -0.309894121189186 0.0
0.354279718996872 -0.248349469018536 0.0
0.355902421598257 -0.186817137678854 0.0
0.357324761565483 -0.125306469102719 0.0
0.358457119313395 -0.0638303902387336 0.0
0.359182389009879 -0.00240719150264842 0.0
0.359347666910337 0.0589369359980432 0.0
0.35875581714838 0.120165320193968 0.0
0.357159049081543 0.181227549546283 0.0
0.354260347738997 0.242059239102868 0.0
0.349732941784931 0.302591051162084 0.0
0.343259979144391 0.362776920650217 0.0
0.334565413486036 0.422631777103727 0.0
0.403910158208232 -0.679070134326509 0.0
0.405455807901837 -0.617537546198304 0.0
0.407157718747149 -0.555910218341695 0.0
0.408982210536455 -0.494215277164126 0.0
0.41088131206695 -0.432467976823978 0.0
0.412805632804525 -0.37067639316057 0.0
0.414704586344017 -0.30884553150709 0.0
0.416522624804666 -0.246980129036988 0.0
0.418194099363006 -0.185087118367995 0.0
0.419637195209853 -0.123177413222027 0.0
0.420746841509604 -0.0612682983992999 0.0
0.421386647610733 0.000614109255674795 0.0
0.421380018400965 0.0624314938387751 0.0
0.420501069752474 0.12412970401573 0.0
0.418466924733261 0.185634086216431 0.0
0.414934600123863 0.24684710272603 0.0
0.409505486791526 0.307651322230107 0.0
0.401734024062362 0.367922148925327 0.0
0.391141895931012 0.427552463328092 0.0
0.466029538896157 -0.678683669285547 0.0
0.467465732297907 -0.617026874444775 0.0
0.469153295911497 -0.55524162287206 0.0
0.471011008332561 -0.493352434113249 0.0
0.472967154863445 -0.431368497607936 0.0
0.474959563384315 -0.369291581777692 0.0
0.4769291274945 -0.307121184943219 0.0
0.478812648285493 -0.244857678203678 0.0
0.480535755576013 -0.182505003247192 0.0
0.482005595956989 -0.120072814408648 0.0
0.483102835002871 -0.0575795086741466 0.0
0.483672785257036 0.00494421574911267 0.0
0.483515565382106 0.0674501913804765 0.0
0.482375521842349 0.129866357984108 0.0
0.479930435845391 0.192087984979108 0.0
0.475781084264261 0.253969199492703 0.0
0.469439662127338 0.31531614934219 0.0
0.460312920095538 0.375884152348205 0.0
0.447696001925927 0.435387402632038 0.0
0.52806069134754 -0.677901604730497 0.0
0.529436029914917 -0.616129873361741 0.0
0.531133225652775 -0.554189286757273 0.0
0.533032372907413 -0.492095179117227 0.0
0.535045442996576 -0.429846867456167 0.0
0.537102162654193 -0.367437396339989 0.0
0.539137728874242 -0.304858634975942 0.0
0.541083076227537 -0.24210404557028 0.0
0.542856393434456 -0.17917110824233 0.0
0.544354876703225 -0.11606347533804 0.0
0.545445941337677 -0.052794467760137 0.0
0.545957463041315 0.0106082121125696 0.0
0.545666618567639 0.0740950613169869 0.0
0.544286928552821 0.137584345094205 0.0
0.541452679031026 0.200946379750795 0.0
0.536698952372623 0.263983182823512 0.0
0.529433219431019 0.326401695641644 0.0
0.518894244035046 0.38778059112094 0.0
0.504106121784257 0.447541476142669 0.0
0.589963735502632 -0.676926755408935 0.0
0.591326842277197 -0.615061104581452 0.0
0.593049304265549 -0.552973807350123 0.0
0.594989062026295 -0.490664334300516 0.0
0.597050945512921 -0.428119892232009 0.0
0.599161172436792 -0.365323826481451 0.0
0.601251559697846 -0.302259031497723 0.0
0.60324838180867 -0.238909349035719 0.0
0.605063095705852 -0.175261044101513 0.0
0.606583442283969 -0.111304389196589 0.0
0.607663903970904 -0.0470369659128767 0.0
0.608114843021406 0.0175313244580411 0.0
0.607689429882663 0.0823696400735389 0.0
0.6060670771562 0.147412668115831 0.0
0.602830949640652 0.212537578530695 0.0
0.597435651070542 0.277527225640592 0.0
0.589159616265853 0.342008631526873 0.0
0.577038423077198 0.405352910201202 0.0
0.559775619802627 0.466527136729454 0.0
0.65170433078043 -0.676044554221537 0.0
0.653089607834608 -0.614118151940683 0.0
0.654838298686952 -0.551892931467001 0.0
0.656807205515722 -0.489351448755902 0.0
0.658902002049711 -0.426471657913135 0.0
0.661048392504414 -0.363229509099792 0.0
0.663175777330273 -0.299598905401832 0.0
0.665205926273447 -0.235551105839801 0.0
0.667043361931196 -0.171054912631403 0.0
0.668565833930483 -0.106077150147999 0.0
0.669613719295795 -0.0405847038378047 0.0
0.669977351458676 0.0254521294446814 0.0
0.669380658562963 0.0920531606412803 0.0
0.667458366625457 0.159217082549647 0.0
0.663721634702123 0.226899266147199 0.0
0.657503863465004 0.294969158879118 0.0
0.647875456490027 0.363121319444489 0.0
0.633521990225153 0.4306851802532 0.0
0.612616110331114 0.496216035430258 0.0
