-0.519559769533653 -0.699997119694111 0.0
0.714622997355398 -0.736135702758938 0.0
-0.413058280944824 0.61237245798111 0.0
0.61237245798111 0.61237245798111 0.0
-0.45843276111247 -0.702787376992945 0.0
0.715388724719099 -0.674570263368471 0.0
0.582914902217431 0.556548871403781 0.0
-0.438297309075799 0.534262231825412 0.0
-0.397321664852142 -0.705420608525145 0.0
0.716721052037032 -0.612615352626179 0.0
0.535802658802358 0.524037501223769 0.0
-0.455578544733845 0.458949095364602 0.0
-0.336272833105661 -0.708174178265818 0.0
0.718398813256716 -0.550245466793059 0.0
0.484234253324986 0.505291667054893 0.0
-0.466937518362171 0.386218601189777 0.0
-0.275268875989847 -0.711205429810917 0.0
0.720291473297193 -0.487443928937661 0.0
0.431356720752197 0.493998599120166 0.0
-0.474713635292021 0.315710179143207 0.0
-0.214264386060698 -0.714561967507189 0.0
0.722308718415062 -0.424191554401131 0.0
0.377877854111794 0.486978547217838 0.0
-0.480293045320193 0.246989159781382 0.0
-0.153194411671863 -0.718197149218046 0.0
0.724376299101085 -0.360461989677159 0.0
0.324004815609877 0.482716281992328 0.0
-0.484488743875635 0.179692111636762 0.0
-0.0919892277805906 -0.721983451282573 0.0
0.726421297818735 -0.296219749738261 0.0
0.269862185937007 0.480455245885365 0.0
-0.487800713647137 0.113539092529655 0.0
-0.0305896804747636 -0.72574725531303 0.0
0.728361054836016 -0.23141904641459 0.0
0.215574970884039 0.479832823327716 0.0
-0.490549898141585 0.0483176728945405 0.0
0.0310416651083885 -0.729305293207936 0.0
0.730093069044691 -0.166003367244302 0.0
0.161294421214247 0.48075057615628 0.0
-0.492950138472656 -0.0161334884903335 0.0
0.0929159445979734 -0.732491841127447 0.0
0.731484385942844 -0.0999047219981972 0.0
0.1074096363209 0.485508724835033 0.0
-0.495150633194275 -0.079935897270705 0.0
0.155018156256214 -0.735174653696695 0.0
0.73235911943604 -0.0330433855583235 0.0
0.0524272502094875 0.483841714588479 0.0
-0.497266831810005 -0.143178800954225 0.0
0.217310929107704 -0.737262124604981 0.0
0.732482507348159 0.0346727341811955 0.0
-0.00302400920562462 0.481613656025003 0.0
-0.499425555542386 -0.205922699665582 0.0
0.279739403137195 -0.738705138266113 0.0
0.731538535733815 0.103348279077638 0.0
-0.0576392583998779 0.491510073808615 0.0
-0.502060408764934 -0.268200240525494 0.0
0.342236638482918 -0.739496854490735 0.0
0.729095480620696 0.173100183771309 0.0
-0.112608810714335 0.498673823366877 0.0
-0.503720237794005 -0.330389843363415 0.0
0.404727889204727 -0.739672955858051 0.0
0.724547903161544 0.244053151564943 0.0
-0.166587524958346 0.508677441120792 0.0
-0.505648682932064 -0.392498699417094 0.0
0.46713546174332 -0.739314072775396 0.0
0.717012263232455 0.316324570768812 0.0
-0.221637365978003 0.51428504182115 0.0
-0.50835479878188 -0.454317497515119 0.0
0.52938387971797 -0.738551268608162 0.0
0.705128912125312 0.389973535671808 0.0
-0.2773590514173 0.520787939101966 0.0
-0.511124959335447 -0.515928891203112 0.0
0.59140657216723 -0.737575119254711 0.0
0.686672698764478 0.464838083846821 0.0
-0.33016449533653 0.53970671578901 0.0
-0.514023638293103 -0.577384641008278 0.0
0.653156646106601 -0.736649546898831 0.0
0.65781168954975 0.540016801363351 0.0
-0.381657145403201 0.563559051909086 0.0
-0.516741373433241 -0.638727017850229 0.0
-0.455642595703012 -0.64149198685279 0.0
-0.452869324842649 -0.580084521085354 0.0
-0.449992467085749 -0.518523331294051 0.0
-0.447274653303703 -0.456868544541272 0.0
-0.444633266518394 -0.395122051556032 0.0
-0.442606620977192 -0.333096167209185 0.0
-0.44090850500839 -0.270630296397444 0.0
-0.438545357585684 -0.207828657799134 0.0
-0.436431127305116 -0.144753771156387 0.0
-0.434374393596044 -0.0813195324276392 0.0
-0.432264299566586 -0.0174512096721405 0.0
-0.429992868954149 0.0469191945787221 0.0
-0.427425337248853 0.111855461308587 0.0
-0.424376941555991 0.177410528333003 0.0
-0.420587307364171 0.243601938900858 0.0
-0.415694209721236 0.31035108059282 0.0
-0.409234790369354 0.377340143406973 0.0
-0.400809541506131 0.443701086017213 0.0
-0.390958780203745 0.507418631539226 0.0
-0.394501476442718 -0.644092792693497 0.0
-0.391663040441134 -0.582664397223223 0.0
-0.388845851304965 -0.521099862241595 0.0
-0.386182197172308 -0.459382386325436 0.0
-0.383751013194986 -0.397432396027545 0.0
-0.381771079911082 -0.335281668204873 0.0
-0.379928637312714 -0.272957935338771 0.0
-0.377839033139652 -0.210324123799254 0.0
-0.375881188609973 -0.147431863871054 0.0
-0.373981743781304 -0.0842756811667349 0.0
-0.372063882865604 -0.0208515475398291 0.0
-0.370044811121503 0.0428265987068103 0.0
-0.367823798918066 0.106711459037051 0.0
-0.36527261849423 0.170699139581434 0.0
-0.362230663982055 0.234592569863561 0.0
-0.358511364273161 0.29805554121117 0.0
-0.353933263718577 0.360583615526051 0.0
-0.348388091061441 0.421591531008871 0.0
-0.341688608350619 0.480846058141793 0.0
-0.333371410465738 -0.646876198214311 0.0
-0.33050296974365 -0.585475413774319 0.0
-0.327756400849133 -0.523939248400613 0.0
-0.325224667001856 -0.462241839408793 0.0
-0.322972584077301 -0.400375536973631 0.0
-0.321039066993252 -0.33838056531293 0.0
-0.319214609248095 -0.276241193702956 0.0
-0.317339695671957 -0.213910397615131 0.0
-0.315569465997457 -0.151432875716189 0.0
-0.313871177111358 -0.0888442287150815 0.0
-0.312193101380236 -0.0261931430496899 0.0
-0.310474844115565 0.0364459827662134 0.0
-0.308642133753568 0.0989624804132922 0.0
-0.306599752576927 0.161201478601914 0.0
-0.304223900399226 0.222963512061475 0.0
-0.301355796477391 0.284026031020906 0.0
-0.297810846183105 0.344202442344366 0.0
-0.293451215153931 0.403436384885575 0.0
-0.288706991122817 0.461921138991951 0.0
-0.272258682924492 -0.649962472800582 0.0
-0.26938998593519 -0.588633210929446 0.0
-0.266738655501916 -0.527190573580161 0.0
-0.264350325596889 -0.465625936920287 0.0
-0.262243140974175 -0.403951451749005 0.0
-0.260388703978972 -0.342192730443769 0.0
-0.258651371783023 -0.280351451884942 0.0
-0.256956455971187 -0.218430164377665 0.0
-0.255364269662456 -0.156478472539118 0.0
-0.253854180903311 -0.0945504137752989 0.0
-0.252386032452057 -0.0327103657571635 0.0
-0.250906605915017 0.0289649457269869 0.0
-0.249343664762512 0.0903900197848817 0.0
-0.24759612506938 0.151482832660128 0.0
-0.245523664435793 0.212188282848398 0.0
-0.242945120431286 0.272516585623631 0.0
-0.239672829339494 0.332592562951898 0.0
-0.235672519553754 0.392710315430663 0.0
-0.231718734903294 0.453330683405381 0.0
-0.211144703486311 -0.653388247618257 0.0
-0.208300842223786 -0.592157577973828 0.0
-0.20575519467337 -0.530847675967094 0.0
-0.2035027424825 -0.469458588884432 0.0
-0.201521343550221 -0.408007690338089 0.0
-0.19975730832738 -0.34651953415854 0.0
-0.198118799135207 -0.285010547551874 0.0
-0.196562690022994 -0.223504320765531 0.0
-0.195106662878615 -0.162047724848625 0.0
-0.193731130780402 -0.100689774385868 0.0
-0.192399093793106 -0.0394792935750208 0.0
-0.19105814758928 0.0215400229012844 0.0
-0.189635642690534 0.0823389944726181 0.0
-0.188033117423035 0.142917964921343 0.0
-0.186126025051758 0.203325959991923 0.0
-0.183781082868853 0.263683249212152 0.0
-0.180917894118583 0.324200606017565 0.0
-0.177656275248774 0.385169262671606 0.0
-0.174142050078999 0.446756449847942 0.0
-0.149991067150944 -0.657090265818347 0.0
-0.147194927690377 -0.595958333944204 0.0
-0.144758023280862 -0.534781013288308 0.0
-0.142627944176145 -0.473561991671508 0.0
-0.140752332454202 -0.412320203022262 0.0
-0.139068779733905 -0.351079942038601 0.0
-0.137510281742125 -0.289863520421046 0.0
-0.136045840536262 -0.228698568797238 0.0
-0.13467410939794 -0.167622222392881 0.0
-0.133375831968971 -0.106669027162818 0.0
-0.132118677973426 -0.0458666679506718 0.0
-0.130858072746492 0.014769180718351 0.0
-0.129536106957462 0.0752412462558948 0.0
-0.12808317844986 0.13557801515215 0.0
-0.126428682165165 0.195838541923698 0.0
-0.124531252231671 0.256110768594335 0.0
-0.122437851645483 0.316488987758097 0.0
-0.120292336529822 0.376998219495664 0.0
-0.117759055956817 0.43753133889835 0.0
-0.0887516179452132 -0.660926798067761 0.0
-0.0860275636602988 -0.599871742390271 0.0
-0.0836993450524313 -0.538799013802528 0.0
-0.0816750248130222 -0.477713304177978 0.0
-0.0798822300485267 -0.416632641180581 0.0
-0.0782574942367813 -0.355579500095145 0.0
-0.0767492206885935 -0.294576209565025 0.0
-0.0753331669172038 -0.233647544052693 0.0
-0.07400199051761 -0.172820804804906 0.0
-0.0727405931267763 -0.112118776632682 0.0
-0.0715263453086874 -0.0515566069514673 0.0
-0.0703303333878753 0.00886110758391719 0.0
-0.069119490710923 0.0691427897279655 0.0
-0.0678627980178964 0.12931182825583 0.0
-0.0665458440007177 0.189405464659025 0.0
-0.0651968668199964 0.249469737418496 0.0
-0.0639074415032174 0.30954762335387 0.0
-0.0627542033740081 0.369684212498978 0.0
-0.0616079117450035 0.430103723192107 0.0
-0.0273842401080531 -0.664716345016145 0.0
-0.0247590008787596 -0.60370417743125 0.0
-0.0225386038265026 -0.54269298795677 0.0
-0.0206029142560597 -0.4816874722566 0.0
-0.0188694020181919 -0.420703899788981 0.0
-0.0172785647168369 -0.359762298206699 0.0
-0.0157907601960776 -0.298882906361611 0.0
-0.014388444784934 -0.238086507318966 0.0
-0.0130659983095665 -0.177393552153418 0.0
-0.0118161118238639 -0.116820218262851 0.0
-0.0106291626225999 -0.056376844448896 0.0
-0.00949527231915695 0.00393304745552872 0.0
-0.00840865463873177 0.0641124938512974 0.0
-0.00737643335863456 0.124169261420292 0.0
-0.00643434991850604 0.184109276387725 0.0
-0.00566794269281891 0.243923387362731 0.0
-0.00522434680567889 0.303565171523038 0.0
-0.00531920922231044 0.362935179069752 0.0
-0.00660486283107837 0.421863149879737 0.0
0.0341401037511233 -0.668273695029222 0.0
0.0366387256558456 -0.607266765845383 0.0
0.0387521113473548 -0.546269487452222 0.0
0.0406152738821712 -0.485286975086514 0.0
0.0423114948363666 -0.424334144870147 0.0
0.0438920473117379 -0.363428855017835 0.0
0.0453851170931209 -0.302588879692303 0.0
0.0468002376709586 -0.2418312604969 0.0
0.0481370302765355 -0.181171323262699 0.0
0.0493930848412486 -0.120620179182122 0.0
0.0505642670422724 -0.0601834923139288 0.0
0.0516421273356365 0.000139866251581647 0.0
0.0526088740072765 0.060359055455387 0.0
0.0534290196271081 0.120493329767272 0.0
0.0540377723968518 0.18057455113657 0.0
0.0543299384513302 0.240654501782487 0.0
0.0541509232733008 0.300825435624707 0.0
0.0532170143032846 0.361265007756612 0.0
0.0502971771920238 0.42220581788389 0.0
0.095832840095556 -0.671435173353092 0.0
0.098178673502753 -0.610397805536938 0.0
0.100186388247783 -0.549369214095717 0.0
0.101991875162437 -0.488356193424449 0.0
0.103670401032449 -0.427373248410685 0.0
0.105261140249264 -0.366436592277041 0.0
0.106780081729432 -0.305561558978579 0.0
0.108227282647275 -0.244761621166849 0.0
0.109593780949964 -0.184047455935222 0.0
0.110865970743624 -0.123424929872088 0.0
0.112024952924251 -0.062893523397147 0.0
0.113043098799041 -0.00244389598918119 0.0
0.113878165000485 0.0579453397265697 0.0
0.114464652872524 0.118312858015668 0.0
0.114702912485477 0.178721560115617 0.0
0.11444688055611 0.239269962155701 0.0
0.113479963826594 0.300105657701707 0.0
0.111413021992129 0.361409272943006 0.0
0.108010806291471 0.423134939472392 0.0
0.157686759126429 -0.674072650238279 0.0
0.15985863294626 -0.612974137873336 0.0
0.161764041699711 -0.55187515897959 0.0
0.163526032003135 -0.490785751735866 0.0
0.16520400189729 -0.429721001398778 0.0
0.166821655691561 -0.368696014555572 0.0
0.168381669334312 -0.307724012865496 0.0
0.169873237506088 -0.246815572613361 0.0
0.17127680722576 -0.185978074349637 0.0
0.172565710126257 -0.12521429512597 0.0
0.173704001219885 -0.0645213142248727 0.0
0.174641589895196 -0.00388888579814137 0.0
0.175306811759418 0.0567018605893553 0.0
0.175596333539909 0.117279125499587 0.0
0.17536276607297 0.17787723111572 0.0
0.174400013876241 0.238525945411127 0.0
0.172424795836743 0.299217733910734 0.0
0.16914502476431 0.359819243572165 0.0
0.164919332851617 0.420104560347623 0.0
0.219678238083523 -0.676099263809372 0.0
0.221663383956629 -0.614914992677407 0.0
0.223473644624008 -0.553714162494823 0.0
0.225206518223611 -0.49251145712307 0.0
0.226899015830847 -0.431323231184795 0.0
0.228556859749172 -0.370163886608038 0.0
0.230168580005668 -0.309045084158068 0.0
0.231711585478697 -0.247975712992802 0.0
0.233154438705461 -0.186962117115674 0.0
0.234456104848872 -0.12600766564833 0.0
0.235562223682513 -0.0651128472127056 0.0
0.236399027508182 -0.00427539009071583 0.0
0.236865159654559 0.0565083491134045 0.0
0.236821853997326 0.117240304134884 0.0
0.236082854701217 0.177913295468881 0.0
0.234407935547657 0.238499317167897 0.0
0.231523225398813 0.298933967554587 0.0
0.227263658986654 0.35914087642791 0.0
0.221850973941738 0.419263614659645 0.0
0.281770817826534 -0.677470398558738 0.0
0.283567850917905 -0.616181874340219 0.0
0.28529539544084 -0.554855344669411 0.0
0.287014458153758 -0.493510840449085 0.0
0.288735056480958 -0.432165946403189 0.0
0.290443741218439 -0.370834251400135 0.0
0.292114881334286 -0.309526089248497 0.0
0.293714040230782 -0.248249523405721 0.0
0.295197681250214 -0.187011477779755 0.0
0.296510369647373 -0.125818271714217 0.0
0.297579751974951 -0.0646767523140664 0.0
0.298309756738567 -0.00359552962574543 0.0
0.298572406298535 0.0574126854325751 0.0
0.298199065282298 0.118327999848593 0.0
0.296973180489515 0.179118542075551 0.0
0.294631322710993 0.239737240179726 0.0
0.290894148906005 0.300129031632301 0.0
0.285553386184208 0.360281539072251 0.0
0.278549193397681 0.420319876940259 0.0
0.343919780641206 -0.678183159678158 0.0
0.345540846904323 -0.616777686826651 0.0
0.347204009012676 -0.555308546481797 0.0
0.348925551687583 -0.493800496337348 0.0
0.350686428047632 -0.432271172250535 0.0
0.352454489481404 -0.370732366061452 0.0
0.35419097634334 -0.309192502595782 0.0
0.355850457923191 -0.247658643855603 0.0
0.357378019454573 -0.186138398759901 0.0
0.358704710728777 -0.124641179542773 0.0
0.359741446440666 -0.0631800049435789 0.0
0.360371629146203 -0.0017732742107171 0.0
0.360442827918537 0.0595527054755136 0.0
0.359758320878908 0.120761155984057 0.0
0.358070635912531 0.181801596363105 0.0
0.355082950838818 0.242609648058563 0.0
0.350468652666787 0.303116132480973 0.0
0.343911486419252 0.363275520963704 0.0
0.335137872394571 0.423104248317409 0.0
0.406075967215266 -0.678276888198533 0.0
0.407547552563599 -0.616747627950581 0.0
0.409169789906296 -0.55512531398851 0.0
0.410910031112085 -0.493436914375554 0.0
0.412721170297156 -0.431697626890462 0.0
0.41455457458293 -0.36991552734684 0.0
0.416360346030394 -0.308095659353493 0.0
0.418083576650749 -0.246242829537421 0.0
0.419659220514566 -0.184364067969561 0.0
0.421006032586869 -0.122470412312102 0.0
0.422019476673519 -0.0605792955955938 0.0
0.42256365013142 0.00128299773740926 0.0
0.422462375647823 0.0630779748145188 0.0
0.421490074998394 0.124751313795336 0.0
0.419364009111857 0.186228219161087 0.0
0.415741117990718 0.24741107041162 0.0
0.410222554686992 0.308182479862063 0.0
0.402362743504719 0.368418221679477 0.0
0.391685116101229 0.42801259449279 0.0
0.468190113585406 -0.677836464737478 0.0
0.469551807210141 -0.616183454277724 0.0
0.471159095988324 -0.554403731548549 0.0
0.472931873262922 -0.492521755508988 0.0
0.474799329267892 -0.430546730827316 0.0
0.476700078398796 -0.368480484549136 0.0
0.478575725796948 -0.306322608241237 0.0
0.480363730520969 -0.244073598181343 0.0
0.481990338104765 -0.181737553436526 0.0
0.483363269991419 -0.119324320113226 0.0
0.484363718123555 -0.0568525237992736 0.0
0.484837451970752 0.00564687054335284 0.0
0.484584940408055 0.0681253921952728 0.0
0.483350713823111 0.130510647052411 0.0
0.48081249172083 0.192697553157094 0.0
0.476570656428668 0.25453989604374 0.0
0.470136636256753 0.315843556773195 0.0
0.460916252685299 0.37636384812563 0.0
0.448205059945835 0.435816041723413 0.0
0.530216544173917 -0.676999384172648 0.0
0.531516743471488 -0.6152316978111 0.0
0.533132990573562 -0.553297000028691 0.0
0.534946505277006 -0.491210670721723 0.0
0.536870175035434 -0.428972112792294 0.0
0.538834528383716 -0.36657449011416 0.0
0.540775487533454 -0.304009821805276 0.0
0.542624656788124 -0.24127175173193 0.0
0.544300849456967 -0.178357978597513 0.0
0.545701839477015 -0.1152724193849 0.0
0.546695559430215 -0.052028718239638 0.0
0.547110311458646 0.0113450241281083 0.0
0.546723556965364 0.0747988102547941 0.0
0.545248879882108 0.138250287624285 0.0
0.542320295679149 0.201569000631673 0.0
0.537472128493312 0.264556015461649 0.0
0.530110420563824 0.326917155482523 0.0
0.519471766865186 0.388229967922819 0.0
0.504578455577167 0.447915855953023 0.0
0.592115598449047 -0.675967436563309 0.0
0.593402818951212 -0.614105844690521 0.0
0.595043649698826 -0.552024614839498 0.0
0.596897104895674 -0.489723354622099 0.0
0.598868927320807 -0.427189432227263 0.0
0.600886138994941 -0.364406374264609 0.0
0.602881287417048 -0.301357275269411 0.0
0.604781324883794 -0.238026201598974 0.0
0.606498342069306 -0.174399678918004 0.0
0.607920664446451 -0.110468293759309 0.0
0.608903290717562 -0.0462300193171007 0.0
0.609256992240287 0.0183047386518178 0.0
0.608735177258517 0.0831044669452617 0.0
0.607017222737015 0.148102927750483 0.0
0.60368582873338 0.213175973387377 0.0
0.59819446395133 0.278104532759269 0.0
0.589819400119747 0.342512803275662 0.0
0.577592597619044 0.405767950468525 0.0
0.560212804151007 0.46683275674776 0.0
0.653853229407404 -0.675024872367344 0.0
0.655161906571775 -0.613102264754345 0.0
0.656828331511963 -0.550883055650137 0.0
0.658710336422533 -0.488350069933852 0.0
0.660714485050988 -0.425481513153391 0.0
0.662767275615736 -0.362253567999667 0.0
0.664798839345984 -0.298640361700186 0.0
0.666731631649179 -0.234613384609152 0.0
0.668470821240673 -0.170141695424214 0.0
0.669894755492644 -0.105192421174621 0.0
0.670844336591602 -0.0397328230561114 0.0
0.671110303556108 0.0262663133416467 0.0
0.670416791064154 0.0928241305659061 0.0
0.668398397913116 0.159938350950994 0.0
0.66456559380645 0.2275628365762 0.0
0.658250129269406 0.295564514438805 0.0
0.648519126681705 0.363633461189723 0.0
0.634052277447674 0.431090877992853 0.0
0.613013070413121 0.496477809648781 0.0
