-0.520347150873119 -0.699853166697789 0.0
0.713740918007698 -0.73556102151177 0.0
-0.41535233259201 0.61237245798111 0.0
0.61237245798111 0.61237245798111 0.0
-0.459218676445061 -0.702608119374151 0.0
0.714490498292924 -0.673997498385016 0.0
0.582560793019184 0.556760111272097 0.0
-0.440214622885795 0.534213592007254 0.0
-0.398106508573256 -0.705206282252429 0.0
0.715801465010809 -0.612047102220379 0.0
0.535275847777803 0.524457859300446 0.0
-0.457252596817903 0.458916645509986 0.0
-0.337056743758627 -0.707924129583692 0.0
0.717454508764243 -0.549684722160614 0.0
0.483613468489065 0.505830552700213 0.0
-0.468455241937766 0.386219674815828 0.0
-0.276052136622993 -0.710918554240532 0.0
0.719320425817686 -0.486893934904123 0.0
0.430663803306865 0.494592507848052 0.0
-0.476124171954459 0.31574451438969 0.0
-0.215047624919188 -0.714237463953624 0.0
0.721310009424153 -0.423655765065162 0.0
0.37711936722267 0.487595934230339 0.0
-0.481625259656441 0.247052093881888 0.0
-0.153978684513856 -0.717835060899174 0.0
0.723350053094889 -0.359944069269515 0.0
0.323184156478295 0.483340616095729 0.0
-0.485760431930169 0.179778395265391 0.0
-0.0927759851000522 -0.721584951243102 0.0
0.725368724483639 -0.295723593459544 0.0
0.268981683748426 0.481076448244425 0.0
-0.489023218588671 0.113643933755133 0.0
-0.0313806331141719 -0.725314650437744 0.0
0.727284574414905 -0.230948807589446 0.0
0.214636049275822 0.480443491796105 0.0
-0.491730591876988 0.0484369639586924 0.0
0.0302447343265061 -0.72884183444963 0.0
0.728996512833853 -0.165563481602011 0.0
0.160297445941741 0.481346952716956 0.0
-0.494093849923813 -0.0160031963234592 0.0
0.0921113710611095 -0.732001453071243 0.0
0.730373272516049 -0.0994999211217294 0.0
0.106345808374533 0.486036591207923 0.0
-0.496260506563497 -0.0797974939639337 0.0
0.154204552657078 -0.734661658962874 0.0
0.731241017477052 -0.0326786894500703 0.0
0.0513126986319867 0.484404464336548 0.0
-0.498344840669984 -0.143034736100186 0.0
0.216487301947206 -0.736730992239385 0.0
0.731367510901872 0.0349920603649664 0.0
-0.00419579838881704 0.482254151027058 0.0
-0.500472740340642 -0.205775110364465 0.0
0.278905228297367 -0.738160258365271 0.0
0.730439905693578 0.103616831911113 0.0
-0.0588904588665095 0.492017210084638 0.0
-0.50307561594629 -0.268051250554062 0.0
0.341391902546917 -0.738942328538127 0.0
0.728030554873498 0.173312649480019 0.0
-0.113911685866915 0.499137032142562 0.0
-0.504705912101762 -0.33023885238322 0.0
0.40387310305193 -0.739112384859475 0.0
0.723539458999595 0.244204786494924 0.0
-0.167955710204988 0.509069117426438 0.0
-0.506605050789428 -0.392346474975553 0.0
0.466271648260184 -0.738750320308112 0.0
0.716090633597273 0.31641224168117 0.0
-0.223053419486312 0.514689312179129 0.0
-0.509279867342706 -0.45416628686471 0.0
0.528512530636216 -0.737986173330054 0.0
0.704335271811255 0.38999805039923 0.0
-0.278820805895921 0.521244037693375 0.0
-0.512017254219724 -0.515779309591169 0.0
0.590529560540957 -0.737009127194106 0.0
0.686063760638161 0.464809515611707 0.0
-0.331727548460348 0.540035883907353 0.0
-0.514881750860153 -0.577237007893041 0.0
0.652276070362712 -0.736081219821824 0.0
0.657463987622191 0.539966324829575 0.0
-0.383297358190117 0.563837736415738 0.0
-0.517564392276211 -0.638581237194816 0.0
-0.456464235722727 -0.641311101043644 0.0
-0.453726162150842 -0.579902135429861 0.0
-0.450883331892718 -0.518339534122235 0.0
-0.448197993279916 -0.456683625931624 0.0
-0.445588222473935 -0.394936237856112 0.0
-0.443591632956069 -0.332911226832215 0.0
-0.441922430058399 -0.270447677190931 0.0
-0.43958989910668 -0.207648441870922 0.0
-0.437506298530955 -0.144577158653131 0.0
-0.435481074650232 -0.0811478483701535 0.0
-0.433404224515079 -0.0172859176026208 0.0
-0.431168846521685 0.0470765498337388 0.0
-0.428641670870227 0.112003389744873 0.0
-0.425640082695748 0.177547902874448 0.0
-0.421906798632962 0.243728679453032 0.0
-0.417083898636092 0.310469639704921 0.0
-0.410713808360199 0.377458581565438 0.0
-0.402400433566343 0.443838575329453 0.0
-0.392672002807889 0.50761092426659 0.0
-0.395322320439713 -0.643876889130948 0.0
-0.392518946725577 -0.582446925068952 0.0
-0.389735351690642 -0.520880981409641 0.0
-0.387103823952276 -0.459162445180134 0.0
-0.384703517022256 -0.397212093812343 0.0
-0.38275305054841 -0.335061725212299 0.0
-0.380939483904325 -0.272738680884554 0.0
-0.378879464379623 -0.210106017524422 0.0
-0.376951368543141 -0.147215389966126 0.0
-0.3750823532628 -0.0840611665656398 0.0
-0.373196242320154 -0.020639054182654 0.0
-0.371211041836161 0.0430374773125351 0.0
-0.369027059366427 0.106921934322659 0.0
-0.366517388413434 0.170911752763905 0.0
-0.363522994682359 0.234811931050393 0.0
-0.359858908744048 0.298289117141418 0.0
-0.355344711634637 0.360841726856969 0.0
-0.349870935913126 0.421883847067551 0.0
-0.343228984241628 0.481167067515955 0.0
-0.334191621287227 -0.646624272529267 0.0
-0.331357946303576 -0.585221575935235 0.0
-0.328644366713341 -0.523683650496817 0.0
-0.326143998162955 -0.461984778915806 0.0
-0.323921897440957 -0.400117334986645 0.0
-0.322017194072244 -0.338121404660523 0.0
-0.320221064470933 -0.275981074676901 0.0
-0.318374654215098 -0.213649191400369 0.0
-0.316632986909442 -0.151170231904972 0.0
-0.314963650489591 -0.088579421044933 0.0
-0.313315355120502 -0.0259249284897743 0.0
-0.311628248088719 0.0367195484193369 0.0
-0.30982873672135 0.0992442522736639 0.0
-0.307822444042742 0.161495392388558 0.0
-0.305486564065954 0.223274558480378 0.0
-0.302663299430765 0.284359746428485 0.0
-0.299168018141991 0.344563532880775 0.0
-0.294856098687832 0.403826318274437 0.0
-0.29012871182234 0.462339137461457 0.0
-0.273078469065388 -0.64967330717492 0.0
-0.270244057300304 -0.588341650165417 0.0
-0.267624920906447 -0.526896677041634 0.0
-0.265267053103553 -0.465329790460422 0.0
-0.263188958391117 -0.403653053174302 0.0
-0.261362597323281 -0.34189189964413 0.0
-0.259652853873829 -0.280047782383686 0.0
-0.257985428440767 -0.218123017984147 0.0
-0.256420673918707 -0.156166918105379 0.0
-0.254938206308458 -0.0942331564331602 0.0
-0.253498221991702 -0.0323857173095397 0.0
-0.252047983974652 0.0292990436852868 0.0
-0.250515920990556 0.090735864055696 0.0
-0.248801849089486 0.151842632038022 0.0
-0.246766533614613 0.212563531338582 0.0
-0.244229613617401 0.272907040648119 0.0
-0.241001957699844 0.332994799036359 0.0
-0.237040349859511 0.393116401567881 0.0
-0.233093352145061 0.453728900305479 0.0
-0.211964463936049 -0.653061066050229 0.0
-0.20915421998494 -0.591827543500307 0.0
-0.206639871481822 -0.530514722370488 0.0
-0.204416969527625 -0.469122607976033 0.0
-0.202463837798782 -0.407668438154539 0.0
-0.200727193524255 -0.346176570222888 0.0
-0.199115611417617 -0.284663214145951 0.0
-0.197586232824772 -0.223151751725646 0.0
-0.196156842911319 -0.161688848025836 0.0
-0.19480807510953 -0.100323343565885 0.0
-0.193503255530333 -0.0391039835067614 0.0
-0.192190436380135 0.0219254386479268 0.0
-0.190797576599134 0.0827353512114974 0.0
-0.189226929070855 0.143325270103082 0.0
-0.18735450574228 0.203742797806296 0.0
-0.185046581944158 0.264106061840448 0.0
-0.18221930992166 0.324623115633066 0.0
-0.178983186356634 0.385583083465327 0.0
-0.175474856480299 0.447156712542144 0.0
-0.150811496245696 -0.656725249185962 0.0
-0.148048128790306 -0.595590173223805 0.0
-0.145641591162462 -0.534409543543357 0.0
-0.143540217248251 -0.473186970784957 0.0
-0.141692185489806 -0.411941244312832 0.0
-0.140035493767886 -0.350696485369175 0.0
-0.13850346149221 -0.289474840720853 0.0
-0.137065283153385 -0.228303810291997 0.0
-0.135719715469049 -0.167220445120178 0.0
-0.134447667446193 -0.106259286930783 0.0
-0.133217042103791 -0.0454481428470444 0.0
-0.131983561471584 0.0151970142233171 0.0
-0.130689631121637 0.0756783887818571 0.0
-0.129265824899845 0.136023689153523 0.0
-0.127641162458069 0.19629096648291 0.0
-0.125772473823316 0.256567150215297 0.0
-0.123702229454081 0.316946224164522 0.0
-0.121567606637658 0.377455248821145 0.0
-0.11903428256613 0.437991618305456 0.0
-0.0895737225532773 -0.660525316657711 0.0
-0.0868814225773607 -0.599467067096213 0.0
-0.084582633113448 -0.538390930261687 0.0
-0.0825862728183245 -0.477301505723607 0.0
-0.0808205267979877 -0.416216687905066 0.0
-0.0792222943409957 -0.355158812937823 0.0
-0.0777402126546117 -0.294150094293909 0.0
-0.0763501508245668 -0.233215233599843 0.0
-0.0750448096268096 -0.172381512365838 0.0
-0.0738091469136851 -0.111671767799246 0.0
-0.0726206003585095 -0.0511012913241953 0.0
-0.0714503006546458 0.00932507166946076 0.0
-0.0702651121991623 0.0696153893900794 0.0
-0.0690336291602802 0.129792615009199 0.0
-0.0677403424956268 0.189893555971882 0.0
-0.066411119576991 0.249964020342587 0.0
-0.0651337166261978 0.310047302711282 0.0
-0.0639815768644102 0.370189300358391 0.0
-0.0628293805010365 0.430613224833025 0.0
-0.0282092633439462 -0.664280910145083 0.0
-0.0256145941430374 -0.603265746780201 0.0
-0.0234226939227364 -0.542251348046836 0.0
-0.0215143194610121 -0.481242307791584 0.0
-0.0198074646578894 -0.420254772298777 0.0
-0.0182429148543332 -0.359308651849955 0.0
-0.0167811580791828 -0.298424094271177 0.0
-0.0154046630022108 -0.237621827853411 0.0
-0.0141077531924121 -0.176922288806272 0.0
-0.0128830370259793 -0.116341683934767 0.0
-0.0117207682661484 -0.0558904243293659 0.0
-0.0106108499609015 0.00442786732079214 0.0
-0.00954706633886073 0.0646161364697594 0.0
-0.00853568548359355 0.124682155561661 0.0
-0.00761083492121636 0.184632133597601 0.0
-0.00685535537456955 0.244457810083923 0.0
-0.00641274416081624 0.304114708326952 0.0
-0.0064953382788657 0.363506573968989 0.0
-0.00775112459252387 0.422467078003361 0.0
0.0333108174225512 -0.667807735405785 0.0
0.0357802031164292 -0.606798222885277 0.0
0.0378660130012566 -0.545798190690205 0.0
0.039702413982698 -0.484812639094085 0.0
0.0413722520043092 -0.42385636157933 0.0
0.0429266225201275 -0.362947106211713 0.0
0.0443936978810253 -0.302102563158009 0.0
0.045783109468613 -0.241339721528335 0.0
0.0470946470612801 -0.180673887790309 0.0
0.0483261194362154 -0.12011618927723 0.0
0.049473682475545 -0.0596723426508656 0.0
0.0505293054467696 0.000658693812208487 0.0
0.0514758487735875 0.0608859629115166 0.0
0.0522788699469271 0.121028583291932 0.0
0.0528751902785124 0.181118262613448 0.0
0.0531618301306653 0.241206542455272 0.0
0.0529866481883894 0.301385024668746 0.0
0.0520685349758118 0.361829418912076 0.0
0.0491886663405705 0.42276918694338 0.0
0.0949979941633388 -0.670942750931103 0.0
0.097316039287347 -0.609903380743947 0.0
0.0992970739033771 -0.548872693707392 0.0
0.101076265544458 -0.487857349952954 0.0
0.102728582534655 -0.426871724543586 0.0
0.10429315701125 -0.365931921262385 0.0
0.105786090946078 -0.305053194758143 0.0
0.107207655681573 -0.24424897294993 0.0
0.108549174637679 -0.183529927011879 0.0
0.109797393421561 -0.122901964671471 0.0
0.110933857809774 -0.0623646677591526 0.0
0.111931535903635 -0.00190887735414133 0.0
0.112749027140822 0.0584865033434579 0.0
0.113322044397588 0.118859709441659 0.0
0.11355262380863 0.179272999952616 0.0
0.113296852932055 0.239823966698491 0.0
0.112340648397449 0.300658914855303 0.0
0.110298433849274 0.361957204963375 0.0
0.106935679260046 0.423675405279273 0.0
0.156845237051379 -0.673558183632856 0.0
0.158990829969984 -0.612458375060584 0.0
0.160870403058144 -0.551358112193048 0.0
0.162606473483138 -0.490267273573332 0.0
0.164258319288521 -0.429200802989921 0.0
0.165849757563563 -0.368173696184878 0.0
0.167383712341184 -0.307199100213905 0.0
0.168849716147991 -0.246287555395132 0.0
0.170228628115228 -0.185446448712839 0.0
0.171494275868063 -0.124678613516652 0.0
0.172611331601934 -0.0639812452601761 0.0
0.173530507662057 -0.00334428273111265 0.0
0.174181219842395 0.0572508942129941 0.0
0.174461595906276 0.11783220543034 0.0
0.174226160808878 0.178433767400565 0.0
0.173271168087367 0.239085456850873 0.0
0.171316030706951 0.29978067628298 0.0
0.168070858638453 0.360388897585676 0.0
0.1638901107188 0.420687551290397 0.0
0.21882920294384 -0.675567281537866 0.0
0.220789563744031 -0.614382508593278 0.0
0.222574745853608 -0.553181316874721 0.0
0.224281974292784 -0.491978200196467 0.0
0.225948350353468 -0.430789358145376 0.0
0.227579877016613 -0.369629078921071 0.0
0.229165472880323 -0.308508949410166 0.0
0.230683014023891 -0.247437821377572 0.0
0.23210160955845 -0.186422035705381 0.0
0.233380873557006 -0.125464991275529 0.0
0.23446724148548 -0.0645672346543517 0.0
0.235287951052238 -0.00372656428962887 0.0
0.235742934407849 0.0570606213787671 0.0
0.235695058372082 0.117796325286211 0.0
0.234960047542391 0.178473685833096 0.0
0.23329989409724 0.239065441550704 0.0
0.230442810438413 0.299508479521702 0.0
0.226224350848918 0.359727685980447 0.0
0.220861565269596 0.419865050950531 0.0
0.28091377573609 -0.676925320619479 0.0
0.282687424545245 -0.615637146331005 0.0
0.284390517274466 -0.554311252642761 0.0
0.286084094672842 -0.492967448909124 0.0
0.287778493309464 -0.431623154037997 0.0
0.289460715645111 -0.370291841845134 0.0
0.291105658044097 -0.308983770287926 0.0
0.292679478701011 -0.247706954807126 0.0
0.294139319551106 -0.186468289036718 0.0
0.295430540655666 -0.125274068923141 0.0
0.296481745004746 -0.0641311088069365 0.0
0.297198031544771 -0.00304794883246304 0.0
0.297452854519912 0.0579628527357993 0.0
0.297079291140755 0.118881702652548 0.0
0.295862741110856 0.179677244432351 0.0
0.293541823322241 0.240303163569153 0.0
0.289838961313988 0.300705263261772 0.0
0.2845463311213 0.360871560816147 0.0
0.277601824444121 0.420925805404588 0.0
0.343054609943734 -0.677629094381575 0.0
0.344653506870207 -0.616224853466614 0.0
0.346292669900878 -0.55475739254946 0.0
0.34798875846641 -0.493251224127033 0.0
0.349723275787235 -0.431723818605301 0.0
0.351464687246268 -0.370186860151071 0.0
0.353174889192851 -0.308648700753767 0.0
0.354809163524873 -0.247116345344963 0.0
0.356313395043212 -0.185597344902892 0.0
0.35761955865565 -0.124101035616198 0.0
0.35863966307719 -0.0626403203788168 0.0
0.359258415174192 -0.00123341332891927 0.0
0.359324927402819 0.0600936712035564 0.0
0.358644260463782 0.121304598937952 0.0
0.356970916545295 0.182349519933966 0.0
0.354010110257013 0.243164879059867 0.0
0.349437012224718 0.303682430293549 0.0
0.342936273756721 0.363857356003228 0.0
0.334233723883722 0.423705990909329 0.0
0.405202917799836 -0.677717422951309 0.0
0.406653273105039 -0.616190277914128 0.0
0.408251755551641 -0.554570706547674 0.0
0.409966440733902 -0.492885429804628 0.0
0.411750986535006 -0.431149501574344 0.0
0.413557516327108 -0.369370914230316 0.0
0.415336899655085 -0.307554655319242 0.0
0.417035044508252 -0.245705478008113 0.0
0.418587811786151 -0.183830340348124 0.0
0.419914997293613 -0.121940167789168 0.0
0.420913281337183 -0.0600522149406265 0.0
0.4214481880933 0.00180751154322233 0.0
0.421345197489494 0.0636009374632716 0.0
0.420380613771611 0.125274348677394 0.0
0.418273761111449 0.186753795851916 0.0
0.414683710372616 0.247942778224021 0.0
0.409213585621342 0.308725271257188 0.0
0.401419309240305 0.368978472338753 0.0
0.390825253840267 0.428597797118965 0.0
0.467309780081992 -0.677274423303829 0.0
0.468650832075418 -0.615624372488103 0.0
0.470234389254346 -0.553848445915843 0.0
0.471981390198328 -0.491970891463373 0.0
0.473821965267154 -0.430000820601362 0.0
0.475695598259131 -0.367940023414383 0.0
0.47754475244513 -0.305788071757192 0.0
0.479307790904423 -0.243545432047744 0.0
0.480911961280505 -0.181216139906349 0.0
0.482266132104473 -0.11880991940309 0.0
0.483252828592882 -0.0563451838157312 0.0
0.483719371554101 0.0061474470910254 0.0
0.483468016796009 0.0686200379797366 0.0
0.482245312416405 0.131000994011548 0.0
0.479731187775173 0.193186383953922 0.0
0.475528337752583 0.255031580717395 0.0
0.469150465807404 0.316344535244929 0.0
0.460005539344932 0.376883088068648 0.0
0.447391309675781 0.436365434848006 0.0
0.529329817168854 -0.676436518863207 0.0
0.530609573085047 -0.614672537101482 0.0
0.532201914420716 -0.552742644341209 0.0
0.533989354757841 -0.49066209576098 0.0
0.535885843753398 -0.428430282491068 0.0
0.537822858665158 -0.366040400335393 0.0
0.539737249581904 -0.303484505390712 0.0
0.541561600276078 -0.240756258272564 0.0
0.543215814616449 -0.177853332249581 0.0
0.544598918198097 -0.114779551087966 0.0
0.54558029866907 -0.0515483620653023 0.0
0.545989949605698 0.0118124872049305 0.0
0.545607281221254 0.0752535854482934 0.0
0.544148087080277 0.138693508331896 0.0
0.541248830254738 0.202003218360144 0.0
0.536446459057682 0.264985877297901 0.0
0.52914971952598 0.327350304611937 0.0
0.518597919516049 0.388678214954532 0.0
0.503816270054794 0.448396726595982 0.0
0.591223605039336 -0.675404016798574 0.0
0.592490218747445 -0.613546691515717 0.0
0.594106841573931 -0.551471199136087 0.0
0.59593391272201 -0.48917715702103 0.0
0.597878297507749 -0.426652026831773 0.0
0.599868012901317 -0.363879449550414 0.0
0.601836587725857 -0.300842626609958 0.0
0.603712023565349 -0.237525707877999 0.0
0.605407592577412 -0.173915264157868 0.0
0.606812987532786 -0.110001867587794 0.0
0.607784807323989 -0.0457833833610823 0.0
0.608135698074842 0.0187300385951467 0.0
0.607621255055096 0.0835073735603125 0.0
0.605923387721454 0.148483235278095 0.0
0.602627698084442 0.213534891611674 0.0
0.597190920667754 0.278445562576212 0.0
0.588892865149112 0.342843105613375 0.0
0.576768998436301 0.406100502296646 0.0
0.559521012471078 0.467189797965749 0.0
0.652957300421179 -0.674459112988863 0.0
0.654244980959926 -0.612541062876989 0.0
0.65588688134173 -0.550328446163368 0.0
0.65774226138946 -0.487804263733835 0.0
0.659718809920834 -0.424946914474613 0.0
0.66174404314441 -0.361732766137304 0.0
0.663749121524928 -0.29813612001294 0.0
0.665657624488035 -0.234128629345509 0.0
0.667376007371785 -0.169679499373006 0.0
0.668784127520837 -0.10475597340353 0.0
0.669724680807183 -0.0393253716283996 0.0
0.669990549759712 0.0266415645548358 0.0
0.669308444770664 0.0931642004448214 0.0
0.667316085997188 0.160240783435013 0.0
0.663527772010507 0.22782621437354 0.0
0.657279999160046 0.295789350693408 0.0
0.64764571891909 0.363823797980799 0.0
0.633311245327919 0.431257221238335 0.0
0.61244550207765 0.496642614213567 0.0
