-0.52244517013147 -0.699531095875103 0.0
0.711509049702916 -0.734990829371281 0.0
-0.419241225719452 0.61237245798111 0.0
0.61237245798111 0.61237245798111 0.0
-0.461315306037869 -0.702257367620121 0.0
0.712256652360622 -0.673430046138271 0.0
0.581892086131678 0.557091131496698 0.0
-0.443544113338719 0.53416143546443 0.0
-0.400201968006984 -0.704826477457861 0.0
0.713559340563428 -0.611485949464299 0.0
0.534296949458361 0.525092792862045 0.0
-0.460230294586183 0.458905732784936 0.0
-0.33915090750179 -0.707513910997927 0.0
0.715200492505841 -0.549133843445268 0.0
0.482457956506343 0.506617452832995 0.0
-0.471216356483587 0.386272597000342 0.0
-0.278145118201419 -0.710475515178101 0.0
0.717052753314967 -0.486357578501965 0.0
0.429368876487146 0.495440195233766 0.0
-0.478745767221317 0.315858244170938 0.0
-0.217140112662854 -0.713759427830531 0.0
0.719028430132318 -0.423138427809878 0.0
0.375699103046142 0.488465438300547 0.0
-0.4841529853545 0.247217525061727 0.0
-0.15607207527249 -0.717321070064986 0.0
0.721055752117557 -0.359450523113029 0.0
0.321647628836576 0.484213843745181 0.0
-0.488222608365402 0.179985921746525 0.0
-0.0948723318345614 -0.721035832582798 0.0
0.723064412541631 -0.295258931374959 0.0
0.267335715386519 0.481943135851597 0.0
-0.491437946648727 0.113884934670758 0.0
-0.0334824344712837 -0.724733106717168 0.0
0.724974711380473 -0.230518491288091 0.0
0.212885415032207 0.481295938987411 0.0
-0.494109604829737 0.0487040900159113 0.0
0.0281348286423514 -0.728232190725716 0.0
0.72668765504309 -0.165173378695758 0.0
0.158444696031574 0.482181905997366 0.0
-0.496444744686291 -0.0157160992517227 0.0
0.0899908582573698 -0.731369243098118 0.0
0.72807454965557 -0.0991563200178502 0.0
0.104378432576305 0.486765139107188 0.0
-0.498588092000696 -0.0794955626516199 0.0
0.152071325707953 -0.734013184937912 0.0
0.728964762892862 -0.0323882758885983 0.0
0.0492588783776521 0.485204649973701 0.0
-0.500651951295645 -0.142722284020722 0.0
0.214339830188242 -0.736072918203172 0.0
0.72913009761872 0.0352222906989132 0.0
-0.00634549663951064 0.483196142291743 0.0
-0.502760621252776 -0.205455816458302 0.0
0.276742672302617 -0.737499250755966 0.0
0.728262893538514 0.103779774187626 0.0
-0.0611685181369818 0.492756975760425 0.0
-0.505341853341179 -0.26772848666344 0.0
0.339214175027175 -0.738284732140996 0.0
0.725942351255305 0.173401509620032 0.0
-0.116274345895379 0.499819437644623 0.0
-0.506953916129726 -0.329912153073363 0.0
0.401680887912267 -0.738463905531242 0.0
0.721577867229593 0.244213968163891 0.0
-0.170423806102957 0.509650096048602 0.0
-0.508834790233374 -0.392017103088824 0.0
0.464066382505358 -0.738115674934083 0.0
0.714306946354279 0.316339300108351 0.0
-0.225599677228748 0.515307134824804 0.0
-0.511487776062505 -0.453837526476402 0.0
0.526296342251955 -0.737368661895922 0.0
0.702800958909073 0.389848208614173 0.0
-0.281441412813949 0.521958599781135 0.0
-0.514200510961072 -0.515452028375548 0.0
0.588305141309879 -0.736410075863479 0.0
0.684880980460181 0.464606526362997 0.0
-0.334509343229776 0.540556282337087 0.0
-0.517038045647822 -0.576911531330877 0.0
0.650046445482968 -0.735499222190527 0.0
0.656778822253412 0.539778984733318 0.0
-0.386209619873306 0.564270272633836 0.0
-0.51969194290534 -0.638257522842238 0.0
-0.458590510017301 -0.640959001288691 0.0
-0.455881384280931 -0.579548803437745 0.0
-0.453065381773026 -0.51798519188785 0.0
-0.450404202630071 -0.456328676139111 0.0
-0.44781684268631 -0.394581032183454 0.0
-0.445839787022564 -0.332558385390635 0.0
-0.444187602198897 -0.270099466164601 0.0
-0.441874156448176 -0.207305347376827 0.0
-0.439809265559649 -0.144241208679123 0.0
-0.437803810373648 -0.0808214090224324 0.0
-0.435749246678165 -0.016971684383057 0.0
-0.433540506222987 0.0473756396042205 0.0
-0.431046835948923 0.112284354374093 0.0
-0.428089189780164 0.177808169267777 0.0
-0.424415370455996 0.243967106062211 0.0
-0.419674508837881 0.310688772375513 0.0
-0.413417726982992 0.377669397528279 0.0
-0.405254898220085 0.444069174125161 0.0
-0.395696074072412 0.507915907564591 0.0
-0.397447952546497 -0.643495883206718 0.0
-0.394673374589396 -0.582064741697919 0.0
-0.39191602810998 -0.520497830056681 0.0
-0.389308097881987 -0.458778805427442 0.0
-0.386928929427466 -0.396828989739905 0.0
-0.384996877417922 -0.334680165917224 0.0
-0.38320022504439 -0.272359207859378 0.0
-0.381157660232485 -0.209729597648854 0.0
-0.37924686361969 -0.146842912264961 0.0
-0.377395925519471 -0.0836933534633714 0.0
-0.375529820445231 -0.0202762907698129 0.0
-0.373567983560879 0.0433954644227999 0.0
-0.371412548220042 0.107276606183285 0.0
-0.368938906021517 0.171266589685801 0.0
-0.365990734533397 0.235173624468865 0.0
-0.362385812431888 0.298668899469264 0.0
-0.357945470247667 0.361255595712796 0.0
-0.352558178448253 0.42234754315388 0.0
-0.345983304560834 0.481674250010121 0.0
-0.336316614274439 -0.646212419226547 0.0
-0.333511415990412 -0.584807984288734 0.0
-0.330823241879658 -0.523268457746965 0.0
-0.328345292090749 -0.461568333878547 0.0
-0.326142902979104 -0.399700021093466 0.0
-0.324255526166483 -0.337703401534785 0.0
-0.322475388099262 -0.275562390223281 0.0
-0.320644721384298 -0.21322972528012 0.0
-0.318918501246431 -0.150749492286742 0.0
-0.317264972283405 -0.0881563591569992 0.0
-0.315633687101491 -0.0254977143656171 0.0
-0.31396581401851 0.0371538301769236 0.0
-0.312189004147198 0.0996899557360492 0.0
-0.310210372217683 0.16195861514586 0.0
-0.30790881458922 0.223763159953024 0.0
-0.305128159271695 0.284882627302187 0.0
-0.301683758715864 0.345128566370413 0.0
-0.297420807093364 0.404436694875773 0.0
-0.292697440420986 0.462994875258501 0.0
-0.275202941237315 -0.649227957168925 0.0
-0.272396467210744 -0.587893686740574 0.0
-0.269801621564959 -0.526446020398224 0.0
-0.267464808649794 -0.46487640053275 0.0
-0.265405026938109 -0.403196763379538 0.0
-0.263594791667176 -0.34143229615178 0.0
-0.261899835473466 -0.279584167446169 0.0
-0.260246546704866 -0.217654371128227 0.0
-0.258695466213238 -0.155691736097717 0.0
-0.257226737185167 -0.0937493689977842 0.0
-0.255801259179252 -0.0318906361587328 0.0
-0.254367202447015 0.0298086995676747 0.0
-0.252854186582158 0.0912637723762696 0.0
-0.251163572951835 0.152392360220301 0.0
-0.249157951071145 0.213137544837419 0.0
-0.246658347028982 0.273505072335463 0.0
-0.243473611978935 0.333611546569639 0.0
-0.239547331165324 0.393739414687893 0.0
-0.235588495696155 0.454339484217675 0.0
-0.214088851809419 -0.652580040461642 0.0
-0.211305762469958 -0.591343005281514 0.0
-0.208814452384101 -0.530026316284079 0.0
-0.206611237160897 -0.468629929633456 0.0
-0.204675127842101 -0.40717089349852 0.0
-0.202953494778123 -0.345673291010714 0.0
-0.201355613449592 -0.284153036374666 0.0
-0.199839138887579 -0.222633203755102 0.0
-0.19842214152956 -0.161160123520239 0.0
-0.197085735495203 -0.0997823632535992 0.0
-0.195793898315956 -0.0385485473887715 0.0
-0.194495537352059 0.0224973676204149 0.0
-0.1931196994972 0.0833251766790848 0.0
-0.191569886112556 0.143933054810858 0.0
-0.189723120204971 0.204366297426258 0.0
-0.187445177146105 0.264739563716527 0.0
-0.18464718064135 0.325256502875498 0.0
-0.181425697955848 0.386202721936758 0.0
-0.177903933909599 0.44775406910132 0.0
-0.152936701706733 -0.656207775572336 0.0
-0.150199453833242 -0.595068513791677 0.0
-0.147814646761131 -0.533883110061051 0.0
-0.145731689757113 -0.472655090410001 0.0
-0.143899591362074 -0.411403051819726 0.0
-0.142257028410169 -0.350150879407561 0.0
-0.140737906205469 -0.288920495833803 0.0
-0.139311827715516 -0.227739212528222 0.0
-0.137977836611116 -0.166643950891578 0.0
-0.13671723442068 -0.105669256841611 0.0
-0.135498424911849 -0.0448431481719088 0.0
-0.134277727349509 0.0158179050509407 0.0
-0.132998168249234 0.0763152445206529 0.0
-0.131590723736621 0.136675300997665 0.0
-0.129983970426659 0.196954485413957 0.0
-0.128132124887959 0.257238075000574 0.0
-0.126070973338737 0.317619514508049 0.0
-0.123927783132861 0.378128998792076 0.0
-0.121371353436881 0.438670785908081 0.0
-0.0917011338730111 -0.659972508950864 0.0
-0.089033652445007 -0.598909766382394 0.0
-0.0867552672673912 -0.53782840020965 0.0
-0.0847761948887023 -0.476732921413022 0.0
-0.083025520157673 -0.415641061403767 0.0
-0.0814407855873711 -0.354574978410538 0.0
-0.0799710940621085 -0.293556738875418 0.0
-0.0785926073453403 -0.232610951099713 0.0
-0.0772982222684632 -0.171764879674176 0.0
-0.0760731175322985 -0.111041463408091 0.0
-0.0748949674670323 -0.05045624504875 0.0
-0.073735098977654 0.00998550864939782 0.0
-0.0725603901931851 0.0702912742015168 0.0
-0.071338953012052 0.130483285439177 0.0
-0.0700537041327439 0.190597638050408 0.0
-0.0687270017952059 0.250679754564871 0.0
-0.067440931288545 0.310773393770849 0.0
-0.0662644212232551 0.370925605184711 0.0
-0.0650788873238786 0.431357659671489 0.0
-0.0303406402186718 -0.663695774730228 0.0
-0.0277692127647393 -0.602676201725674 0.0
-0.025596378176588 -0.541656600590503 0.0
-0.0237042975632351 -0.480641479508004 0.0
-0.0220118490251022 -0.419646848318443 0.0
-0.0204603661434378 -0.358692478645436 0.0
-0.0190106585537861 -0.297798411125654 0.0
-0.0176453424661731 -0.236985313342471 0.0
-0.0163587860835416 -0.176273618254371 0.0
-0.0151436011780801 -0.115679600309725 0.0
-0.0139899767361282 -0.0552138068701414 0.0
-0.0128875954615181 0.00511995903827301 0.0
-0.0118296851360828 0.0653244827714016 0.0
-0.0108212910755419 0.125407539411838 0.0
-0.00989414840231402 0.185375794325654 0.0
-0.00912705168354911 0.245222424454397 0.0
-0.00865805561845095 0.30490607683348 0.0
-0.0086946380914539 0.364335618988178 0.0
-0.00987770720758564 0.423351236438933 0.0
0.0311735465912244 -0.667194861785489 0.0
0.0336215325320269 -0.606181367212888 0.0
0.0356896280327014 -0.545176584696044 0.0
0.0375106143435524 -0.484185422307875 0.0
0.0391665537924011 -0.423222546078577 0.0
0.0407081398828205 -0.362305580445592 0.0
0.0421633894604164 -0.301452121070383 0.0
0.0435419493563658 -0.240679102498032 0.0
0.0448437360927104 -0.180001823788164 0.0
0.0460667677688079 -0.119431459976296 0.0
0.0472075283080664 -0.0589738325252551 0.0
0.0482585251393397 0.00137194202654538 0.0
0.0492035295596258 0.0616147042910288 0.0
0.0500096261626437 0.121773340584259 0.0
0.0506160406793154 0.181879292084762 0.0
0.0509231053831023 0.241983675252687 0.0
0.050782308804028 0.302176959882585 0.0
0.0499164294507698 0.362631603260828 0.0
0.0471263548830616 0.423572251432719 0.0
0.0928529580284877 -0.670307875322726 0.0
0.0951516687522135 -0.60926522394995 0.0
0.0971163391465337 -0.548230580039217 0.0
0.0988808914076377 -0.48721049024572 0.0
0.100519688420769 -0.426219195151422 0.0
0.10207164831812 -0.365272677157501 0.0
0.103552900752973 -0.304386103896605 0.0
0.104963906101604 -0.243572861836288 0.0
0.106296293851255 -0.182843637451131 0.0
0.107537226786808 -0.122204427098487 0.0
0.108668824310639 -0.061654997053578 0.0
0.109664877996656 -0.00118650153242967 0.0
0.110485207461124 0.0592216662322648 0.0
0.111067331027162 0.11960700585804 0.0
0.111315832509196 0.180030696868084 0.0
0.111090060555059 0.240588761093882 0.0
0.110179732523536 0.301425290443833 0.0
0.108204731822552 0.362717439096401 0.0
0.104930818461801 0.424425396267227 0.0
0.154690821660157 -0.672907747305944 0.0
0.156819294524854 -0.611805562532497 0.0
0.158683818577744 -0.550702396856953 0.0
0.16040591861095 -0.48960797848581 0.0
0.162044512855623 -0.42853709775355 0.0
0.163623426086487 -0.367504624285852 0.0
0.165145808968053 -0.306523622687355 0.0
0.166601570054712 -0.245604603276133 0.0
0.167972070703914 -0.184754985461593 0.0
0.16923178399139 -0.123977711937953 0.0
0.170346231727361 -0.0632701813961562 0.0
0.171267283726345 -0.00262264370474211 0.0
0.171925965842662 0.0579831067772809 0.0
0.172222630838101 0.118574528256815 0.0
0.172014753499525 0.179185397420555 0.0
0.171102226114972 0.239845761296392 0.0
0.169208628468467 0.300550546565951 0.0
0.166047279430296 0.361173805335237 0.0
0.161964803318328 0.421498046772647 0.0
0.21666420258292 -0.674908033166712 0.0
0.218609704164005 -0.613721934600181 0.0
0.220381064911817 -0.552519084244434 0.0
0.222074871208998 -0.491313773863633 0.0
0.223728164253238 -0.430122021818583 0.0
0.225347200379775 -0.36895797852825 0.0
0.226921335118731 -0.307833142457867 0.0
0.228429018544066 -0.246756325838766 0.0
0.229840072182654 -0.185733878440315 0.0
0.231114998763935 -0.124769255654653 0.0
0.232201371021785 -0.0638631005934779 0.0
0.233027914534967 -0.00301332160797004 0.0
0.233496518489878 0.0577836262790378 0.0
0.233472573501515 0.118529877285631 0.0
0.232774899289559 0.179219111164389 0.0
0.231168973706479 0.239825302009071 0.0
0.228386247535286 0.300287433632294 0.0
0.224262927477836 0.360532294205371 0.0
0.219007314761672 0.420698734245064 0.0
0.278737487698638 -0.676263970110894 0.0
0.280498459601064 -0.614975620302135 0.0
0.28218880441078 -0.553649445154571 0.0
0.283869362667369 -0.492304990928499 0.0
0.285550745812495 -0.430959465963034 0.0
0.28722046453877 -0.369626192428408 0.0
0.288854062684146 -0.30831532531754 0.0
0.290418469563988 -0.247034811815993 0.0
0.291871747305094 -0.185791497983371 0.0
0.29316037793309 -0.124591636140125 0.0
0.294214362486074 -0.063441974608653 0.0
0.294940560476685 -0.00235091987876154 0.0
0.295214628478316 0.0586692445362853 0.0
0.29487232342643 0.119599443421274 0.0
0.293702142190629 0.180409186556706 0.0
0.291445983049919 0.241053404336894 0.0
0.287829074797062 0.301479266725743 0.0
0.282644032246234 0.361675231434447 0.0
0.275824067970259 0.421762245322734 0.0
0.340866876360127 -0.676972002224545 0.0
0.34245505991624 -0.615568799707367 0.0
0.344082322222465 -0.554102525362454 0.0
0.345765622068457 -0.492597372089988 0.0
0.347487083030035 -0.431070582766445 0.0
0.349215924586763 -0.369533686127159 0.0
0.350914887758967 -0.307994921304002 0.0
0.352540209119509 -0.246461195480899 0.0
0.354038885448103 -0.184939951626079 0.0
0.355344223742805 -0.12344038035944 0.0
0.356369856858689 -0.0619751666882448 0.0
0.357002478707625 -0.000562187660305364 0.0
0.357093604556499 0.0607730588511125 0.0
0.356451123882116 0.121995000394793 0.0
0.354832728531673 0.183054845863156 0.0
0.351946977888612 0.243890391946881 0.0
0.347471983336737 0.304434871644622 0.0
0.341093733190334 0.364644448535085 0.0
0.332536269290279 0.42453476815182 0.0
0.403004121571295 -0.677070290931393 0.0
0.404445364529925 -0.615545428057419 0.0
0.406032505116678 -0.553928569358572 0.0
0.407734443599288 -0.492246086775729 0.0
0.409505784840297 -0.430512819729938 0.0
0.411299625016169 -0.368736625976186 0.0
0.413067851126451 -0.306922390207564 0.0
0.414757488404771 -0.24507475631696 0.0
0.416305681474067 -0.183200533059012 0.0
0.417633747181143 -0.121310421616717 0.0
0.418640194886842 -0.0594213353985323 0.0
0.419192748529796 0.00244122994558725 0.0
0.419119501494683 0.0642399460917561 0.0
0.418199792404713 0.125922153818427 0.0
0.416156347121104 0.187415341926526 0.0
0.412651833682898 0.248624877839909 0.0
0.407292772544235 0.309436961320094 0.0
0.39963762894542 0.369730999057469 0.0
0.389211769968242 0.429403749157609 0.0
0.465100800501987 -0.676641939656066 0.0
0.466433850873154 -0.614995396753855 0.0
0.468006304944162 -0.553223732054295 0.0
0.469740425113115 -0.491350869956265 0.0
0.471567564823314 -0.429385765779031 0.0
0.473428357226916 -0.367330130762727 0.0
0.475266425094781 -0.305183474294479 0.0
0.477021388714434 -0.242946172655082 0.0
0.478621933643391 -0.180622105062592 0.0
0.479978624915685 -0.118220731074423 0.0
0.480976014712318 -0.0557600383942641 0.0
0.481463842532992 0.0067300104446465 0.0
0.481247217927328 0.0692024628094062 0.0
0.480075991883046 0.131587151438578 0.0
0.477633810791827 0.19378215716399 0.0
0.473527384757322 0.255645580018744 0.0
0.467274515140485 0.316988865962529 0.0
0.458287124723508 0.377574013441468 0.0
0.445866523271173 0.437123645232403 0.0
0.527111949690105 -0.675821903085242 0.0
0.528384243720419 -0.614062557548881 0.0
0.52996542140568 -0.55213845419641 0.0
0.531739723500183 -0.490064629859276 0.0
0.533622519333383 -0.427840428618011 0.0
0.535546561100092 -0.365459059515081 0.0
0.537449969166361 -0.302912589701076 0.0
0.539266705670544 -0.2401946466651 0.0
0.540918256284552 -0.177302788409755 0.0
0.542305515942947 -0.114240595943014 0.0
0.543300104857767 -0.051021082817978 0.0
0.543734678608147 0.0123287204307615 0.0
0.543391792642585 0.0757605370099117 0.0
0.541990904121255 0.139194683405053 0.0
0.539172662249223 0.202504723797523 0.0
0.534478681304614 0.265497600302016 0.0
0.527322765464651 0.327887454697162 0.0
0.516949590180898 0.389263256668741 0.0
0.502389971989238 0.449061596734604 0.0
0.588998457763936 -0.674808398642163 0.0
0.590257592871258 -0.6129566210765 0.0
0.591862784511157 -0.55088838095573 0.0
0.593676431049575 -0.488603266221601 0.0
0.595606917822975 -0.426088838461465 0.0
0.597583612235842 -0.363328866450398 0.0
0.599541399931787 -0.300306660900888 0.0
0.601409773566829 -0.237006434119038 0.0
0.603103734297347 -0.173414743677872 0.0
0.604515032967887 -0.109522031783991 0.0
0.605502740941342 -0.0453258522501884 0.0
0.605882474504096 0.0191642397449114 0.0
0.605413382497895 0.0839182567007035 0.0
0.603781603636733 0.148872538117107 0.0
0.600577742735261 0.213907147404947 0.0
0.595264394340056 0.278809761792942 0.0
0.587128076594667 0.343215278934324 0.0
0.575211491288858 0.406507690398094 0.0
0.558223147593984 0.467675880799655 0.0
0.650726715359534 -0.673880649698112 0.0
0.652006518545168 -0.611968707816914 0.0
0.653636679936144 -0.549764755547836 0.0
0.655478437761449 -0.487251992664149 0.0
0.657441012974817 -0.424409052411904 0.0
0.659453313702044 -0.361212530516165 0.0
0.661447935977356 -0.297636941476615 0.0
0.66335007049233 -0.233654131070179 0.0
0.665068070183541 -0.169233461456898 0.0
0.666484080330251 -0.104342266871348 0.0
0.667443583715215 -0.0389478383821503 0.0
0.667742874630926 0.0269793215298129 0.0
0.667112864167185 0.0934591746727782 0.0
0.665196497385797 0.160491169890596 0.0
0.661514672402687 0.228032447101798 0.0
0.655412354808525 0.295955933510694 0.0
0.645973368553672 0.363962646182043 0.0
0.631897218539754 0.431393869432287 0.0
0.611365392706061 0.4968275084877 0.0
