-0.530577798896241 -0.698343836062421 0.0
0.703000337864942 -0.733872218017669 0.0
-0.431664836406708 0.61237245798111 0.0
0.61237245798111 0.61237245798111 0.0
-0.469445415334159 -0.701035143018505 0.0
0.703787085249127 -0.67231916024713 0.0
0.579624247713767 0.558136439756293 0.0
-0.454336283413479 0.534065161708387 0.0
-0.408329410340554 -0.703566672272057 0.0
0.705113514835016 -0.610392492669642 0.0
0.531006752354564 0.52700899420945 0.0
-0.47002579882889 0.45897034687357 0.0
-0.347274583077567 -0.706211694616487 0.0
0.706770699823739 -0.548068398868837 0.0
0.478563029985129 0.508924560932914 0.0
-0.480416761474333 0.386553494948278 0.0
-0.286264672632309 -0.709122157571738 0.0
0.708636399094507 -0.485331331243087 0.0
0.424988287860104 0.497883499590233 0.0
-0.487581269455132 0.316340404609492 0.0
-0.225257005888817 -0.712346365037865 0.0
0.710627049515123 -0.422163178732654 0.0
0.3708847561974 0.490946874454767 0.0
-0.49276119446618 0.247869870888532 0.0
-0.164190004057604 -0.715843197492255 0.0
0.712674819727871 -0.358538822956227 0.0
0.316435487500369 0.486692724501957 0.0
-0.496689530533674 0.180776779204176 0.0
-0.102997076608541 -0.719493482618929 0.0
0.714713669968927 -0.294424250511425 0.0
0.261753263233939 0.484398266280974 0.0
-0.499818809276326 0.114786101653744 0.0
-0.0416212272374532 -0.723132527069688 0.0
0.716668910090014 -0.229775379552442 0.0
0.206952298398062 0.483710877910905 0.0
-0.502440240531119 0.0496915545730193 0.0
0.019974196090401 -0.726584885479092 0.0
0.718447691062427 -0.164537581982953 0.0
0.152172199871966 0.48454853728192 0.0
-0.504748237598004 -0.014662451807063 0.0
0.0818009429582739 -0.729690745211859 0.0
0.719929017736582 -0.0986448200133812 0.0
0.0977334947462893 0.488816177234282 0.0
-0.506878819535999 -0.0783925159199654 0.0
0.14384579584833 -0.73232169715977 0.0
0.72095201606066 -0.0320192043414241 0.0
0.0423304278079687 0.487504151637805 0.0
-0.508938038557711 -0.1415838848428 0.0
0.206074017807063 -0.734388041655234 0.0
0.721300994234476 0.0354299431777778 0.0
-0.013578841355879 0.485946256022162 0.0
-0.511045113302976 -0.204293917407597 0.0
0.268433922128961 -0.735840867910969 0.0
0.720684593636208 0.103806812590417 0.0
-0.0687961787100497 0.494927338078067 0.0
-0.513616203396547 -0.266553460979864 0.0
0.330862027128365 -0.736672020622959 0.0
0.718703863541112 0.173229894723833 0.0
-0.12417597035656 0.501834521982794 0.0
-0.515227805964485 -0.328723529162335 0.0
0.393287135189415 -0.736914395156845 0.0
0.71479866660267 0.243829697091485 0.0
-0.17866241229136 0.511376370684552 0.0
-0.517107327030841 -0.390818836993472 0.0
0.455635021458369 -0.736644219821513 0.0
0.708151077331858 0.315738816604443 0.0
-0.234098257256319 0.517184256505379 0.0
-0.519747170892746 -0.452639148949803 0.0
0.517833398654564 -0.73598617889745 0.0
0.697500778361317 0.389053493097186 0.0
-0.290190076062613 0.524147062716499 0.0
-0.52243720973031 -0.514256007820863 0.0
0.579818307432918 -0.735121883803349 0.0
0.680776583857845 0.46370247625402 0.0
-0.343770952720298 0.542149554528827 0.0
-0.525244852313062 -0.57571852913167 0.0
0.641544412115613 -0.734302752302263 0.0
0.654375395619624 0.539009342902699 0.0
-0.395930827322101 0.565542554295977 0.0
-0.527862791032976 -0.63706764391392 0.0
-0.466759132328329 -0.639735020681702 0.0
-0.464086682069986 -0.578323260222855 0.0
-0.461300391186091 -0.516758946365995 0.0
-0.458660362928083 -0.455102858986438 0.0
-0.456088055115441 -0.393356715076201 0.0
-0.454116396804918 -0.331343255140085 0.0
-0.452460525500056 -0.268900458108237 0.0
-0.450148604138443 -0.206124687256949 0.0
-0.448083316571256 -0.143085375872301 0.0
-0.446080078689312 -0.079698197528913 0.0
-0.444035022110943 -0.0158901171622112 0.0
-0.441848934610543 0.0484055666819216 0.0
-0.439399026658381 0.11325222160276 0.0
-0.43651744365061 0.178704399329157 0.0
-0.432967844853894 0.244785850432347 0.0
-0.428421339886419 0.311434329474082 0.0
-0.422456563481602 0.378369836936504 0.0
-0.414704570997727 0.444801706429527 0.0
-0.405629490557418 0.508835760149446 0.0
-0.405615713706386 -0.642234906799267 0.0
-0.402877494027809 -0.580802695633399 0.0
-0.400148308354755 -0.519235280189334 0.0
-0.397559796380806 -0.457517094409177 0.0
-0.395191574245096 -0.395571117131714 0.0
-0.393261140739428 -0.333428996411395 0.0
-0.391460428361171 -0.27111647453426 0.0
-0.389414390100776 -0.208498783798541 0.0
-0.387498864434662 -0.145627046847867 0.0
-0.385645040891943 -0.0824951405933291 0.0
-0.383781702140859 -0.0190976046973577 0.0
-0.38183299023503 0.0445545304725731 0.0
-0.379707015846642 0.108419301419152 0.0
-0.377286673323288 0.172401969600936 0.0
-0.374424534890018 0.236320127070831 0.0
-0.370947574320772 0.299858482242908 0.0
-0.366683512019961 0.362535014272122 0.0
-0.36151600683066 0.423765078692141 0.0
-0.355120629981335 0.483219675419319 0.0
-0.344483002206127 -0.644907783191639 0.0
-0.341713512526679 -0.583500524634817 0.0
-0.339051159670984 -0.521958403169175 0.0
-0.336589074914961 -0.460256534592191 0.0
-0.334393239666555 -0.39838743868691 0.0
-0.332504057460201 -0.336390410760451 0.0
-0.330716943215439 -0.274249084203652 0.0
-0.328877567018443 -0.211916078303083 0.0
-0.327141017936208 -0.149434225986021 0.0
-0.32547783069795 -0.0868366008734213 0.0
-0.32384045578491 -0.0241683229472763 0.0
-0.32217354203407 0.0385012040212208 0.0
-0.320408931964276 0.101067982570968 0.0
-0.318458704430866 0.163385307076082 0.0
-0.316207353354419 0.225262127658636 0.0
-0.313504066188147 0.286481274007337 0.0
-0.310164883988766 0.346852439628362 0.0
-0.306007720588105 0.406299344725374 0.0
-0.301273136369584 0.465001023238965 0.0
-0.283367876519851 -0.647870057971722 0.0
-0.280595931933965 -0.586530056919861 0.0
-0.278023794805654 -0.525076086799157 0.0
-0.275698804122705 -0.463499718818294 0.0
-0.273641320187307 -0.401812537803118 0.0
-0.271825543043512 -0.340039051981891 0.0
-0.270119859422219 -0.278179721055992 0.0
-0.268452927452973 -0.2162356550394 0.0
-0.266886117230766 -0.154254184165654 0.0
-0.265401467611793 -0.0922867110025331 0.0
-0.263962331975817 -0.0303947266278045 0.0
-0.262519964210801 0.0313478455705233 0.0
-0.261007924971974 0.092857444904445 0.0
-0.259332583583674 0.154051694776087 0.0
-0.257362418673358 0.214870597565603 0.0
-0.254923275586673 0.275311930266119 0.0
-0.251819570654066 0.335477323967506 0.0
-0.247959261807477 0.395627326781722 0.0
-0.24393406679694 0.456190624914253 0.0
-0.222253258915534 -0.65116021594886 0.0
-0.219502877310871 -0.589914331967364 0.0
-0.217030779897676 -0.528587223928998 0.0
-0.214835347308312 -0.467178741768682 0.0
-0.212897602222328 -0.405705410489925 0.0
-0.211166947735576 -0.344190552423866 0.0
-0.209554920747943 -0.282649276013795 0.0
-0.208020943813583 -0.221103759567102 0.0
-0.206584210216509 -0.159599286630089 0.0
-0.205227576864407 -0.0981835774475289 0.0
-0.20391729373972 -0.0369048607492761 0.0
-0.202605161788573 0.0241924558634134 0.0
-0.201223833528837 0.0850762932736528 0.0
-0.199680939919533 0.145740787184457 0.0
-0.197857058306737 0.206224202288198 0.0
-0.195617373070553 0.26663051574132 0.0
-0.192859653558102 0.327149538095259 0.0
-0.189640679089529 0.388054782159151 0.0
-0.186042758390307 0.449535227492871 0.0
-0.161102925782905 -0.654721416219904 0.0
-0.158395849646278 -0.593570794681728 0.0
-0.156026594332572 -0.532371588621906 0.0
-0.153947664690839 -0.4711271456963 0.0
-0.152110585160707 -0.409855548134916 0.0
-0.150456199061567 -0.348580032737268 0.0
-0.148920369266866 -0.287321903902133 0.0
-0.147474169045929 -0.226107921674873 0.0
-0.146117774841762 -0.16497459898973 0.0
-0.144833960276124 -0.103956486747737 0.0
-0.143592937818139 -0.0430822400941569 0.0
-0.142353134650893 0.0176301530027668 0.0
-0.141059777039335 0.0781793839938889 0.0
-0.13964544182054 0.138587936855846 0.0
-0.138037916855357 0.198907117120145 0.0
-0.136184414288022 0.259216955168881 0.0
-0.13410178094353 0.319608794432348 0.0
-0.131888383011323 0.380121645366726 0.0
-0.129224102626086 0.440680492857898 0.0
-0.0998729988319385 -0.658420773408298 0.0
-0.0972323515631289 -0.597345244049001 0.0
-0.094965781435031 -0.53624804597557 0.0
-0.0929873801353057 -0.475133535134759 0.0
-0.0912290371796895 -0.414019036326931 0.0
-0.0896304104609445 -0.352926241049773 0.0
-0.0881422361185576 -0.29187682606445 0.0
-0.0867418177498631 -0.230895144192558 0.0
-0.0854229201195128 -0.170008418921333 0.0
-0.0841716769337216 -0.109239915080367 0.0
-0.0829667707489916 -0.0486059663435732 0.0
-0.0817804210530404 0.0118868402020521 0.0
-0.0805798687290374 0.0722441275261788 0.0
-0.0793321498712899 0.132485869847523 0.0
-0.0780159362942587 0.192645899878941 0.0
-0.0766436771202594 0.252768313561238 0.0
-0.0752810956730616 0.31289804104489 0.0
-0.0739841790648201 0.373085345808355 0.0
-0.0726545075370597 0.433544742710777 0.0
-0.0385231153094844 -0.66208580383959 0.0
-0.0359743155541661 -0.601053212145267 0.0
-0.0338094831671099 -0.54001724845969 0.0
-0.0319150891011891 -0.47898230806666 0.0
-0.0302128493481307 -0.417964095176296 0.0
-0.0286459815896437 -0.356982044381948 0.0
-0.0271765295232965 -0.296055934044101 0.0
-0.0257878336964936 -0.235206289488721 0.0
-0.0244746832931672 -0.174453566311732 0.0
-0.0232299901673843 -0.113814282613332 0.0
-0.0220440375641852 -0.0532994473924526 0.0
-0.0209061358793431 0.00708652859121728 0.0
-0.0198081444615883 0.0673458677255873 0.0
-0.0187517787816751 0.127486249860214 0.0
-0.0177620043529459 0.187515574096966 0.0
-0.0169059555005827 0.24743114595858 0.0
-0.0163058609095341 0.30720075375828 0.0
-0.016154900098607 0.366748385985214 0.0
-0.0170711623674452 0.425934044919353 0.0
0.022974941518605 -0.665538943314489 0.0
0.025405375488589 -0.604513270928667 0.0
0.0274693761206945 -0.543492945523866 0.0
0.0292953592110522 -0.482482769823954 0.0
0.0309627748500332 -0.421497148893656 0.0
0.0325208223519335 -0.360553425959377 0.0
0.033996754087795 -0.299668980770809 0.0
0.0353999668121418 -0.238860635821496 0.0
0.0367304662467635 -0.178143714450353 0.0
0.0379866149884107 -0.117529586839179 0.0
0.0391656082244237 -0.057024450536407 0.0
0.0402613052276957 0.00337202893315431 0.0
0.0412599506455026 0.0636679946751003 0.0
0.0421329433839574 0.123881520870329 0.0
0.042826440762978 0.184043097718104 0.0
0.0432504275519843 0.244202363554722 0.0
0.0432670542184821 0.304446119597916 0.0
0.0426108524916346 0.364936763206699 0.0
0.0401438467368819 0.42588477719762 0.0
0.0846328228711553 -0.668622141752638 0.0
0.0869198276692276 -0.607569014212562 0.0
0.0888843806421949 -0.546520745809101 0.0
0.090656355651616 -0.485483731332088 0.0
0.0923079687710502 -0.424471939279941 0.0
0.0938771655282072 -0.363501082686485 0.0
0.095379837419869 -0.30258613954133 0.0
0.0968167053494781 -0.241740429217294 0.0
0.0981800266086561 -0.180974737158829 0.0
0.0994579435958517 -0.120295383041207 0.0
0.100634046493093 -0.0597027534990916 0.0
0.101684371152431 0.000810975723579374 0.0
0.102572194703576 0.0612648350848987 0.0
0.103240270918727 0.121693971206572 0.0
0.103600669752569 0.182156108714961 0.0
0.103522401543825 0.242742221930547 0.0
0.102806532600425 0.303589234035824 0.0
0.101089450123935 0.364866946658364 0.0
0.0981367934816678 0.426545538962292 0.0
0.146444476036173 -0.67121081046077 0.0
0.148567656742599 -0.610100497721712 0.0
0.150436022517369 -0.548986470170629 0.0
0.152167714943341 -0.487878198464902 0.0
0.153820182910677 -0.426790143446725 0.0
0.155416909650903 -0.365736887930665 0.0
0.156961387551372 -0.304731316910966 0.0
0.158444341636857 -0.243783904968325 0.0
0.159848355160076 -0.182902218202206 0.0
0.161149582615225 -0.122089578486091 0.0
0.162315874471093 -0.0613440515083495 0.0
0.163302393477923 -0.000656888019645646 0.0
0.164044863293129 0.0599887903947235 0.0
0.164450236390224 0.120618949545422 0.0
0.164384833336822 0.181266208028485 0.0
0.163659548018839 0.241960959496119 0.0
0.162010619259595 0.302702571872289 0.0
0.159160792847567 0.363378875108311 0.0
0.155429879783917 0.423787445057599 0.0
0.208388139182081 -0.673219741576857 0.0
0.210335036320092 -0.612028327822315 0.0
0.212114029252597 -0.550817996915928 0.0
0.213819300778705 -0.489602618705803 0.0
0.215487274548629 -0.4283977863359 0.0
0.217124577606153 -0.367217315406405 0.0
0.218721527600994 -0.306072493904095 0.0
0.22025798502164 -0.244972056045346 0.0
0.221705634164889 -0.183922411051606 0.0
0.223027410820507 -0.122927212772649 0.0
0.224174115549376 -0.0619874209167097 0.0
0.225078812987414 -0.00110129925178385 0.0
0.225649211736483 0.0597345030451189 0.0
0.225758313272914 0.120522493150436 0.0
0.225234371383164 0.181257965533144 0.0
0.223853574809271 0.241918623653652 0.0
0.221357300706477 0.302449810223676 0.0
0.217583127068219 0.362783936200319 0.0
0.212710134207651 0.42304923475647 0.0
0.270429656369359 -0.674604336733762 0.0
0.272198616682419 -0.61331381062861 0.0
0.273900014584567 -0.551983975782781 0.0
0.275593536175053 -0.490633749197941 0.0
0.277290146976588 -0.429279801844591 0.0
0.27897847778518 -0.367935057170286 0.0
0.280635661753559 -0.306609394302363 0.0
0.282230634446747 -0.245310572844454 0.0
0.283723958260379 -0.184045301346395 0.0
0.285065274127858 -0.122819696126851 0.0
0.286188633925572 -0.0616402922040549 0.0
0.287006114240502 -0.000515069153237321 0.0
0.287400011954652 0.0605445512742257 0.0
0.287214277814628 0.121521098522543 0.0
0.286246992745398 0.182386745993272 0.0
0.284250296302821 0.243100228319004 0.0
0.280958140381233 0.303612809499603 0.0
0.276164041573208 0.363913868278517 0.0
0.269784997984347 0.424114568930494 0.0
0.332526807950802 -0.675360265329289 0.0
0.334129054717696 -0.613958253677948 0.0
0.33577019581802 -0.552492456138049 0.0
0.337467488638744 -0.490986228034364 0.0
0.339204429513762 -0.429456190391216 0.0
0.340952089363606 -0.367913432817181 0.0
0.342675390849309 -0.306365860985913 0.0
0.344333135504376 -0.244820076145065 0.0
0.345875413021558 -0.183283168187581 0.0
0.347239348862131 -0.121763845684959 0.0
0.348343349574965 -0.0602740779683597 0.0
0.349080070397262 0.00116934800189374 0.0
0.349308359296765 0.0625425783288591 0.0
0.348844869829565 0.123812433739173 0.0
0.347457314990784 0.184933412584857 0.0
0.344864890588132 0.245847458795055 0.0
0.340755113734711 0.306492222548472 0.0
0.334818082438028 0.366826446952331 0.0
0.326771054780719 0.426862558761729 0.0
0.394632913442306 -0.675524002958798 0.0
0.396093332353336 -0.614003843633724 0.0
0.397696377625616 -0.55239182866582 0.0
0.399412805123373 -0.490713353100303 0.0
0.401199570202062 -0.428982634821766 0.0
0.403012277837219 -0.367207122954954 0.0
0.40480551970824 -0.30539136803039 0.0
0.406529384531121 -0.243539640221851 0.0
0.408124644907953 -0.181658233174281 0.0
0.40951703510089 -0.119757084900203 0.0
0.410610501526124 -0.0578519698284431 0.0
0.411279438479744 0.00403329112213283 0.0
0.411360004699309 0.0658637752368826 0.0
0.410641060204981 0.127590179984878 0.0
0.408856182880626 0.189144516511226 0.0
0.405679713273009 0.250437957501828 0.0
0.400729385907337 0.311363502972843 0.0
0.393572135536364 0.371807072761481 0.0
0.383735776511242 0.431668582643609 0.0
0.45670098058691 -0.675175932977669 0.0
0.458056948589421 -0.613537634378088 0.0
0.459646412242971 -0.551775325284147 0.0
0.461395000043295 -0.48991197205362 0.0
0.46323725541446 -0.427956045179636 0.0
0.465116856129059 -0.365908983860953 0.0
0.466980562900867 -0.303770054118584 0.0
0.468771491934678 -0.241539282420287 0.0
0.470422440556582 -0.179219971973808 0.0
0.47184895112821 -0.116820649344898 0.0
0.472941657435466 -0.0543578470268009 0.0
0.473557701176329 0.00814066921057634 0.0
0.473511087441577 0.0706311747007907 0.0
0.472562153138576 0.133048127612267 0.0
0.470406578160891 0.195296054603242 0.0
0.466664365831325 0.257241705099877 0.0
0.460867246770001 0.318707495124808 0.0
0.452440871667766 0.379468265168527 0.0
0.440698098103425 0.439259557706911 0.0
0.518687229364524 -0.674446954478969 0.0
0.519984528149137 -0.612699210584011 0.0
0.521582931366496 -0.550789003601754 0.0
0.52337130053658 -0.488730673946194 0.0
0.525268803070509 -0.426523376595907 0.0
0.527211620312492 -0.364160297681103 0.0
0.529141351210771 -0.301633455025832 0.0
0.530995830150559 -0.238936269032535 0.0
0.532701106564978 -0.176065811632714 0.0
0.534163602721839 -0.113024752162549 0.0
0.535261685155745 -0.0498245617793768 0.0
0.535836213782124 0.0135101997678648 0.0
0.535679623078734 0.0769350852644156 0.0
0.534523105788884 0.140376204615041 0.0
0.532021019414571 0.203715690417081 0.0
0.527730673975999 0.266772832197477 0.0
0.521083475079465 0.329279019068737 0.0
0.511343457543156 0.390846469954379 0.0
0.497561445746846 0.450941208967982 0.0
0.580553402286796 -0.673529382671382 0.0
0.581837959861787 -0.611692040298353 0.0
0.583459952117506 -0.549642148660107 0.0
0.585287155095116 -0.487379130970006 0.0
0.587232068263302 -0.424890771478129 0.0
0.589227723383477 -0.362161136424615 0.0
0.591212753296015 -0.299173765058298 0.0
0.593120872648717 -0.235912937322815 0.0
0.594872104729848 -0.172365020213334 0.0
0.596364319292602 -0.10851986798239 0.0
0.597464092695886 -0.0443738313356196 0.0
0.597996230484434 0.0200656943010776 0.0
0.597731081344657 0.0847723710474994 0.0
0.596368374640462 0.149688505890789 0.0
0.593515148178039 0.214703735714967 0.0
0.588653773925866 0.279620921173152 0.0
0.581094250613756 0.344098852746011 0.0
0.569905975602002 0.407558654038025 0.0
0.553824430220561 0.469044869727212 0.0
0.642266457528302 -0.672693876525572 0.0
0.643570888348715 -0.610798279665666 0.0
0.645217269205023 -0.548617110567104 0.0
0.64707230369266 -0.486134034334043 0.0
0.649049379108817 -0.423328273381953 0.0
0.651081203568131 -0.36017700748192 0.0
0.653104365393739 -0.296655297227993 0.0
0.655048646791471 -0.232735467989906 0.0
0.656827940496001 -0.168387236720729 0.0
0.658331218588579 -0.103578059077208 0.0
0.659412441893573 -0.0382749276953306 0.0
0.659878468391997 0.0275526801450806 0.0
0.659473436822733 0.0939269851188407 0.0
0.657857029510151 0.160851785642743 0.0
0.654571680771611 0.228292179539222 0.0
0.648990597974287 0.296135478663814 0.0
0.64023487836836 0.36410894215692 0.0
0.627051176206371 0.431602325669654 0.0
0.607670127357563 0.497282210393527 0.0
