-0.543837434645711 -0.696428677494351 0.0
0.689238939252552 -0.73267990785626 0.0
-0.449927663803101 0.61237245798111 0.0
0.61237245798111 0.61237245798111 0.0
-0.48270269502023 -0.699112611862576 0.0
0.690117037355848 -0.671137492218421 0.0
0.576177371117893 0.559756568789227 0.0
-0.470376133430235 0.534022954948793 0.0
-0.421583345649458 -0.701631673765402 0.0
0.691516252591396 -0.609234326223416 0.0
0.526022215402465 0.529816895157296 0.0
-0.484749547924571 0.459199722342502 0.0
-0.360522857054388 -0.704256802292743 0.0
0.693238294903984 -0.546947520825335 0.0
0.472628608648734 0.512230165643355 0.0
-0.49437095676237 0.387111472696807 0.0
-0.299505985746892 -0.707133610985761 0.0
0.69516778754173 -0.484262186851769 0.0
0.418282029833725 0.501352084083016 0.0
-0.501080221335662 0.317198151470831 0.0
-0.238492674156837 -0.710309970087695 0.0
0.697226635610938 -0.421160975389721 0.0
0.363493116553705 0.49445231471961 0.0
-0.505994447104294 0.248979877489616 0.0
-0.177424608585287 -0.713749277300691 0.0
0.699352238338858 -0.357619776681507 0.0
0.308419656568496 0.49018452983998 0.0
-0.509776362820188 0.182091963365325 0.0
-0.116238290414919 -0.717339987493896 0.0
0.701484300989465 -0.293605864893123 0.0
0.253159723081756 0.487851065502358 0.0
-0.512836095011536 0.116264796645464 0.0
-0.0548789587307628 -0.720926002533372 0.0
0.703555000405007 -0.229076699056098 0.0
0.197814167157113 0.487104194372818 0.0
-0.515437838459045 0.0512983012389978 0.0
0.00668904781958685 -0.724339740921096 0.0
0.70548005646279 -0.163979376719626 0.0
0.142508406527283 0.487864744465061 0.0
-0.517758062453211 -0.0129573857427759 0.0
0.0684777844140302 -0.727427604029283 0.0
0.707149374703609 -0.0982496570379417 0.0
0.0875065912107972 0.491699426575307 0.0
-0.519920402334944 -0.0766139522029254 0.0
0.130475448321708 -0.730065471639018 0.0
0.7084160793479 -0.031811338635118 0.0
0.0316675866267832 0.490753614589116 0.0
-0.522021927106957 -0.139752568788276 0.0
0.192649536691453 -0.73216608767182 0.0
0.709082621088263 0.0354249699246094 0.0
-0.0246886751521493 0.489805334683008 0.0
-0.524174508715484 -0.202427249562031 0.0
0.254951125425975 -0.733681350942097 0.0
0.708881527614745 0.103563087567501 0.0
-0.080463270118651 0.498034667431848 0.0
-0.526777553651289 -0.264666278990178 0.0
0.317319784124756 -0.734602479459268 0.0
0.70744615661845 0.172723049085803 0.0
-0.13626548327905 0.504724666295113 0.0
-0.528433716862051 -0.326815961818337 0.0
0.379687475501731 -0.734960382558385 0.0
0.704261841958082 0.243040983413037 0.0
-0.191262926830389 0.513866515132805 0.0
-0.530355444447107 -0.388896641631151 0.0
0.441983094198376 -0.734827831546041 0.0
0.698577925920824 0.314664253181281 0.0
-0.247112438384185 0.519910804996222 0.0
-0.533019771555199 -0.450715399785448 0.0
0.504137258505123 -0.734324247781765 0.0
0.689238896692066 0.387725668801652 0.0
-0.303605491656956 0.5272779730163 0.0
-0.535719704598457 -0.512333996712461 0.0
0.566088438534754 -0.733623590724087 0.0
0.674343627277074 0.46224576281807 0.0
-0.357942822597142 0.544429985066846 0.0
-0.538526883277983 -0.573798847055517 0.0
0.627792822332841 -0.732966313936905 0.0
0.650565328495419 0.537787145946823 0.0
-0.41086495263673 0.567262080095903 0.0
-0.541135142311982 -0.635150655001163 0.0
-0.480029467931517 -0.637811870817546 0.0
-0.477367846580295 -0.576399604435692 0.0
-0.474582058936162 -0.51483620423323 0.0
-0.471929920864545 -0.45318256971 0.0
-0.469335934887223 -0.391440430681635 0.0
-0.467327920850047 -0.329441646331322 0.0
-0.465621241232221 -0.267023454438178 0.0
-0.463264456234974 -0.204276120334973 0.0
-0.461150484181947 -0.141274819914475 0.0
-0.459101269753144 -0.0779373532422147 0.0
-0.457019727657137 -0.0141926541683759 0.0
-0.454815120779949 0.0500243423901302 0.0
-0.452376116256508 0.114776057086739 0.0
-0.449550869675857 0.180117691748894 0.0
-0.446125657769261 0.246077308549443 0.0
-0.441803050056837 0.312605148464599 0.0
-0.4362019818123 0.379451147138785 0.0
-0.428989263300786 0.445887499447818 0.0
-0.420586211394549 0.510122158058694 0.0
-0.418885470027819 -0.640300289306377 0.0
-0.416157804912328 -0.578868664966955 0.0
-0.413427151033981 -0.517302599478399 0.0
-0.410824054158719 -0.455587609727949 0.0
-0.408428146371199 -0.393649035533028 0.0
-0.406455631514509 -0.331518312780851 0.0
-0.404603449505294 -0.269219847058087 0.0
-0.402505406565421 -0.206621748804853 0.0
-0.400534996075064 -0.143774386617624 0.0
-0.398628005066402 -0.0806713998240043 0.0
-0.396718865797793 -0.0173064185930894 0.0
-0.394738703599005 0.0463117062339027 0.0
-0.392604501403867 0.110145268749715 0.0
-0.390210344222591 0.174107076451846 0.0
-0.387422268426145 0.238027094581056 0.0
-0.384081712461576 0.301608188162799 0.0
-0.380027929373042 0.364389095459808 0.0
-0.375142306601663 0.425790761924713 0.0
-0.36900815228033 0.485417429080397 0.0
-0.357750889380323 -0.642951597613629 0.0
-0.354991378710778 -0.581542441588284 0.0
-0.352324471337283 -0.519998630144864 0.0
-0.349842787680432 -0.458296167445642 0.0
-0.347612959929321 -0.396427771900072 0.0
-0.34567666529276 -0.334431979063038 0.0
-0.343833764337732 -0.27229225579557 0.0
-0.341934872568806 -0.209961269879292 0.0
-0.340135481232551 -0.147480101585972 0.0
-0.338409627161801 -0.084879735720499 0.0
-0.336714178526545 -0.022202282557892 0.0
-0.33499909501782 0.0404871729439848 0.0
-0.333202623261144 0.10309053243145 0.0
-0.331244452301302 0.1654685185269 0.0
-0.329017735876151 0.227438149333651 0.0
-0.326380280265185 0.288788410906547 0.0
-0.323151200884173 0.349328364539206 0.0
-0.3191176988504 0.408968565591483 0.0
-0.31437786329808 0.467876368614166 0.0
-0.296633270323829 -0.645877145223189 0.0
-0.293870111693696 -0.584530913372738 0.0
-0.291289269355127 -0.523069681349731 0.0
-0.288939007602885 -0.461485241285337 0.0
-0.286841422802648 -0.399788742823197 0.0
-0.284973054349433 -0.338003827572787 0.0
-0.283206066947242 -0.276130107007735 0.0
-0.281472465755307 -0.214167551689983 0.0
-0.279835025448111 -0.152161384720702 0.0
-0.27827872845988 -0.0901606469537281 0.0
-0.276770693613504 -0.0282241982879544 0.0
-0.275266858688129 0.0335766870528196 0.0
-0.273706706005889 0.0951604652575612 0.0
-0.272004079442325 0.156444910799248 0.0
-0.270036340849186 0.217366319487435 0.0
-0.267637335174086 0.277912164125181 0.0
-0.264608587575178 0.338164097714885 0.0
-0.260816142558316 0.398352159462479 0.0
-0.256692239431955 0.458868920841717 0.0
-0.235516979556595 -0.649116124934873 0.0
-0.23277337130927 -0.587859208970516 0.0
-0.230287884957868 -0.526518493361546 0.0
-0.228061497628444 -0.465093741577441 0.0
-0.226077959355784 -0.40360080498566 0.0
-0.224289557326098 -0.342062003738159 0.0
-0.222611112653278 -0.280491386161875 0.0
-0.221004711353235 -0.218909889751078 0.0
-0.219491353607877 -0.157361275408756 0.0
-0.218056602068693 -0.0958920070322981 0.0
-0.216670178004069 -0.0345496491303771 0.0
-0.215288250781819 0.0266209234124193 0.0
-0.213848892304441 0.0875852269804982 0.0
-0.212266024492874 0.148331993662977 0.0
-0.210426077022467 0.208889862159005 0.0
-0.208195204952934 0.269347882768538 0.0
-0.20545610141324 0.32987588008638 0.0
-0.20221429213603 0.390727822904842 0.0
-0.198493485876837 0.452106021320121 0.0
-0.174367820355768 -0.652617080921525 0.0
-0.171664533202446 -0.591451372591262 0.0
-0.169276953707571 -0.530233113387847 0.0
-0.16716175103601 -0.468965481650522 0.0
-0.16527397270767 -0.407665893780797 0.0
-0.163557595074831 -0.346356717569182 0.0
-0.161951383619143 -0.28505841076234 0.0
-0.160428675971024 -0.223796933143193 0.0
-0.158991469196237 -0.162608153182589 0.0
-0.157624856886904 -0.101526544041836 0.0
-0.156301868131028 -0.0405815547810094 0.0
-0.154984207442754 0.0202068058052299 0.0
-0.153620594570783 0.0808336083189135 0.0
-0.152146453347856 0.141315847942383 0.0
-0.150489483340234 0.201697595041652 0.0
-0.148588845382804 0.262051159607328 0.0
-0.146437310979318 0.322463918840929 0.0
-0.144094493867849 0.382985454165677 0.0
-0.141257790112296 0.443569636217653 0.0
-0.113144044224376 -0.656255259900313 0.0
-0.110503060950376 -0.595162074254814 0.0
-0.108213091802002 -0.53404223941489 0.0
-0.106193628480453 -0.472899993236006 0.0
-0.104380582510021 -0.411752148470622 0.0
-0.102716735882131 -0.350619772982867 0.0
-0.101155313671517 -0.289524002372656 0.0
-0.0996754451388167 -0.228488803681786 0.0
-0.0982723556203727 -0.167541293424175 0.0
-0.096933781893216 -0.106705144753829 0.0
-0.0956401115820593 -0.0459977593357661 0.0
-0.0943651562637212 0.0145724474009365 0.0
-0.0930771038427397 0.0750084892428099 0.0
-0.0917421104869608 0.135327105925495 0.0
-0.0903338515801434 0.195558792120547 0.0
-0.0888522188028023 0.255745438783743 0.0
-0.0873413627636899 0.315933059548511 0.0
-0.0858399371890847 0.376175949314063 0.0
-0.0842756927378039 0.436677973859668 0.0
-0.0518069868343389 -0.659866903531734 0.0
-0.0492524525142514 -0.598815787664073 0.0
-0.0470589983348334 -0.537755750403642 0.0
-0.0451192518643301 -0.476691148699641 0.0
-0.0433590913803282 -0.415637327472525 0.0
-0.0417245947682061 -0.354613286246978 0.0
-0.0401797728387718 -0.293638449718426 0.0
-0.0387092285675016 -0.232733138566693 0.0
-0.037308597948642 -0.171917829413279 0.0
-0.0359714853168604 -0.111209383805222 0.0
-0.0346886035573765 -0.0506194844900297 0.0
-0.0334490886834974 0.00984653782682408 0.0
-0.0322433271742117 0.0701899789518966 0.0
-0.0310689859136781 0.130418128085114 0.0
-0.0299424118138347 0.190540147509909 0.0
-0.0289154993231013 0.250558331263744 0.0
-0.0280894328456477 0.310452069531397 0.0
-0.0276377443746953 0.37016494440672 0.0
-0.0281435951235378 0.429583531110177 0.0
0.00967067663706063 -0.663282182288333 0.0
0.0121135511046332 -0.602238685693295 0.0
0.0142115799399534 -0.541194839162837 0.0
0.0160868054905698 -0.480155437410664 0.0
0.0178147455845904 -0.419134603430534 0.0
0.0194422331058457 -0.358149336419224 0.0
0.0209951810087843 -0.297216742889535 0.0
0.0224823728756695 -0.236353506130046 0.0
0.0239036783242044 -0.175575002736248 0.0
0.0252576770388897 -0.114892910669656 0.0
0.0265422812554466 -0.0543140143331634 0.0
0.027752932586005 0.00616115382568799 0.0
0.0288789664795038 0.0665396074561973 0.0
0.0298973548824154 0.126838055760242 0.0
0.0307633921504894 0.187085341120572 0.0
0.0313999865113718 0.247328658283183 0.0
0.0316838370494117 0.307649363765387 0.0
0.0313662471734394 0.368195842529455 0.0
0.0293964797525983 0.429159449404512 0.0
0.0713006405153519 -0.666349012645252 0.0
0.0736079887485923 -0.605280044697256 0.0
0.0756121389149162 -0.544210460014291 0.0
0.0774369144154199 -0.483146593755287 0.0
0.0791511785741726 -0.422102127291345 0.0
0.0807912002640322 -0.361092455403467 0.0
0.0823722484425472 -0.300132329699375 0.0
0.0838951399106808 -0.239235005522244 0.0
0.0853527564537455 -0.178411438088237 0.0
0.0867343667711041 -0.117668441560034 0.0
0.0880253779296803 -0.0570073305625396 0.0
0.0892047174763728 0.0035782041315159 0.0
0.0902402282919543 0.0641048644471141 0.0
0.0910816815200385 0.124604325927386 0.0
0.0916512846736685 0.18512921265653 0.0
0.0918312512952123 0.245763020761735 0.0
0.0914383352512773 0.306631951034289 0.0
0.090132036449601 0.367894246087747 0.0
0.0876771303066238 0.429531658090979 0.0
0.133077751376992 -0.668946829294517 0.0
0.135230112545059 -0.60782364007393 0.0
0.137143694958924 -0.546691789000186 0.0
0.138931423297941 -0.485560542349758 0.0
0.140648287746214 -0.424443995066037 0.0
0.142316951080018 -0.363356388247946 0.0
0.143941084551631 -0.302310395571856 0.0
0.145512289264074 -0.241316472223051 0.0
0.147014618345711 -0.180382419211836 0.0
0.148426362631687 -0.119512124833094 0.0
0.14971843543969 -0.0587046370308598 0.0
0.150850428928508 0.00204732067401937 0.0
0.151764476076546 0.0627586552978667 0.0
0.152376620565496 0.123453054292536 0.0
0.152565466091319 0.184161192783355 0.0
0.152157312218404 0.244913414295543 0.0
0.150906246433554 0.305714484208275 0.0
0.148547886168319 0.366470493128745 0.0
0.145359706910572 0.426999599009161 0.0
0.194981807065497 -0.670992639706504 0.0
0.196967255246842 -0.609792029370806 0.0
0.198796929576713 -0.548568323584585 0.0
0.200561096547607 -0.487334948597421 0.0
0.202294878977535 -0.42610698881853 0.0
0.204005066425749 -0.364897843002802 0.0
0.205683022049118 -0.303718537035526 0.0
0.207310322073017 -0.242577718064979 0.0
0.208861037601868 -0.181481896972032 0.0
0.210301327925821 -0.120435026180975 0.0
0.211586371237078 -0.0594385390463163 0.0
0.212655213535081 0.00150875122750289 0.0
0.213423678280096 0.0624098307446966 0.0
0.213775477914898 0.123267566640263 0.0
0.213552258353854 0.184079253768738 0.0
0.212545534241546 0.244827459193222 0.0
0.210510847932327 0.305466052549694 0.0
0.207286805767011 0.365935019167839 0.0
0.203008588373622 0.426346857479761 0.0
0.256980635716704 -0.672442491529731 0.0
0.258797534125833 -0.611146964484214 0.0
0.260554638699733 -0.549808895188062 0.0
0.262309426776111 -0.488446444938196 0.0
0.264072909217171 -0.427075600448369 0.0
0.265834926434083 -0.365708763366377 0.0
0.267574540464762 -0.304355444570017 0.0
0.26926325046636 -0.243023147281944 0.0
0.270864923849849 -0.181718386797556 0.0
0.27233348437629 -0.120447086018726 0.0
0.273608582098913 -0.0592154824700839 0.0
0.274609609069058 0.00196902695883136 0.0
0.27522828170664 0.063096184548615 0.0
0.275320293871831 0.12415068254331 0.0
0.274697593322793 0.185108292454555 0.0
0.273127233329625 0.245932901543603 0.0
0.270355753379452 0.306581244108046 0.0
0.266177465666987 0.367043328805703 0.0
0.26048492993478 0.427415240050207 0.0
0.319034198633571 -0.673291334826059 0.0
0.320693181656161 -0.611888897681008 0.0
0.322394286205386 -0.550420519807068 0.0
0.324154586499455 -0.488908475661667 0.0
0.325959055955577 -0.42736855807287 0.0
0.327781006847311 -0.365811257815175 0.0
0.32958813068391 -0.304244012354085 0.0
0.331342592759953 -0.242672979604944 0.0
0.332998648142807 -0.181104729045924 0.0
0.334498678260514 -0.119547260169736 0.0
0.335767776879931 -0.0580115027069156 0.0
0.336707071002106 0.00348731663376609 0.0
0.337185958956055 0.0649276668603199 0.0
0.337033848580656 0.126279717277338 0.0
0.336033188016222 0.187502531631013 0.0
0.333918932070885 0.248543740486843 0.0
0.330392583331419 0.309346846170075 0.0
0.325150390650488 0.36987343156073 0.0
0.31789949348331 0.430130033900161 0.0
0.381097995293861 -0.673573617272129 0.0
0.382622712586675 -0.612057881055806 0.0
0.384288901634581 -0.550449338828093 0.0
0.38606934105475 -0.488772067541957 0.0
0.38792385418144 -0.427039428796847 0.0
0.389811221887902 -0.365258293675834 0.0
0.391689550613376 -0.303432722307323 0.0
0.393513011166734 -0.241566422630826 0.0
0.395227324160421 -0.179664911941845 0.0
0.396764371840214 -0.117736989430187 0.0
0.398035798054693 -0.0557967518166768 0.0
0.398925580601341 0.00613441621062835 0.0
0.399281621336629 0.0680250529928472 0.0
0.398906821099835 0.129830639079365 0.0
0.397550961017023 0.191489568182804 0.0
0.394906033526611 0.252921105971686 0.0
0.390607006579858 0.31402754938809 0.0
0.384234188021656 0.374703375507459 0.0
0.375319188047038 0.434851732303054 0.0
0.443127037974651 -0.673366220616116 0.0
0.444553019349934 -0.611737317187918 0.0
0.446207533956139 -0.549984823770481 0.0
0.448020407379197 -0.488130370435051 0.0
0.449930258400767 -0.426181737072506 0.0
0.451884706829905 -0.364139956379356 0.0
0.453834648616588 -0.302003910709714 0.0
0.455727908139514 -0.239773073825205 0.0
0.457502941863562 -0.177449857501782 0.0
0.459082277721343 -0.115041373161737 0.0
0.460365231144019 -0.0525619815780839 0.0
0.461219672656343 0.00996378791637438 0.0
0.461472687156688 0.0724969170729205 0.0
0.460900254637183 0.134978549570029 0.0
0.459216287799986 0.197322455165736 0.0
0.456061302022625 0.259407686622175 0.0
0.450989021890727 0.321072120901218 0.0
0.443447279874505 0.382108449706249 0.0
0.432767139319876 0.442269378135617 0.0
0.505079213567286 -0.6727946380919 0.0
0.50644994578518 -0.611061103284971 0.0
0.508114051204454 -0.54916719309168 0.0
0.509966428717695 -0.48712624168135 0.0
0.511931204338338 -0.42493710979295 0.0
0.51394905269038 -0.362592909736725 0.0
0.515966196990597 -0.300085530304938 0.0
0.517925725342503 -0.237408019804907 0.0
0.519760009742258 -0.174556660813266 0.0
0.521383276732047 -0.1115327044756 0.0
0.522683580066063 -0.048345278965117 0.0
0.523513744659163 0.0149847529069298 0.0
0.523680832372421 0.0784186144707343 0.0
0.522933692140311 0.141890929308564 0.0
0.520947684861677 0.205296347908714 0.0
0.517304716893003 0.268472109240526 0.0
0.511464569047958 0.331174549809095 0.0
0.502723418748055 0.393049253145701 0.0
0.490165336467567 0.453603493019149 0.0
0.566917465486864 -0.672043132569004 0.0
0.568276501334617 -0.610224184403281 0.0
0.569963918166563 -0.548197052485826 0.0
0.571854671752881 -0.48596088365034 0.0
0.573866681353372 -0.423503727881514 0.0
0.575937810316835 -0.360810011775453 0.0
0.57801170150839 -0.297863525380596 0.0
0.580027827416646 -0.234648556983568 0.0
0.581913198678604 -0.171151096015436 0.0
0.583574354057798 -0.107360026886655 0.0
0.584888676213682 -0.0432698155264811 0.0
0.585694402634951 0.0211154484946596 0.0
0.585778497098023 0.0857749460312687 0.0
0.58486117051718 0.150659949364646 0.0
0.58257467931927 0.21567443285545 0.0
0.578432449786263 0.280643970411439 0.0
0.571782513642727 0.345263078423666 0.0
0.561739468644456 0.409008280443162 0.0
0.547087292828272 0.471006203130807 0.0
0.628609521134264 -0.671370471206261 0.0
0.629987686693681 -0.609496260269066 0.0
0.631698962431585 -0.547344433786653 0.0
0.63361738216838 -0.484899221874441 0.0
0.635661838171054 -0.422140594765663 0.0
0.637770068441 -0.359046484011624 0.0
0.639884021476997 -0.295592656961156 0.0
0.641939762527647 -0.231752053953067 0.0
0.643858907974718 -0.167494823829029 0.0
0.645540108642867 -0.102788505673101 0.0
0.646849524171039 -0.0375995463554749 0.0
0.64760941749714 0.0281042133410515 0.0
0.647583462962899 0.0943484867319758 0.0
0.646456377066825 0.161143724695531 0.0
0.643803249378396 0.228467165025861 0.0
0.639040816103843 0.296228108864812 0.0
0.631348920918936 0.364194135629861 0.0
0.619551318979491 0.431830005063753 0.0
0.601965964218671 0.497940320922238 0.0
