-0.561884879583191 -0.693793760309175 0.0
0.670594478576709 -0.731181869603534 0.0
-0.473439586162567 0.61237245798111 0.0
0.61237245798111 0.61237245798111 0.0
-0.500747515199833 -0.696489333618235 0.0
0.671604010481565 -0.669653227424744 0.0
0.57170824452995 0.562025336050996 0.0
-0.491202880573813 0.534092925319302 0.0
-0.43962365801938 -0.699012475994877 0.0
0.673113588363101 -0.607779724754083 0.0
0.519532687766946 0.533550219930875 0.0
-0.504030691455271 0.459659743398458 0.0
-0.378555014339439 -0.701632110019798 0.0
0.674938458721804 -0.545539404743354 0.0
0.464834179594347 0.516573090591241 0.0
-0.512761790267208 0.38800508218964 0.0
-0.317527471618388 -0.704485069625434 0.0
0.676971783364254 -0.482918038695854 0.0
0.409420343137688 0.50590625733634 0.0
-0.518957563747682 0.318479686889806 0.0
-0.256504242358742 -0.707617872555827 0.0
0.679142177826983 -0.419899130859276 0.0
0.35368882572767 0.499058483402716 0.0
-0.523586764543336 0.250585777463238 0.0
-0.195431197794522 -0.710999005788131 0.0
0.681393439248577 -0.356459785219625 0.0
0.297760789093366 0.494774198841116 0.0
-0.527227898059736 0.18396097419569 0.0
-0.134248904814865 -0.714526236613801 0.0
0.683672333507375 -0.292568882403245 0.0
0.241712190061942 0.492387606338571 0.0
-0.53023976074152 0.118343124670208 0.0
-0.0729056812850291 -0.718054369547827 0.0
0.685919549508283 -0.228185843856839 0.0
0.185624463384909 0.491557359336911 0.0
-0.532853548334685 0.0535402619348789 0.0
-0.0113674332994557 -0.72142612850428 0.0
0.688061528674458 -0.163259998658066 0.0
0.129602660511062 0.492198572951087 0.0
-0.53522363340661 -0.0105900776087612 0.0
0.0503779563231879 -0.724496345150682 0.0
0.690001937400801 -0.0977294669390453 0.0
0.0738504903175669 0.49550819758539 0.0
-0.537458294247438 -0.0741532329262944 0.0
0.112320187263858 -0.727146983199315 0.0
0.691611712562798 -0.0315203184539322 0.0
0.0174218949430132 0.495003213113735 0.0
-0.53964340131312 -0.137225066913105 0.0
0.174429361837457 -0.729294538426473 0.0
0.692716551611927 0.0354550098935256 0.0
-0.0395087237662941 0.49473561481679 0.0
-0.541881667038135 -0.199855174566723 0.0
0.236659907273265 -0.730892550824417 0.0
0.693079767938781 0.10329956962714 0.0
-0.0959756025023873 0.502113023050188 0.0
-0.544551586636316 -0.262068280566165 0.0
0.298955187820261 -0.731931999751756 0.0
0.692376563676879 0.172134885722738 0.0
-0.152351754245196 0.508510809492077 0.0
-0.546287975760664 -0.324192660938736 0.0
0.361251173288254 -0.732441765795025 0.0
0.690151431446874 0.242103421322653 0.0
-0.208030924170018 0.517145712768623 0.0
-0.548285408057319 -0.386255482450546 0.0
0.423480784886438 -0.732490653079622 0.0
0.685741731166182 0.313369795406361 0.0
-0.2644523687444 0.523462197915974 0.0
-0.551002344458327 -0.448072321049498 0.0
0.485578466557738 -0.732191739006299 0.0
0.678130502919287 0.386110318908663 0.0
-0.321498353406094 0.531227844724361 0.0
-0.553735365402568 -0.509692767833389 0.0
0.547485981592314 -0.731709496229633 0.0
0.665646427062502 0.460456462129236 0.0
-0.376788222975003 0.54732912599256 0.0
-0.55656248525121 -0.571159769510065 0.0
0.609161734055826 -0.731270528183979 0.0
0.645355649390872 0.53626685893545 0.0
-0.430764883350351 0.569339410526575 0.0
-0.559178446572296 -0.632514294669591 0.0
-0.498070463357141 -0.635188706803732 0.0
-0.495402736913299 -0.573776495136436 0.0
-0.492597459818263 -0.512215086191548 0.0
-0.489909482668013 -0.450565341936174 0.0
-0.487266450341249 -0.388829104867103 0.0
-0.485190036064644 -0.326849419210067 0.0
-0.483395028044591 -0.264462823171881 0.0
-0.480954829424706 -0.201752269027594 0.0
-0.47875092412146 -0.138800224901731 0.0
-0.476613324652102 -0.0755273481667847 0.0
-0.474453427250587 -0.0118652450311847 0.0
-0.472191117579258 0.052248838437612 0.0
-0.469729399828086 0.116875763568156 0.0
-0.466936418808151 0.182070935405171 0.0
-0.463626671475452 0.247866682959132 0.0
-0.459542178513686 0.314226604572682 0.0
-0.45435361305173 0.380933451165036 0.0
-0.447779486556759 0.447329331261097 0.0
-0.440216782665592 0.511738340312735 0.0
-0.436925602102438 -0.637682677328878 0.0
-0.434191648880994 -0.576252988490208 0.0
-0.431439274646613 -0.514689798509943 0.0
-0.428797222119175 -0.452980006074762 0.0
-0.426344708194909 -0.391051908325942 0.0
-0.424296239879596 -0.328936790114506 0.0
-0.422354519315506 -0.266657587549819 0.0
-0.420164073907396 -0.204086219872478 0.0
-0.418095836113829 -0.141272204419333 0.0
-0.416091402987791 -0.0782091256788587 0.0
-0.414092389696064 -0.014889775748613 0.0
-0.412038853672013 0.0486793127660506 0.0
-0.409859195121699 0.112465168819102 0.0
-0.407462040511456 0.176389166747965 0.0
-0.404731260004769 0.240295514258238 0.0
-0.401528276498796 0.303908320822663 0.0
-0.397710370212533 0.366791556271855 0.0
-0.393162950266524 0.428376574905123 0.0
-0.387381727411785 0.488202286302947 0.0
-0.375787935658576 -0.64032654534231 0.0
-0.373021727838752 -0.578916327447978 0.0
-0.370329445214585 -0.517371699703463 0.0
-0.367802539426047 -0.455669819805619 0.0
-0.365508101446377 -0.393803739856854 0.0
-0.363489221833064 -0.331811181039266 0.0
-0.361550999842618 -0.269675573006853 0.0
-0.35955010795284 -0.207349803854014 0.0
-0.35764276520961 -0.144872898369121 0.0
-0.355807532118253 -0.0822734526201307 0.0
-0.354007016786395 -0.0195900886325756 0.0
-0.352198149828253 0.0431171746049636 0.0
-0.350327681991199 0.105757232472562 0.0
-0.348325561534176 0.168199733364897 0.0
-0.346096891576162 0.230271633335598 0.0
-0.343512035972203 0.291770082457858 0.0
-0.340397376246839 0.35250507630724 0.0
-0.336511582151563 0.412374341203826 0.0
-0.331799135768945 0.47153131067875 0.0
-0.314665843765498 -0.643224357701747 0.0
-0.311894920327857 -0.581871530103264 0.0
-0.309283707075086 -0.520402378429585 0.0
-0.306881096322224 -0.4588090429906 0.0
-0.30471105232654 -0.397102226365309 0.0
-0.302752859856743 -0.335304602210992 0.0
-0.300883227020432 -0.273414839931866 0.0
-0.299038321148941 -0.211431582206762 0.0
-0.297282836365543 -0.149397493137383 0.0
-0.29560559434647 -0.0873587461589764 0.0
-0.293978632701979 -0.0253709667888223 0.0
-0.292364026849995 0.0364979022441091 0.0
-0.290709032255197 0.0981690072717053 0.0
-0.28893733818138 0.159560744391909 0.0
-0.286938197385919 0.220605619232358 0.0
-0.284557062088844 0.281279609371009 0.0
-0.281595962844575 0.341641340822292 0.0
-0.277878117924294 0.401884431589497 0.0
-0.273646575084093 0.46235390401763 0.0
-0.253545499212621 -0.646415426934979 0.0
-0.250792105642908 -0.58514559989876 0.0
-0.248270551657199 -0.523788656610456 0.0
-0.245984600949188 -0.462344333574053 0.0
-0.243921176132262 -0.400827717557527 0.0
-0.242036037166761 -0.339259942202761 0.0
-0.240248023174397 -0.277653772708408 0.0
-0.238522572151016 -0.21602859685185 0.0
-0.236883065804362 -0.154426229868699 0.0
-0.235318584785216 -0.0928914783522282 0.0
-0.233803359959736 -0.0314709123903027 0.0
-0.232299246375214 0.0297902838919751 0.0
-0.230751413863624 0.0908550385166689 0.0
-0.22908218751137 0.151705903645283 0.0
-0.227186371757017 0.212360183529715 0.0
-0.224933634020411 0.272888940052587 0.0
-0.222192559624316 0.333437126273653 0.0
-0.218911355307417 0.394232137106139 0.0
-0.215042227973636 0.455486047921586 0.0
-0.192395267681786 -0.649854502879231 0.0
-0.189678981706249 -0.58867034864775 0.0
-0.187249270648725 -0.527428479787465 0.0
-0.18506767152857 -0.466131938898694 0.0
-0.183093483649191 -0.404797354448814 0.0
-0.18127452990395 -0.343446019774007 0.0
-0.179553182285735 -0.282097307212295 0.0
-0.177905658509816 -0.220776103020667 0.0
-0.176336340366324 -0.159517351720841 0.0
-0.174833355045395 -0.0983552663250898 0.0
-0.173373431598681 -0.0373200726746018 0.0
-0.171922633787155 0.0235659620029754 0.0
-0.170434470766682 0.0842936852247251 0.0
-0.168848666687696 0.144873522771823 0.0
-0.167094186268823 0.205340670160869 0.0
-0.16510261907329 0.265757562453425 0.0
-0.162840376962315 0.326205383525137 0.0
-0.160322110062443 0.38674405921781 0.0
-0.157270211596968 0.447361873146368 0.0
-0.131176148884612 -0.653426826577937 0.0
-0.128517505389829 -0.592311435886538 0.0
-0.126179111936962 -0.531162825275703 0.0
-0.124087028739872 -0.46998515288321 0.0
-0.122182141442004 -0.408794609735655 0.0
-0.120411137038405 -0.347611462002262 0.0
-0.118730386393092 -0.286456109405539 0.0
-0.117121380766509 -0.225351943250396 0.0
-0.115581293046213 -0.16432582713616 0.0
-0.114100021742301 -0.103401808924253 0.0
-0.112660305390298 -0.0425984816581774 0.0
-0.111238273461713 0.0180735892516947 0.0
-0.109803817617006 0.0786142560177134 0.0
-0.108322851135036 0.139036233768099 0.0
-0.106764205442211 0.199365698728476 0.0
-0.105114137233417 0.259641333489205 0.0
-0.103392156853194 0.319909658251383 0.0
-0.101616908923308 0.380229229207216 0.0
-0.099745526280064 0.440789480423051 0.0
-0.0698517603708382 -0.656979762573442 0.0
-0.067273253438534 -0.595904810074097 0.0
-0.0650248495182544 -0.53481351005529 0.0
-0.0630068614634631 -0.473710237515161 0.0
-0.0611504207125827 -0.412609897745829 0.0
-0.0594052497718767 -0.351530917709431 0.0
-0.0577379032203903 -0.290492224553497 0.0
-0.0561346731930579 -0.229513811619693 0.0
-0.054592397399374 -0.168616108041262 0.0
-0.0531057299108522 -0.107816344560089 0.0
-0.0516661746339915 -0.0471270197880227 0.0
-0.0502630235191547 0.0134453459244013 0.0
-0.0488854000708202 0.0739007296711609 0.0
-0.0475268189492194 0.134245555468897 0.0
-0.046194229275371 0.194489808234762 0.0
-0.0449223387815727 0.254640651687241 0.0
-0.0437881332056049 0.314689815904648 0.0
-0.0429417125645402 0.374602400759945 0.0
-0.0429189890219919 0.434295283171514 0.0
-0.00839610687564698 -0.660353672530444 0.0
-0.00592122040693796 -0.599286733822683 0.0
-0.00376144158156213 -0.538211706197319 0.0
-0.00180285067324869 -0.477133444473263 0.0
2.50075892388874e-05 -0.416065732477883 0.0
0.00176587824034673 -0.35502511977954 0.0
0.0034438761548695 -0.294028334296051 0.0
0.00506688540754949 -0.233091843656984 0.0
0.00663445161416542 -0.172231058128387 0.0
0.00814523755725008 -0.111458030137343 0.0
0.00959780377772968 -0.0507803059493954 0.0
0.0109892221509776 0.00980041066033281 0.0
0.0123121858058593 0.0702895473590229 0.0
0.0135499028321168 0.130701817196356 0.0
0.0146681048637534 0.191063588669984 0.0
0.0156047067093404 0.251418545719809 0.0
0.0162536357948038 0.311841016558369 0.0
0.0163870977996304 0.372462498702232 0.0
0.0150629910003991 0.43345175468205 0.0
0.0532023287729502 -0.66340462210241 0.0
0.0555513483112085 -0.602314314240785 0.0
0.0576243021096319 -0.541215823428393 0.0
0.0595371498368267 -0.48011548509538 0.0
0.0613543369639014 -0.41902664192562 0.0
0.0631098616930184 -0.357964281723005 0.0
0.0648180663571984 -0.296942850353666 0.0
0.0664797451555527 -0.235975497777075 0.0
0.0680884096470909 -0.175073372473814 0.0
0.0696345635350589 -0.114243901489007 0.0
0.0711056698647046 -0.0534895743087748 0.0
0.0724839837902454 0.00719398298747598 0.0
0.0737426562875772 0.0678204855156637 0.0
0.0748396785663698 0.128417148025262 0.0
0.0757092085755947 0.189030030657058 0.0
0.0762491190046452 0.249732971240624 0.0
0.0762949335928915 0.310638158998291 0.0
0.075534161993277 0.371887835685712 0.0
0.0737288537901967 0.433474166872871 0.0
0.114939308973606 -0.666017808754609 0.0
0.11714431558308 -0.604876720851776 0.0
0.119133875452153 -0.543719988020548 0.0
0.1210139799736 -0.482556696122808 0.0
0.122836263173944 -0.421400506165452 0.0
0.124622159724802 -0.360265228500383 0.0
0.126375403913097 -0.299163256387779 0.0
0.128088548852067 -0.238105000504044 0.0
0.12974734428073 -0.177098537434796 0.0
0.131332600755178 -0.116148453097725 0.0
0.132818883881068 -0.0552550279257874 0.0
0.134171099422638 0.00558713957864461 0.0
0.135339096421371 0.0663903984099783 0.0
0.136249896276124 0.127175372081457 0.0
0.136796989240845 0.187969848243264 0.0
0.136825441064824 0.248803203224908 0.0
0.136111156889353 0.309685306040297 0.0
0.134404671052096 0.370542550072992 0.0
0.131924485007299 0.431217370101823 0.0
0.176796421149048 -0.668113706344894 0.0
0.178846314210627 -0.606899644171555 0.0
0.180759005948828 -0.545656409817516 0.0
0.182619384793229 -0.484396943733453 0.0
0.184460635911413 -0.423135715932089 0.0
0.186289538492136 -0.361885601631372 0.0
0.188098599898575 -0.300657285182056 0.0
0.189871403601053 -0.239459286760238 0.0
0.191584878962782 -0.178298227840098 0.0
0.193209093718416 -0.117178426776634 0.0
0.19470457408121 -0.0561019241099446 0.0
0.196017708963393 0.00493171767184023 0.0
0.197074320623778 0.0659248738673041 0.0
0.197771369950572 0.12688054227363 0.0
0.197967144723164 0.187797942325427 0.0
0.197472277508138 0.248664825485248 0.0
0.196059776776192 0.309444610399168 0.0
0.19356787277628 0.370085910404818 0.0
0.190074509588776 0.430681210398717 0.0
0.238743872778544 -0.669649794436515 0.0
0.240637190342652 -0.608346009869944 0.0
0.242483856729423 -0.546994753284138 0.0
0.244338080927925 -0.485613296798055 0.0
0.246210617616285 -0.424216787044594 0.0
0.248092609549403 -0.36281696932197 0.0
0.249965373191666 -0.301422880814789 0.0
0.251803486408728 -0.24004168732681 0.0
0.253574845602691 -0.178679647872783 0.0
0.25523864939397 -0.117342439797203 0.0
0.256741495193708 -0.0560359507421518 0.0
0.258011908729885 0.00523307865025287 0.0
0.258953431937385 0.0664556876674679 0.0
0.259436584429632 0.127618985744125 0.0
0.259290911768913 0.188702795780706 0.0
0.258302402643033 0.249676843295905 0.0
0.256233234201335 0.31050395117947 0.0
0.252877818917959 0.371173854565022 0.0
0.248097378967985 0.431762688668088 0.0
0.300744310863979 -0.670620663120243 0.0
0.302491085198033 -0.609215732915498 0.0
0.304287374768977 -0.5477412644604 0.0
0.306149540814676 -0.486218217289571 0.0
0.308064114070191 -0.424661355255268 0.0
0.310007013958299 -0.363080413428295 0.0
0.311949248135151 -0.301482229594348 0.0
0.313857077461148 -0.239872389450316 0.0
0.315689891456886 -0.178256795094181 0.0
0.317396616056813 -0.116642551920073 0.0
0.318910742881527 -0.0550393042484843 0.0
0.320144119014532 0.00653961690579854 0.0
0.320979589621857 0.0680754645550241 0.0
0.321262931149325 0.129542381117034 0.0
0.320795606165833 0.190904797561413 0.0
0.319332926901696 0.252116919279689 0.0
0.316594377489027 0.313128668492927 0.0
0.312284170915126 0.373903773748487 0.0
0.306097216319815 0.434439838264399 0.0
0.362755974840825 -0.671058674747874 0.0
0.364378408457072 -0.609546641585277 0.0
0.366144077839499 -0.547939710127273 0.0
0.368027875885206 -0.486260323049377 0.0
0.369992964277383 -0.424520768933604 0.0
0.372001920113445 -0.362727186104966 0.0
0.374017112339201 -0.300883004935066 0.0
0.375997724244655 -0.238991208583937 0.0
0.377895622933359 -0.177056320451681 0.0
0.379650408656443 -0.115085698079161 0.0
0.381183481015125 -0.0530913390589389 0.0
0.382391072943801 0.00890838753048483 0.0
0.383136233385218 0.0708862634588535 0.0
0.383240126339784 0.132803580985349 0.0
0.3824737707645 0.194606406890629 0.0
0.380552463231014 0.256223575992655 0.0
0.377134172037548 0.317568061110848 0.0
0.371817571077743 0.378543595230145 0.0
0.36414018211767 0.439055585562833 0.0
0.424736445642097 -0.671036685990731 0.0
0.426267806941254 -0.609417922851528 0.0
0.428024497892896 -0.547675205395087 0.0
0.429941284175771 -0.48582848571276 0.0
0.431961682060212 -0.423884672702799 0.0
0.43403808490936 -0.36184427900809 0.0
0.436126439017901 -0.299705687093317 0.0
0.438180382018111 -0.237467651348585 0.0
0.440145439122503 -0.175131435918653 0.0
0.441952961176464 -0.112702351257406 0.0
0.443513343471676 -0.0501920224633176 0.0
0.444708287423789 0.0123790622922265 0.0
0.445381910000407 0.0749777165093833 0.0
0.445330774112861 0.137553308882609 0.0
0.444293054445353 0.200030893470744 0.0
0.441936932617818 0.262304401995028 0.0
0.437846338394943 0.324230178534008 0.0
0.431500181414737 0.385621849871036 0.0
0.422254942287258 0.446251321322026 0.0
0.486645795295484 -0.670673667197041 0.0
0.488126689265885 -0.608956594841961 0.0
0.489894066556525 -0.547080898153537 0.0
0.491850192276485 -0.485058636200176 0.0
0.493925236104647 -0.422888295698024 0.0
0.496065346990412 -0.360562882502278 0.0
0.498222417476136 -0.298074097957667 0.0
0.500346045207289 -0.235414488337817 0.0
0.502376528538673 -0.172579305156395 0.0
0.50423799070297 -0.109567979797391 0.0
0.505830905468068 -0.0463866689828795 0.0
0.507023605373959 0.0169484137720051 0.0
0.507642324584096 0.0804055775574273 0.0
0.507459340795184 0.14393002910233 0.0
0.506178290994728 0.207431906987975 0.0
0.503414803006082 0.270770555894273 0.0
0.498668453034172 0.333732873836932 0.0
0.491281523239849 0.396004963121465 0.0
0.480385928610607 0.457143043236544 0.0
0.548448595459876 -0.670143893694825 0.0
0.549919531631688 -0.608347017946677 0.0
0.551710114126969 -0.546346619720086 0.0
0.553704198266667 -0.484141495460805 0.0
0.555826341146226 -0.421720017024767 0.0
0.558020306131481 -0.359067037617762 0.0
0.560235890190891 -0.296166626099553 0.0
0.562419713092383 -0.233003039059879 0.0
0.564507559836251 -0.169561746779417 0.0
0.566416978861366 -0.105830370400468 0.0
0.56803922677144 -0.0418009656119737 0.0
0.569229972981274 0.0225265686261383 0.0
0.569797987801481 0.0871383767205551 0.0
0.569490700549481 0.151997016211573 0.0
0.567974385991314 0.217024488468657 0.0
0.564805179487938 0.282074913735239 0.0
0.559384813191407 0.346887691978949 0.0
0.550894068651449 0.411008796230276 0.0
0.538191446505118 0.473666747755421 0.0
0.610113669263246 -0.669691114660327 0.0
0.611603126090239 -0.607843161707431 0.0
0.613417118539553 -0.545726909154802 0.0
0.615438788699081 -0.483327259355591 0.0
0.617593776208936 -0.420625071749257 0.0
0.619825966975275 -0.35759917323276 0.0
0.622083899320823 -0.294226177898473 0.0
0.624311439404123 -0.230479767740215 0.0
0.62643989621944 -0.166330613618535 0.0
0.628380192943486 -0.101746348286859 0.0
0.630014108613596 -0.0366927290514309 0.0
0.631183815390919 0.0288644611531117 0.0
0.631678466783151 0.0949553357869467 0.0
0.631215737607254 0.1615987547855 0.0
0.629414159350699 0.228787363640571 0.0
0.625749136260083 0.296458500631416 0.0
0.619481216731635 0.364431423473361 0.0
0.609543721631356 0.432267604855899 0.0
0.5943885937495 0.498950731185828 0.0
