-0.572533369201464 -0.692209899587098 0.0
0.659623232866421 -0.730237869781714 0.0
-0.486932444572449 0.61237245798111 0.0
0.61237245798111 0.61237245798111 0.0
-0.511394441702731 -0.694915410824251 0.0
0.660709306397921 -0.668717359272928 0.0
0.56917000058053 0.563410089093148 0.0
-0.503215685086143 0.534186488446191 0.0
-0.45026771962903 -0.697443760153255 0.0
0.662284216047304 -0.606861027307299 0.0
0.515817738660771 0.535757804784804 0.0
-0.515208207078143 0.459994977092504 0.0
-0.389193847056569 -0.70006314923711 0.0
0.664171044508491 -0.544647361584737 0.0
0.460334373561221 0.519131799056465 0.0
-0.523463285472332 0.38859461028288 0.0
-0.328159268808224 -0.702905110670908 0.0
0.666267821145524 -0.482062437087988 0.0
0.404276692618272 0.508597498861587 0.0
-0.529389273134832 0.319293408733454 0.0
-0.267129031162844 -0.70601504954017 0.0
0.668506945448119 -0.419090190302752 0.0
0.347978704989333 0.501788770857337 0.0
-0.53387399305111 0.251585885723847 0.0
-0.206051406446253 -0.709364064047321 0.0
0.670835802319427 -0.355708379817499 0.0
0.291538508589463 0.497499870965084 0.0
-0.537449800301728 0.185111801664873 0.0
-0.144869343889399 -0.712855046327951 0.0
0.673205115521663 -0.291886779692201 0.0
0.235017924459527 0.495083657375945 0.0
-0.540447190488395 0.11961356179456 0.0
-0.0835330297065581 -0.716348985987057 0.0
0.675560358837865 -0.227585922204876 0.0
0.178486315862475 0.494202963799904 0.0
-0.543079056705674 0.0549039555638667 0.0
-0.0220094108168322 -0.719694603355415 0.0
0.677834025844905 -0.162756416256025 0.0
0.122036271758797 0.494766900925404 0.0
-0.545487451554527 -0.00915518415960489 0.0
0.0397135082776268 -0.72275176730246 0.0
0.679937585788529 -0.0973377541196714 0.0
0.0658416487996413 0.49778847380837 0.0
-0.547772055605087 -0.072665512324824 0.0
0.101626140758847 -0.725406198365115 0.0
0.681752118883078 -0.03125735061153 0.0
0.00906210928064079 0.497516637238946 0.0
-0.550012456467631 -0.13569979878864 0.0
0.163699961490205 -0.727576834894995 0.0
0.683116608869824 0.0355712301916868 0.0
-0.048198373724759 0.497591407568802 0.0
-0.552306243769201 -0.198305040476953 0.0
0.225891234264186 -0.729218444444065 0.0
0.683812014777768 0.103250462435522 0.0
-0.105053509923662 0.504523635392823 0.0
-0.555020223359647 -0.260503828674348 0.0
0.28814545353545 -0.730322134873127 0.0
0.683537572758431 0.171902482089477 0.0
-0.1617715496619 0.510744573336237 0.0
-0.556806857334707 -0.322614348596279 0.0
0.350400880475994 -0.730915858206196 0.0
0.681871809369744 0.241672926557772 0.0
-0.217851578198926 0.51908852818948 0.0
-0.558851235231805 -0.384667638688607 0.0
0.412592776995969 -0.731066341649318 0.0
0.678202834077367 0.312735379119847 0.0
-0.274616468664696 0.52553630129823 0.0
-0.561601759973712 -0.446483772795874 0.0
0.474657850253995 -0.730883179503594 0.0
0.671593998729222 0.38528906138507 0.0
-0.331992300533641 0.533472291838892 0.0
-0.564356772380034 -0.508105457599741 0.0
0.536539860192728 -0.730525505053031 0.0
0.660509030104611 0.459524433511824 0.0
-0.387814156091717 0.548990771719162 0.0
-0.567198380196834 -0.569573658515448 0.0
0.598198630355859 -0.730212004303975 0.0
0.642253136875824 0.535459705141309 0.0
-0.442412407615994 0.570495258369757 0.0
-0.569821585931898 -0.630929715171116 0.0
-0.508712166981831 -0.633614972908456 0.0
-0.506038163101798 -0.572202819627867 0.0
-0.503218842165975 -0.510642609310088 0.0
-0.500507341400881 -0.448995130960434 0.0
-0.497832750907687 -0.387262330447674 0.0
-0.49571347626368 -0.325293479820148 0.0
-0.493863543255817 -0.262924783499292 0.0
-0.491369864368465 -0.200235132279681 0.0
-0.489107942342157 -0.137311261433738 0.0
-0.486912251999056 -0.0740755039635994 0.0
-0.484698943085442 -0.0104610533594712 0.0
-0.482393880601819 0.0535934354063615 0.0
-0.479908142255022 0.11814779578849 0.0
-0.477121121179552 0.183257310953168 0.0
-0.473863195890469 0.248956286397166 0.0
-0.469898676405196 0.315214994429784 0.0
-0.464927949652197 0.381832923850271 0.0
-0.458701454993156 0.448188227340207 0.0
-0.451614086895911 0.512665858380197 0.0
-0.447566564784449 -0.636115081184617 0.0
-0.444826283878917 -0.574686749968146 0.0
-0.442058706380636 -0.513125441030163 0.0
-0.439391364121389 -0.451418854195838 0.0
-0.436903049043854 -0.389496951586402 0.0
-0.434807288289499 -0.327391012976992 0.0
-0.432809730471086 -0.265123211579674 0.0
-0.430560713877538 -0.202567648721578 0.0
-0.428429923568808 -0.13977344634657 0.0
-0.426362226022776 -0.076734254962093 0.0
-0.424303308750007 -0.013442511502696 0.0
-0.422198328626265 0.0500963991467308 0.0
-0.419982245829923 0.11385194536936 0.0
-0.417572113388612 0.177749990547884 0.0
-0.414862291249848 0.241642281939461 0.0
-0.411726318855665 0.305264297930319 0.0
-0.408033280361358 0.368193836998205 0.0
-0.403673941141641 0.429869182281488 0.0
-0.398103971276904 0.489798758897734 0.0
-0.386426636483313 -0.63875768084214 0.0
-0.383653981510424 -0.577347200650068 0.0
-0.380944512141405 -0.515802459822735 0.0
-0.378388782752944 -0.454101289907689 0.0
-0.376053977256839 -0.392236974582504 0.0
-0.373983883482376 -0.330246845948561 0.0
-0.371986352190669 -0.268114363860295 0.0
-0.369921365399452 -0.205792585263493 0.0
-0.367945649432818 -0.143319452860606 0.0
-0.366040351530081 -0.0807223098614438 0.0
-0.364171387237455 -0.0180379264012969 0.0
-0.362299748257078 0.0446763916851058 0.0
-0.360377199081289 0.107333310741224 0.0
-0.358339824814904 0.169807328156427 0.0
-0.35610002415896 0.231930868784676 0.0
-0.353536138949459 0.293505737048975 0.0
-0.350480253680111 0.354342918433836 0.0
-0.346678758494314 0.41433400844229 0.0
-0.341997259252279 0.47362487644626 0.0
-0.32530122481114 -0.641642293832344 0.0
-0.322523406609647 -0.580286062204183 0.0
-0.319892254766759 -0.518812780736739 0.0
-0.317456770541895 -0.457214820820293 0.0
-0.315241819454824 -0.395502679080429 0.0
-0.313228124532845 -0.333698533992676 0.0
-0.311294826867545 -0.271800559967887 0.0
-0.309380392803031 -0.209806682758416 0.0
-0.307550655991119 -0.147758165886945 0.0
-0.305796651223012 -0.0856996062714722 0.0
-0.304093267774834 -0.0236848348977711 0.0
-0.302406164365534 0.0382200813665849 0.0
-0.300687159067586 0.0999378587038503 0.0
-0.298865751123196 0.161387399607036 0.0
-0.296838294202284 0.222499396229972 0.0
-0.294457504101607 0.283243904170564 0.0
-0.291527286899625 0.343667400721598 0.0
-0.287850035331762 0.403943901319113 0.0
-0.283566160030685 0.464391719170394 0.0
-0.26417751783127 -0.644807969934028 0.0
-0.261416271639883 -0.583531073749227 0.0
-0.258871609761349 -0.522165204363663 0.0
-0.256548645559845 -0.460710118565614 0.0
-0.254435961241281 -0.399180505701419 0.0
-0.252491182155105 -0.337596855563262 0.0
-0.250635332204945 -0.275971218077393 0.0
-0.248835716795133 -0.214322102967249 0.0
-0.247117095642366 -0.152690214685931 0.0
-0.245470574823117 -0.091119389788877 0.0
-0.243872992942478 -0.029655568083721 0.0
-0.242289511355403 0.0316560103890562 0.0
-0.240669457742977 0.0927769980433275 0.0
-0.238940151813489 0.153686724152979 0.0
-0.237001588627071 0.214396436975681 0.0
-0.234726349523706 0.27496741467356 0.0
-0.231976871861341 0.335530783384199 0.0
-0.228671657570513 0.396298388395432 0.0
-0.224724027650557 0.457485198625301 0.0
-0.203025341292986 -0.648212712774561 0.0
-0.200299579638712 -0.587018196517862 0.0
-0.197843357032334 -0.525763037245116 0.0
-0.195620781814479 -0.464450230182011 0.0
-0.19359345457275 -0.403095974762401 0.0
-0.191711300916417 -0.341720957139911 0.0
-0.189918678771897 -0.280343917002642 0.0
-0.188193421572302 -0.218989098206068 0.0
-0.186541282989342 -0.157690871631745 0.0
-0.184952143093796 -0.096483229361745 0.0
-0.183404887586081 -0.0353967357775723 0.0
-0.181868155185453 0.0255451936577017 0.0
-0.18029835204473 0.0863311703069729 0.0
-0.178637966174895 0.146968061525654 0.0
-0.17681727618832 0.207486157370492 0.0
-0.174764640870793 0.267942261178808 0.0
-0.172433142026059 0.328413580521842 0.0
-0.169813644070856 0.388964648583507 0.0
-0.166644201195364 0.449602148620114 0.0
-0.14180728872381 -0.651747294998204 0.0
-0.139136720101479 -0.590619211569225 0.0
-0.136768256503064 -0.529454139820302 0.0
-0.134631553622289 -0.468256214151692 0.0
-0.13267024651115 -0.407041274796928 0.0
-0.130833188115907 -0.34582911692177 0.0
-0.129078502498223 -0.284639689699422 0.0
-0.127389018760622 -0.223496011849081 0.0
-0.125763040142736 -0.162424747331968 0.0
-0.12419173823373 -0.10145009020525 0.0
-0.122659266983749 -0.0405912361447342 0.0
-0.121143210285138 0.0201401025124695 0.0
-0.119614661374691 0.0807420435000434 0.0
-0.118039788722315 0.141225041501764 0.0
-0.116385314105704 0.201612769570663 0.0
-0.114630698090173 0.261941896909907 0.0
-0.112782576009063 0.322258854135119 0.0
-0.110849113775613 0.382624254402188 0.0
-0.108802663802018 0.443218991717582 0.0
-0.0804883430551633 -0.655265417031122 0.0
-0.0778945054874753 -0.59417663747409 0.0
-0.0756123203308323 -0.533067206673963 0.0
-0.0735463991403694 -0.471941525856596 0.0
-0.0716308239305809 -0.410814244662275 0.0
-0.0698173665042814 -0.349703443046844 0.0
-0.0680740182470794 -0.288627732697711 0.0
-0.0663880437824464 -0.227606882809802 0.0
-0.0647569998512286 -0.166661257187697 0.0
-0.0631761990283509 -0.105808262973368 0.0
-0.061637697426058 -0.0450608432560305 0.0
-0.0601310435526506 0.0155737948147116 0.0
-0.0586449154323008 0.0760948117833008 0.0
-0.057170901873363 0.136507971056173 0.0
-0.0557112708561837 0.196823378535602 0.0
-0.0542918703026557 0.257050334004398 0.0
-0.0529769984673192 0.317186570545773 0.0
-0.0519041006931127 0.377208011363177 0.0
-0.0515808590366092 0.437047259669458 0.0
-0.0190433642233101 -0.658613395541493 0.0
-0.0165487284817815 -0.597532665569301 0.0
-0.0143512840134388 -0.536439316375248 0.0
-0.0123417287760897 -0.475338250905125 0.0
-0.0104524917051025 -0.414243052984799 0.0
-0.008641589011765 -0.353169997010575 0.0
-0.00688593940647798 -0.292135570016213 0.0
-0.00517819561727761 -0.231156091011625 0.0
-0.00351904064920525 -0.170246968067841 0.0
-0.00190983359997018 -0.109420454841382 0.0
-0.000351752194405936 -0.0486845357093176 0.0
0.00115303780203049 0.0119583886377023 0.0
0.0025988882862987 0.0725127754865843 0.0
0.00397218468412644 0.132992085176338 0.0
0.00524408799191572 0.193421113188247 0.0
0.006360436218832 0.253841377741618 0.0
0.00722439891804858 0.314323181678137 0.0
0.00761990282192122 0.374988843036025 0.0
0.00666582192739194 0.435994993745548 0.0
0.0425389505223234 -0.661652189586026 0.0
0.0449131038469058 -0.600549135812844 0.0
0.0470277693351139 -0.539433423525618 0.0
0.0489943719611523 -0.478311402026042 0.0
0.0508748031922137 -0.417196215697017 0.0
0.0527017420915083 -0.356102605216927 0.0
0.0544889783347686 -0.295044822862644 0.0
0.0562372599380791 -0.234035939105221 0.0
0.0579404091424006 -0.173087195787342 0.0
0.0595895638965015 -0.112206356835561 0.0
0.0611732569978017 -0.0513965747211124 0.0
0.062675489511081 0.00934542138304256 0.0
0.0640722166902065 0.0700316374820252 0.0
0.0653257994153256 0.130686733410014 0.0
0.0663767814253382 0.191353010333284 0.0
0.0671314383669354 0.252098766517501 0.0
0.0674354293331897 0.313028086608815 0.0
0.06699156380953 0.374273569502533 0.0
0.0655593140989078 0.43583151901273 0.0
0.104254775074699 -0.664270578849074 0.0
0.10649110374739 -0.60311859965375 0.0
0.108526509373969 -0.541946794936383 0.0
0.110462925847515 -0.48076416141003 0.0
0.112350009590117 -0.419584109290789 0.0
0.114208453280193 -0.358420191419185 0.0
0.116041991898994 -0.297284625505025 0.0
0.11784368181357 -0.236187780170901 0.0
0.11960018916853 -0.175137873001489 0.0
0.121293692168617 -0.11413987329478 0.0
0.122900742004338 -0.0531947538625621 0.0
0.124389135810169 0.00770181852934613 0.0
0.125712925001604 0.0685607122213078 0.0
0.126805117351001 0.129400728623944 0.0
0.127567335783972 0.190247818909121 0.0
0.127854924169593 0.251130388638353 0.0
0.127455745837787 0.312060385237203 0.0
0.126128042069845 0.372974392301324 0.0
0.12405434190248 0.43372780231942 0.0
0.166086624016171 -0.666391319498972 0.0
0.168174559472424 -0.605168842258144 0.0
0.170137175659871 -0.543913498417116 0.0
0.172056152684784 -0.482637964597405 0.0
0.173963488300549 -0.421356358795072 0.0
0.175865903226469 -0.360081248918961 0.0
0.177756514808401 -0.298823112775651 0.0
0.179620007137044 -0.237590385730127 0.0
0.181434887066919 -0.176389741446767 0.0
0.183173384759863 -0.115225700836009 0.0
0.184798989099588 -0.0541006558730938 0.0
0.186262160727519 0.00698537411905068 0.0
0.187494272366687 0.0680343377434342 0.0
0.188399651135132 0.129049139237019 0.0
0.188845856720656 0.190029781214846 0.0
0.188654179188573 0.25096646163011 0.0
0.187607214379988 0.311827376325195 0.0
0.185542072353906 0.372565540475135 0.0
0.182503626454935 0.433262121398265 0.0
0.228005994533648 -0.667972998024932 0.0
0.229944237425622 -0.606663747432188 0.0
0.231844644474191 -0.545303960992794 0.0
0.233759400409669 -0.483910415687272 0.0
0.235699023804076 -0.422497779047501 0.0
0.237655342661806 -0.361077416909537 0.0
0.239610912579902 -0.29965808951623 0.0
0.241542021018591 -0.238246764260333 0.0
0.243418811206115 -0.176849551866998 0.0
0.245203431928738 -0.115471996200284 0.0
0.246846375791144 -0.0541198091282277 0.0
0.248281302060098 0.00720058792478091 0.0
0.249418416520402 0.0684808664720748 0.0
0.250136616729422 0.129709328185885 0.0
0.250275412193168 0.19086781861046 0.0
0.249631478731366 0.25192900195243 0.0
0.247975593166969 0.312858707461268 0.0
0.245101685312551 0.373645996013956 0.0
0.240853198344728 0.434355411603235 0.0
0.289977027855257 -0.669010260232548 0.0
0.291775324902652 -0.607603180971079 0.0
0.293628662423203 -0.546124242906056 0.0
0.29555283596784 -0.484593665441676 0.0
0.297535177417723 -0.423025627012573 0.0
0.299553035646189 -0.361429430216468 0.0
0.301579261639567 -0.2998115690849 0.0
0.303582406133005 -0.238177303295895 0.0
0.305524741124124 -0.176532160143567 0.0
0.307358880893186 -0.114882751607349 0.0
0.309023068163641 -0.0532380241949211 0.0
0.3104352386497 0.0083897065363288 0.0
0.311485905063917 0.0699831700128329 0.0
0.312030210943574 0.13151859979534 0.0
0.311880519670105 0.19296322929677 0.0
0.310803778901112 0.254274639190912 0.0
0.308529645494322 0.315405858290912 0.0
0.304766786172851 0.376321096287827 0.0
0.299203528537428 0.437012245530696 0.0
0.351959518465132 -0.66953450285944 0.0
0.353639292838 -0.608023921828366 0.0
0.355464570019483 -0.546416970357766 0.0
0.357411310958934 -0.484735165752446 0.0
0.359444505568563 -0.422990187192607 0.0
0.361528841534605 -0.361187756672756 0.0
0.363629070996233 -0.29933094741513 0.0
0.365707191864069 -0.237422333818131 0.0
0.36771853821699 -0.175465883251139 0.0
0.369607084824693 -0.113468153500687 0.0
0.371299788351694 -0.0514399869547758 0.0
0.372699897875004 0.0106018947490319 0.0
0.373679177646205 0.0726325758408307 0.0
0.374069348123777 0.134616479642337 0.0
0.373653746366252 0.196503767000629 0.0
0.372161214442807 0.258228292562549 0.0
0.369263139460593 0.319708449928623 0.0
0.364569077250314 0.380852337612525 0.0
0.357620358887438 0.441565709686393 0.0
0.413912532577576 -0.669616467674686 0.0
0.415505790552033 -0.608002928810087 0.0
0.41732373823398 -0.546264945084521 0.0
0.419303859132302 -0.484421515137934 0.0
0.42139240222012 -0.422479054855472 0.0
0.423544431936869 -0.36043778365073 0.0
0.425718727004825 -0.298295802113369 0.0
0.427872198202815 -0.236051459834493 0.0
0.429954371136053 -0.173705378365138 0.0
0.431901617971043 -0.111261865592797 0.0
0.433630676696406 -0.0487310325233675 0.0
0.43503121374083 0.01386885703658 0.0
0.435957214257086 0.0765078095254502 0.0
0.436217240064174 0.139139671635455 0.0
0.435563699623887 0.201695598137362 0.0
0.433681126180681 0.264077486796412 0.0
0.43017147948047 0.326151430636303 0.0
0.42453241192723 0.387741870581105 0.0
0.416135668780159 0.448630142442385 0.0
0.475797433843221 -0.66937153572604 0.0
0.477343140871731 -0.607663423795104 0.0
0.479172503554704 -0.545797406898186 0.0
0.481191935332491 -0.48378481963044 0.0
0.483335005116303 -0.421623940415661 0.0
0.485550932962502 -0.359307716444951 0.0
0.487794795214505 -0.29682774226579 0.0
0.490019860180783 -0.234176279361997 0.0
0.492170920915763 -0.171347999073459 0.0
0.494177747355366 -0.108341315932171 0.0
0.495947945192675 -0.0451607359284484 0.0
0.497358811228045 0.0181800975883346 0.0
0.49824774004076 0.0816533939183687 0.0
0.498400752707845 0.145210161358722 0.0
0.497538223166462 0.208768992550788 0.0
0.495295965633912 0.272201239193357 0.0
0.491197705569522 0.335310296060141 0.0
0.484614043705639 0.39780391754512 0.0
0.4747062441033 0.459263882645854 0.0
0.537579789225093 -0.668968354781067 0.0
0.539116698021799 -0.607183796322097 0.0
0.540969296760324 -0.545198111948251 0.0
0.543026503167932 -0.483009905946912 0.0
0.545216615871893 -0.420607734260147 0.0
0.547486709248084 -0.357976687195637 0.0
0.54979003689257 -0.295100983780714 0.0
0.552077250248257 -0.231964855460235 0.0
0.554289112226315 -0.168553475872585 0.0
0.556349456369545 -0.104853757533191 0.0
0.558157510656674 -0.0408564141100955 0.0
0.559579027308579 0.0234409794884491 0.0
0.560435479746166 0.0880284199975963 0.0
0.560490280642783 0.152874697078256 0.0
0.5594298769727 0.217911752337936 0.0
0.556836053464616 0.283009422945496 0.0
0.552143345857151 0.347931771298277 0.0
0.54457388386373 0.412262778351042 0.0
0.533034033218875 0.47528614057859 0.0
0.599229129290549 -0.668642088412224 0.0
0.600784340899026 -0.606809027124797 0.0
0.60266017503229 -0.544712780445714 0.0
0.604744960722131 -0.482338624599885 0.0
0.606968140053335 -0.41966790506946 0.0
0.609277047715129 -0.356679935890648 0.0
0.611623921398724 -0.293351793441493 0.0
0.613957023489027 -0.229657568236451 0.0
0.616213153810662 -0.165568223407388 0.0
0.61831022697529 -0.101051452240825 0.0
0.620138970812834 -0.0360726436754281 0.0
0.621553028256268 0.0294035422735329 0.0
0.622356315040539 0.0954096393561654 0.0
0.622285713272337 0.161969155021072 0.0
0.620985240414083 0.22908327919801 0.0
0.617965018795447 0.29670493914009 0.0
0.612533990456687 0.364682188787942 0.0
0.603692770148303 0.432630501292361 0.0
0.589980028235309 0.49963372700422 0.0
