-0.566376423071628 -0.673755216919478 0.0
0.667670505744268 -0.720270727743684 0.0
-0.412538874149322 0.61237245798111 0.0
0.61237245798111 0.61237245798111 0.0
-0.505264469535842 -0.677252147983297 0.0
0.669247532647375 -0.658773622717829 0.0
0.572214810895705 0.564476522386963 0.0
-0.441632267171778 0.543842034782886 0.0
-0.444150405237154 -0.680612783868314 0.0
0.671370757232406 -0.596946734962921 0.0
0.520128045728912 0.539024015013895 0.0
-0.464692797050412 0.475255054702308 0.0
-0.38306843242142 -0.684105030590642 0.0
0.673850582974096 -0.534758844710029 0.0
0.46568480508059 0.524615817218107 0.0
-0.483926930259627 0.406817070439769 0.0
-0.321989772681575 -0.687834587708089 0.0
0.67656439398843 -0.472190187903716 0.0
0.410485680276157 0.515988446039388 0.0
-0.498155571044433 0.338512168132782 0.0
-0.26086452683281 -0.691792884363285 0.0
0.679419577846205 -0.409222200136055 0.0
0.354822532127283 0.510765982075758 0.0
-0.50828754115268 0.270868772937878 0.0
-0.199632742683902 -0.695887852658288 0.0
0.682334521421183 -0.345833341223885 0.0
0.298772126755528 0.507773592789469 0.0
-0.51575925669454 0.204145321491639 0.0
-0.138240591676171 -0.699971332025481 0.0
0.685226932761844 -0.281997575260452 0.0
0.242381036375882 0.506375048951734 0.0
-0.52154053456297 0.138343038706934 0.0
-0.0766536937827661 -0.703881783349933 0.0
0.688005797285455 -0.217683717460966 0.0
0.185697794994123 0.506217515723255 0.0
-0.526240351972851 0.073369542995856 0.0
-0.0148627842795622 -0.707478458080957 0.0
0.690565426988979 -0.152855482978206 0.0
0.128781091856381 0.50716360091488 0.0
-0.530245920152086 0.00911326526725925 0.0
0.0471185032822375 -0.710658053449282 0.0
0.692780944098493 -0.0874708386124355 0.0
0.0717367954451826 0.509983575876937 0.0
-0.533811407824897 -0.0545275711853192 0.0
0.109259184532043 -0.713356790782814 0.0
0.694504321535123 -0.0214809427189117 0.0
0.0134697653762846 0.51024262822576 0.0
-0.537115747254791 -0.117634824043491 0.0
0.171517125479035 -0.715545225954798 0.0
0.695559277130242 0.045172916187125 0.0
-0.0455203907456943 0.510359182126562 0.0
-0.540322209279823 -0.180265991538344 0.0
0.233843469772244 -0.717221928863668 0.0
0.695731087743194 0.11256437120714 0.0
-0.104448743400826 0.513697778020799 0.0
-0.543887390820219 -0.242447226068631 0.0
0.296185735803194 -0.718409544835543 0.0
0.694744023888288 0.180789767994884 0.0
-0.163592316377444 0.516379469604617 0.0
-0.546452436008456 -0.304578763076529 0.0
0.358489054731761 -0.719154548636271 0.0
0.692213780027206 0.249975813963262 0.0
-0.222846163261824 0.518300005134252 0.0
-0.549157655979192 -0.366626003655791 0.0
0.42069801833802 -0.719530828931185 0.0
0.68755381369649 0.320283383715897 0.0
-0.281320811831275 0.516377570004584 0.0
-0.552525856914127 -0.428355087183792 0.0
0.482759153846429 -0.719646725502589 0.0
0.679794977247485 0.391891125564877 0.0
-0.338290275297607 0.514370226556573 0.0
-0.5559359334426 -0.489881677924179 0.0
0.544625229067126 -0.719655185050283 0.0
0.667227157017216 0.464909189339792 0.0
-0.394428003259664 0.524223750458207 0.0
-0.559476786574635 -0.551255803367039 0.0
0.606263752874719 -0.719767228910371 0.0
0.646666381565949 0.539040273527395 0.0
-0.441281602388862 0.554193996506177 0.0
-0.562874194977548 -0.612539432102095 0.0
-0.501776214107867 -0.616016304863138 0.0
-0.498338834387977 -0.554678676137997 0.0
-0.494837651434773 -0.493218112205581 0.0
-0.491480943532919 -0.431672731087836 0.0
-0.488153838690143 -0.370049720465658 0.0
-0.485337248232943 -0.308144903186354 0.0
-0.482761153026291 -0.245839442004594 0.0
-0.479473771577836 -0.183265210674462 0.0
-0.476314136899977 -0.120451333191996 0.0
-0.473075715371936 -0.057326943971618 0.0
-0.469611429200347 0.00616709289573957 0.0
-0.465750514594586 0.0700790458186262 0.0
-0.461252871524951 0.134444893946103 0.0
-0.455755407683983 0.199278110046004 0.0
-0.448686255610018 0.264545168393819 0.0
-0.439110504279618 0.330115716922691 0.0
-0.425469209049005 0.395621282158891 0.0
-0.406995332797976 0.460190125850258 0.0
-0.387293360394817 0.522829661129842 0.0
-0.44063601400636 -0.619360779021885 0.0
-0.437156430949377 -0.558032030458286 0.0
-0.433722443254953 -0.496590535767887 0.0
-0.430418745166273 -0.435020806665404 0.0
-0.427289988034356 -0.373248951520495 0.0
-0.424523512648356 -0.311309913423209 0.0
-0.421816811366429 -0.249244005083933 0.0
-0.418792702402698 -0.186934265032933 0.0
-0.415792702728728 -0.124432465215332 0.0
-0.412722796108185 -0.0617432373771332 0.0
-0.409470497978186 0.00112891104757246 0.0
-0.405891582559883 0.0641697846919418 0.0
-0.401779616271088 0.127353924991929 0.0
-0.396819230893368 0.19065071066441 0.0
-0.390497648228954 0.254043884836977 0.0
-0.381874767536631 0.317565194154643 0.0
-0.36852918409871 0.381154746114211 0.0
-0.348463798597837 0.444468088035359 0.0
-0.4067043440276 0.465691863580241 0.0
-0.379488994193867 -0.622894255182446 0.0
-0.37600336929874 -0.561609449403771 0.0
-0.37264818877041 -0.500219488987396 0.0
-0.369472296765599 -0.43870408676065 0.0
-0.366511810170904 -0.377062920823565 0.0
-0.363789596248962 -0.315342211463161 0.0
-0.361100511370077 -0.253540239197829 0.0
-0.358283456595764 -0.191626571341629 0.0
-0.35547339167392 -0.129654378139804 0.0
-0.352620157075634 -0.0676715705054934 0.0
-0.349645447670552 -0.00573912231916911 0.0
-0.346447822631789 0.0560580872468184 0.0
-0.342892917635528 0.117600643490586 0.0
-0.338803656133358 0.178719823111464 0.0
-0.333952179371581 0.239171611126508 0.0
-0.327985290269268 0.298597591172547 0.0
-0.317909312434065 0.356289296093433 0.0
-0.351890199089085 0.392469817903128 0.0
-0.346213673767398 0.454513001106112 0.0
-0.318334933221096 -0.626680658566363 0.0
-0.314873481522197 -0.565472168458275 0.0
-0.31161817241857 -0.504185934112574 0.0
-0.308576219288241 -0.442820898138012 0.0
-0.305745081741398 -0.381397330096879 0.0
-0.303088135382303 -0.319949934683574 0.0
-0.300471377592572 -0.258493949482211 0.0
-0.297817118561606 -0.197046407836608 0.0
-0.295174214511737 -0.135669716961482 0.0
-0.292509879383546 -0.0744350916270994 0.0
-0.289767824388576 -0.0134298958627978 0.0
-0.286875041285208 0.0472360264214447 0.0
-0.283741005653101 0.107425496817671 0.0
-0.280262321229589 0.166973765059956 0.0
-0.27634177833594 0.225705152590459 0.0
-0.271802591074486 0.283522482984099 0.0
-0.27026941973061 0.341699805895162 0.0
-0.286312295593345 0.396064387832614 0.0
-0.285293686673022 0.456713407050454 0.0
-0.257150060164755 -0.630699332185882 0.0
-0.253736472572581 -0.569579562100259 0.0
-0.250584995647551 -0.508417846040108 0.0
-0.247661206965532 -0.447222246482218 0.0
-0.244930222685421 -0.386017802508435 0.0
-0.242334805287026 -0.324837170593387 0.0
-0.239783580607813 -0.263706443380951 0.0
-0.237229804314514 -0.20265844771656 0.0
-0.23468203128591 -0.14174811227254 0.0
-0.232108727151821 -0.0810331528263273 0.0
-0.229457136057983 -0.0205705663149717 0.0
-0.226656567042579 0.0395915190575917 0.0
-0.223620821099848 0.099432016256626 0.0
-0.220267429658803 0.158994815335951 0.0
-0.21659934444423 0.218465243394916 0.0
-0.21351770851481 0.278402445117696 0.0
-0.214954190589295 0.338767073385858 0.0
-0.223717753364575 0.396696921529519 0.0
-0.224484005120588 0.457260786782763 0.0
-0.195895820560357 -0.634842340444206 0.0
-0.192548817918375 -0.573797173551703 0.0
-0.189496213658 -0.512740293360559 0.0
-0.186667999176904 -0.451682152758713 0.0
-0.184006640146751 -0.390646543110442 0.0
-0.181449398219875 -0.329661418283484 0.0
-0.17892911187533 -0.268751647831343 0.0
-0.176410388650237 -0.207944765299118 0.0
-0.173882833855163 -0.147273982423299 0.0
-0.171315136224117 -0.0867649268448974 0.0
-0.168661572137514 -0.0264276190973688 0.0
-0.165869457162496 0.0337552331961539 0.0
-0.16289858415547 0.0938455557190543 0.0
-0.159783339473546 0.153974082979875 0.0
-0.156875116546291 0.21436675519101 0.0
-0.155411495399017 0.275146076498578 0.0
-0.157615275790824 0.335581326788033 0.0
-0.162956526244723 0.39489705067927 0.0
-0.164208820219462 0.455213315050802 0.0
-0.134533387407933 -0.638950793969973 0.0
-0.131270810199182 -0.577948007458627 0.0
-0.128309800207411 -0.516952388621012 0.0
-0.125554348747155 -0.45597296504636 0.0
-0.122934157598166 -0.395028597088974 0.0
-0.120388343994305 -0.33413979573916 0.0
-0.117865599986961 -0.273323908278224 0.0
-0.115337933222898 -0.212596435979709 0.0
-0.112791063388178 -0.151969762874019 0.0
-0.110202538426147 -0.0914442969363956 0.0
-0.107547284943317 -0.031002173127704 0.0
-0.104812246976878 0.0293996917984935 0.0
-0.102031777836347 0.0898355353651509 0.0
-0.0993798382436161 0.150409056923827 0.0
-0.097360634090858 0.211194960615012 0.0
-0.096979034145687 0.272044530364837 0.0
-0.0992585579451425 0.332451140672242 0.0
-0.102979201568994 0.392279647848117 0.0
-0.104782912992548 0.452638924985225 0.0
-0.0730355331971986 -0.64286032913095 0.0
-0.0698762284139359 -0.581862177357084 0.0
-0.0670014309207164 -0.520877760432227 0.0
-0.0643007051528435 -0.459913615053357 0.0
-0.0617004212721155 -0.398983252909496 0.0
-0.0591467830955779 -0.33810024034884 0.0
-0.056602222963232 -0.277274583622357 0.0
-0.0540480738469679 -0.216512257432244 0.0
-0.0514766385815451 -0.155813379352238 0.0
-0.0488819398109203 -0.0951671042482551 0.0
-0.0462674037745762 -0.0345486817984461 0.0
-0.0436655777942001 0.0260819467108562 0.0
-0.0411799097323477 0.0867761300416147 0.0
-0.0390622830032748 0.14757507986518 0.0
-0.0378062789339118 0.208447219358362 0.0
-0.0381142147324164 0.269198334546379 0.0
-0.040344246833058 0.329509279294196 0.0
-0.0434543217753822 0.389395459590412 0.0
-0.0460787636995936 0.449292626451555 0.0
-0.0113924253340111 -0.646433325119411 0.0
-0.00835576695146719 -0.585405787664059 0.0
-0.00556495350901705 -0.524388264031204 0.0
-0.00290700829555547 -0.463385960308082 0.0
-0.000313453106729929 -0.402408870621695 0.0
0.0022581446206123 -0.341466124334309 0.0
0.00483122518599793 -0.280563265984203 0.0
0.00741252250297898 -0.219701388168952 0.0
0.00999739614826651 -0.158875906384384 0.0
0.012572124325471 -0.098074034864718 0.0
0.0151042910956486 -0.0372743048616569 0.0
0.0175217442820597 0.0235515347157953 0.0
0.0196760979554538 0.0844298495623286 0.0
0.0212943476459857 0.145363179442631 0.0
0.0219565902053547 0.206291289025505 0.0
0.0212185388502581 0.267065582246986 0.0
0.0190385829660525 0.327546787834599 0.0
0.0161608331595764 0.387868597520927 0.0
0.0131553344635465 0.448354001248751 0.0
0.0503889479228841 -0.64957220206194 0.0
0.05328529920618 -0.588489187867226 0.0
0.0559926553860197 -0.527405202008598 0.0
0.058615491014169 -0.466326269899402 0.0
0.0612099613892224 -0.405261300188721 0.0
0.0638037911052775 -0.344217595362553 0.0
0.066405437413068 -0.283198945812373 0.0
0.0690080274044287 -0.222204952337891 0.0
0.0715921781602873 -0.161230532931791 0.0
0.0741243217626475 -0.100264934651606 0.0
0.0765462375527396 -0.0392926106758071 0.0
0.0787559977435673 0.0217035136436338 0.0
0.0805814818113043 0.0827332108899153 0.0
0.0817580604444249 0.143782877430398 0.0
0.0819490584207597 0.204796148079184 0.0
0.080882709896668 0.265683373753331 0.0
0.0786242626106789 0.32641679815142 0.0
0.0756711852646536 0.387164464781862 0.0
0.0727162163639795 0.448182559043046 0.0
0.112288290114007 -0.652218881106559 0.0
0.115031362353142 -0.591062448880076 0.0
0.117656786107837 -0.529889465046109 0.0
0.120250818749907 -0.468708860442119 0.0
0.1228515651495 -0.407530397159917 0.0
0.125469679215955 -0.346361331185968 0.0
0.128098068125501 -0.285205385043348 0.0
0.130715573752223 -0.224062564817812 0.0
0.133287529846662 -0.162929401540086 0.0
0.135761769527653 -0.101799044897962 0.0
0.138058335764372 -0.0406631667176806 0.0
0.140054017753364 0.0204839052464111 0.0
0.141565929462572 0.0816366545742115 0.0
0.142347868126419 0.142766141995736 0.0
0.142129035607924 0.203810328276047 0.0
0.14072867332581 0.264690292490217 0.0
0.138211450194803 0.32536922833268 0.0
0.134930532725609 0.385893198325589 0.0
0.131511828459916 0.446369814147393 0.0
0.17427661641767 -0.654348311959378 0.0
0.176860931593193 -0.593106937441923 0.0
0.179409509958843 -0.531830692847904 0.0
0.181982114117529 -0.470532824250008 0.0
0.18459458366623 -0.409224941182116 0.0
0.187239185819893 -0.347915032844194 0.0
0.189893292327144 -0.286607497006585 0.0
0.192521636056774 -0.225303668830054 0.0
0.195074867953694 -0.164002835635358 0.0
0.197484286785398 -0.102703263603341 0.0
0.199652518150347 -0.0414049918509801 0.0
0.201442177860806 0.0198854721428231 0.0
0.202667976337118 0.0811473531259611 0.0
0.203104468654062 0.142337139311947 0.0
0.202528033496915 0.203386061159701 0.0
0.200802274970528 0.264219311769711 0.0
0.197970224813967 0.324800141804465 0.0
0.194279360849061 0.385175703202386 0.0
0.190113107739544 0.445533041051467 0.0
0.236319901322098 -0.655961976206618 0.0
0.23874962280567 -0.594628550889715 0.0
0.241231660810052 -0.53324024922686 0.0
0.243792576742044 -0.471815018538413 0.0
0.246423413004166 -0.410366224900594 0.0
0.249097906181878 -0.348902422391855 0.0
0.251778657095845 -0.287428621106315 0.0
0.254417257056817 -0.225947627636978 0.0
0.256951133492459 -0.164461791138645 0.0
0.259297716126972 -0.102974759517767 0.0
0.26134654289778 -0.0414948063854617 0.0
0.262951789220179 0.019960576484028 0.0
0.263930444246443 0.0813585189638002 0.0
0.264075057644646 0.14264641222813 0.0
0.263190342183924 0.203754866652189 0.0
0.261151055186524 0.264617944813994 0.0
0.25795012712458 0.325210014618133 0.0
0.253687682946345 0.385585842205843 0.0
0.248479610620419 0.445903291676006 0.0
0.298382111071164 -0.657084428276925 0.0
0.300672305244401 -0.595654949592449 0.0
0.303103737893758 -0.534149245855864 0.0
0.305665093961302 -0.472589054485841 0.0
0.308322063980786 -0.410988296673247 0.0
0.31103099583783 -0.349355061005591 0.0
0.313741280769179 -0.287694170290238 0.0
0.316393007064231 -0.226009277634032 0.0
0.318912405020106 -0.164305192963981 0.0
0.321205900311771 -0.102590106144059 0.0
0.32315369930599 -0.0408790822902749 0.0
0.324605280877493 0.0208018584824598 0.0
0.325380864572351 0.0824112622290518 0.0
0.32528418617692 0.143890698015764 0.0
0.324129297847768 0.205169738834208 0.0
0.321773439394794 0.266183255724874 0.0
0.318130771356405 0.326897702030141 0.0
0.313139139331081 0.387333909319207 0.0
0.306701372287932 0.447572889956444 0.0
0.360426730159768 -0.657763872370667 0.0
0.362603491433229 -0.596237248226207 0.0
0.365004882216068 -0.534611350891513 0.0
0.367579993847161 -0.472909262471448 0.0
0.370270908265363 -0.411143236399627 0.0
0.373019008465969 -0.349319159996796 0.0
0.375762729588039 -0.287440249072324 0.0
0.378432749184915 -0.225509698085063 0.0
0.380946361972865 -0.163533381294823 0.0
0.383201661935942 -0.101522328495347 0.0
0.385072361628266 -0.0394962386206472 0.0
0.386405101696374 0.0225128423112753 0.0
0.387021795347573 0.0844569127255142 0.0
0.386729203807804 0.146271233528027 0.0
0.385334216146231 0.207878135138184 0.0
0.382655079325617 0.269198542910138 0.0
0.378510294410065 0.330166838177894 0.0
0.372675458595341 0.390740868792583 0.0
0.364849507203307 0.450909971912108 0.0
0.422418675005336 -0.658076824074524 0.0
0.424517627782796 -0.596455899121248 0.0
0.426911642713138 -0.534709675859918 0.0
0.429512768939852 -0.472858533979464 0.0
0.432243665913596 -0.410910107447474 0.0
0.435034248625903 -0.348865919101817 0.0
0.437814701171521 -0.286725738686611 0.0
0.440508570284032 -0.224490459313735 0.0
0.443026429144046 -0.162164911172815 0.0
0.445260315415726 -0.0997603991636475 0.0
0.44707943994318 -0.0372982130358402 0.0
0.448328280826494 0.0251867496350746 0.0
0.448828056536388 0.0876422213134304 0.0
0.448381281747834 0.149996609562592 0.0
0.446775309445971 0.212159027637754 0.0
0.443775222326723 0.274022744430377 0.0
0.439093763569525 0.335467844536164 0.0
0.432338035849537 0.396359398215628 0.0
0.422975632731561 0.456552574416914 0.0
0.48432573099214 -0.658136587972819 0.0
0.486388094712455 -0.596430221086297 0.0
0.488795472435376 -0.53456679972776 0.0
0.491430899018735 -0.47255877707235 0.0
0.494203902060326 -0.410406085355832 0.0
0.497037031972278 -0.348103734566839 0.0
0.499855023029257 -0.285646124218108 0.0
0.502576439793068 -0.223029639361395 0.0
0.505107024047976 -0.160255173555481 0.0
0.507334484961059 -0.0973304277492593 0.0
0.509124793011191 -0.0342732777534978 0.0
0.510320293312411 0.0288845009505335 0.0
0.510739217338285 0.0920926432179428 0.0
0.510174385646633 0.155277827259342 0.0
0.508385459130928 0.218337537006972 0.0
0.505075705538312 0.281131883439064 0.0
0.499844402511002 0.343468453576481 0.0
0.49211635654965 0.405078064401923 0.0
0.481075586667618 0.465595072585029 0.0
0.546119071802689 -0.658105515295105 0.0
0.548184246478134 -0.596331021276715 0.0
0.550618679637919 -0.534356811945031 0.0
0.553289792935048 -0.472182415523075 0.0
0.556101248016647 -0.409797825004228 0.0
0.558972254785388 -0.347190284686306 0.0
0.561824483237288 -0.284347435554921 0.0
0.564573100667585 -0.221258859703673 0.0
0.56712021714117 -0.157917753621818 0.0
0.569350102941905 -0.0943225140794662 0.0
0.571125817505345 -0.0304794843473635 0.0
0.572286820563583 0.0335937345545265 0.0
0.572645930976497 0.0978633746706352 0.0
0.57198193420611 0.162272652583184 0.0
0.570021044175557 0.226729051565412 0.0
0.56639819741901 0.291081529347326 0.0
0.560589759709006 0.355076865268319 0.0
0.551815289736452 0.418283614645474 0.0
0.538912672274542 0.479980934527154 0.0
0.607771709398227 -0.658211773641511 0.0
0.609865838596343 -0.596395784452381 0.0
0.61232908416722 -0.534317768862701 0.0
0.615028528244038 -0.47196198295413 0.0
0.617868519534624 -0.409309631176518 0.0
0.620767783069322 -0.346341469004674 0.0
0.623646170139466 -0.28303822600073 0.0
0.626415994491252 -0.219380483644992 0.0
0.628975877308827 -0.155349180515985 0.0
0.631206316006418 -0.0909260547740366 0.0
0.632966311021447 -0.0260949250817148 0.0
0.634089978470382 0.0391569939957776 0.0
0.634380436005159 0.104836652393855 0.0
0.633595831450446 0.170940719151114 0.0
0.631419061172918 0.237443591828794 0.0
0.627399947076966 0.304269472002893 0.0
0.620856700205588 0.371225776841147 0.0
0.610724830123809 0.437851648100027 0.0
0.595354901610044 0.503083836704618 0.0
