-0.609766338548639 -0.686403626759356 0.0
0.621378217552955 -0.726354269166897 0.0
-0.533026653528214 0.61237245798111 0.0
0.61237245798111 0.61237245798111 0.0
-0.548621261079086 -0.689146577747207 0.0
0.622721692474434 -0.66486289112658 0.0
0.560849646465198 0.568429992388463 0.0
-0.544412023732712 0.534755841724809 0.0
-0.487482914517241 -0.691694277939203 0.0
0.624519307819701 -0.603066479550581 0.0
0.503410738361894 0.543538947080279 0.0
-0.553711543238986 0.461481040455356 0.0
-0.426388032174967 -0.694314423385459 0.0
0.626621427168815 -0.540944654877768 0.0
0.445089922603435 0.528170522967841 0.0
-0.560453513181079 0.390986059102747 0.0
-0.365324565005794 -0.69711919839526 0.0
0.628942685565132 -0.478484176300453 0.0
0.386697974256337 0.518181714352995 0.0
-0.565540244776887 0.322468111821709 0.0
-0.304263692723341 -0.700148766436186 0.0
0.631428186912966 -0.415670169688715 0.0
0.328355390631914 0.51158230118536 0.0
-0.569595426441579 0.255406629504985 0.0
-0.243161960199618 -0.70338188859872 0.0
0.634037247835214 -0.352482403087244 0.0
0.27007211269847 0.50732682957812 0.0
-0.573000366891553 0.189452658201356 0.0
-0.18197073286237 -0.706738107390536 0.0
0.636733723348321 -0.288893528216796 0.0
0.211855001821243 0.504834054304463 0.0
-0.575992354117658 0.124365754438326 0.0
-0.120647064968451 -0.710099309806314 0.0
0.639479002137346 -0.224867746321806 0.0
0.153727988566952 0.503784511390512 0.0
-0.578723587808907 0.0599756911150635 0.0
-0.0591621019922566 -0.71333512473482 0.0
0.642225801537939 -0.160359963921927 0.0
0.0957380137040373 0.504060775676587 0.0
-0.58129500253552 -0.0038405865200307 0.0
0.00249503032949508 -0.716323559254721 0.0
0.644911795833213 -0.0953143488527865 0.0
0.0379752523660628 0.506168576562164 0.0
-0.583777435352527 -0.0671718047410852 0.0
0.0643165159043854 -0.718964391306409 0.0
0.647452279746268 -0.0296629872043292 0.0
-0.0200643421424751 0.506588760171024 0.0
-0.586229345604879 -0.130079830489643 0.0
0.126277968794856 -0.721186234159223 0.0
0.649731195857924 0.0366764880610816 0.0
-0.0784609464605944 0.507622017862525 0.0
-0.588731183604997 -0.192602414542342 0.0
0.188341539887353 -0.722949356574321 0.0
0.651589315594909 0.103804103803987 0.0
-0.136613048012838 0.513204818263894 0.0
-0.591610755096117 -0.254754465174053 0.0
0.250459795587391 -0.724246506951594 0.0
0.652807366720256 0.171843095842351 0.0
-0.194555207226868 0.518779841319696 0.0
-0.593577855770676 -0.316820131962686 0.0
0.312578802993089 -0.725103512288133 0.0
0.653079211025309 0.240947841095234 0.0
-0.252050437134286 0.52612621284883 0.0
-0.595788199082244 -0.378843840170182 0.0
0.374641978661215 -0.725580869164919 0.0
0.651964948447802 0.311317823528543 0.0
-0.310062434793984 0.532887029682239 0.0
-0.598658182900815 -0.440659615295722 0.0
0.436594101523849 -0.725776929850792 0.0
0.648801153986381 0.38321929609979 0.0
-0.368623656573393 0.541149740352147 0.0
-0.601490998427266 -0.502286725999668 0.0
0.498386286064348 -0.725832990491614 0.0
0.642517756012603 0.457016066094811 0.0
-0.42620111179176 0.554746819911254 0.0
-0.604384754786836 -0.563759343431941 0.0
0.559983950604072 -0.725940732741391 0.0
0.631280437127836 0.533197997104506 0.0
-0.48296075324175 0.574394223811395 0.0
-0.607034193094753 -0.6251209793172 0.0
-0.545918823893412 -0.627846873183683 0.0
-0.543222133150146 -0.566434610199302 0.0
-0.540353008957326 -0.504878350572529 0.0
-0.537558636280822 -0.443238465807422 0.0
-0.53477150773249 -0.38151741412411 0.0
-0.532499881162486 -0.319585216999653 0.0
-0.530453263263248 -0.257277219598946 0.0
-0.527761883577548 -0.194658690332394 0.0
-0.525283092094868 -0.13183161879149 0.0
-0.522866054500888 -0.0687242423552287 0.0
-0.520442863772598 -0.00527543460348774 0.0
-0.517959563971617 0.0585709781041303 0.0
-0.515354500538459 0.122870792314428 0.0
-0.512545029403578 0.187677991588062 0.0
-0.509415155344313 0.25303193213814 0.0
-0.505804886285183 0.318922111502089 0.0
-0.501517738020566 0.385197527176888 0.0
-0.496424748393064 0.451344092395592 0.0
-0.490965202967916 0.515931458015005 0.0
-0.48476902820317 -0.63036991539694 0.0
-0.482006105228098 -0.568946916081897 0.0
-0.479185248350718 -0.507392710828898 0.0
-0.476429049955268 -0.445697820714385 0.0
-0.473814005829595 -0.383797828220033 0.0
-0.471550183147271 -0.321724398458576 0.0
-0.469351788456494 -0.259497367296167 0.0
-0.466887718230327 -0.196998269139532 0.0
-0.46452429052126 -0.134275325802401 0.0
-0.462217381094837 -0.0713228002448785 0.0
-0.459926545361156 -0.00813239018411398 0.0
-0.457614481440318 0.0552937759292286 0.0
-0.455238920373802 0.118932505608124 0.0
-0.452746518794856 0.182723461706086 0.0
-0.450069253666732 0.246541816752083 0.0
-0.447125886761657 0.310158712222527 0.0
-0.443833746790767 0.373196249615599 0.0
-0.440117317148073 0.435118533793207 0.0
-0.435330896950773 0.495352843438343 0.0
-0.423618506913636 -0.633010154745828 0.0
-0.420823262972758 -0.571599882737308 0.0
-0.418054156318659 -0.51005595807871 0.0
-0.415397646000035 -0.448358601478967 0.0
-0.412920453574067 -0.38650208411387 0.0
-0.410668223573908 -0.324522745680187 0.0
-0.408457157091983 -0.262404336135375 0.0
-0.406157917960747 -0.200100645872854 0.0
-0.40392936581464 -0.137646328191523 0.0
-0.401761562998414 -0.0750648961577298 0.0
-0.399631966431944 -0.0123873553300068 0.0
-0.397515973128923 0.0503375280804402 0.0
-0.395383448167612 0.113034372588017 0.0
-0.393193105189852 0.175593140192156 0.0
-0.390885023632705 0.237863865334075 0.0
-0.388369330306004 0.299663729224265 0.0
-0.385505421856012 0.360808065334438 0.0
-0.38201363694921 0.421171020233 0.0
-0.377515615404437 0.480874454081333 0.0
-0.362477619583045 -0.635850134674353 0.0
-0.359676345082456 -0.57448347083349 0.0
-0.356976548295282 -0.512997482436446 0.0
-0.354426473869952 -0.451385482290621 0.0
-0.352053300917825 -0.389657486896086 0.0
-0.349842067990432 -0.327834232652324 0.0
-0.347679522771465 -0.265912369527022 0.0
-0.345511670959038 -0.203887543157998 0.0
-0.343408467132445 -0.1417965056671 0.0
-0.341368694329329 -0.0796787316966273 0.0
-0.339377334878577 -0.0175821558250504 0.0
-0.337412884302402 0.0444334203534556 0.0
-0.335443660547147 0.106296153793302 0.0
-0.333420348086528 0.167927200254988 0.0
-0.331265551824314 0.229252354509623 0.0
-0.328860105579472 0.290223900215622 0.0
-0.326020728831567 0.350850752119378 0.0
-0.322490333278358 0.411245166965823 0.0
-0.318073147073492 0.471639053761525 0.0
-0.301336974658017 -0.638926615443433 0.0
-0.298549810836524 -0.577626532097057 0.0
-0.295925998580106 -0.516231383620138 0.0
-0.293474161575964 -0.454741160193293 0.0
-0.291187847110612 -0.393169371721952 0.0
-0.289030516577664 -0.331534456604258 0.0
-0.286930185900139 -0.269846092315459 0.0
-0.284860372403992 -0.208119824184816 0.0
-0.282850691017101 -0.146392581205481 0.0
-0.280899365309982 -0.0847048009418988 0.0
-0.278992477896057 -0.0231000228567866 0.0
-0.277107017787899 0.0383768127257715 0.0
-0.275207329299085 0.0996838376733528 0.0
-0.273239063430404 0.160790655569568 0.0
-0.271122080540143 0.221689600030509 0.0
-0.268742800656112 0.282410650945188 0.0
-0.265949602949777 0.343039508456698 0.0
-0.262569107595156 0.403734198596137 0.0
-0.258387961718554 0.46471031830614 0.0
-0.240171403519851 -0.642207481926512 0.0
-0.237415069295657 -0.580977986034703 0.0
-0.234868293410824 -0.519678047532967 0.0
-0.232503008484758 -0.458310639418654 0.0
-0.230288087068774 -0.396890593906263 0.0
-0.228180213875571 -0.335436554794353 0.0
-0.22613022559189 -0.27396504804431 0.0
-0.22412139662499 -0.212498006129314 0.0
-0.222164298155573 -0.151067658338389 0.0
-0.220255027561418 -0.0897069460066799 0.0
-0.218380228181129 -0.0284471546208231 0.0
-0.216517971876731 0.0326849672224664 0.0
-0.214635585164866 0.0936711227895919 0.0
-0.212686666168669 0.154506819472442 0.0
-0.210608751349276 0.215206234933916 0.0
-0.208323661516341 0.275806901063035 0.0
-0.205745282630477 0.336370572753071 0.0
-0.202789692539344 0.396972213069058 0.0
-0.199253896697346 0.457675982155453 0.0
-0.178949074728991 -0.645601619765621 0.0
-0.176240467935471 -0.584429832409391 0.0
-0.173769422590936 -0.523208257197842 0.0
-0.171477146449669 -0.461941048655423 0.0
-0.169316236457228 -0.400642872090007 0.0
-0.167242657175625 -0.339331859963466 0.0
-0.165220355343925 -0.278026295957992 0.0
-0.163236738444655 -0.216747747505138 0.0
-0.161294146574272 -0.1555219750298 0.0
-0.159388413375604 -0.0943734008174947 0.0
-0.157509044068123 -0.0333229741279413 0.0
-0.155639412001969 0.0276139771302172 0.0
-0.153755998183862 0.0884298786837935 0.0
-0.151827824951704 0.149127513728645 0.0
-0.149817378873866 0.20972168627823 0.0
-0.14768495216701 0.270241235862629 0.0
-0.145397626121795 0.330730584991269 0.0
-0.142930963026924 0.391255935311078 0.0
-0.140301654861892 0.451968071434868 0.0
-0.11763991862362 -0.648984249058628 0.0
-0.114997262625022 -0.587847050543427 0.0
-0.112599866190578 -0.526674396291154 0.0
-0.110366580863379 -0.465470848240958 0.0
-0.108241323517345 -0.404250163427367 0.0
-0.106182723711747 -0.343029151270352 0.0
-0.104163639083536 -0.281825216007226 0.0
-0.102174752084462 -0.22065721347486 0.0
-0.10021631862036 -0.159545141097865 0.0
-0.0982863022547257 -0.0985068920610216 0.0
-0.0963792733898984 -0.0375568830820227 0.0
-0.094486616626388 0.0232952298600219 0.0
-0.0925969348353648 0.0840454435532482 0.0
-0.0906973790359061 0.144696414434855 0.0
-0.0887772583623779 0.205257012000396 0.0
-0.0868360726189467 0.265740952391796 0.0
-0.0848991350150262 0.326162023303895 0.0
-0.0830629263049394 0.386527025053716 0.0
-0.0817320015714218 0.446815460112331 0.0
-0.0562221428688864 -0.652222558251545 0.0
-0.0536643374073886 -0.59109275062461 0.0
-0.0513383909292104 -0.529934559511853 0.0
-0.0491506356294435 -0.46875310814589 0.0
-0.0470432971827766 -0.407561266181582 0.0
-0.0449803999390963 -0.346374288851435 0.0
-0.0429424536060795 -0.285207740696839 0.0
-0.0409241090810529 -0.224077338866928 0.0
-0.0389271197142676 -0.162998417074279 0.0
-0.036953358902991 -0.101983898881721 0.0
-0.0350037571227362 -0.0410433297064981 0.0
-0.0330788112033597 0.0198183199972397 0.0
-0.0311798312941267 0.0806018292316479 0.0
-0.0293114023445468 0.141315802094866 0.0
-0.027486157773219 0.201978903026252 0.0
-0.0257338434847679 0.262624578617975 0.0
-0.0241218822995679 0.323309527317407 0.0
-0.0228262932498628 0.384127171783836 0.0
-0.022522469195899 0.445196260410853 0.0
0.00531431333188288 -0.655195229768657 0.0
0.00776945962987031 -0.594046042137772 0.0
0.0100265423690274 -0.53286844384914 0.0
0.0121813484623026 -0.471668881308917 0.0
0.0142869314406755 -0.410459794138259 0.0
0.0163713616667337 -0.349255016081525 0.0
0.0184464055412068 -0.288068065025933 0.0
0.0205124445362065 -0.226911674221809 0.0
0.0225640534719078 -0.165797357271139 0.0
0.0245941004027334 -0.104734006857771 0.0
0.0265941627390988 -0.0437270484157319 0.0
0.0285533612717772 0.0172229823803855 0.0
0.0304560758113201 0.0781221949500671 0.0
0.0322780553794329 0.138986470410473 0.0
0.0339797029004767 0.199845269784006 0.0
0.0354937202155169 0.26074803483955 0.0
0.0366980876098499 0.321771069065204 0.0
0.0373454066917783 0.383012321535486 0.0
0.0371815971149888 0.444475557271864 0.0
0.0669665148864962 -0.657804546929975 0.0
0.0693046325336558 -0.596612343397075 0.0
0.0714967541496251 -0.53538541397402 0.0
0.0736305641200623 -0.474132497719242 0.0
0.0757487150665022 -0.412866129772305 0.0
0.0778691796212998 -0.351598937786734 0.0
0.079995506164756 -0.290342486909768 0.0
0.0821222310220994 -0.229106953071818 0.0
0.0842388310503795 -0.167900996472279 0.0
0.0863317276096525 -0.106730871886132 0.0
0.0883836772059758 -0.045599918029121 0.0
0.0903715745936392 0.0154924996183619 0.0
0.0922627792030197 0.0765520351479775 0.0
0.0940093673582499 0.137590869865493 0.0
0.0955389971646769 0.19862776461056 0.0
0.0967400645956339 0.259685831859034 0.0
0.0974389330925032 0.320780188779982 0.0
0.0974162511607259 0.38187576548907 0.0
0.096721587637293 0.442868693048845 0.0
0.128719691250244 -0.659982408726027 0.0
0.1309322925483 -0.598727955047071 0.0
0.133065824654402 -0.537427262568375 0.0
0.135190443301011 -0.4760921529791 0.0
0.137333750205677 -0.414735536811253 0.0
0.139502025527384 -0.353368908611314 0.0
0.141690244035092 -0.292002014872844 0.0
0.14388658790164 -0.230642983856451 0.0
0.146074626378442 -0.169298669030605 0.0
0.1482335618536 -0.107974320670225 0.0
0.150336473139761 -0.0466736381535906 0.0
0.152347051482142 0.0146015571397611 0.0
0.15421477275243 0.0758512599515868 0.0
0.155868075238546 0.137077102873866 0.0
0.157204954005849 0.19828007348697 0.0
0.158081645099203 0.25945604287747 0.0
0.15831126426458 0.320586059279488 0.0
0.157722405853162 0.381635680975595 0.0
0.156246887819418 0.442648719505531 0.0
0.190549400763875 -0.661692486336157 0.0
0.192636016914662 -0.600361329435274 0.0
0.194720732806376 -0.538968311360137 0.0
0.196848157812857 -0.477528565897107 0.0
0.199027620479305 -0.416055136816274 0.0
0.20125301984873 -0.354558098435065 0.0
0.203510895694967 -0.293045276240867 0.0
0.205783102080288 -0.231522990273386 0.0
0.208047138445635 -0.169996911138148 0.0
0.210274856193329 -0.108472256506488 0.0
0.21242961680065 -0.0469543767901802 0.0
0.214462117214637 0.0145509749982186 0.0
0.216304777103052 0.0760369157273043 0.0
0.217864524804312 0.137494676025879 0.0
0.219014237398903 0.198911318168888 0.0
0.219586044502151 0.260267308644664 0.0
0.219377809089474 0.32153620726034 0.0
0.218178686419075 0.38270234259812 0.0
0.215773131829622 0.4437907309798 0.0
0.252424676254944 -0.662930798546245 0.0
0.254394337732372 -0.60151332430339 0.0
0.256443716588609 -0.540015121684564 0.0
0.258586007834738 -0.478453932520662 0.0
0.260810899996292 -0.416841967448884 0.0
0.263100349097585 -0.355187086076302 0.0
0.265433245011841 -0.293494657433527 0.0
0.267785687843363 -0.231768905915616 0.0
0.270129501730885 -0.17001420669307 0.0
0.272429591296963 -0.108235695374689 0.0
0.274640122910027 -0.0464402707441502 0.0
0.276699556894578 0.0153626933163124 0.0
0.27852438850534 0.0771601681800272 0.0
0.280001618038029 0.138934358290685 0.0
0.28098065343401 0.200660420671706 0.0
0.281267558252787 0.26230519392056 0.0
0.28062525859735 0.32382917325936 0.0
0.278776126794181 0.38519436391451 0.0
0.275387919630578 0.446370625886505 0.0
0.314310549811879 -0.663726462053609 0.0
0.316182231296309 -0.602218121510355 0.0
0.318212782675835 -0.540607375650869 0.0
0.320381225984155 -0.478912631741868 0.0
0.32265845765034 -0.417143535291994 0.0
0.325016107593094 -0.355304443804133 0.0
0.327426809482928 -0.293397287465985 0.0
0.329861911610095 -0.231423356067914 0.0
0.3322883314816 -0.169384887886194 0.0
0.334664756143132 -0.107285971935365 0.0
0.336936960450863 -0.0451339085470483 0.0
0.339032111995912 0.0170595980557556 0.0
0.3408518624422 0.0792765935245232 0.0
0.342264284683061 0.141490878708486 0.0
0.343095168008948 0.20366468000621 0.0
0.343119871199214 0.265746166495546 0.0
0.342055625009725 0.327668119240643 0.0
0.339549279223283 0.389348124173873 0.0
0.335155788075638 0.450687955448674 0.0
0.376171222226976 -0.664143826457557 0.0
0.37797275672517 -0.602545870174927 0.0
0.38000211717147 -0.540820740837591 0.0
0.382205640027419 -0.47898422861311 0.0
0.384538630603129 -0.417041123217753 0.0
0.386965020173865 -0.354990709878889 0.0
0.389453001823921 -0.29283021028494 0.0
0.391970411815065 -0.230556710257017 0.0
0.394480215138146 -0.168168819110663 0.0
0.396935779381078 -0.105667707724278 0.0
0.39927547506579 -0.04305876604559 0.0
0.401416336195833 0.0196466431242933 0.0
0.403246487000414 0.0824283698417238 0.0
0.404616243821816 0.145253950034391 0.0
0.405327781726148 0.208072952629593 0.0
0.405123054508365 0.270810838620911 0.0
0.403667658928259 0.333361621360078 0.0
0.400525489436823 0.395579087307494 0.0
0.395120816064586 0.457267138658457 0.0
0.4379726597402 -0.664286640301974 0.0
0.43973744838943 -0.602607431894875 0.0
0.441781195578416 -0.540771699217475 0.0
0.444024250570117 -0.478788350814037 0.0
0.44641156612211 -0.416655012070288 0.0
0.448902593788732 -0.354364481861851 0.0
0.451463015588461 -0.291908047999331 0.0
0.454058383704872 -0.229277087304216 0.0
0.45664863958698 -0.166464441437949 0.0
0.459182736429803 -0.103465315184102 0.0
0.461592705437517 -0.040279020846279 0.0
0.463786788873419 0.0230888463873824 0.0
0.465641208954689 0.0866226401706165 0.0
0.466990178119289 0.150291311001334 0.0
0.467613266883269 0.214039370949725 0.0
0.467218428259277 0.277774564099977 0.0
0.465416676125232 0.341349491822645 0.0
0.461681570688686 0.404534847042568 0.0
0.455279224287956 0.466982917134948 0.0
0.499684142823595 -0.664304714435394 0.0
0.501444859932806 -0.602561182948061 0.0
0.503512377865485 -0.540623665236373 0.0
0.505792838994132 -0.478490171815443 0.0
0.508227104803722 -0.416149908798771 0.0
0.510773283865837 -0.353588768699918 0.0
0.513396146929007 -0.290791472650214 0.0
0.51605984446999 -0.227742180374211 0.0
0.518721926590145 -0.164425124319639 0.0
0.52132758984293 -0.10082497082119 0.0
0.523803371543117 -0.0369281931269394 0.0
0.526049836488709 0.0272749529109586 0.0
0.527932663352813 0.0917865532990592 0.0
0.529271359463211 0.156594874713 0.0
0.529823894892652 0.22166276777977 0.0
0.529264223084485 0.286908631431718 0.0
0.527146846489329 0.352172074992332 0.0
0.522848370082568 0.41715188411736 0.0
0.515457675567827 0.48129377850414 0.0
0.561278044573702 -0.664403925549499 0.0
0.563056923361096 -0.602621478856669 0.0
0.565147451093744 -0.540592499874784 0.0
0.567455625962666 -0.478303505294456 0.0
0.56992364965524 -0.415737397115063 0.0
0.572510339751975 -0.352875032482381 0.0
0.575180245028784 -0.289694957591108 0.0
0.57789632048521 -0.226172580176859 0.0
0.580613832942581 -0.162279834318545 0.0
0.583274372453857 -0.097984671233907 0.0
0.585799172339261 -0.0332513967252113 0.0
0.58808122065404 0.0319587883468589 0.0
0.589975361864124 0.0976859711922256 0.0
0.591285129224118 0.163968236123097 0.0
0.591743583742024 0.230833605548216 0.0
0.590983308700598 0.298283901349887 0.0
0.588486621943493 0.366257200581388 0.0
0.583502313816351 0.434536870368993 0.0
0.574908718720065 0.50251517463514 0.0
