-0.65200920778649 -0.679099259525297 0.0
0.57812282099918 -0.72074455413721 0.0
-0.58487021625042 0.61237245798111 0.0
0.61237245798111 0.61237245798111 0.0
-0.590855725838835 -0.681884051561512 0.0
0.579744883787645 -0.659287475086152 0.0
0.552364853517893 0.574209505208843 0.0
-0.590673396776284 0.535793415323408 0.0
-0.529701258342989 -0.684450667254863 0.0
0.58178720394472 -0.597559301104023 0.0
0.490293268715242 0.552383957718884 0.0
-0.597018202145776 0.463702932875788 0.0
-0.468577749212117 -0.68706823045087 0.0
0.584131170395912 -0.535540461426251 0.0
0.428599979651465 0.538578524812974 0.0
-0.602125273542871 0.394300582649285 0.0
-0.407474455191824 -0.689825525990495 0.0
0.586709803260477 -0.473218037675222 0.0
0.367421417515055 0.529396042118434 0.0
-0.606320782300185 0.326707951775682 0.0
-0.34636942873914 -0.692755181372024 0.0
0.589481976157789 -0.410578120977733 0.0
0.306646514647788 0.523197723097384 0.0
-0.609936337720944 0.260403469622272 0.0
-0.285228723723865 -0.695843221498301 0.0
0.592419806314463 -0.347602431432719 0.0
0.246174999913571 0.519102770528814 0.0
-0.613186816461693 0.195056847372504 0.0
-0.224013575456982 -0.699027026336735 0.0
0.59550125511742 -0.284266594777125 0.0
0.185943221956175 0.516606203858818 0.0
-0.616206387079845 0.130449481807749 0.0
-0.16268936438184 -0.702211800356385 0.0
0.598704940983875 -0.220538705230896 0.0
0.125918276870404 0.515413851348174 0.0
-0.619079635784531 0.0664315104851924 0.0
-0.101232724357852 -0.705291257971494 0.0
0.60200567496175 -0.156378287691004 0.0
0.0660916192108925 0.515377403090924 0.0
-0.621861329633473 0.00289764132829745 0.0
-0.0396348893072245 -0.708164975088375 0.0
0.605369976780379 -0.0917345718119108 0.0
0.00647870272878569 0.516595230498694 0.0
-0.624589677857228 -0.0602257286765036 0.0
0.0220974938698029 -0.710750061212469 0.0
0.608750983632076 -0.0265447415335723 0.0
-0.0530796910014736 0.517643096805625 0.0
-0.627299111063172 -0.122987677164578 0.0
0.0839439894611542 -0.712987658172859 0.0
0.612082436735576 0.0392690376263707 0.0
-0.112785832405925 0.519476420218269 0.0
-0.630050594957206 -0.185415035024553 0.0
0.145872843731345 -0.714845830381475 0.0
0.615271233619502 0.105803790680619 0.0
-0.172375089086929 0.523766133550523 0.0
-0.633127698782356 -0.247513672278694 0.0
0.207844261594519 -0.716320636366035 0.0
0.618187777791379 0.173183012690446 0.0
-0.23178695202133 0.528572109730779 0.0
-0.635304935381891 -0.309528556647327 0.0
0.26981299461651 -0.717436782458867 0.0
0.620652076571673 0.241568140567573 0.0
-0.290963508851848 0.534801338601499 0.0
-0.637705237259485 -0.371519541782425 0.0
0.331731761939009 -0.718248816636565 0.0
0.622411349280705 0.311180521070724 0.0
-0.350528404386733 0.541718919040009 0.0
-0.640710271568697 -0.433335427076868 0.0
0.393554796350977 -0.718843293512221 0.0
0.623099323135678 0.382342749231014 0.0
-0.410551137128745 0.550009529402858 0.0
-0.64362905405523 -0.49496882672686 0.0
0.455242146678551 -0.719342052205347 0.0
0.622159626313122 0.455561770759816 0.0
-0.470064362810364 0.561490474376062 0.0
-0.646579827884789 -0.556446058336628 0.0
0.516766537308333 -0.719906654289513 0.0
0.618749033418592 0.531706297972249 0.0
-0.529333553971262 0.578866002012386 0.0
-0.649256207916967 -0.61781396255631 0.0
-0.588132357093155 -0.620585397364729 0.0
-0.585413092744497 -0.559173060366401 0.0
-0.582490491231576 -0.497621843488326 0.0
-0.579604529664626 -0.435991390669172 0.0
-0.576690024381731 -0.374284878529455 0.0
-0.574243684020812 -0.312395689268992 0.0
-0.571968491134644 -0.2501589373087 0.0
-0.569042815272416 -0.187624317055542 0.0
-0.566304026921424 -0.124911749465216 0.0
-0.563617911042415 -0.0619564453342408 0.0
-0.560934735917432 0.00129598198344881 0.0
-0.558223597800432 0.0648955046209379 0.0
-0.55545395070812 0.128892888505474 0.0
-0.552586406299166 0.193339847718006 0.0
-0.549566205582922 0.25827974233768 0.0
-0.546320776214151 0.323719790288939 0.0
-0.542776949905276 0.389555433019451 0.0
-0.538967000548477 0.455373210409888 0.0
-0.535470674132568 0.519912645137263 0.0
-0.526975052336736 -0.623131867491175 0.0
-0.524190005328704 -0.561716036737693 0.0
-0.521312251077624 -0.500171273351563 0.0
-0.518457726314667 -0.438491427258619 0.0
-0.515699208019421 -0.376618554102839 0.0
-0.513242219965907 -0.314585173903313 0.0
-0.510809732414089 -0.252408685112603 0.0
-0.508091144485682 -0.189979231217998 0.0
-0.50544924293889 -0.127344428383661 0.0
-0.502852566019126 -0.0644996199045112 0.0
-0.500276789321284 -0.00143613954633322 0.0
-0.497705206727067 0.0618469075550375 0.0
-0.495122581409581 0.125333598699319 0.0
-0.492511312022171 0.18897748158831 0.0
-0.489850165362317 0.252677332402694 0.0
-0.487117346676674 0.316240131432824 0.0
-0.484300947946522 0.379332546615918 0.0
-0.481393406755522 0.441445978590029 0.0
-0.477676219512376 0.501936844234986 0.0
-0.46580811529494 -0.62576636290971 0.0
-0.462991442230621 -0.564357849488687 0.0
-0.460158694169302 -0.502816740209645 0.0
-0.457390376041137 -0.441126122358314 0.0
-0.454751644282679 -0.37928164912001 0.0
-0.452289572502088 -0.317318857377851 0.0
-0.449829171416292 -0.255222079426147 0.0
-0.447252976107925 -0.192946232028931 0.0
-0.44472257549886 -0.130522676731318 0.0
-0.442238609294743 -0.0679710888357213 0.0
-0.439792462350518 -0.00531659433102223 0.0
-0.437377269148218 0.0574008322513071 0.0
-0.434985694866088 0.12011814953874 0.0
-0.432605772483581 0.182741276500677 0.0
-0.430214806909095 0.245138384526339 0.0
-0.427768153237356 0.30714247483253 0.0
-0.425170501887346 0.368573388857813 0.0
-0.422133759399365 0.429287633177778 0.0
-0.418013816378742 0.489382886036948 0.0
-0.404643559977165 -0.628550457916158 0.0
-0.401820732786952 -0.567173512333096 0.0
-0.399047530755865 -0.505675106566117 0.0
-0.396369939405133 -0.444049835482938 0.0
-0.393816817156136 -0.3823074495512 0.0
-0.391377495567081 -0.320467343170629 0.0
-0.388946937087864 -0.258524692907045 0.0
-0.386479678526665 -0.196472839525091 0.0
-0.384050762304714 -0.134343761481497 0.0
-0.381668435835966 -0.0721714669796765 0.0
-0.379330206578076 -0.00999753308526532 0.0
-0.377030745226665 0.0521250935544935 0.0
-0.374759412058363 0.114130712439129 0.0
-0.372494188877603 0.175943483598823 0.0
-0.370191992714598 0.237484947176941 0.0
-0.367771921286991 0.298689805087674 0.0
-0.365074096430966 0.359528551353282 0.0
-0.361781889406065 0.420049458162359 0.0
-0.357306381191693 0.480394930037869 0.0
-0.343475879262054 -0.631516768257859 0.0
-0.34066543031892 -0.570191584343859 0.0
-0.337956723072787 -0.508764885769079 0.0
-0.335361023594703 -0.447237165416885 0.0
-0.33287670158695 -0.385620841944719 0.0
-0.33047337215738 -0.323932238837332 0.0
-0.328086767886406 -0.262178492291942 0.0
-0.325697582057159 -0.200371895130271 0.0
-0.323341415305643 -0.138545152810323 0.0
-0.321025311803658 -0.076734776448671 0.0
-0.318746939872141 -0.0149813133586339 0.0
-0.316498253012239 0.04667120733652 0.0
-0.314262758793454 0.108177924640321 0.0
-0.312009823919202 0.169498955684009 0.0
-0.309685907202972 0.230607289088418 0.0
-0.30719877953312 0.291499836677876 0.0
-0.304387615070309 0.352212708980579 0.0
-0.300976969200563 0.412842168730058 0.0
-0.29660079074955 0.473596225960812 0.0
-0.282285659797707 -0.63464297641823 0.0
-0.279501955022576 -0.573374299710514 0.0
-0.276857723780467 -0.512024454429551 0.0
-0.274332622907996 -0.450596612637342 0.0
-0.271903142878836 -0.389104222051124 0.0
-0.269533328347138 -0.32756369690498 0.0
-0.267181314143969 -0.265989048487574 0.0
-0.26483679050377 -0.204399500505367 0.0
-0.26251633241533 -0.142824666767455 0.0
-0.260223903140822 -0.0812959633580731 0.0
-0.257956115158422 -0.0198449873315099 0.0
-0.255703382620816 0.0414984215004139 0.0
-0.253447707031896 0.102708968158083 0.0
-0.251158470773776 0.163770124788317 0.0
-0.248785802677486 0.224678319658714 0.0
-0.246249589053555 0.285448708764036 0.0
-0.243424071639571 0.346122622807524 0.0
-0.240141015227345 0.406780407405377 0.0
-0.236266534041389 0.467546990999179 0.0
-0.221047560324862 -0.637857540546009 0.0
-0.21830436749318 -0.57663572405586 0.0
-0.215722529032012 -0.51534984060741 0.0
-0.213255493668533 -0.454004254768049 0.0
-0.210865609494957 -0.392612380368577 0.0
-0.208516776086314 -0.331190450427255 0.0
-0.20617964947972 -0.269754761956701 0.0
-0.203847193457256 -0.208325072569698 0.0
-0.201526962331306 -0.146925896891998 0.0
-0.199221006652279 -0.08558164201207 0.0
-0.196926214604819 -0.0243149537485574 0.0
-0.194634351033007 0.0368549823632613 0.0
-0.19233050844491 0.0979142136942853 0.0
-0.189990287036661 0.158856549616379 0.0
-0.187575540409101 0.219685847847299 0.0
-0.18502908961884 0.280420293178445 0.0
-0.182275516660408 0.341099596113147 0.0
-0.179252426172534 0.401795279837403 0.0
-0.176010905014289 0.462623472134093 0.0
-0.159737430496087 -0.641059825344663 0.0
-0.157049193924543 -0.579866211808025 0.0
-0.154526918450459 -0.518620394267247 0.0
-0.152105098790215 -0.457327269328901 0.0
-0.149738634046122 -0.395999611703169 0.0
-0.147393983921252 -0.334652740620366 0.0
-0.145049780763917 -0.273302593915982 0.0
-0.14270106535744 -0.211966879860238 0.0
-0.140351890681935 -0.150665086705496 0.0
-0.138004259303718 -0.0894156251033742 0.0
-0.135657010907976 -0.0282346846858186 0.0
-0.13330553264849 0.0328649448598321 0.0
-0.130940898225347 0.0938748755940185 0.0
-0.128548507701136 0.154792721550217 0.0
-0.12610684937279 0.21562331232648 0.0
-0.123589383140126 0.276381196274552 0.0
-0.120979986039905 0.337092536060057 0.0
-0.118327069414523 0.397791613082183 0.0
-0.115904362477835 0.458502295971752 0.0
-0.0983377460244677 -0.644141188653578 0.0
-0.0957192168004141 -0.582953257797303 0.0
-0.0932534882129071 -0.521718903045156 0.0
-0.0908644942431627 -0.460443627796471 0.0
-0.0885056427261282 -0.399139507949133 0.0
-0.0861479968277243 -0.33782060646079 0.0
-0.0837765219696918 -0.276501392017193 0.0
-0.0813887049854591 -0.215196870882103 0.0
-0.078988301572354 -0.153922318770725 0.0
-0.0765788175259861 -0.0926915384928941 0.0
-0.0741622776218708 -0.0315161125484898 0.0
-0.0717390578489203 0.0295955937056682 0.0
-0.0693077672982031 0.0906394245562237 0.0
-0.0668653654592563 0.151617398826081 0.0
-0.0644088254963731 0.212539957377485 0.0
-0.0619423535226779 0.273430469043017 0.0
-0.0595002205675922 0.334330874122082 0.0
-0.0572086881779433 0.395306295379922 0.0
-0.0555059373190694 0.456437576165965 0.0
-0.036840450727886 -0.647001508460227 0.0
-0.0343053202721059 -0.585796765455544 0.0
-0.0318927624206757 -0.524545391067438 0.0
-0.0295249577534567 -0.463254059108927 0.0
-0.0271591701062979 -0.401934432634208 0.0
-0.0247729265990901 -0.340599307911205 0.0
-0.0223572330525191 -0.279261363301209 0.0
-0.0199127425692786 -0.21793296857061 0.0
-0.0174448182247168 -0.156626007472205 0.0
-0.0149596270122864 -0.0953507712437621 0.0
-0.0124633830424222 -0.0341154483810176 0.0
-0.00996268875674192 0.0270748580109354 0.0
-0.00746543660176831 0.0882192833765068 0.0
-0.00498276007714904 0.149323512100305 0.0
-0.00253386598775866 0.210402409614275 0.0
-0.000157938088547388 0.271484391752041 0.0
0.00205864955719274 0.332614867525521 0.0
0.00392493798446009 0.39385130663417 0.0
0.00516775490766282 0.455200171188737 0.0
0.0247518861732618 -0.649559830787902 0.0
0.0271928733626966 -0.588318249319013 0.0
0.0295567011693613 -0.527024507328548 0.0
0.0319143468652921 -0.465687162217112 0.0
0.0343000393591326 -0.404317796877242 0.0
0.0367281809264195 -0.342928013027698 0.0
0.0392015630216044 -0.281528667020955 0.0
0.0417157542523824 -0.22012977007757 0.0
0.0442626415093207 -0.158740571437497 0.0
0.0468325214783653 -0.0973689151050379 0.0
0.0494140607091901 -0.0360210166590314 0.0
0.0519931229192096 0.025299272872473 0.0
0.0545505695575932 0.0865912305588899 0.0
0.0570582755256463 0.147858726094067 0.0
0.0594714127215748 0.209110858705007 0.0
0.0617137830777067 0.270361798303877 0.0
0.0636533033581244 0.33162462691122 0.0
0.0650917059584549 0.392887745043962 0.0
0.0659148788902542 0.454091437177307 0.0
0.0864269610450048 -0.651760005283436 0.0
0.0887679864238428 -0.590465261515312 0.0
0.0910894655918362 -0.529108413131526 0.0
0.0934476920595165 -0.467700426020896 0.0
0.0958646608715417 -0.406252911618404 0.0
0.0983455832652698 -0.344776215250232 0.0
0.100886947707505 -0.283279339874971 0.0
0.103480242546829 -0.221770184920181 0.0
0.106114022349319 -0.160255980782864 0.0
0.108774527114379 -0.0987430635522275 0.0
0.111444711766444 -0.0372370170632373 0.0
0.114102130698177 0.0242576455045658 0.0
0.116715505863928 0.0857376276634466 0.0
0.119239206302773 0.14720132315112 0.0
0.121604210356843 0.208647912407642 0.0
0.123704596093165 0.270075305341439 0.0
0.12538502179352 0.33147377824169 0.0
0.126457586550054 0.392820138490913 0.0
0.126729902069768 0.454119747808156 0.0
0.148164424595636 -0.653573023858344 0.0
0.150406301361059 -0.592212970653555 0.0
0.152694423190502 -0.530777362374307 0.0
0.155063854559593 -0.469279599168131 0.0
0.157521866011766 -0.407730996024886 0.0
0.160064084336246 -0.346140288696027 0.0
0.162680948194383 -0.28451440181727 0.0
0.165359966485381 -0.222859136316778 0.0
0.168086269392576 -0.161179967768925 0.0
0.170841945945421 -0.0994821885775006 0.0
0.173604141563213 -0.0377714053283858 0.0
0.176342041655891 0.023946376458831 0.0
0.17901242798504 0.0856643834202616 0.0
0.181553188596198 0.14737490848785 0.0
0.183874054080994 0.209067773763607 0.0
0.185845541814776 0.270728332904735 0.0
0.187292053019816 0.332334797685672 0.0
0.187992152272808 0.393862983275709 0.0
0.187668683629617 0.455295491153238 0.0
0.209938486041439 -0.654997885204386 0.0
0.212089774607581 -0.593564738302812 0.0
0.214356268766266 -0.532039813014246 0.0
0.216747194664066 -0.470438196527138 0.0
0.219254173230599 -0.40877002600109 0.0
0.221863743465009 -0.34704170869927 0.0
0.224561018758394 -0.285257569378396 0.0
0.227330026859556 -0.22342096700251 0.0
0.230152785035867 -0.161535398800625 0.0
0.233007512366445 -0.0996049356396022 0.0
0.235865862730698 -0.0376350297572232 0.0
0.238689099633279 0.0243670248825251 0.0
0.24142283543487 0.0863912311992635 0.0
0.243989899411811 0.148424104600915 0.0
0.246281095697719 0.210446493554938 0.0
0.2481450190685 0.272431451155716 0.0
0.249378450921132 0.33434245445912 0.0
0.249715152202593 0.396133013408565 0.0
0.248802251710247 0.457745428802907 0.0
0.271719911243652 -0.656062364343893 0.0
0.273797120495883 -0.594552987144012 0.0
0.276055778197798 -0.532933225886864 0.0
0.278477391521022 -0.471218140188674 0.0
0.281038831425602 -0.409415261350475 0.0
0.28371896071911 -0.347527622524144 0.0
0.286498735956389 -0.2855561357623 0.0
0.28935951463298 -0.22350100333051 0.0
0.292280798918085 -0.161363014140023 0.0
0.295237493513757 -0.0991441808242701 0.0
0.298196387839943 -0.036848815893815 0.0
0.301111645172234 0.0255156072502737 0.0
0.303918894666508 0.0879369761056662 0.0
0.306527614364395 0.150396859580888 0.0
0.308811618620175 0.212867161669333 0.0
0.310597914617049 0.275306627555665 0.0
0.311653111803201 0.337656479246339 0.0
0.311662742649878 0.399835208370293 0.0
0.310194420394743 0.461731619825989 0.0
0.33347869550756 -0.656824626008783 0.0
0.335505167027589 -0.595241155854293 0.0
0.337770192763427 -0.53352613050895 0.0
0.340229285162133 -0.471691892145955 0.0
0.342847341020209 -0.4097415872247 0.0
0.345597716783186 -0.347673667094273 0.0
0.348458680173543 -0.285484634124011 0.0
0.351409903544522 -0.223170513907666 0.0
0.354429125456598 -0.160728163291862 0.0
0.3574886628052 -0.098155965932227 0.0
0.360551306107031 -0.0354550869179261 0.0
0.363565291804261 0.0273692824422549 0.0
0.366457931904929 0.0903057348859234 0.0
0.369127601383442 0.153333787218323 0.0
0.371433625793524 0.216418678582317 0.0
0.373183422466608 0.279504910290972 0.0
0.374114225573633 0.342507012706452 0.0
0.373862397944466 0.405296631613803 0.0
0.371904156013402 0.467684839522721 0.0
0.395186188636165 -0.657376133515282 0.0
0.397189145644774 -0.59572697318389 0.0
0.399472544052416 -0.533921407049834 0.0
0.401971851292275 -0.471965774201302 0.0
0.404644293183223 -0.409857133173376 0.0
0.407460294299567 -0.347588287654834 0.0
0.410396966697249 -0.285150386597196 0.0
0.413433264552677 -0.22253409972168 0.0
0.416545897695594 -0.159730646173168 0.0
0.419705346679277 -0.0967322973139915 0.0
0.4228713762895 -0.0335335813744769 0.0
0.42598769837663 0.0298673077942493 0.0
0.428975352361666 0.0934658082635105 0.0
0.431724440775304 0.157247029910804 0.0
0.43408340227729 0.221178347569295 0.0
0.435844297186819 0.285198610846275 0.0
0.436719785197402 0.349200490343047 0.0
0.436301299875247 0.413001892042596 0.0
0.433966978385096 0.476299727524041 0.0
0.456816260626572 -0.657846093364969 0.0
0.458821477246479 -0.596146905242743 0.0
0.461129821437379 -0.534260248211382 0.0
0.463666443820217 -0.472183615740403 0.0
0.4663858201397 -0.409907029270706 0.0
0.469257925357662 -0.347417335711406 0.0
0.47225997723885 -0.284699886035203 0.0
0.475370894093609 -0.221738886122809 0.0
0.478566846454294 -0.158517759377347 0.0
0.481817028710578 -0.095019106390222 0.0
0.485078983525654 -0.031225442314947 0.0
0.488293136879555 0.0328798178680589 0.0
0.491376122303986 0.0973100009296855 0.0
0.494212477881861 0.162071299493801 0.0
0.496643611912078 0.227154582645325 0.0
0.498451904168171 0.292521350902299 0.0
0.499334439530989 0.358076280238034 0.0
0.498852762111468 0.423612353358287 0.0
0.496311476722758 0.488696383265869 0.0
0.518345118716384 -0.658407718915369 0.0
0.520369164217126 -0.596681237214136 0.0
0.522700721902456 -0.534725579489184 0.0
0.525265322082296 -0.472528639551277 0.0
0.52801899169974 -0.410074952601535 0.0
0.530932894002909 -0.347346969391586 0.0
0.533984872346395 -0.284324762544643 0.0
0.537153920270012 -0.220985137522478 0.0
0.540415706018836 -0.157301111615348 0.0
0.543738254620057 -0.0932410443938875 0.0
0.54707714754578 -0.0287683628800577 0.0
0.550369940246354 0.0361588895123681 0.0
0.553529392800752 0.101587848660784 0.0
0.556435050621177 0.167570225681585 0.0
0.558921882852767 0.234158934496772 0.0
0.560763569557187 0.301400504943472 0.0
0.561644905639486 0.369313596478692 0.0
0.561112274396075 0.437827217235405 0.0
0.558471421300875 0.506587134000161 0.0
