-0.666417549102243 -0.676392158179057 0.0
0.563384243180347 -0.718503536509143 0.0
-0.602786500006914 0.61237245798111 0.0
0.61237245798111 0.61237245798111 0.0
-0.605260818366259 -0.679188940920298 0.0
0.565097958798498 -0.657058375234791 0.0
0.54965842251391 0.576167065276184 0.0
-0.606566350935912 0.536239359060837 0.0
-0.544100192094004 -0.681759381667266 0.0
0.567220983431621 -0.595353527281514 0.0
0.486000269036101 0.555398392132442 0.0
-0.611864989360677 0.46458911046241 0.0
-0.482965905003776 -0.684373128033704 0.0
0.569645331052165 -0.533369671129766 0.0
0.4231231291913 0.542171801971435 0.0
-0.616394773388956 0.395579924194491 0.0
-0.421847651779283 -0.687110709185817 0.0
0.572310234051661 -0.471093962141632 0.0
0.360962365761131 0.533314771582121 0.0
-0.620273704273091 0.328317139316956 0.0
-0.360725882390464 -0.690002010789389 0.0
0.575179174667786 -0.408512792169485 0.0
0.299330000911122 0.527296693050966 0.0
-0.623730665177693 0.262281837338061 0.0
-0.299569973355509 -0.693035436437881 0.0
0.578228550020252 -0.345608526122564 0.0
0.238086592477625 0.523290447545988 0.0
-0.626922461394883 0.197151249941467 0.0
-0.238344614127218 -0.696154420386666 0.0
0.5814410684547 -0.28235778618621 0.0
0.177142953591811 0.520817587387206 0.0
-0.629947323650008 0.13271474850336 0.0
-0.177018118531246 -0.699272174999207 0.0
0.584801198201723 -0.218729973856964 0.0
0.116445644933305 0.519593717779732 0.0
-0.632866229144231 0.0688296959971215 0.0
-0.115569093762045 -0.702290773027151 0.0
0.58829130935627 -0.1546861603332 0.0
0.0559661841733964 0.519460754486883 0.0
-0.63571776753572 0.00539703508042194 0.0
-0.0539895989249425 -0.705117358658028 0.0
0.591887839651907 -0.0901772600025182 0.0
-0.00430361751356355 0.520405281553282 0.0
-0.638528666088333 -0.0576515484410809 0.0
0.00771401617173527 -0.707675198904366 0.0
0.595556960846849 -0.0251421411231376 0.0
-0.0644097176083388 0.521643048287632 0.0
-0.641324860694443 -0.120360662953135 0.0
0.0695225766927001 -0.709909956843358 0.0
0.599249541903054 0.0404955407566765 0.0
-0.124578579144318 0.523704778134839 0.0
-0.644160388772631 -0.182753327117621 0.0
0.131406345359824 -0.711792581623757 0.0
0.602895123348619 0.106831807673077 0.0
-0.1846648525759 0.527587902552424 0.0
-0.647303059497101 -0.24483231315983 0.0
0.193328098867859 -0.713320449602105 0.0
0.606394611576302 0.173990134627448 0.0
-0.244606989995762 0.532124129241911 0.0
-0.649551087382851 -0.306828528807623 0.0
0.25524554857104 -0.714518031112002 0.0
0.609610594164892 0.242133894095812 0.0
-0.304389811614042 0.537971170407898 0.0
-0.652014847428852 -0.368807227299571 0.0
0.317114617630023 -0.71543795027008 0.0
0.612353011575706 0.311490452639429 0.0
-0.364534467919152 0.544907503867357 0.0
-0.655063636391511 -0.43062247366561 0.0
0.378892833329253 -0.716162804899257 0.0
0.61435479099984 0.382397581961343 0.0
-0.425101599236532 0.553146419923399 0.0
-0.658009230907972 -0.492257579813141 0.0
0.44054341144714 -0.716807824307855 0.0
0.615231536971687 0.455399494920548 0.0
-0.485290856306626 0.563893315251407 0.0
-0.660976875387098 -0.553736089304155 0.0
0.502041752473923 -0.717524265898263 0.0
0.614477138345356 0.531458022081821 0.0
-0.545458009788418 0.580445876050084 0.0
-0.663659956365543 -0.615105995410945 0.0
-0.602532787571815 -0.617890696325089 0.0
-0.599808399354507 -0.556478486300891 0.0
-0.596870200633949 -0.494929345147016 0.0
-0.593955462809707 -0.433302611835692 0.0
-0.590999767425731 -0.371601704038595 0.0
-0.588495306822547 -0.309728256404064 0.0
-0.586143033102059 -0.247517539936394 0.0
-0.58313885497877 -0.1850136676279 0.0
-0.580312408598432 -0.122342759493361 0.0
-0.577535474261936 -0.0594424902471847 0.0
-0.574764793607382 0.00373916762962326 0.0
-0.57197763862612 0.0672500371001495 0.0
-0.569154471887029 0.131139150749957 0.0
-0.566271209716549 0.195457417824591 0.0
-0.563294834133765 0.260249429396101 0.0
-0.560184139197356 0.325527951757393 0.0
-0.556911390408539 0.391202731088732 0.0
-0.553572561394023 0.45689040466642 0.0
-0.550820412943985 0.521378033491637 0.0
-0.541372319023678 -0.620442589378634 0.0
-0.538582409062482 -0.559029451687757 0.0
-0.53568790066459 -0.497488306892092 0.0
-0.53280226521608 -0.435814181818187 0.0
-0.529996833265097 -0.373951455981935 0.0
-0.527475295663299 -0.311932963915402 0.0
-0.524963914984796 -0.249775235570056 0.0
-0.522159537495118 -0.187371495670098 0.0
-0.519423430388324 -0.12476914929118 0.0
-0.516728680286141 -0.0619639305088395 0.0
-0.514056763209136 0.00105292379660022 0.0
-0.51139840780937 0.0642833030266553 0.0
-0.508748195810106 0.127713687926368 0.0
-0.506101655534167 0.191302179428733 0.0
-0.503455088454073 0.254955190101185 0.0
-0.500809762328285 0.31849108466736 0.0
-0.498182934933724 0.381590281078159 0.0
-0.495598796057404 0.443751650050824 0.0
-0.492319770939395 0.504308311334204 0.0
-0.480198906517663 -0.623072179858966 0.0
-0.477377717330231 -0.561664491954241 0.0
-0.474525913252493 -0.500124711733652 0.0
-0.471721764197108 -0.438436958873323 0.0
-0.469029735324678 -0.376597405526261 0.0
-0.466497309766398 -0.314641313040219 0.0
-0.463952725194298 -0.252553253856898 0.0
-0.461282804631305 -0.190288613352123 0.0
-0.458650040963724 -0.127877648849156 0.0
-0.456058933351699 -0.0653387607416734 0.0
-0.453505998464475 -0.00269512522989862 0.0
-0.450990973412488 0.0600161909514394 0.0
-0.448515119880402 0.122736203618704 0.0
-0.44607771028617 0.185376027430604 0.0
-0.443670628788529 0.247809645560844 0.0
-0.441267473550099 0.309874945088285 0.0
-0.438792356853759 0.371392707788091 0.0
-0.4359580584518 0.432212979758924 0.0
-0.43202321301517 0.492425995836668 0.0
-0.419025133040884 -0.625833633097785 0.0
-0.416197868789023 -0.564453311155573 0.0
-0.413402265714276 -0.502950917344775 0.0
-0.410683361501286 -0.441321529455535 0.0
-0.408070492259969 -0.37957484138772 0.0
-0.405554465581504 -0.317729812052732 0.0
-0.40303322228894 -0.255781157655214 0.0
-0.400464392420318 -0.193721484824743 0.0
-0.397924873627438 -0.131581166030219 0.0
-0.395426435025846 -0.0693923694890033 0.0
-0.39297128908772 -0.00719453235762427 0.0
-0.390560229853464 0.0549617081865464 0.0
-0.388190634997243 0.117012726472007 0.0
-0.385850946131523 0.178883710460141 0.0
-0.38351131612831 0.240494793988017 0.0
-0.381105819563961 0.301774772712531 0.0
-0.378484402297556 0.362681156060953 0.0
-0.375308898584531 0.423240748653991 0.0
-0.370841422190357 0.483566814013338 0.0
-0.357846857738662 -0.628757993784903 0.0
-0.355031518373803 -0.567424228813793 0.0
-0.352296482703488 -0.505986829115947 0.0
-0.349653790913099 -0.444446505732265 0.0
-0.34710342141272 -0.382815338234419 0.0
-0.344617148652894 -0.321108951414392 0.0
-0.342133495999754 -0.259333639575353 0.0
-0.339635781684399 -0.197500604188672 0.0
-0.337161838300172 -0.135641103949805 0.0
-0.334722031005632 -0.0737902884386624 0.0
-0.332318415513759 -0.011987641751946 0.0
-0.329948632559318 0.0497231887819408 0.0
-0.327603492503645 0.111296426402584 0.0
-0.325261436792019 0.172689086046074 0.0
-0.32287920335211 0.233867685403714 0.0
-0.320373094583613 0.294817889837426 0.0
-0.317579496010808 0.355558690913106 0.0
-0.314184400875428 0.416164710084408 0.0
-0.309760953310237 0.476840912139584 0.0
-0.296646687100706 -0.631826198567052 0.0
-0.293856847703437 -0.57054395589719 0.0
-0.291182003014708 -0.509176927031064 0.0
-0.288604378979114 -0.447728399246065 0.0
-0.28610308043713 -0.386211373928021 0.0
-0.283644754153633 -0.324641515587201 0.0
-0.281190180095312 -0.263031979827475 0.0
-0.278731420458005 -0.201401054827617 0.0
-0.276287321568687 -0.139777430576316 0.0
-0.273864849105486 -0.0781919553917754 0.0
-0.271464445273336 -0.0166762726486156 0.0
-0.269081295590914 0.0447387881161872 0.0
-0.266703126433763 0.106025594682441 0.0
-0.264305589932806 0.167163507773288 0.0
-0.261844088934865 0.228142762817102 0.0
-0.259238559821865 0.288970492886067 0.0
-0.256349034685374 0.349680298502399 0.0
-0.252975174477354 0.410353495934509 0.0
-0.24900587730627 0.471136429555962 0.0
-0.235401549737813 -0.634973366635841 0.0
-0.232649909939215 -0.573734094581637 0.0
-0.230032909985798 -0.512425887301517 0.0
-0.2275081746175 -0.451053225203836 0.0
-0.225041439549607 -0.389629111850715 0.0
-0.222599426797234 -0.328169132157177 0.0
-0.220155241824466 -0.266688895422158 0.0
-0.217703936920966 -0.205207523149619 0.0
-0.215255086698914 -0.143749079826066 0.0
-0.212813186127237 -0.0823379447342651 0.0
-0.210378064747291 -0.0209973353593226 0.0
-0.207944889468654 0.0402522187173976 0.0
-0.205502355363669 0.10139449616722 0.0
-0.203029064337663 0.162420046743589 0.0
-0.200487343206221 0.223328645556758 0.0
-0.197814200414326 0.284134336852617 0.0
-0.194918533944856 0.344874754353228 0.0
-0.191722706841346 0.405623420131696 0.0
-0.188285208326715 0.466484507461121 0.0
-0.174089371272364 -0.638107170330788 0.0
-0.171389072616238 -0.576893752024892 0.0
-0.168826829948797 -0.515622384249447 0.0
-0.16634253958619 -0.454298117312615 0.0
-0.163894947662893 -0.392933401790726 0.0
-0.161453320724962 -0.331543046303368 0.0
-0.158998429402218 -0.270142482306251 0.0
-0.156527001777211 -0.208749022583426 0.0
-0.154044634095155 -0.147381987696348 0.0
-0.151555024115095 -0.0860599938971865 0.0
-0.149058868626681 -0.0247999063482229 0.0
-0.146553413064206 0.0363842777555748 0.0
-0.144031150038939 0.0974824320731278 0.0
-0.141477479413294 0.158490056586148 0.0
-0.138867630202081 0.219410009869531 0.0
-0.136166082602468 0.280256331310185 0.0
-0.133341632766314 0.341058539334922 0.0
-0.130424096120022 0.401859368877603 0.0
-0.127637751209326 0.462696726624021 0.0
-0.112694148557632 -0.641127370980484 0.0
-0.110058501279452 -0.579918921173214 0.0
-0.107547714879143 -0.518657833069492 0.0
-0.105091851514238 -0.457349774459378 0.0
-0.102648266476293 -0.396006560274796 0.0
-0.100190574891726 -0.334641849371442 0.0
-0.0977054347389339 -0.273269742045983 0.0
-0.0951914996195275 -0.211905017524929 0.0
-0.092653446282803 -0.15056296545924 0.0
-0.0900956268895181 -0.0892577516399842 0.0
-0.0875207864724937 -0.0280017596717854 0.0
-0.0849296595766633 0.0331953218953525 0.0
-0.0823203562431757 0.0943274157072171 0.0
-0.0796875927990953 0.155393981312823 0.0
-0.0770231124957732 0.216402309479941 0.0
-0.0743220154785111 0.27737209889314 0.0
-0.0716060672025575 0.338340401063612 0.0
-0.0689820616565011 0.399363562892761 0.0
-0.0668028364540354 0.460510093356567 0.0
-0.0512085846211156 -0.643941299579666 0.0
-0.0486498397333262 -0.58271683363452 0.0
-0.0461868540454075 -0.521439439101292 0.0
-0.0437481083202515 -0.460115896886855 0.0
-0.0412945422897111 -0.398757616243838 0.0
-0.0388057516659952 -0.337377048997701 0.0
-0.0362738583081225 -0.275986603235466 0.0
-0.0337000564013859 -0.214598552872387 0.0
-0.0310899015429686 -0.153224953388776 0.0
-0.0284494761522961 -0.0918766417729578 0.0
-0.0257845146683428 -0.0305628465672954 0.0
-0.023100449357717 0.0307096416088413 0.0
-0.0204028026660873 0.0919374217376679 0.0
-0.0176984003346934 0.153122534188134 0.0
-0.0149994431180962 0.214274738481235 0.0
-0.0123351253230687 0.275415251996302 0.0
-0.0097787941025994 0.336579012458123 0.0
-0.00750066263930312 0.397809448506864 0.0
-0.00578025780657433 0.459113746236722 0.0
0.0103647959650881 -0.646473972250764 0.0
0.0128371739566907 -0.585214749506375 0.0
0.0152569961630809 -0.523897320857266 0.0
0.0176893365239199 -0.462530206273422 0.0
0.0201653801344569 -0.401124677955531 0.0
0.0226981506740146 -0.339692004871257 0.0
0.025290019032951 -0.278242827596993 0.0
0.0279367355068462 -0.216787139615537 0.0
0.0306308266148091 -0.155334445880061 0.0
0.0333637162660197 -0.093893208640962 0.0
0.0361258863384416 -0.0324707289259442 0.0
0.0389060695491987 0.0289274709906637 0.0
0.041689584092532 0.0902983008346014 0.0
0.0444549992286618 0.151642527924734 0.0
0.0471669583112091 0.21296556422796 0.0
0.0497616111307538 0.274277909717601 0.0
0.0521214873913379 0.335590927953609 0.0
0.0540553969622351 0.396899794896899 0.0
0.0553901357687535 0.458160698179968 0.0
0.0720144550145154 -0.648673564588409 0.0
0.0743956051177512 -0.587364304271694 0.0
0.0767786629954367 -0.525987415657403 0.0
0.0792149718776077 -0.464553594270936 0.0
0.0817244397315 -0.403074028428456 0.0
0.0843117571590285 -0.341558699078995 0.0
0.0869737790837627 -0.280016394657555 0.0
0.0897029731213134 -0.218454990697028 0.0
0.092489447076694 -0.156881920802864 0.0
0.0953216998196364 -0.0953039951191887 0.0
0.0981859291860246 -0.0337275865078295 0.0
0.10106432614059 0.0278416636611136 0.0
0.103932144746013 0.0893990294844436 0.0
0.106752653766008 0.150941347789586 0.0
0.109468233966107 0.212466524485689 0.0
0.111986057913769 0.273972267844055 0.0
0.114161422158265 0.335451050345925 0.0
0.115799522943451 0.396883295960821 0.0
0.116666445473177 0.458262192592603 0.0
0.133721376078019 -0.650513788692986 0.0
0.136012595172308 -0.589143171244228 0.0
0.13836762751612 -0.527692203137851 0.0
0.140818058875468 -0.466173715456078 0.0
0.14337028858566 -0.404598462646998 0.0
0.146020387136769 -0.342974764773418 0.0
0.148759989906562 -0.281309294764307 0.0
0.151578412496391 -0.219607751373317 0.0
0.15446328121813 -0.157875645655475 0.0
0.157400095461842 -0.0961184366668359 0.0
0.160370660671966 -0.0343420165267069 0.0
0.163350486993082 0.0274472427622069 0.0
0.166304764217012 0.0892422096169772 0.0
0.169182121477558 0.151034991957098 0.0
0.171905064873238 0.212815633566811 0.0
0.174357213823133 0.274570311200718 0.0
0.176371361009272 0.336278043550576 0.0
0.177721370046799 0.39791124694583 0.0
0.178110314369175 0.459438746990565 0.0
0.195461490537201 -0.651994841506655 0.0
0.197671220071266 -0.590555734060644 0.0
0.200009372224433 -0.529020939651654 0.0
0.202483611402632 -0.467404666940722 0.0
0.205086062494699 -0.40571638573681 0.0
0.207804697286299 -0.343962062130161 0.0
0.210626639217842 -0.282145735987697 0.0
0.21353852851635 -0.22027056541798 0.0
0.216525798411928 -0.158339875175912 0.0
0.219571194050941 -0.0963575464719313 0.0
0.222652382979308 -0.0343287771882136 0.0
0.225738539153219 0.0277395190476641 0.0
0.228785431094961 0.0898379307425422 0.0
0.231728394553984 0.151953845529448 0.0
0.23447257106755 0.214069281235603 0.0
0.236880918897255 0.276158451187676 0.0
0.238760969450588 0.33818468334937 0.0
0.23984928926257 0.400097395423695 0.0
0.23978637761493 0.46182914933125 0.0
0.257207500191767 -0.653144175724876 0.0
0.259351439745273 -0.591633934256607 0.0
0.261685584063043 -0.530010428271931 0.0
0.264192109265441 -0.468287609750355 0.0
0.266849789201437 -0.40647233805253 0.0
0.269639841157606 -0.344567258146471 0.0
0.272545970235783 -0.28257301604633 0.0
0.275552889107717 -0.220489549349385 0.0
0.278644379391941 -0.158317295177146 0.0
0.281800928844101 -0.0960577525275963 0.0
0.28499663106295 -0.0337144826453137 0.0
0.288195094700223 0.0287061151580109 0.0
0.291343873154187 0.0911934145600731 0.0
0.294366944384545 0.153730942036074 0.0
0.297154770655947 0.216292955173027 0.0
0.299551874659782 0.278840495314257 0.0
0.301341001124513 0.3413158753468 0.0
0.302219606882174 0.403635720863742 0.0
0.301758367710991 0.465682714946399 0.0
0.318931384119525 -0.654017937941182 0.0
0.321031360855795 -0.592438998038098 0.0
0.323374532606129 -0.530726824566329 0.0
0.325919402148948 -0.46889262513603 0.0
0.32863402465111 -0.406939039414283 0.0
0.331494876067841 -0.344864299456518 0.0
0.334483591788314 -0.282664743392201 0.0
0.337583853824488 -0.220336141137751 0.0
0.340778471646568 -0.157874895795456 0.0
0.344046337755463 -0.0952786411376454 0.0
0.34735878544155 -0.032547385453003 0.0
0.350675021904433 0.0303153793553763 0.0
0.353936159248634 0.0933006459630089 0.0
0.35705744889617 0.15639117604649 0.0
0.359918119372844 0.219556322989279 0.0
0.362348050300058 0.28274526982691 0.0
0.36410848780154 0.345876911550241 0.0
0.364859067012778 0.408825375529113 0.0
0.364090666554095 0.471400106189866 0.0
0.380606368588852 -0.654703454274126 0.0
0.382687498315795 -0.593064219436266 0.0
0.385050475714486 -0.531268408930034 0.0
0.387635826192039 -0.469321531303514 0.0
0.390404866072278 -0.407220502422941 0.0
0.393331680570609 -0.344958183442555 0.0
0.396397229242397 -0.282525743342677 0.0
0.399585035780443 -0.219913699652494 0.0
0.402877597605171 -0.15711284329918 0.0
0.40625289811264 -0.0941146280682129 0.0
0.409680434349858 -0.0309122238908624 0.0
0.413116414252219 0.0324982853434422 0.0
0.416497681725532 0.0961154832526657 0.0
0.419734007170283 0.159929007889611 0.0
0.422697941916239 0.223912494980531 0.0
0.425210756315789 0.288012989144492 0.0
0.427019922838297 0.352133043589844 0.0
0.427756017622424 0.416100827556967 0.0
0.426831288467699 0.479620184077047 0.0
0.44220797190691 -0.655322919490156 0.0
0.444293656642291 -0.593638610754432 0.0
0.446682036690088 -0.531768826164783 0.0
0.44930467725803 -0.469710928098907 0.0
0.45212060992267 -0.40745525193412 0.0
0.455103781812892 -0.344989003417211 0.0
0.458235615002148 -0.282297787107036 0.0
0.461500077736962 -0.219365878267457 0.0
0.464879779356418 -0.156176505948788 0.0
0.468352283484109 -0.092711695968126 0.0
0.471886007072418 -0.0289528247624365 0.0
0.475435397224888 0.0351186772308657 0.0
0.478935019075664 0.09951938907759 0.0
0.482292262350564 0.164260637254178 0.0
0.485377782258508 0.229341177096567 0.0
0.488011855496597 0.294734329170147 0.0
0.489941176951149 0.360361918537549 0.0
0.490790833557365 0.426040109964213 0.0
0.489936530903838 0.491361460340909 0.0
0.50371384754465 -0.656038374574398 0.0
0.505818692210216 -0.594330825404529 0.0
0.508230383481326 -0.532399801640088 0.0
0.51088104955859 -0.470233687770549 0.0
0.513731346120654 -0.407817580861528 0.0
0.51675657175471 -0.345134475828374 0.0
0.519939061188471 -0.282164968301659 0.0
0.523263286453013 -0.2188863489164 0.0
0.526711952238755 -0.155272024878927 0.0
0.530262264792428 -0.0912905387687468 0.0
0.533881783763416 -0.026905107093221 0.0
0.537523626817963 0.037927126067369 0.0
0.541120755940686 0.103255352639551 0.0
0.544579162396158 0.169135253927535 0.0
0.547769171951037 0.235626908968422 0.0
0.550513347002375 0.302789460185194 0.0
0.552566717137319 0.370663639771188 0.0
0.553579351635563 0.439216561489964 0.0
0.55300632530862 0.508154798189894 0.0
