-0.680678657989988 -0.673594198833256 0.0
0.548796799292913 -0.716087703928398 0.0
-0.620780377835035 0.61237245798111 0.0
0.61237245798111 0.61237245798111 0.0
-0.619518457198597 -0.67639941790808 0.0
0.550598138262507 -0.654654425326037 0.0
0.547050100846775 0.57809955027399 0.0
-0.622457742358735 0.536729948456989 0.0
-0.558351400423999 -0.67897016177431 0.0
0.552797871770704 -0.592972741742337 0.0
0.481813938062731 0.558393439876596 0.0
-0.626680338110307 0.46553355672208 0.0
-0.497205993098113 -0.681576454316548 0.0
0.555298591865729 -0.531023607902438 0.0
0.417746927611384 0.545767735612914 0.0
-0.63061511810332 0.396924222073281 0.0
-0.436072388458618 -0.684290563543845 0.0
0.558045694976516 -0.468794267447512 0.0
0.354596335641899 0.537260264938817 0.0
-0.634164322335381 0.329995782960518 0.0
-0.37493345529708 -0.687139653873429 0.0
0.561007229217739 -0.406271423813409 0.0
0.292098971213713 0.531443513442743 0.0
-0.637452051806264 0.264233240817945 0.0
-0.313761907440404 -0.690114509938335 0.0
0.564163841272369 -0.343438094845408 0.0
0.230076064440253 0.52754289935914 0.0
-0.640576222649827 0.199321754022733 0.0
-0.252525893786981 -0.693164604956407 0.0
0.567502975583153 -0.280271903126498 0.0
0.1684125341955 0.525106687421097 0.0
-0.643598692310989 0.135058810570678 0.0
-0.191196662746624 -0.696211140753755 0.0
0.571014965709802 -0.216743554700731 0.0
0.107034045710887 0.523860779740904 0.0
-0.646556545853107 0.0713090488202145 0.0
-0.129754800264712 -0.699164543647322 0.0
0.57468978809683 -0.152815654869551 0.0
0.0458917758224681 0.52363792644231 0.0
-0.64947198696594 0.00797966292695733 0.0
-0.068193204884079 -0.701939541574094 0.0
0.578513878695995 -0.0884407789953247 0.0
-0.0150457570028578 0.524324305837824 0.0
-0.652360095664164 -0.0549923676288355 0.0
-0.00651795167216189 -0.704465590919652 0.0
0.582466549047171 -0.0235594449164437 0.0
-0.0757130641644608 0.525741112518875 0.0
-0.65523817283487 -0.117647183117417 0.0
0.0552530191082883 -0.706692915630599 0.0
0.586515903348275 0.0419032405336471 0.0
-0.136352385196479 0.528011983979747 0.0
-0.658153183871234 -0.180004000338299 0.0
0.117091961246916 -0.708595388226799 0.0
0.590614189877881 0.108042318109346 0.0
-0.196939450575605 0.531502917286124 0.0
-0.661356816530196 -0.242062550930526 0.0
0.178964202616887 -0.710171734185609 0.0
0.594692765581201 0.174981195393534 0.0
-0.257425821451904 0.535766988342959 0.0
-0.663672049453121 -0.304039300037737 0.0
0.240830401088177 -0.711446209363778 0.0
0.598656511999281 0.242884939190791 0.0
-0.317831791192736 0.541232159772249 0.0
-0.666195697932007 -0.366004964877727 0.0
0.302649680245016 -0.712469527005714 0.0
0.602377381521065 0.311986189627142 0.0
-0.3785831327777 0.548171604467796 0.0
-0.669284286474403 -0.42781909077384 0.0
0.364382871559794 -0.71332033603467 0.0
0.605686055347202 0.38263580937945 0.0
-0.439719830812237 0.556331576308125 0.0
-0.672252916932689 -0.48945561029544 0.0
0.425996386769924 -0.714107261424415 0.0
0.6083674693109 0.455409361722795 0.0
-0.500596026376332 0.566336831316337 0.0
-0.675233702283008 -0.550935264972346 0.0
0.487468358760604 -0.714971260687214 0.0
0.610248213613371 0.531343336229473 0.0
-0.561685058039063 0.582045482356217 0.0
-0.677920001532961 -0.612307122598364 0.0
-0.616789283770854 -0.615101527770038 0.0
-0.614063279227154 -0.553689487532056 0.0
-0.611113181029626 -0.492142557358012 0.0
-0.608173416405503 -0.430519755247828 0.0
-0.605180423919064 -0.368824721473051 0.0
-0.60262147515314 -0.306967503730314 0.0
-0.600195785146464 -0.244783647101841 0.0
-0.597117573981969 -0.182311515363307 0.0
-0.594208038250025 -0.119683396810087 0.0
-0.591345152920002 -0.0568394422200314 0.0
-0.588492274350126 0.00627002307500455 0.0
-0.585635002026975 0.0696907000672404 0.0
-0.582765001256817 0.133469930742316 0.0
-0.5798737739738 0.197657861355794 0.0
-0.576950505470809 0.26230030248327 0.0
-0.573986237697628 0.327415349015195 0.0
-0.571000633612196 0.392926194050638 0.0
-0.568158414092366 0.458476936542617 0.0
-0.566199558299874 0.522894840815342 0.0
-0.555625376119841 -0.617655315835571 0.0
-0.552834160728379 -0.556244874550401 0.0
-0.549926571242488 -0.494707436721265 0.0
-0.547013566455585 -0.43303921803287 0.0
-0.544164994480593 -0.37118698217329 0.0
-0.541582555952214 -0.309183865674633 0.0
-0.538996085127971 -0.247045484571088 0.0
-0.536110197964398 -0.184668202329802 0.0
-0.533284381385275 -0.122099188717651 0.0
-0.530496391737089 -0.0593345513914413 0.0
-0.527733658237533 0.00363458159754807 0.0
-0.524994549309317 0.06681109834685 0.0
-0.52228377000352 0.13018385938701 0.0
-0.519610469850182 0.193715421985235 0.0
-0.516989331201421 0.257319576507142 0.0
-0.514446209209926 0.32082550071603 0.0
-0.512030310108619 0.383926274800814 0.0
-0.509802308877475 0.446126553792586 0.0
-0.507007159532102 0.506735593296344 0.0
-0.494445172615835 -0.620276340138902 0.0
-0.491623055709494 -0.558869453952137 0.0
-0.488755852762245 -0.497331057548455 0.0
-0.485919563999994 -0.435646325110625 0.0
-0.48317792860531 -0.373811961878164 0.0
-0.48057882605148 -0.311862931790616 0.0
-0.477953914497458 -0.249784053344804 0.0
-0.475194467277386 -0.187531217953502 0.0
-0.472463825868218 -0.125133578652663 0.0
-0.469770475764503 -0.0626082681012562 0.0
-0.467116259043065 2.3462924680299e-05 0.0
-0.46450779690422 0.0627274033458676 0.0
-0.46195536967889 0.125448526837511 0.0
-0.459470136011333 0.188102969170428 0.0
-0.457059553468653 0.250570242386693 0.0
-0.454716960919024 0.312692700450115 0.0
-0.452387976823915 0.374291513594245 0.0
-0.449787799175891 0.435209767225697 0.0
-0.446072036635978 0.495531009044242 0.0
-0.433261828050545 -0.623011377024254 0.0
-0.430433738805303 -0.561627627165209 0.0
-0.427619377064648 -0.500121260892872 0.0
-0.424862813376302 -0.438487855830152 0.0
-0.422193856481502 -0.376737057566793 0.0
-0.41960483119865 -0.314887389909641 0.0
-0.416996796823684 -0.25293312581869 0.0
-0.414330590630595 -0.190866166644404 0.0
-0.411685010138619 -0.128715293309243 0.0
-0.409075494355871 -0.0665108529875315 0.0
-0.406509181813987 -0.00429017182151166 0.0
-0.403993300897635 0.0578983823625315 0.0
-0.401533680744274 0.119993207441935 0.0
-0.399129820432376 0.181920458880985 0.0
-0.396765905574157 0.243598796825553 0.0
-0.394391963453702 0.304951032166634 0.0
-0.391868535515424 0.365921601533645 0.0
-0.388834425730924 0.426515968852415 0.0
-0.384392317303781 0.486819316009522 0.0
-0.372072584646559 -0.625889914181815 0.0
-0.369255991975776 -0.564547486290302 0.0
-0.366498267235312 -0.503099360088248 0.0
-0.363812222471082 -0.441546483309328 0.0
-0.361199463974723 -0.379900608668562 0.0
-0.358633987082921 -0.318176671445809 0.0
-0.356057217757716 -0.256380140303896 0.0
-0.353455200967701 -0.19452114358745 0.0
-0.350868092065956 -0.132629501826978 0.0
-0.348309735085097 -0.0707390074345093 0.0
-0.345786794726513 -0.00888808154835647 0.0
-0.343302895783506 0.0528800168195703 0.0
-0.340856540799558 0.114518610079892 0.0
-0.338435741371247 0.175981630314352 0.0
-0.33600809898878 0.23722913052039 0.0
-0.333498968809522 0.298235483951537 0.0
-0.330741734516005 0.359002430057039 0.0
-0.327380779695968 0.419582786899445 0.0
-0.32292226984758 0.480178753273278 0.0
-0.310862084186171 -0.628896141739576 0.0
-0.308069777601095 -0.567600219450028 0.0
-0.305367967590488 -0.506215943498209 0.0
-0.302741462551333 -0.444746736594327 0.0
-0.300172017337267 -0.383205166207319 0.0
-0.297628949181532 -0.321606155575469 0.0
-0.295075780363799 -0.259962013548923 0.0
-0.292507044251173 -0.198290098768201 0.0
-0.289943968754981 -0.136618175428732 0.0
-0.287396681336594 -0.0749765163899411 0.0
-0.284869668002159 -0.0133968001986931 0.0
-0.282363163830169 0.0480891646018305 0.0
-0.279870971250933 0.109451409383312 0.0
-0.277375429935337 0.170665154712364 0.0
-0.274837634209469 0.231714350210613 0.0
-0.272177726256166 0.29259790218285 0.0
-0.269240672215964 0.353341347824195 0.0
-0.265791386813515 0.414026739484421 0.0
-0.26174059296821 0.474822544036901 0.0
-0.249609530573449 -0.6319718238781 0.0
-0.246853146033058 -0.570714950986564 0.0
-0.244204649231622 -0.509384320949459 0.0
-0.241625867960342 -0.447984549106456 0.0
-0.239085971772112 -0.386528238242591 0.0
-0.236554575501535 -0.325030330033977 0.0
-0.234007323967633 -0.26350574952465 0.0
-0.231441457124918 -0.201972983549968 0.0
-0.228868687934435 -0.140455645605204 0.0
-0.226296113537438 -0.0789780880589912 0.0
-0.223726709643538 -0.0175641091014077 0.0
-0.221159303023974 0.0437643909587756 0.0
-0.218586500092971 0.104988863517724 0.0
-0.21599023245423 0.166096489058508 0.0
-0.213333529849727 0.227082780812505 0.0
-0.210547404724324 0.287957401450573 0.0
-0.207523978239277 0.348755731208001 0.0
-0.204168614679805 0.409553519738494 0.0
-0.200544723855364 0.470443019272825 0.0
-0.188294923966491 -0.63503292429107 0.0
-0.185586302859872 -0.573799527942136 0.0
-0.182987778816604 -0.512502480541347 0.0
-0.180444688557322 -0.451147002208894 0.0
-0.177919678350453 -0.389745225922852 0.0
-0.175384892521671 -0.328311453115848 0.0
-0.172823326091341 -0.2668606128222 0.0
-0.170233492715013 -0.205409628568135 0.0
-0.167622650159721 -0.143977664489668 0.0
-0.164996341514313 -0.0825835646195055 0.0
-0.162357307997105 -0.0212449115665243 0.0
-0.159704878289587 0.0400230160567178 0.0
-0.157033213296204 0.101208231035688 0.0
-0.154327936367727 0.162303928242757 0.0
-0.151561083659924 0.223310719868241 0.0
-0.148687822942665 0.284241793919268 0.0
-0.145660954830661 0.345129706555359 0.0
-0.142490131136751 0.406025350666276 0.0
-0.13934764808869 0.466980261619138 0.0
-0.126903782610696 -0.637987607147227 0.0
-0.12425479534591 -0.576758445417986 0.0
-0.121702661184208 -0.515470473431309 0.0
-0.119183618870738 -0.454129535813758 0.0
-0.116659028630139 -0.392747191528946 0.0
-0.114105127985099 -0.331336699988859 0.0
-0.111510349792784 -0.269911801095935 0.0
-0.1088746081185 -0.208487060758016 0.0
-0.106203610728615 -0.147077805241103 0.0
-0.103502688203052 -0.0856985999933075 0.0
-0.100775460719455 -0.0243626870008026 0.0
-0.0980231921591619 0.0369188367115853 0.0
-0.0952436555641853 0.0981378526853908 0.0
-0.092429415312975 0.159291109038917 0.0
-0.0895668833863809 0.220382587540095 0.0
-0.0866415988156525 0.2814282310485 0.0
-0.0836618763061755 0.342460323281982 0.0
-0.0807134541676594 0.403526912013853 0.0
-0.0780613038261479 0.464684381952463 0.0
-0.0654295767325171 -0.640750676337545 0.0
-0.0628510334849126 -0.579506286696691 0.0
-0.0603413563701073 -0.5182027125196 0.0
-0.0578353817702852 -0.456846850586062 0.0
-0.0552977850936755 -0.395449861132691 0.0
-0.0527102991898284 -0.334023858696934 0.0
-0.0500662388139547 -0.272580993299558 0.0
-0.0473674239737854 -0.211133461926792 0.0
-0.0446196973586696 -0.149693519509412 0.0
-0.0418291624906457 -0.0882725880360909 0.0
-0.0390011873414009 -0.0268809896498783 0.0
-0.0361401427902246 0.0344727282905913 0.0
-0.0332492574945385 0.0957825462439188 0.0
-0.0303310385990707 0.157046778220789 0.0
-0.0273905023869947 0.218270024937706 0.0
-0.024446428637053 0.279466324090472 0.0
-0.0215584228898304 0.340660241981022 0.0
-0.0188748981904362 0.401881160683426 0.0
-0.016681360736561 0.463137161923317 0.0
-0.00387480302206169 -0.643253153409363 0.0
-0.00137488649944092 -0.581976093978913 0.0
0.00109716591615761 -0.520634822519122 0.0
0.00360046519195963 -0.459237827498005 0.0
0.0061630922559808 -0.397796076519895 0.0
0.00879662683913038 -0.336320516497729 0.0
0.0115029495171545 -0.274821588944881 0.0
0.0142779193458187 -0.213309293302212 0.0
0.0171146267273145 -0.151793422500538 0.0
0.0200055460520796 -0.0902831002476004 0.0
0.0229429026904586 -0.0287867702938828 0.0
0.0259182441574543 0.0326882986704716 0.0
0.0289213321836066 0.0941365510745777 0.0
0.031937493523034 0.155555523749233 0.0
0.034941020711526 0.216946767467312 0.0
0.037880723637164 0.278316853867316 0.0
0.0406541712963121 0.339675010334409 0.0
0.0430774187485626 0.401022736253119 0.0
0.0449168316854448 0.462332810980108 0.0
0.0577497429640526 -0.64544758139744 0.0
0.0601671322605294 -0.584123626373512 0.0
0.0626079761590716 -0.522726554886889 0.0
0.0651186064581692 -0.461266797238205 0.0
0.0677167846026332 -0.399755128194029 0.0
0.0704066194488435 -0.338201180413739 0.0
0.0731852709977961 -0.2766135509772 0.0
0.0760461267437676 -0.215000122927464 0.0
0.0789807927332575 -0.153368575184463 0.0
0.0819799801856551 -0.0917262489046196 0.0
0.0850330993255885 -0.0300803841650876 0.0
0.0881269754688507 0.0315621404526324 0.0
0.0912434385935461 0.0931950155580201 0.0
0.094354765870014 0.15481330185867 0.0
0.0974149199646695 0.216413322298378 0.0
0.100344381481424 0.277992176211056 0.0
0.103009153572583 0.339544127850251 0.0
0.10520704139581 0.401053227932183 0.0
0.106663310837359 0.462501053530377 0.0
0.119426353015102 -0.647310431032676 0.0
0.121762999519022 -0.585929096641882 0.0
0.124181121458681 -0.524462645214512 0.0
0.126708765717244 -0.462923346135083 0.0
0.129351403139788 -0.401321408614583 0.0
0.132105492184569 -0.339664760177555 0.0
0.13496381325869 -0.277959853492721 0.0
0.137917444676612 -0.216212326855625 0.0
0.140956477075389 -0.154427782637114 0.0
0.144069806775318 -0.0926119225329817 0.0
0.147243913309285 -0.0307710290495342 0.0
0.150460684708883 0.0310880135579383 0.0
0.153693822366534 0.0929575134542988 0.0
0.156902850797644 0.154829119078542 0.0
0.160023221781093 0.216692741989193 0.0
0.16295172196283 0.278534980147496 0.0
0.165529255783813 0.340335322823756 0.0
0.167524527679585 0.402062643272671 0.0
0.168621649788828 0.463672471065272 0.0
0.181132658457136 -0.648843126135342 0.0
0.183396889244733 -0.587397932935932 0.0
0.185802851913866 -0.525853163578964 0.0
0.188356591794664 -0.464222160847111 0.0
0.191050683806783 -0.402513749355042 0.0
0.193874483241551 -0.340733484286905 0.0
0.196817083008456 -0.278885159967824 0.0
0.199867709181192 -0.216971785145166 0.0
0.203015204676526 -0.154996580776395 0.0
0.206246862887767 -0.0929633314813425 0.0
0.209546425613136 -0.0308771079300485 0.0
0.212891085667922 0.0312553829610712 0.0
0.216246926098442 0.093425080641533 0.0
0.219561975624353 0.155619934950985 0.0
0.222755851104382 0.217822739210613 0.0
0.225705800651343 0.280008393454945 0.0
0.228229670821173 0.342139535733277 0.0
0.230066263202759 0.404160999669114 0.0
0.230849688781495 0.465995606278233 0.0
0.242843280645028 -0.650072813369563 0.0
0.245049991086556 -0.58856160416762 0.0
0.247455750853991 -0.526934255359661 0.0
0.250043351489544 -0.465203631169073 0.0
0.252793419843223 -0.403375947084707 0.0
0.255689485610183 -0.341453494978593 0.0
0.25871797392022 -0.279436699095896 0.0
0.261866944385355 -0.217325289981952 0.0
0.265124478120469 -0.155119430013289 0.0
0.268476703536304 -0.0928202093613295 0.0
0.271905123223194 -0.030430581702828 0.0
0.275382949107615 0.0320439305719671 0.0
0.278869862262471 0.0945939179675785 0.0
0.282304550627055 0.157204499064802 0.0
0.285594245645326 0.219851791504675 0.0
0.288600864217114 0.282498465905106 0.0
0.291122787242454 0.345087049272895 0.0
0.292868559999523 0.407531294673753 0.0
0.293411153627218 0.469707100569692 0.0
0.304532175410583 -0.651053626988761 0.0
0.306701683504047 -0.589479122736373 0.0
0.309119109558911 -0.527769694132323 0.0
0.311745896572455 -0.465935440974918 0.0
0.314553212093628 -0.403978526868074 0.0
0.317520616771672 -0.34189700020604 0.0
0.320633097093514 -0.279687079038587 0.0
0.323878354304371 -0.217344335408927 0.0
0.327244313548966 -0.154864797171373 0.0
0.330716532599183 -0.0922454573442311 0.0
0.33427503077057 -0.0294853211748466 0.0
0.337890185177251 0.0334136004745951 0.0
0.341517149594898 0.0964443884178927 0.0
0.345088292150456 0.159592601307442 0.0
0.348502894323377 0.222831057943547 0.0
0.351613220258931 0.286112680186426 0.0
0.354204039456211 0.349359384776431 0.0
0.355957105538422 0.412446004063814 0.0
0.356375987430962 0.475178516832774 0.0
0.366174452788021 -0.651868755885975 0.0
0.368329772241682 -0.590239344540477 0.0
0.370768418246482 -0.528453155586613 0.0
0.373435925586841 -0.466514897097622 0.0
0.376297658087554 -0.40442137070975 0.0
0.379331333136422 -0.342165525965187 0.0
0.38252175155262 -0.279738589728677 0.0
0.385857031142634 -0.217130977506108 0.0
0.389325521906214 -0.154333122059879 0.0
0.392912825127114 -0.0913357608765699 0.0
0.396598342573658 -0.0281308553994662 0.0
0.400351008215877 0.0352873952832245 0.0
0.404123743306072 0.0989203777432576 0.0
0.407846264721543 0.162761731312644 0.0
0.411415453254474 0.226790534830769 0.0
0.414681832092925 0.290960753403277 0.0
0.41742733180088 0.355182846987045 0.0
0.419320394868405 0.419292267220655 0.0
0.419804293784165 0.482995791061514 0.0
0.427747308572772 -0.652633382548499 0.0
0.429909474668987 -0.590963830923985 0.0
0.432373959918055 -0.529110744964133 0.0
0.43507869443768 -0.467071382978678 0.0
0.43798722463776 -0.40483641583985 0.0
0.441077445542809 -0.342393429785693 0.0
0.444334983887894 -0.279728308598167 0.0
0.447748891554405 -0.216825430938522 0.0
0.451308293361514 -0.15366788050322 0.0
0.454999250604749 -0.0902371831545033 0.0
0.45880124027247 -0.0265136953616838 0.0
0.462682971668232 0.0375229438335002 0.0
0.466597224219877 0.10189224651624 0.0
0.470474536510658 0.166610138911786 0.0
0.474215082219526 0.23168235919295 0.0
0.477677216297728 0.297092501467503 0.0
0.480657165026354 0.362776856644748 0.0
0.482842651538033 0.428570083030078 0.0
0.483677106408366 0.494082603833364 0.0
0.489229902860946 -0.653498380972104 0.0
0.491411560140278 -0.59180961965415 0.0
0.493899424974906 -0.52990301306386 0.0
0.496632173718982 -0.467767455789185 0.0
0.499575050360561 -0.405388620012764 0.0
0.502707464874486 -0.342750056137689 0.0
0.506016243468753 -0.279832893975617 0.0
0.509491369215357 -0.21661492202504 0.0
0.513122656742181 -0.153069954732042 0.0
0.516896614384858 -0.0891667461600372 0.0
0.520792949647736 -0.024868354881093 0.0
0.524780553299759 0.0398688729198203 0.0
0.528812821863351 0.105095988202167 0.0
0.532822416848061 0.170872261013788 0.0
0.536715202345589 0.237264194965789 0.0
0.540362729138805 0.304342085360309 0.0
0.54359024737381 0.372165774261106 0.0
0.546151193022066 0.440734228309814 0.0
0.547648085367036 0.509801218158964 0.0
