-0.694605755344857 -0.670744084479257 0.0
0.534546584144185 -0.713503609108788 0.0
-0.638706386089325 0.61237245798111 0.0
0.61237245798111 0.61237245798111 0.0
-0.633441845446242 -0.673551795412528 0.0
0.536428815390943 -0.652082014095733 0.0
0.544554571268617 0.579990296529178 0.0
-0.638210203324947 0.537260264569235 0.0
-0.572268164977382 -0.676117125098856 0.0
0.538698387754477 -0.590423109939807 0.0
0.477765522529133 0.561345812832227 0.0
-0.641329831784032 0.46652426921045 0.0
-0.511111491384178 -0.678710239754234 0.0
0.541268336855161 -0.528508180825482 0.0
0.412516356308186 0.549337971419073 0.0
-0.644652184598294 0.398315456782803 0.0
-0.449962465645111 -0.681395289307193 0.0
0.544090143810481 -0.466324593996105 0.0
0.348379375960131 0.541200311797511 0.0
-0.647857070429795 0.331721029087578 0.0
-0.388806371658017 -0.684196821688669 0.0
0.547136368886813 -0.403859388786984 0.0
0.285018699739237 0.535603218538765 0.0
-0.650962370204029 0.266230982690002 0.0
-0.327619231370705 -0.687108015149699 0.0
0.550391874041815 -0.341096250696916 0.0
0.222216686296329 0.531823300287031 0.0
-0.654006699186724 0.201538623634137 0.0
-0.266372606918774 -0.690084317311778 0.0
0.553848825024967 -0.278013807325048 0.0
0.159832399949086 0.529435541001413 0.0
-0.657015383467685 0.137449550555674 0.0
-0.205040632420079 -0.693054811240814 0.0
0.557503427432904 -0.214584062310875 0.0
0.0977705235745084 0.528176581465727 0.0
-0.660001530240263 0.0738356102222135 0.0
-0.143605836376555 -0.695938163213963 0.0
0.561353293332885 -0.150771134819402 0.0
0.0359616935089036 0.527870757461958 0.0
-0.662970894233033 0.0106101705797187 0.0
-0.0820619421143083 -0.698656590819606 0.0
0.565394904792434 -0.0865292269866944 0.0
-0.0256486122228623 0.528314563683648 0.0
-0.665926853260796 -0.0522845689482599 0.0
-0.0204147573143421 -0.701145673289626 0.0
0.569620765878041 -0.0218004606139691 0.0
-0.0868857797904642 0.529898469494567 0.0
-0.668878018816871 -0.114884349189805 0.0
0.0413189880325164 -0.703360153546092 0.0
0.574016241940821 0.0434886532874935 0.0
-0.147999662182041 0.532358885810075 0.0
-0.671864210679964 -0.17720465657502 0.0
0.103113504491265 -0.705276802836822 0.0
0.578556230953718 0.109432197468003 0.0
-0.209087848206037 0.535472327648742 0.0
-0.675120788859733 -0.239242298716243 0.0
0.164936632956965 -0.706895681308308 0.0
0.583202304689774 0.176153453346325 0.0
-0.270128052829219 0.53946358371609 0.0
-0.677496367771608 -0.301199032600331 0.0
0.226751940374556 -0.708240822538101 0.0
0.587901076166581 0.243818907549209 0.0
-0.33116955698783 0.544549496550157 0.0
-0.680073260781321 -0.363151078254462 0.0
0.28852171784541 -0.709361028953589 0.0
0.592585368535961 0.312665660115394 0.0
-0.392550466564482 0.551476603282305 0.0
-0.683194890657789 -0.424963671927521 0.0
0.350210077300328 -0.710331013667664 0.0
0.5971814346973 0.383055464057767 0.0
-0.454278152336974 0.559532382594504 0.0
-0.686180248809142 -0.486601372307755 0.0
0.411786618753658 -0.711252831149479 0.0
0.601639407107722 0.455589160583335 0.0
-0.515848120963336 0.568793289241526 0.0
-0.689168029335244 -0.548082131815368 0.0
0.473232224805421 -0.712257205920194 0.0
0.606110105143995 0.531359466257823 0.0
-0.577877041624553 0.58364529569017 0.0
-0.691851811830964 -0.609455957116183 0.0
-0.630717305125721 -0.612254099359291 0.0
-0.627995416510964 -0.5508421828902 0.0
-0.625039487850479 -0.489297468427711 0.0
-0.622080993803465 -0.427678654959537 0.0
-0.619057365865362 -0.365989576772661 0.0
-0.616450579123561 -0.304148790305767 0.0
-0.613958495121448 -0.241992205375386 0.0
-0.610814292373409 -0.179552296834309 0.0
-0.607830036599168 -0.116967424188193 0.0
-0.60489004607083 -0.0541801829825877 0.0
-0.601964369982851 0.00885679687686526 0.0
-0.599047007682826 0.0721871633666309 0.0
-0.596140920589756 0.135856650460839 0.0
-0.593253348357391 0.199914715541799 0.0
-0.590395977143266 0.264408387101831 0.0
-0.58759277005166 0.329360819335958 0.0
-0.584912500206411 0.394707589897749 0.0
-0.582593426276703 0.460117002657167 0.0
-0.581476798294852 0.524447381542715 0.0
-0.56954971781293 -0.614804027400163 0.0
-0.566762964906057 -0.5533961295794 0.0
-0.563848330694799 -0.491862313071718 0.0
-0.56091426993525 -0.430199980411858 0.0
-0.558029161777258 -0.368358315902005 0.0
-0.55539258721881 -0.306370735734388 0.0
-0.552738239787508 -0.244251887494335 0.0
-0.549778779945032 -0.181901282726689 0.0
-0.546871642422348 -0.119365831893133 0.0
-0.543999330176444 -0.0566419815982411 0.0
-0.541155320948217 0.00627927206597505 0.0
-0.538345756956698 0.0694018199889431 0.0
-0.535585683517422 0.132716859864166 0.0
-0.532898254667251 0.196191256977933 0.0
-0.530317247460068 0.259745814006598 0.0
-0.527894470748738 0.323219750726471 0.0
-0.525713680750241 0.386317375929936 0.0
-0.523876568838441 0.448546912075916 0.0
-0.521611332576283 0.509192880169228 0.0
-0.508362538012478 -0.617410738663278 0.0
-0.505545267462108 -0.556004484204215 0.0
-0.502668694418814 -0.494467366717606 0.0
-0.499806577718172 -0.432785624669524 0.0
-0.497021933151242 -0.370956500931711 0.0
-0.494363037327224 -0.309014634905001 0.0
-0.491665157716925 -0.246945082262465 0.0
-0.488824149994375 -0.184704264884546 0.0
-0.486004127902642 -0.122320240443863 0.0
-0.483217649735657 -0.059808888421412 0.0
-0.480472024063358 0.0028104243468328 0.0
-0.477780972420791 0.065506258114644 0.0
-0.475164134993657 0.128227392118702 0.0
-0.472645102557554 0.190894728381398 0.0
-0.47024777435208 0.253392911388738 0.0
-0.467986572265416 0.315568195059898 0.0
-0.46583051864752 0.377241418928721 0.0
-0.463498481284312 0.438248111782486 0.0
-0.460036635500927 0.49866628489511 0.0
-0.447169491743763 -0.620113789184742 0.0
-0.44434634517851 -0.558726464733606 0.0
-0.44151925888062 -0.497216046571987 0.0
-0.438731369101109 -0.435578621598633 0.0
-0.436012975159718 -0.373823791471305 0.0
-0.433357964115207 -0.311969643434484 0.0
-0.430670641309014 -0.250010022305111 0.0
-0.427915139568466 -0.187936157624515 0.0
-0.425172175431608 -0.125775270683751 0.0
-0.422460966739381 -0.0635559274166624 0.0
-0.4197937484209 -0.00131340039746596 0.0
-0.417184430620457 0.0609061340790447 0.0
-0.414647648130937 0.123042999714564 0.0
-0.412194454364251 0.185024206915147 0.0
-0.409823737276501 0.246766824441371 0.0
-0.40750229350516 0.308187567023316 0.0
-0.405101824701559 0.369217730830669 0.0
-0.40223628944037 0.42984174933398 0.0
-0.397838242320857 0.490118345930736 0.0
-0.385969206069424 -0.622941191010418 0.0
-0.383157121595423 -0.561589997910204 0.0
-0.380382765797866 -0.500131119839526 0.0
-0.377659752270307 -0.438565754782139 0.0
-0.374991342098494 -0.376905340762278 0.0
-0.372353806289015 -0.315164136228117 0.0
-0.369691566766963 -0.253346806733124 0.0
-0.36699347130374 -0.191462438140869 0.0
-0.364302060046668 -0.129539441046807 0.0
-0.361634774114549 -0.0676102767126067 0.0
-0.359003058166481 -0.00571232724514429 0.0
-0.356416754405134 0.0561115193923009 0.0
-0.353882367216381 0.11781367992746 0.0
-0.351397873525894 0.179345013997356 0.0
-0.348942197408824 0.240659129036046 0.0
-0.346450111546822 0.301719114054382 0.0
-0.34375157960429 0.362509456020459 0.0
-0.340446047740247 0.423061293811993 0.0
-0.335966292999141 0.483574652437359 0.0
-0.324748347316304 -0.625880385128424 0.0
-0.321959337821379 -0.56457073055365 0.0
-0.3192366606545 -0.503169247991091 0.0
-0.316567727210289 -0.441679511671205 0.0
-0.313936969814386 -0.380113669576187 0.0
-0.31131642782961 -0.318485918234598 0.0
-0.308672439552111 -0.256807737795369 0.0
-0.306002081320593 -0.195095576375945 0.0
-0.303329041613957 -0.133376286261014 0.0
-0.300666728920511 -0.0716795720687462 0.0
-0.298023837109038 -0.0100371485827994 0.0
-0.295405867368537 0.0515182005620618 0.0
-0.292812973785594 0.112954173665039 0.0
-0.290234509481627 0.174241839348836 0.0
-0.28763756796833 0.235358806587018 0.0
-0.284942522400749 0.296295619839527 0.0
-0.281978254046438 0.357069530698556 0.0
-0.278472083858296 0.417763218811565 0.0
-0.274355279722311 0.478567971258872 0.0
-0.263488367136743 -0.628879705753426 0.0
-0.260733018298404 -0.567605222016415 0.0
-0.258059174133443 -0.506252269675244 0.0
-0.255432874321651 -0.444825613444295 0.0
-0.252826745289547 -0.383337466789177 0.0
-0.250213339833935 -0.321802138863208 0.0
-0.247570904630515 -0.26023388202987 0.0
-0.244898937343882 -0.198650559700182 0.0
-0.242211374914856 -0.137075343314583 0.0
-0.239518035065083 -0.0755325661625818 0.0
-0.236825197028831 -0.0140466184829333 0.0
-0.234135548555701 0.0473592063331908 0.0
-0.231445849155416 0.108663987076132 0.0
-0.22874160995619 0.169851449895925 0.0
-0.225986703010552 0.230912705134315 0.0
-0.223105854390698 0.291852846299648 0.0
-0.219973182311693 0.352704887676348 0.0
-0.21647515352017 0.413547094508142 0.0
-0.212677550864513 0.474459964911704 0.0
-0.202171304403925 -0.631863295739835 0.0
-0.199460173925018 -0.570609941518387 0.0
-0.196831577708087 -0.509287359887936 0.0
-0.194236290469832 -0.447900950850705 0.0
-0.191640875963201 -0.38646253691256 0.0
-0.189020395586938 -0.324985919771234 0.0
-0.186360124865486 -0.263485535461264 0.0
-0.18366043158602 -0.201977930188182 0.0
-0.180930321245326 -0.140482127172757 0.0
-0.178177295437867 -0.0790172211729921 0.0
-0.175406284101289 -0.0176015499659477 0.0
-0.172618874458088 0.0437482631330004 0.0
-0.169811088216509 0.105018266260887 0.0
-0.166968930942435 0.166199186578865 0.0
-0.164061236598424 0.227289154033716 0.0
-0.161033435812996 0.288300212437675 0.0
-0.157821316012106 0.349267689832695 0.0
-0.154412761493367 0.41025037567296 0.0
-0.150925974013518 0.471312997086778 0.0
-0.140784168350551 -0.634747610086985 0.0
-0.138127705758917 -0.573497775050093 0.0
-0.135540500777548 -0.512183093716843 0.0
-0.13296495749067 -0.450809592570715 0.0
-0.130366453701451 -0.389388578557904 0.0
-0.127723884279204 -0.32793291828596 0.0
-0.125027508498646 -0.266456002071082 0.0
-0.122278565576866 -0.204972198540476 0.0
-0.119483874184041 -0.143496893593916 0.0
-0.116649842154431 -0.082045085889114 0.0
-0.113781082602905 -0.0206309252865428 0.0
-0.11087951836882 0.0407330111298385 0.0
-0.107942701925666 0.102036465408437 0.0
-0.104961085671765 0.163273352017417 0.0
-0.10191558876341 0.224444224967764 0.0
-0.0987816625249683 0.285561236463054 0.0
-0.0955531609969534 0.346652083623902 0.0
-0.0922932172068727 0.407757055631733 0.0
-0.0891770279457897 0.468920649123249 0.0
-0.0793211812766396 -0.637454836056943 0.0
-0.0767287760342732 -0.576190571528718 0.0
-0.0741787605546839 -0.514861008276161 0.0
-0.0716123100939114 -0.453473159629186 0.0
-0.0689978456300827 -0.392037939481644 0.0
-0.0663192691717245 -0.330567132709465 0.0
-0.0635711353785027 -0.269072644361973 0.0
-0.0607559478604399 -0.207566613458911 0.0
-0.0578799041329259 -0.146061520070294 0.0
-0.0549492061646518 -0.0845694051535417 0.0
-0.0519689385913572 -0.023101728351631 0.0
-0.0489424880721225 0.0383311523995488 0.0
-0.0458708322486281 0.09972053997388 0.0
-0.0427521124453504 0.161060973057445 0.0
-0.0395839401791777 0.222351888888072 0.0
-0.0363742094296589 0.283600234680265 0.0
-0.0331680389726667 0.344820409052812 0.0
-0.0300910372538984 0.406027886276876 0.0
-0.0274342203359501 0.467231899482961 0.0
-0.0177848149591378 -0.639921939218535 0.0
-0.0152633874780832 -0.578627097151037 0.0
-0.0127455423390996 -0.517262179130908 0.0
-0.0101781129856573 -0.455835640430517 0.0
-0.00753613235439478 -0.394358147868724 0.0
-0.00480949509719737 -0.33284033673061 0.0
-0.00199685341673248 -0.271292465924264 0.0
0.00089771133078208 -0.209724563225071 0.0
0.00386780037506694 -0.148146738447279 0.0
0.00690688431709138 -0.0865688135918383 0.0
0.0100088821640123 -0.0250004219060813 0.0
0.0131681227272411 0.0365493623900571 0.0
0.0163788169995403 0.098072444178737 0.0
0.0196331291790066 0.159563035898129 0.0
0.0229151929429818 0.221018701536864 0.0
0.0261867974350588 0.282441890790764 0.0
0.0293609689707695 0.343839351073178 0.0
0.0322612132309513 0.405218492845335 0.0
0.0345926651098782 0.466569349211392 0.0
0.0438148592535382 -0.642105792174342 0.0
0.0462623519554768 -0.580767198325511 0.0
0.048754452948418 -0.519350136952427 0.0
0.051332499083101 -0.457864772393816 0.0
0.0540120929760817 -0.396321473869892 0.0
0.056796731616527 -0.334729541449255 0.0
0.0596838421107541 -0.273097403217117 0.0
0.0626676921376707 -0.211432979143167 0.0
0.0657413486904131 -0.149744231734412 0.0
0.0688977045549516 -0.0880390836937813 0.0
0.0721293645737764 -0.0263257106102513 0.0
0.0754277943990384 0.0353876771820028 0.0
0.0787814456561897 0.0970930532223204 0.0
0.0821717063962477 0.158783510823583 0.0
0.0855642848854485 0.220453517432872 0.0
0.0888931591258776 0.282099196915361 0.0
0.0920351008392017 0.34371623632113 0.0
0.094780162855575 0.405292352639832 0.0
0.0968138737709196 0.466798162283367 0.0
0.105461412971911 -0.643985601383044 0.0
0.107837230217993 -0.582593603241692 0.0
0.110311817413144 -0.521111848172986 0.0
0.112909692685198 -0.459552048256984 0.0
0.115635381012145 -0.397923882496539 0.0
0.118485698238716 -0.336234908900459 0.0
0.12145453675327 -0.274491390335915 0.0
0.12453470868365 -0.212698944259279 0.0
0.127718749303749 -0.150863316698979 0.0
0.130998946836067 -0.0889905226920458 0.0
0.134366471692959 -0.0270873324724686 0.0
0.13780963766846 0.0348387219281576 0.0
0.141310745150802 0.0967791998046235 0.0
0.144840338673249 0.158725032348407 0.0
0.148346942091727 0.220665664625077 0.0
0.151740525308519 0.282587736927996 0.0
0.154869808885889 0.344470908532258 0.0
0.157497972932095 0.406280442163197 0.0
0.159291177632272 0.467959175024372 0.0
0.167134144942208 -0.645564001782109 0.0
0.169446492975838 -0.584112764714113 0.0
0.171913547017556 -0.522558172547837 0.0
0.174539732580471 -0.4609127155297 0.0
0.177318050285455 -0.399184596363042 0.0
0.180239207913463 -0.33737898968451 0.0
0.183294240784055 -0.275499482629585 0.0
0.186474944436127 -0.213548984259453 0.0
0.189773571591561 -0.151530677891359 0.0
0.193181986875553 -0.0894483414036889 0.0
0.196690059405509 -0.0273070414897769 0.0
0.200283090228257 0.0348865525797522 0.0
0.203937600857804 0.0971235016044024 0.0
0.207614446106863 0.159392013175045 0.0
0.211247782858841 0.221675270039497 0.0
0.214728990653999 0.28394840301795 0.0
0.217885730435245 0.346172866663558 0.0
0.220458470428565 0.408288521255066 0.0
0.222075256158998 0.47020859122668 0.0
0.228809564924308 -0.646867821768675 0.0
0.231072536145723 -0.585355660684087 0.0
0.233543103239244 -0.523724573406835 0.0
0.236204656864432 -0.461986360602552 0.0
0.239039644479596 -0.40014662393559 0.0
0.242033877366769 -0.338207337215961 0.0
0.245176480844842 -0.276168746079373 0.0
0.248458858879268 -0.214030430276124 0.0
0.25187341293883 -0.15179235328905 0.0
0.255411963045032 -0.089455300525283 0.0
0.259063507937948 -0.0270217618206837 0.0
0.262810987832925 0.0355034189809782 0.0
0.266626361783335 0.0981117771016851 0.0
0.270463158560065 0.16078965382328 0.0
0.274245390486752 0.22351453151734 0.0
0.277852108686186 0.28625005374348 0.0
0.28109667941971 0.348938129258084 0.0
0.283697775769781 0.411488740074891 0.0
0.285229888120364 0.473770518604798 0.0
0.290463581148042 -0.647949176446734 0.0
0.292695994473258 -0.586379077404037 0.0
0.295180787917296 -0.524672425349514 0.0
0.297882308410229 -0.462838245702678 0.0
0.300774795407741 -0.400878258305217 0.0
0.303840864639264 -0.33879036269254 0.0
0.307068841806804 -0.27657069968029 0.0
0.310450458547707 -0.214214700444986 0.0
0.313978796062433 -0.151718096347383 0.0
0.317646153266163 -0.0890773504909818 0.0
0.321441351186994 -0.0262906225886796 0.0
0.325346089244675 0.0366413326671486 0.0
0.329329731606127 0.0997133625293419 0.0
0.333341895160491 0.162913361508831 0.0
0.337301910375809 0.226216951380465 0.0
0.341084137744812 0.28957984510032 0.0
0.344496111137216 0.352925663943942 0.0
0.347240247297472 0.416128268822781 0.0
0.348830663639649 0.478988577907148 0.0
0.352073176761778 -0.648887123079863 0.0
0.354295963211146 -0.587267436990075 0.0
0.356803324006363 -0.525490803866326 0.0
0.359545744546014 -0.463561167454062 0.0
0.362492589239802 -0.401475243209422 0.0
0.365625180340188 -0.339226098256497 0.0
0.368932155456038 -0.276805053971143 0.0
0.372406249232573 -0.214202474020568 0.0
0.376041720208124 -0.151408504695991 0.0
0.379831882159487 -0.0884132722658245 0.0
0.383766177129878 -0.0252076863137378 0.0
0.38782643478999 0.0382157026319327 0.0
0.391981833730389 0.101860724783038 0.0
0.396182176833274 0.16572447046921 0.0
0.400348687005494 0.229790614890669 0.0
0.404360886487448 0.294018740759491 0.0
0.408034385000408 0.358325231524655 0.0
0.411073647181752 0.422549914196949 0.0
0.412949335024881 0.486398810473542 0.0
0.41361723755974 -0.649789861134474 0.0
0.41584909318816 -0.588134885540721 0.0
0.418382671571764 -0.526298315615145 0.0
0.421162189685183 -0.464277333733305 0.0
0.424155659410492 -0.402062966172925 0.0
0.427344898530942 -0.339643200157035 0.0
0.430719738408408 -0.277004224169323 0.0
0.434274343598238 -0.214130555232104 0.0
0.438004417973458 -0.1510051829891 0.0
0.441904622826161 -0.0876092125951201 0.0
0.445965636008325 -0.0239221072644595 0.0
0.450170598131149 0.0400780784958209 0.0
0.454490674942811 0.104413448257304 0.0
0.458879683536855 0.169103959920472 0.0
0.46326733465151 0.234161382967889 0.0
0.467549855740216 0.299577977224743 0.0
0.471572319490149 0.365301755772344 0.0
0.475083218595266 0.431181188102105 0.0
0.477588952753413 0.496837008262077 0.0
0.47507647634601 -0.650797170529607 0.0
0.477328113799546 -0.589126930791876 0.0
0.479885079413975 -0.527244420402783 0.0
0.482692516476863 -0.465139065416266 0.0
0.485720207506148 -0.402797129083099 0.0
0.488951647709038 -0.34020273116175 0.0
0.492378152633214 -0.277337548451094 0.0
0.495995241872624 -0.214179880626709 0.0
0.499799897274481 -0.150703966855042 0.0
0.503788019972442 -0.0868788020842856 0.0
0.507951584651384 -0.0226673433543811 0.0
0.512275386556947 0.0419747495871509 0.0
0.516733367553786 0.107100168868855 0.0
0.521284898583782 0.17277135372728 0.0
0.525871279634116 0.239060428016426 0.0
0.530412705594354 0.306047280825582 0.0
0.534803873933861 0.373807760702131 0.0
0.53889986374482 0.442366286919615 0.0
0.542445906861732 0.511510344770015 0.0
