-0.720760898422899 -0.665068033930136 0.0
0.507750418724155 -0.707861333000881 0.0
-0.673775345087051 0.61237245798111 0.0
0.61237245798111 0.61237245798111 0.0
-0.659588747145045 -0.667851764797189 0.0
0.509762590789759 -0.646461915356284 0.0
0.539943131792262 0.583603967904895 0.0
-0.668780717082702 0.538415032618294 0.0
-0.598401561958422 -0.67037873070461 0.0
0.512138725074592 -0.584846746517617 0.0
0.470181899913425 0.567055884654435 0.0
-0.669636239103289 0.46858858483586 0.0
-0.537222744634599 -0.672918451546166 0.0
0.514812100957891 -0.522998026003895 0.0
0.40264103255762 0.556313127520697 0.0
-0.671688895950477 0.401156724244015 0.0
-0.476044017132993 -0.675519849019196 0.0
0.517746087440837 -0.460903546163007 0.0
0.336581967742098 0.5489578809514 0.0
-0.674159866041686 0.335208171660066 0.0
-0.414855370254625 -0.678202856510496 0.0
0.520922128150589 -0.398551132104929 0.0
0.271533736419089 0.543840930778345 0.0
-0.676853538045994 0.270245276383221 0.0
-0.353639171962406 -0.680965494317986 0.0
0.524333446741924 -0.335925862451966 0.0
0.20720447815689 0.54033671715706 0.0
-0.679690654930219 0.205977526935253 0.0
-0.292373466149732 -0.683774757932492 0.0
0.527981629357554 -0.273008379988634 0.0
0.143403126932493 0.538073155747845 0.0
-0.682624296695887 0.142226123981005 0.0
-0.231037818625958 -0.686574814924334 0.0
0.531874637183054 -0.209773236766882 0.0
0.0799931871994516 0.536809435897793 0.0
-0.685620262192315 0.0788766655990293 0.0
-0.169618378497894 -0.689300053497057 0.0
0.536025384611325 -0.146187481768064 0.0
0.0168644527565597 0.536355726158828 0.0
-0.688651884273058 0.0158542655362613 0.0
-0.108110368112532 -0.691886974380196 0.0
0.5404504674447 -0.082208426765098 0.0
-0.0460829739052088 0.536358307331064 0.0
-0.691699480249514 -0.0468889600855191 0.0
-0.0465190273732106 -0.694282835818061 0.0
0.545168723822581 -0.017781228941189 0.0
-0.108465189075922 0.538234838986632 0.0
-0.694754525112042 -0.109380414483556 0.0
0.0151412701039989 -0.696450992419555 0.0
0.550199797070013 0.0471649508005845 0.0
-0.170524785498916 0.541013077023478 0.0
-0.697842682403857 -0.171628563005806 0.0
0.0768485161656976 -0.698373708505981 0.0
0.555563238347714 0.112722330749402 0.0
-0.232601266245567 0.543414345650178 0.0
-0.701166859815529 -0.233624914445333 0.0
0.138575404556352 -0.700053505006483 0.0
0.561279664540273 0.179013689781005 0.0
-0.294758324076403 0.546862330327678 0.0
-0.703628126209258 -0.295541634912272 0.0
0.200291127189268 -0.701513840918225 0.0
0.56737648616906 0.246207380215529 0.0
-0.357086669989642 0.551203905888473 0.0
-0.706277859805463 -0.357466000400619 0.0
0.261964113116756 -0.702799645048256 0.0
0.573903371253967 0.314546746205126 0.0
-0.419773135727109 0.558059114058194 0.0
-0.709432855031556 -0.419275112492827 0.0
0.323564850464128 -0.703977802629866 0.0
0.580968720764524 0.384408466363055 0.0
-0.48272547548088 0.565839031975441 0.0
-0.712421211644935 -0.480915118153461 0.0
0.385069163757266 -0.70513740340361 0.0
0.588835742244623 0.456425878477616 0.0
-0.545681848305426 0.57362490506474 0.0
-0.715393427777428 -0.542398615692736 0.0
0.446463341337664 -0.706389087980777 0.0
0.598265007501534 0.531752066441694 0.0
-0.609613244516683 0.586760814993781 0.0
-0.718044314995801 -0.603776894901813 0.0
-0.656901439470315 -0.60655343389078 0.0
-0.654215512698662 -0.545141084879103 0.0
-0.651277101926964 -0.483600034383034 0.0
-0.648311648779641 -0.421988443731085 0.0
-0.645259074522639 -0.360310421756579 0.0
-0.642590014344733 -0.298501504318574 0.0
-0.640000917095635 -0.236398409839482 0.0
-0.636763815424258 -0.174021583209436 0.0
-0.633670949977681 -0.111521059907368 0.0
-0.630619455697267 -0.0488440487121578 0.0
-0.627592680970112 0.0140525175641419 0.0
-0.624601264191856 0.077208533970469 0.0
-0.621670569494589 0.140666891581607 0.0
-0.61883916696805 0.204475973236422 0.0
-0.616163844985951 0.268685216077004 0.0
-0.613735349486265 0.333326819932502 0.0
-0.611724264811176 0.398357096365345 0.0
-0.610527875831891 0.463480658919577 0.0
-0.611227509423967 0.527584161183615 0.0
-0.595725918980298 -0.609067883924163 0.0
-0.592975833998321 -0.547663847046225 0.0
-0.590076173335639 -0.486136114736898 0.0
-0.587130644535512 -0.424484403186442 0.0
-0.584204934388858 -0.362662722196868 0.0
-0.58149419863585 -0.300704970367636 0.0
-0.578740546578953 -0.238623675765918 0.0
-0.575673151082539 -0.176324435546243 0.0
-0.57264465898317 -0.113853614737584 0.0
-0.569647062314355 -0.0512081842883353 0.0
-0.566685931544575 0.0116212163110134 0.0
-0.563783007482315 0.0746404681774485 0.0
-0.560974229731504 0.137845206517809 0.0
-0.558311350428526 0.201210228556677 0.0
-0.555867733556424 0.264668817085402 0.0
-0.553750170387919 0.328077186284949 0.0
-0.552117859615548 0.391156542781101 0.0
-0.551165986787271 0.45341381566124 0.0
-0.550087281919217 0.514081136446176 0.0
-0.534524773995138 -0.611618893950402 0.0
-0.531744838148513 -0.550212692934976 0.0
-0.528878605374167 -0.488677011497654 0.0
-0.525995688698684 -0.427000191544672 0.0
-0.523157820403088 -0.365180529105005 0.0
-0.520414127426835 -0.30325193792571 0.0
-0.517607508410156 -0.241199856907474 0.0
-0.51464315673832 -0.178981770813111 0.0
-0.511686471248883 -0.116623632629794 0.0
-0.508758205219173 -0.0541389049121401 0.0
-0.505876747168401 0.0084566049235506 0.0
-0.503070323243144 0.07113660249607 0.0
-0.500377878649766 0.133856796020879 0.0
-0.49784893513025 0.196546528624485 0.0
-0.495542121511827 0.259099077960917 0.0
-0.493517044188493 0.321366250386847 0.0
-0.491793939444372 0.383165507544557 0.0
-0.490101253185041 0.444315338565619 0.0
-0.4872461408702 0.504887998410919 0.0
-0.47331286025477 -0.614232647128974 0.0
-0.470527087427234 -0.552837260080484 0.0
-0.46770373218612 -0.491317986742978 0.0
-0.464884359002862 -0.429671930649779 0.0
-0.462100384143501 -0.367908609360722 0.0
-0.459348934838707 -0.306045234569838 0.0
-0.456541046538421 -0.24407482514939 0.0
-0.453647540411436 -0.181987377231964 0.0
-0.450752921854271 -0.119807169041179 0.0
-0.447884082239119 -0.0575594154936829 0.0
-0.445063682680804 0.00472442372885086 0.0
-0.442319388531746 0.0670021642350078 0.0
-0.439684062526451 0.129217497657949 0.0
-0.437192784898832 0.191298598896415 0.0
-0.434875125384556 0.253158814252034 0.0
-0.432732966516536 0.314702247252833 0.0
-0.430661017462486 0.375833908721994 0.0
-0.428217308565872 0.436498049693192 0.0
-0.423964423967836 0.49670783486828 0.0
-0.412091511861103 -0.61693468932826 0.0
-0.409315773851285 -0.555565502864517 0.0
-0.406537507600957 -0.494084942500615 0.0
-0.403772128238025 -0.432494726731157 0.0
-0.401026295906613 -0.37080570254217 0.0
-0.398280925450738 -0.309030827682355 0.0
-0.395486564779359 -0.247173247335047 0.0
-0.392637738083309 -0.185240098481006 0.0
-0.389781792999349 -0.123257138887287 0.0
-0.386943500405133 -0.0612543363410319 0.0
-0.384144096463164 0.000732834274421653 0.0
-0.381406206385406 0.0626620760408447 0.0
-0.378752827621609 0.12448389863859 0.0
-0.376202506678188 0.186143017614441 0.0
-0.373757528204943 0.247580281526026 0.0
-0.371371851869652 0.308736509080613 0.0
-0.368866666326736 0.369562332952293 0.0
-0.365741457733772 0.430047221197124 0.0
-0.361264408737706 0.490389698583507 0.0
-0.350851298237368 -0.61971892472943 0.0
-0.348096090868291 -0.558381830329379 0.0
-0.345361256557864 -0.496946390150564 0.0
-0.342639480422314 -0.435416510471196 0.0
-0.339920570256169 -0.373803550035679 0.0
-0.337182050608052 -0.312120316703509 0.0
-0.33439595843138 -0.25037671729088 0.0
-0.331564509076287 -0.188587483332491 0.0
-0.32871637720183 -0.126777748736832 0.0
-0.325871666579921 -0.0649761641150321 0.0
-0.323047700222539 -0.00321456973770265 0.0
-0.320260821527645 0.0584722860557408 0.0
-0.317524304816292 0.120047461759603 0.0
-0.314842025763435 0.181473772286995 0.0
-0.312193466539956 0.242716172067364 0.0
-0.309499031591774 0.303748422146849 0.0
-0.306552074771232 0.364571078052663 0.0
-0.302996332432831 0.425268265496388 0.0
-0.298799854862466 0.486078573821251 0.0
-0.289577948588013 -0.622546358342938 0.0
-0.28685182570952 -0.561237111015973 0.0
-0.284157126430274 -0.499840543753934 0.0
-0.281468243594376 -0.438361740087466 0.0
-0.278764661451905 -0.376812172932595 0.0
-0.276024796296583 -0.315204936511777 0.0
-0.273232121184108 -0.253552998305261 0.0
-0.270390690121477 -0.19187304260886 0.0
-0.267518961592664 -0.130187419850233 0.0
-0.264632327258082 -0.0685204733847674 0.0
-0.261743879947545 -0.00689781579347981 0.0
-0.258864321130246 0.054654433024274 0.0
-0.25599908348519 0.116110541213599 0.0
-0.253141193483471 0.177447199974276 0.0
-0.250256234829802 0.238646492349219 0.0
-0.247255178852754 0.299704089123832 0.0
-0.243972338024914 0.360648237782289 0.0
-0.24025081677672 0.421563258537428 0.0
-0.236154059093098 0.482507111535469 0.0
-0.228257337344018 -0.625356778817221 0.0
-0.225568386700659 -0.564064295587574 0.0
-0.222909780697577 -0.502692119102263 0.0
-0.220242974191566 -0.441246009287416 0.0
-0.217542241167641 -0.379737185527836 0.0
-0.214788422192965 -0.318178481626475 0.0
-0.211971349830902 -0.256583390192012 0.0
-0.209095133260091 -0.194967754391057 0.0
-0.206172347879324 -0.133350372595948 0.0
-0.20321454005687 -0.0717509047553056 0.0
-0.200231207870206 -0.010189283807351 0.0
-0.19722870916718 0.0513150475719986 0.0
-0.194207067372504 0.112743997908459 0.0
-0.191153223218927 0.174083022803441 0.0
-0.188029298855482 0.23532478767983 0.0
-0.184759778167907 0.296478417452373 0.0
-0.181243345772817 0.357584208214598 0.0
-0.177420012506916 0.418716056486626 0.0
-0.173295796606198 0.479963598284197 0.0
-0.166879248785705 -0.628082460811601 0.0
-0.164235199347942 -0.566792278177255 0.0
-0.161608321011275 -0.505425945865744 0.0
-0.158953053760017 -0.443989832599019 0.0
-0.156242634246954 -0.38249474169226 0.0
-0.153461189001151 -0.320952773609953 0.0
-0.150602610213528 -0.259376654227535 0.0
-0.147670811699106 -0.197780405652445 0.0
-0.144674897238252 -0.136179593461022 0.0
-0.14162353279819 -0.0745901586476172 0.0
-0.13852346014896 -0.0130281680201925 0.0
-0.135378083960991 0.0484907029764972 0.0
-0.132184634269034 0.109951735175853 0.0
-0.128929240300376 0.171342964400517 0.0
-0.125581169608699 0.232657930148684 0.0
-0.122094018483525 0.293901322348612 0.0
-0.118429789086951 0.355092425279564 0.0
-0.11460244853292 0.41625779736625 0.0
-0.11060520301065 0.477418983664293 0.0
-0.105439278196166 -0.630659677328021 0.0
-0.102846813658867 -0.56935676957508 0.0
-0.100246970899452 -0.507977150035608 0.0
-0.0975932418603749 -0.44652802712988 0.0
-0.0948613327863234 -0.385019813012863 0.0
-0.0920393872371287 -0.323463648109522 0.0
-0.0891244104532141 -0.26187097978927 0.0
-0.0861202857492649 -0.200253876720108 0.0
-0.0830339618358019 -0.138625325444879 0.0
-0.0798719017339906 -0.0769986705809566 0.0
-0.0766386996478898 -0.0153877213056599 0.0
-0.0733358325079518 0.0461934661569432 0.0
-0.0699597421202679 0.1077307813764 0.0
-0.0664995594344257 0.169211227373077 0.0
-0.062937332792903 0.230624114352226 0.0
-0.0592577597248869 0.291962755735066 0.0
-0.0554749227751962 0.35322219745563 0.0
-0.0516664476514449 0.414391014236607 0.0
-0.048133071783755 0.475481587292551 0.0
-0.0439398053300936 -0.633036737684199 0.0
-0.0414034593358421 -0.571707458969949 0.0
-0.0388253109144685 -0.510297204486425 0.0
-0.0361636903007544 -0.448814318883664 0.0
-0.0333996465541303 -0.387268859590526 0.0
-0.0305259266626947 -0.325670857278908 0.0
-0.0275422158484021 -0.264030241644535 0.0
-0.0244524770148504 -0.202357145471865 0.0
-0.0212621048348088 -0.140662370467692 0.0
-0.0179756607761225 -0.0789572024634074 0.0
-0.0145958567042035 -0.0172537306986631 0.0
-0.0111227852335212 0.0444352722654591 0.0
-0.00755322985843998 0.106096534452075 0.0
-0.00388106346880517 0.167717507393568 0.0
-0.000101907732088994 0.229287628614165 0.0
0.0037728337122514 0.290800803885894 0.0
0.00768810987550356 0.352258090733195 0.0
0.0114828406658983 0.41367758326212 0.0
0.0147393227892348 0.475085357433656 0.0
0.0176105093154683 -0.635178768030927 0.0
0.0200895399856292 -0.5738119785612 0.0
0.0226523931109633 -0.512356829586524 0.0
0.0253308023725726 -0.450822917677882 0.0
0.0281362463201383 -0.389219806717964 0.0
0.0310710815594257 -0.327556163799536 0.0
0.0341332998125052 -0.265840128643559 0.0
0.0373189386459992 -0.204079759660216 0.0
0.0406239926314531 -0.14228366800866 0.0
0.044045730167319 -0.0804610440635668 0.0
0.047583177514835 -0.0186220737595149 0.0
0.0512371544200288 0.0432221753660329 0.0
0.0550095048217796 0.105059962666232 0.0
0.0589000986297789 0.166880029539547 0.0
0.0628985061396811 0.228672506877271 0.0
0.0669660798149049 0.290430675039818 0.0
0.0710011802178649 0.352152112515247 0.0
0.0747776993839475 0.41383200355867 0.0
0.0779061029083481 0.475421144438073 0.0
0.0791977007008477 -0.637070154848979 0.0
0.0816225226914248 -0.575657804100816 0.0
0.0841777660226129 -0.514147182206902 0.0
0.0868812362609516 -0.452548875678024 0.0
0.0897357207710791 -0.390871533148329 0.0
0.0927388109808265 -0.329122026980893 0.0
0.0958866489918783 -0.267306311877649 0.0
0.0991755352588149 -0.205430056123723 0.0
0.102602925904963 -0.14349941508781 0.0
0.106167946143752 -0.0815211960948472 0.0
0.10987123518746 -0.0195033753386621 0.0
0.113714093673855 0.0425448931300932 0.0
0.117696214488568 0.10461320653814 0.0
0.121810415917734 0.166690411328466 0.0
0.126031533331652 0.228764156113687 0.0
0.130295720279137 0.290820173858846 0.0
0.134466379909548 0.352837718036587 0.0
0.138294918175334 0.414774874042341 0.0
0.141415189485408 0.476551198682257 0.0
0.140804271706382 -0.638715748531602 0.0
0.143182783817042 -0.57725322815282 0.0
0.145739225787661 -0.515680492652646 0.0
0.148475050381365 -0.454008355097549 0.0
0.151384207354924 -0.392243833024475 0.0
0.154460143122236 -0.330391415099012 0.0
0.157697800250646 -0.268454367758035 0.0
0.161094148893748 -0.206435522727114 0.0
0.164648323937639 -0.144338152968725 0.0
0.168361431984505 -0.0821662506694446 0.0
0.172235743137773 -0.0199251923794478 0.0
0.17627297136129 0.0423779841944437 0.0
0.180470741765622 0.104733969572612 0.0
0.184815731508025 0.167130661704155 0.0
0.189271068584627 0.229550968234239 0.0
0.193755608381014 0.291969256255311 0.0
0.198114966903847 0.354343377044117 0.0
0.202091375396861 0.416602489264038 0.0
0.205302034475373 0.478641517744119 0.0
0.202410366723568 -0.640141601080923 0.0
0.204755037485567 -0.578628096198729 0.0
0.207321925550041 -0.516990702737624 0.0
0.21009577403282 -0.455239166771726 0.0
0.213062702735738 -0.393377943735778 0.0
0.216213093520127 -0.331408459578478 0.0
0.21954149515252 -0.269330710139935 0.0
0.223046055175072 -0.207144116493617 0.0
0.226727912274257 -0.144848442251354 0.0
0.230590415915921 -0.0824441413255638 0.0
0.23463775734115 -0.0199331675071731 0.0
0.23887257513195 0.0426804427197539 0.0
0.243291613134135 0.105389349669556 0.0
0.247878150995093 0.16818129402834 0.0
0.252589377209036 0.231035089135056 0.0
0.257337356980192 0.293914511567331 0.0
0.261963052058171 0.35675804368349 0.0
0.266202311284862 0.419465978917491 0.0
0.269630607336506 0.481891699537923 0.0
0.26399566786711 -0.641395718579561 0.0
0.266322356856459 -0.579834661705154 0.0
0.268908142257777 -0.518134303760149 0.0
0.271723192246484 -0.456301629741266 0.0
0.274747854091347 -0.394337559158202 0.0
0.277970840972411 -0.332239779535137 0.0
0.281387185477772 -0.270004383934751 0.0
0.284996755572534 -0.207626669890976 0.0
0.288803072894913 -0.145101988298942 0.0
0.292812104397697 -0.0824260500734174 0.0
0.297030513849452 -0.019595770049491 0.0
0.301462909158201 0.0433899627787474 0.0
0.306107280580678 0.106528594290673 0.0
0.310947708626428 0.169811347803221 0.0
0.315943034083073 0.233217534881859 0.0
0.321010227792196 0.296705761287728 0.0
0.325999265995666 0.360199445421238 0.0
0.330648829217002 0.423566172741928 0.0
0.334487770481787 0.486593159643432 0.0
0.325540811383507 -0.642548917899064 0.0
0.327866384520729 -0.580948505871583 0.0
0.330477050028379 -0.519191204291759 0.0
0.333333056459081 -0.457279543468679 0.0
0.336411679452957 -0.395210135773994 0.0
0.339701428221841 -0.332976351392641 0.0
0.343198649849184 -0.270569791448433 0.0
0.34690540494469 -0.207980848804072 0.0
0.350827919942037 -0.145199295726516 0.0
0.354975143431762 -0.0822143364974394 0.0
0.359356854097914 -0.0190152341114211 0.0
0.363980931629877 0.0444080593167106 0.0
0.368849229454187 0.10806319144837 0.0
0.373951594662532 0.171952517299347 0.0
0.379257211951272 0.236066406434419 0.0
0.384701808380012 0.300371896202355 0.0
0.39016466455834 0.364791613513891 0.0
0.395415207986851 0.429166279171926 0.0
0.399967110329511 0.493191270937437 0.0
0.387028040906786 -0.643695599529766 0.0
0.389366670883398 -0.582069139929447 0.0
0.392003990107125 -0.520265223448438 0.0
0.394896527824252 -0.458280956672985 0.0
0.398021112365255 -0.396108120335928 0.0
0.401367380710226 -0.333735550737243 0.0
0.404933611366707 -0.271150110117395 0.0
0.40872429012186 -0.20833668631621 0.0
0.412748432409256 -0.145278225322392 0.0
0.417018105760101 -0.0819552217368988 0.0
0.421546626277716 -0.0183457311232246 0.0
0.426346206197129 0.045574732458292 0.0
0.431424851091347 0.109832410807958 0.0
0.436782669801508 0.174453591991902 0.0
0.442407557862433 0.239459235287047 0.0
0.448269493828306 0.304854160324335 0.0
0.45430715259008 0.370601877530914 0.0
0.460382012680319 0.436565404762929 0.0
0.466108671253157 0.502366324592914 0.0
0.448441256576827 -0.644953769183833 0.0
0.450799963633785 -0.583319467145746 0.0
0.453460384790255 -0.521484045622139 0.0
0.456380313273097 -0.459438057829101 0.0
0.459538487352922 -0.397169000326495 0.0
0.462926535808537 -0.334662174676715 0.0
0.466544775001322 -0.27190038666201 0.0
0.470399871051616 -0.208862989599941 0.0
0.474503260641355 -0.145525112799168 0.0
0.478869784519974 -0.0818563107484073 0.0
0.483516102480357 -0.0178195045073507 0.0
0.488458886980663 0.0466306691363378 0.0
0.493713015779384 0.11154948693497 0.0
0.499290681437803 0.177004386048398 0.0
0.505202692165357 0.243076199282319 0.0
0.511463882053643 0.309859205273854 0.0
0.518102886718655 0.377451978210749 0.0
0.525168210451412 0.445911354774582 0.0
0.532667544035177 0.515055348358689 0.0
