-0.732684775818682 -0.662336597229544 0.0
0.495506241780597 -0.704825773998198 0.0
-0.690634429454803 0.61237245798111 0.0
0.61237245798111 0.61237245798111 0.0
-0.671508053310463 -0.665088480597844 0.0
0.497562059998696 -0.643436603681028 0.0
0.537841860893082 0.585314278861086 0.0
-0.68335936911552 0.539024257957998 0.0
-0.610314156112188 -0.667577435756786 0.0
0.499969092867819 -0.581842164339138 0.0
0.466685978083179 0.569789860871757 0.0
-0.683070005207817 0.469631765591767 0.0
-0.549124871844104 -0.670072147782289 0.0
0.502670346993689 -0.52002527760691 0.0
0.398057028718412 0.559683238661789 0.0
-0.684472292223462 0.402563618731099 0.0
-0.487932517053377 -0.672614687140974 0.0
0.505635000862479 -0.457974061995755 0.0
0.331080100433139 0.552730922328646 0.0
-0.68655546808577 0.336916566121707 0.0
-0.426729317192024 -0.675223112610011 0.0
0.508848897463311 -0.395676802812238 0.0
0.265222886589032 0.547866483607844 0.0
-0.689018554374235 0.272199873608605 0.0
-0.365500590572816 -0.677897889084794 0.0
0.51230943559696 -0.333119301913906 0.0
0.200159069594928 0.544510843597953 0.0
-0.691724797369471 0.208130699864026 0.0
-0.304227354724489 -0.680611485423361 0.0
0.516022917142542 -0.270283200077671 0.0
0.135673938696912 0.54231791564676 0.0
-0.694592247045901 0.144537462916477 0.0
-0.24289163545065 -0.683315112419186 0.0
0.520003182329314 -0.20714428092906 0.0
0.0716112813307724 0.541058584337773 0.0
-0.697563844697834 0.0813120961737666 0.0
-0.181481192323029 -0.685950455718593 0.0
0.524270778455479 -0.143670986258157 0.0
0.00784100657355072 0.540537396214388 0.0
-0.700597296557528 0.0183851231869369 0.0
-0.119991876672369 -0.688460628830739 0.0
0.528852297369698 -0.0798220876614278 0.0
-0.0557589811938362 0.54033854857459 0.0
-0.703661827489044 -0.0442867742122246 0.0
-0.0584286048434929 -0.690798287106647 0.0
0.533779600781688 -0.0155441558752589 0.0
-0.118705661347773 0.542337494048684 0.0
-0.706740680486874 -0.106727169916069 0.0
0.00319539933219798 -0.692930748839939 0.0
0.539089174647337 0.049232408830758 0.0
-0.181228157811473 0.545242628965775 0.0
-0.709852705404031 -0.168941331601325 0.0
0.0648599401660879 -0.694842774910127 0.0
0.544822330782912 0.114598905925912 0.0
-0.243783913948366 0.547307974248547 0.0
-0.713185156678896 -0.230918464279209 0.0
0.12654002723718 -0.696537943275924 0.0
0.551028186060868 0.180677700191324 0.0
-0.306493299982769 0.550486887773497 0.0
-0.715664968058064 -0.292816217662194 0.0
0.188207535299952 -0.698039316635435 0.0
0.557772765283774 0.247637524773218 0.0
-0.369460794568254 0.554465641843946 0.0
-0.71832778305323 -0.354727392676234 0.0
0.249833823611075 -0.69938983903073 0.0
0.565161064085906 0.315723431826678 0.0
-0.432809465772512 0.561260740983077 0.0
-0.721477250371767 -0.416535131247102 0.0
0.311392428865593 -0.700652503423652 0.0
0.573387030000955 0.385316132222589 0.0
-0.496381858530156 0.568873675690799 0.0
-0.724446368412173 -0.478176693839755 0.0
0.372862156624618 -0.701910031325199 0.0
0.58285975425547 0.457056622142657 0.0
-0.560017969288384 0.575940471008598 0.0
-0.72739068916141 -0.539662207581819 0.0
0.434231885578189 -0.703263278642771 0.0
0.594620247401225 0.532104902172861 0.0
-0.624893127201276 0.588235233731949 0.0
-0.73000599690799 -0.601043243924766 0.0
-0.668858518358442 -0.603789049625149 0.0
-0.666209577955279 -0.542375843780663 0.0
-0.663299800552542 -0.480835802780281 0.0
-0.66035166730321 -0.419226918937813 0.0
-0.657306600726466 -0.357553375513328 0.0
-0.654629479109883 -0.295758994198497 0.0
-0.652016663046929 -0.233680817430681 0.0
-0.648759396099193 -0.171333260016793 0.0
-0.645639660651989 -0.108871912247252 0.0
-0.642560868248204 -0.0462460665471758 0.0
-0.639512795195801 0.0165854148372282 0.0
-0.636514116754316 0.0796607827389936 0.0
-0.633601054611633 0.143021733544537 0.0
-0.630827449469195 0.206716278453254 0.0
-0.628272253127875 0.270795008152285 0.0
-0.626059437050088 0.33529396602482 0.0
-0.624411266167695 0.400177442877576 0.0
-0.62380861221189 0.465161262761183 0.0
-0.625467236504614 0.529127186666376 0.0
-0.607678836053378 -0.606266777620411 0.0
-0.604966040920939 -0.54486367533577 0.0
-0.60209368334286 -0.483337935324043 0.0
-0.599163336387656 -0.421690375596561 0.0
-0.596239556905718 -0.359877339727329 0.0
-0.59351532506845 -0.297932935967329 0.0
-0.590737143158809 -0.235868544059526 0.0
-0.587642373029087 -0.173592572485693 0.0
-0.584581064435732 -0.11115113780174 0.0
-0.581549817225727 -0.0485413835557917 0.0
-0.578560084003958 0.0142462757428144 0.0
-0.575641235881966 0.0772186835981693 0.0
-0.572839520755283 0.140373512269088 0.0
-0.570220957538867 0.20368906263123 0.0
-0.56787894326891 0.267103880794265 0.0
-0.565948613912201 0.330480808864794 0.0
-0.564628989070936 0.393546246162744 0.0
-0.564166042493535 0.455801690253534 0.0
-0.563731745326037 0.51645199858852 0.0
-0.54647097740552 -0.60877163311112 0.0
-0.543728553979754 -0.547364514239095 0.0
-0.540887340140239 -0.485828579031493 0.0
-0.538015156194592 -0.424153180679984 0.0
-0.535173245082119 -0.362337115007749 0.0
-0.53241120813235 -0.300413908086511 0.0
-0.529575834695499 -0.238369115220349 0.0
-0.526576925049444 -0.176160713751917 0.0
-0.523580399102185 -0.113813683610433 0.0
-0.52061101283844 -0.0513403518138828 0.0
-0.517692609374653 0.0112451047848701 0.0
-0.514860619014081 0.0739186942351268 0.0
-0.512163672171127 0.136639142249014 0.0
-0.509664439677941 0.199339320618953 0.0
-0.507439355607858 0.261915820941304 0.0
-0.505571459056604 0.324221890600356 0.0
-0.504107917229395 0.386071768561723 0.0
-0.502782217848393 0.447274548068026 0.0
-0.500272496693212 0.507903207661825 0.0
-0.48525035272243 -0.611323888305894 0.0
-0.482501970980979 -0.549923787671557 0.0
-0.479700422589289 -0.488399450027556 0.0
-0.47688671721056 -0.42674847183808 0.0
-0.474092927251732 -0.3649803287073 0.0
-0.471317831472315 -0.303111798679327 0.0
-0.468475840417999 -0.241135494301615 0.0
-0.465541061295592 -0.179040851344499 0.0
-0.462599816878519 -0.116850805426989 0.0
-0.459682770932265 -0.0545890473609769 0.0
-0.456817751297138 0.00771466397501139 0.0
-0.454039289023825 0.0700198707846748 0.0
-0.451389401545372 0.132271620157963 0.0
-0.44891529323002 0.194398306546348 0.0
-0.446662062950543 0.256311074212667 0.0
-0.444649356839416 0.317907506589491 0.0
-0.442783176309044 0.379079630075778 0.0
-0.440590385423015 0.439753079800794 0.0
-0.436436640329109 0.499923101182384 0.0
-0.424019583330551 -0.613948194856259 0.0
-0.421280577201185 -0.552569707916067 0.0
-0.418520428292462 -0.491078156738894 0.0
-0.415755590159976 -0.429475520225268 0.0
-0.412994458102289 -0.367772370854026 0.0
-0.410220260478779 -0.305981050283546 0.0
-0.407386575580083 -0.244103992737939 0.0
-0.404490704138727 -0.182147446984317 0.0
-0.401582332823802 -0.120135967077779 0.0
-0.398689836799697 -0.0580984017788509 0.0
-0.395839297936596 0.00393059538111789 0.0
-0.393059699162746 0.0659089012491182 0.0
-0.390382268930666 0.127785988238388 0.0
-0.387835835319263 0.189503492523235 0.0
-0.385434336979426 0.250996000512173 0.0
-0.383141103228928 0.312193507581936 0.0
-0.380771731406521 0.373030408556943 0.0
-0.377771189986039 0.433476862052458 0.0
-0.373318305685755 0.493732457254028 0.0
-0.362771060613333 -0.616641643973329 0.0
-0.360051187829841 -0.555290930062493 0.0
-0.357330503100463 -0.493838886532198 0.0
-0.354604351318299 -0.432289590400766 0.0
-0.351865193917589 -0.370654033262488 0.0
-0.349093243998357 -0.308944369961798 0.0
-0.346263322928832 -0.247169774373546 0.0
-0.343380144197624 -0.185344192182988 0.0
-0.340474807952287 -0.123491980394611 0.0
-0.337570700514672 -0.0616413323635226 0.0
-0.334689402682869 0.000175799347876333 0.0
-0.331852635072779 0.0619236659919686 0.0
-0.329080202232097 0.123563031357398 0.0
-0.326383213240259 0.185052658908749 0.0
-0.323747250982072 0.24635129929168 0.0
-0.321092300113358 0.307424488950117 0.0
-0.318192324164513 0.368264672487465 0.0
-0.314645649843074 0.428957036899402 0.0
-0.31043669600425 0.48976425387234 0.0
-0.301492479478971 -0.619371224914068 0.0
-0.298799322858155 -0.558045055454238 0.0
-0.296114595511112 -0.496627528024264 0.0
-0.293416772668113 -0.435123883522247 0.0
-0.290688665113763 -0.373545244192326 0.0
-0.287911525272395 -0.31190412863148 0.0
-0.285071350720619 -0.250212901938861 0.0
-0.28217439346824 -0.188487706727733 0.0
-0.279241302132498 -0.12675053027138 0.0
-0.276290191488602 -0.0650257553146373 0.0
-0.273337509535674 -0.0033396243585616 0.0
-0.270397929737634 0.058280326382027 0.0
-0.26748120034836 0.119805968593691 0.0
-0.26458406805114 0.181210488097357 0.0
-0.26167279742592 0.242471461316521 0.0
-0.258650816784308 0.303579866592392 0.0
-0.255330805348529 0.364561712113613 0.0
-0.251531820395071 0.425504889641684 0.0
-0.247313231901779 0.486456770143765 0.0
-0.240171450506189 -0.622084023252189 0.0
-0.23751193074172 -0.560772709659164 0.0
-0.234858907128127 -0.499376948529061 0.0
-0.232178976047203 -0.437902664378584 0.0
-0.229450106034951 -0.376360780745242 0.0
-0.22665589979861 -0.314763665586102 0.0
-0.223788364670136 -0.253124365346849 0.0
-0.220853395486388 -0.191458402453469 0.0
-0.217865281774343 -0.129784493745289 0.0
-0.214837532553609 -0.0681226080029021 0.0
-0.211781884896252 -0.00649349993795418 0.0
-0.208707052822429 0.0550819490078964 0.0
-0.205615035885343 0.116583531799774 0.0
-0.202493171968301 0.177993988998611 0.0
-0.199299965993706 0.239303124311507 0.0
-0.195948699120904 0.300518427085488 0.0
-0.192318166414437 0.361682497047435 0.0
-0.188322807573744 0.422876464700688 0.0
-0.183911994554617 0.484201579644251 0.0
-0.178798991513393 -0.624719654449305 0.0
-0.176179564564155 -0.563410210402068 0.0
-0.173553648522197 -0.502019507885525 0.0
-0.170881420696393 -0.440554057465295 0.0
-0.168139844044605 -0.379024403653044 0.0
-0.165315513354593 -0.317442270949473 0.0
-0.162404025767213 -0.25582006850177 0.0
-0.159410545046429 -0.194171665888013 0.0
-0.156345245882696 -0.132512740823415 0.0
-0.153217862917119 -0.0708597268076086 0.0
-0.150036152691084 -0.00922967061972898 0.0
-0.146804216711985 0.0523601796154191 0.0
-0.143519061386379 0.113892849277326 0.0
-0.140164506304024 0.175353418916116 0.0
-0.136703617996063 0.236731951640602 0.0
-0.133078286464139 0.298029580893781 0.0
-0.129233360745163 0.359261856259055 0.0
-0.125156844471602 0.420449404271764 0.0
-0.120751686175595 0.481602783494019 0.0
-0.117371282114531 -0.627220914050815 0.0
-0.114797378403097 -0.565899685859497 0.0
-0.11219366496536 -0.504496619460601 0.0
-0.109519456303248 -0.443018981558158 0.0
-0.106753873878892 -0.381476918688399 0.0
-0.103887026085987 -0.319881249768303 0.0
-0.100917030250754 -0.258243202530781 0.0
-0.0978483716251512 -0.19657482377824 0.0
-0.0946883008855808 -0.134889366610422 0.0
-0.0914433465930069 -0.0732008370537256 0.0
-0.0881177978403083 -0.0115242213722902 0.0
-0.0847121124540766 0.0501245866004952 0.0
-0.0812203684084283 0.111728809462762 0.0
-0.0776270045359723 0.173271780065696 0.0
-0.0739059185558285 0.234737957167093 0.0
-0.0700295932985142 0.296114244247369 0.0
-0.0659958008208382 0.357386662665086 0.0
-0.0618575090945851 0.418531008339223 0.0
-0.0579199045438719 0.479561594537906 0.0
-0.0558906132658345 -0.629541355327072 0.0
-0.0533656757729393 -0.568195873158776 0.0
-0.0507786996925665 -0.506764557826072 0.0
-0.0480934011873135 -0.445255656436677 0.0
-0.045293604767869 -0.383678905980042 0.0
-0.0423733306560923 -0.322044034559077 0.0
-0.0393326715412064 -0.260360814585361 0.0
-0.0361754454180767 -0.198639441607497 0.0
-0.0329064711767474 -0.136891072851493 0.0
-0.0295292592819526 -0.0751277318850852 0.0
-0.0260447732508168 -0.0133627352895001 0.0
-0.0224502484597484 0.0483893055792302 0.0
-0.0187378754284177 0.110112554213875 0.0
-0.0148944024155504 0.171791120890719 0.0
-0.0109051043464794 0.233410423558267 0.0
-0.00676769189057886 0.294960089032083 0.0
-0.00252098473462543 0.356438111034739 0.0
0.00168172999897006 0.41786737478259 0.0
0.00536210915836957 0.479292367282099 0.0
0.00563504886754326 -0.631649903372908 0.0
0.00811060750902384 -0.570269983930984 0.0
0.0106871963830726 -0.508797342627542 0.0
0.0133921081081318 -0.44724125611062 0.0
0.0162349783628681 -0.385610876316981 0.0
0.0192177331618033 -0.323914558498032 0.0
0.0223387462019055 -0.262160309550363 0.0
0.0255950204423204 -0.200356272202865 0.0
0.0289840854118452 -0.13851139978468 0.0
0.032505462943801 -0.0766355377484879 0.0
0.0361614519433547 -0.0147399048062024 0.0
0.0399576107867667 0.0471629624009449 0.0
0.0439025479418222 0.109059400047034 0.0
0.0480054555493896 0.170935858781086 0.0
0.0522679190072274 0.232780100256724 0.0
0.056665017131163 0.294583653344647 0.0
0.0611058018812467 0.356344639964089 0.0
0.0653559270872269 0.418062002725477 0.0
0.0689909650434598 0.479677673839812 0.0
0.0671929187080579 -0.633533294802263 0.0
0.0696225492814324 -0.572111637651834 0.0
0.0721961380155163 -0.510588009631922 0.0
0.0749284644187039 -0.448972414360674 0.0
0.0778216360255499 -0.387272988676408 0.0
0.0808737503565696 -0.325496276119557 0.0
0.0840821614986599 -0.263648097543797 0.0
0.0874449880415189 -0.201734173469858 0.0
0.0909622148032955 -0.139760900019082 0.0
0.0946364500139806 -0.0777355310373101 0.0
0.0984731283007325 -0.0156667186990069 0.0
0.102480100535483 0.0464354631623916 0.0
0.106665804817463 0.108559467036146 0.0
0.111034220285216 0.170692854198229 0.0
0.115573286777235 0.23282203517438 0.0
0.120232016056136 0.294931883269202 0.0
0.124880636847355 0.357001152295835 0.0
0.12926447816136 0.418984449356734 0.0
0.133003209975177 0.480790804025031 0.0
0.128767022598782 -0.635197318128515 0.0
0.131158416289456 -0.573729880760261 0.0
0.13373721740134 -0.512149315681338 0.0
0.136503664588631 -0.450465601038704 0.0
0.139452327606786 -0.388685180271668 0.0
0.142578114818335 -0.326812223028533 0.0
0.145877996522442 -0.264849865420251 0.0
0.149351598669442 -0.202800940975536 0.0
0.153001564228464 -0.140668824602183 0.0
0.156833686380472 -0.0784576979143139 0.0
0.160856497885174 -0.0161732117154964 0.0
0.165079971680512 0.046177239272075 0.0
0.169512309928675 0.108583913330198 0.0
0.174153053081575 0.1710342107574 0.0
0.178979595002536 0.233510454971592 0.0
0.183923984725552 0.295986115439844 0.0
0.188839928727121 0.358416760375372 0.0
0.193469866266714 0.420726013248155 0.0
0.197426350283173 0.482800258613619 0.0
0.190339231486688 -0.636667525223074 0.0
0.192704024895232 -0.575153879430073 0.0
0.195296397188084 -0.51351433115264 0.0
0.198101956200779 -0.451757629370404 0.0
0.201108751661526 -0.38988768666316 0.0
0.204309517476933 -0.327905684770581 0.0
0.207701577197329 -0.265811530858059 0.0
0.21128651514048 -0.203604617632987 0.0
0.215069905888826 -0.141284683525084 0.0
0.219060930780735 -0.0788521266618746 0.0
0.223271438832601 -0.0163087934618563 0.0
0.227713959667207 0.0463414509252672 0.0
0.232397617761285 0.109091498267146 0.0
0.23732042861352 0.17192932813615 0.0
0.242455767761501 0.234833801195204 0.0
0.247731377209121 0.297767974850231 0.0
0.253000700264169 0.360667720289536 0.0
0.258006661809945 0.423427714641007 0.0
0.262324436910254 0.485893683442506 0.0
0.25189102525382 -0.63798981174737 0.0
0.254243619044726 -0.57643356360723 0.0
0.256856913895731 -0.514737050838165 0.0
0.259704073004611 -0.452906288936005 0.0
0.262768539058282 -0.390941829701743 0.0
0.266042119058133 -0.328841282301346 0.0
0.269523254389025 -0.266600751976529 0.0
0.273215944182263 -0.204215524345856 0.0
0.277128997566288 -0.141680844692302 0.0
0.281275281713285 -0.0789921765227499 0.0
0.28567043689176 -0.0161460055460681 0.0
0.290330546346099 0.0468594245579937 0.0
0.295267851513219 0.110022435956896 0.0
0.300483426145126 0.173335302862423 0.0
0.305955300071497 0.236778309441679 0.0
0.311620658319805 0.300310306960559 0.0
0.317348882976487 0.363853062105797 0.0
0.322894141401191 0.427269296143175 0.0
0.327789803300826 0.490338215864451 0.0
0.313404794146341 -0.639230886964791 0.0
0.315760087068851 -0.577640112052005 0.0
0.318399153524431 -0.515892824314542 0.0
0.321287097220315 -0.453990900573226 0.0
0.324405148661634 -0.391930923224564 0.0
0.327745441757314 -0.329706432797206 0.0
0.331308228682827 -0.267309200003563 0.0
0.335100293389441 -0.204729682444441 0.0
0.339133910298774 -0.141957547065991 0.0
0.343425904896222 -0.0789816673493205 0.0
0.34799626411627 -0.0157906883139559 0.0
0.352865881459831 0.0476264155529588 0.0
0.358052824979272 0.111278701107219 0.0
0.363566624976944 0.175170387868155 0.0
0.369399730882859 0.239294028298176 0.0
0.375514637954519 0.303618655701109 0.0
0.381820121770158 0.368067531001445 0.0
0.388114134111088 0.432478518492544 0.0
0.393926130919486 0.496538250986314 0.0
0.374864422549135 -0.640478363739003 0.0
0.377234431426381 -0.578865848295796 0.0
0.379900149901163 -0.517078212747195 0.0
0.382824147759884 -0.455112553477398 0.0
0.385987640383986 -0.392961037443842 0.0
0.38938419792151 -0.330612936857506 0.0
0.393016366755032 -0.268055471088027 0.0
0.396893846150941 -0.205273747956253 0.0
0.401032360551411 -0.142250750224337 0.0
0.40545272295267 -0.0789667678583499 0.0
0.41017957948552 -0.0153993262084574 0.0
0.415239617531561 0.0484770335884848 0.0
0.420659059749571 0.112690120488028 0.0
0.426460702292502 0.177268552713098 0.0
0.432660646539852 0.242236511847767 0.0
0.439264150614466 0.307602857128947 0.0
0.446253836964319 0.373335217828943 0.0
0.453542397159659 0.439298173092951 0.0
0.460788947099685 0.50510577404489 0.0
0.436255416510631 -0.641839639260678 0.0
0.438645435865999 -0.580222673251655 0.0
0.441333916442825 -0.518410270002652 0.0
0.444284843513597 -0.456393572864119 0.0
0.44748140507593 -0.394160716587088 0.0
0.450919310593941 -0.331697609830249 0.0
0.454603407599189 -0.268987632299875 0.0
0.458545970293912 -0.206010668799098 0.0
0.46276569127296 -0.142742301042229 0.0
0.467286887749008 -0.0791523889316665 0.0
0.472138518774053 -0.0152039081257868 0.0
0.477353050803341 0.0491488469924158 0.0
0.482965497717621 0.113962095686188 0.0
0.489013810021793 0.179305098652182 0.0
0.495542372392796 0.245261782422056 0.0
0.502611295434026 0.311931282150148 0.0
0.510312598278655 0.379419140529771 0.0
0.518784743722196 0.447790004391494 0.0
0.528152270102603 0.516861484530395 0.0
