-0.554425762964004 -0.674588390954782 0.0
0.680473141379211 -0.709613218137391 0.0
-0.412614512443542 0.61237245798111 0.0
0.61237245798111 0.61237245798111 0.0
-0.493298586258235 -0.677543684011513 0.0
0.681292502406318 -0.6481094201742 0.0
0.569648001428172 0.567651358546419 0.0
-0.440921967139597 0.543616681070849 0.0
-0.432182482836676 -0.680403362216112 0.0
0.682636190283855 -0.586277977256046 0.0
0.51659458778803 0.544330353195068 0.0
-0.461884042778294 0.474691344083902 0.0
-0.371112029543809 -0.683431063902677 0.0
0.684304397440959 -0.524092376786506 0.0
0.46161520318672 0.530779264194303 0.0
-0.477923706911682 0.406311981298235 0.0
-0.310053311876614 -0.686752916344081 0.0
0.686166593857985 -0.461537846740424 0.0
0.405931896307877 0.522282449997738 0.0
-0.491553296035272 0.338553866018541 0.0
-0.248946607813103 -0.690361273256161 0.0
0.688122805884219 -0.398601576150018 0.0
0.349769585299944 0.516786712238483 0.0
-0.502210054418868 0.271270559947071 0.0
-0.187719886769133 -0.694145873095455 0.0
0.69008379784158 -0.335269109145342 0.0
0.293197916695381 0.513263747023726 0.0
-0.510142594708814 0.204625508934636 0.0
-0.126308024679361 -0.697924750590586 0.0
0.691959386098487 -0.271523486742636 0.0
0.236263417716817 0.511138452604047 0.0
-0.516118569498715 0.138732323399786 0.0
-0.0646699164586338 -0.701496333546285 0.0
0.693651365705639 -0.207345259302418 0.0
0.179013629550124 0.510074242397003 0.0
-0.520765666366574 0.0735900295482629 0.0
-0.00279681185180244 -0.704685949325143 0.0
0.695049791674781 -0.142713029760584 0.0
0.121504594708733 0.509916057576651 0.0
-0.524522444142 0.00914220497761064 0.0
0.059290144688073 -0.707371395603286 0.0
0.696032146322576 -0.0776028512464005 0.0
0.0638162135370842 0.511231119836693 0.0
-0.52769158473767 -0.0546820736640414 0.0
0.121548288912829 -0.709487052963483 0.0
0.696464391265909 -0.0119864147087669 0.0
0.00512771382211539 0.510242695777227 0.0
-0.530493328533292 -0.117948411050926 0.0
0.183923236263491 -0.71101503441896 0.0
0.696201336442929 0.0541738210412997 0.0
-0.0540938725267909 0.508957475682499 0.0
-0.533127406131668 -0.180706969799966 0.0
0.246356088008773 -0.711972813483625 0.0
0.695080684005708 0.120932411432951 0.0
-0.113307868574589 0.510135267043123 0.0
-0.536114208120806 -0.242983661179583 0.0
0.308787908016274 -0.712403583170023 0.0
0.692901454078198 0.188371549229438 0.0
-0.172448364027369 0.510284491618286 0.0
-0.538028941553832 -0.305206126225351 0.0
0.371161128092383 -0.712371966262669 0.0
0.689373866995536 0.256610402967528 0.0
-0.231177610463347 0.509229012965827 0.0
-0.540061633319318 -0.367329513668835 0.0
0.433420810950845 -0.711965372947628 0.0
0.684023171801947 0.325809008285964 0.0
-0.287368062124481 0.504722248472153 0.0
-0.542792384494743 -0.429094934863545 0.0
0.49551620093749 -0.711300326436229 0.0
0.676014206221066 0.396152677865312 0.0
-0.342939770729173 0.503660817518213 0.0
-0.545604665161417 -0.490646359262958 0.0
0.557404052397134 -0.710533082563161 0.0
0.663811024302214 0.467774011815969 0.0
-0.395505541403069 0.521693364902082 0.0
-0.548577616406526 -0.552044021013032 0.0
0.619056301515117 -0.709874674348777 0.0
0.644460944832114 0.540441265400755 0.0
-0.440777483496553 0.553947075080312 0.0
-0.551444618866015 -0.613348952763209 0.0
-0.490328261979196 -0.616282459756692 0.0
-0.487419198362972 -0.554921121160886 0.0
-0.484487293796507 -0.493434362518765 0.0
-0.481735871264881 -0.431859521408917 0.0
-0.479033439413136 -0.370203703253776 0.0
-0.476868603184815 -0.308237211550716 0.0
-0.47496388581825 -0.245849079934507 0.0
-0.472292429157963 -0.183183487455828 0.0
-0.469708114119541 -0.120263662653922 0.0
-0.466970525047323 -0.0570195001809026 0.0
-0.463895375593702 0.00660252300523257 0.0
-0.460267305369472 0.0706392108614811 0.0
-0.455790778257116 0.135107927237926 0.0
-0.450035658062433 0.19999524002628 0.0
-0.442372262200776 0.265229889472319 0.0
-0.431986897692191 0.330614081708939 0.0
-0.418889406342686 0.395696715910647 0.0
-0.404900865576812 0.459892042410831 0.0
-0.387245922128047 0.522082805535211 0.0
-0.429175588886632 -0.619124430356396 0.0
-0.426226119082188 -0.55777123457804 0.0
-0.423365979469878 -0.496306139084968 0.0
-0.420674051175925 -0.434710120936898 0.0
-0.418187344561575 -0.372901816576791 0.0
-0.416086980124612 -0.310918319143183 0.0
-0.41404520511025 -0.248800550362098 0.0
-0.411645440971011 -0.186418144917913 0.0
-0.409220371279459 -0.123824668480496 0.0
-0.406643515003888 -0.0610190519832129 0.0
-0.40376194933718 0.00200224067743849 0.0
-0.400379673143155 0.065235806050923 0.0
-0.39622053685398 0.128668567328898 0.0
-0.390869169799116 0.192274597994769 0.0
-0.383649120090981 0.255994820569218 0.0
-0.373333126719043 0.319613279336398 0.0
-0.359954704284942 0.382509369866096 0.0
-0.347980258141399 0.444252332855968 0.0
-0.408440211488055 0.464148234381888 0.0
-0.3680251706212 -0.622199869114969 0.0
-0.365070995419299 -0.56090088027761 0.0
-0.362297770061414 -0.499499617460764 0.0
-0.359747087255759 -0.437971673087268 0.0
-0.35744411113107 -0.376314143988657 0.0
-0.355397631825811 -0.314571863509572 0.0
-0.353377874572795 -0.252735634392572 0.0
-0.351194729494329 -0.190763050315259 0.0
-0.348964060203975 -0.128696074591896 0.0
-0.346601743560165 -0.0665590748571357 0.0
-0.343982815540562 -0.00437175414874746 0.0
-0.340936974822375 0.0578537039522517 0.0
-0.337214507488806 0.120127991436061 0.0
-0.332408663642249 0.182517516404675 0.0
-0.325708889301895 0.245193353769199 0.0
-0.314757235792473 0.308354089222634 0.0
-0.299199812455069 0.372278623031059 0.0
-0.358911925207791 0.385235681515664 0.0
-0.352628351393311 0.445384193487998 0.0
-0.306873838545222 -0.625589383234246 0.0
-0.303947081597255 -0.564382446989703 0.0
-0.30128574791265 -0.503104445794175 0.0
-0.298885019874254 -0.441751280329694 0.0
-0.296728234774801 -0.380341063135784 0.0
-0.294762381626617 -0.318905429382303 0.0
-0.292831724061696 -0.257452830820435 0.0
-0.290836320693531 -0.195990765715116 0.0
-0.288806734199973 -0.1345703305431 0.0
-0.286684985387622 -0.0732438467629105 0.0
-0.284384273065496 -0.0120708903481297 0.0
-0.281793908203854 0.0488763828814585 0.0
-0.278771465124021 0.109505171455597 0.0
-0.275116500669056 0.169685472910812 0.0
-0.270399732450322 0.2292197743701 0.0
-0.261006800454112 0.287576968934678 0.0
-0.297655017455159 0.31962920063246 0.0
-0.296074249531768 0.382246984718464 0.0
-0.292933481056843 0.444890506479423 0.0
-0.245693179588397 -0.629270074224977 0.0
-0.24282127311002 -0.568169965789363 0.0
-0.240278797745151 -0.507040869204308 0.0
-0.238014472439783 -0.445889247772209 0.0
-0.235977660649945 -0.38473986629442 0.0
-0.234095271312357 -0.323625285558486 0.0
-0.232258797094173 -0.262571166658666 0.0
-0.230406546351845 -0.201611771107033 0.0
-0.228536554405487 -0.140808215103099 0.0
-0.226608227900634 -0.0802318819838108 0.0
-0.224565916512074 -0.0199702268197501 0.0
-0.222348179661202 0.0398642293239748 0.0
-0.219895693441115 0.0991222097268818 0.0
-0.21715776000297 0.157611542871755 0.0
-0.213922491422528 0.215148062573022 0.0
-0.213671324813211 0.272788180252656 0.0
-0.23229564139605 0.326127538608715 0.0
-0.233213620195 0.386305032669649 0.0
-0.232860418503482 0.447984644457214 0.0
-0.18443788319537 -0.633112883118685 0.0
-0.181643701037456 -0.572104213375325 0.0
-0.179216418161776 -0.511104465636425 0.0
-0.177065523275419 -0.450124238907653 0.0
-0.175117124009531 -0.389189382808941 0.0
-0.173293869500846 -0.328331214964221 0.0
-0.171514857153466 -0.267579673395445 0.0
-0.169733681066106 -0.206971017794284 0.0
-0.1679322997808 -0.146552859686922 0.0
-0.166073451425646 -0.0863722661407675 0.0
-0.164108297506213 -0.0264695752882869 0.0
-0.161983382532349 0.0331350523958762 0.0
-0.159655901084282 0.0924726310801812 0.0
-0.157147870124439 0.151697786114285 0.0
-0.155332136222134 0.211327437647965 0.0
-0.158354994652295 0.271277014471439 0.0
-0.169286380955583 0.328211620304675 0.0
-0.171564427131843 0.388009248115848 0.0
-0.172244467570752 0.448666219979006 0.0
-0.123061284829372 -0.636922415766809 0.0
-0.120365990667377 -0.575967278308914 0.0
-0.118045444873809 -0.515046377040664 0.0
-0.115981186579464 -0.45416954591279 0.0
-0.114086455753775 -0.393358114285583 0.0
-0.112286490361082 -0.332636112341298 0.0
-0.110517517982304 -0.272025443178334 0.0
-0.108741047725997 -0.211547583930645 0.0
-0.106934053326057 -0.15122186876904 0.0
-0.105066225693509 -0.0910545561120601 0.0
-0.103107007707401 -0.0310285735712279 0.0
-0.101044771562739 0.0289117971016316 0.0
-0.0989409629228672 0.0888830284898413 0.0
-0.0971600120032208 0.149091515111802 0.0
-0.0969752548123071 0.209637130954428 0.0
-0.100724257051536 0.269667496166239 0.0
-0.107809826291565 0.328334606491328 0.0
-0.110634282392359 0.388225965012824 0.0
-0.112479591018259 0.448843588539024 0.0
-0.0615301634740693 -0.640492870089505 0.0
-0.058954841077405 -0.579544672687402 0.0
-0.056733161743367 -0.51864007387502 0.0
-0.0547323285200638 -0.457785579586199 0.0
-0.0528628273575362 -0.396995444450952 0.0
-0.0510577366336111 -0.336283990475997 0.0
-0.0492679056636502 -0.275661458329587 0.0
-0.0474647858668151 -0.215132935352029 0.0
-0.0456327161941154 -0.154695160737965 0.0
-0.0437607739411877 -0.0943290217487549 0.0
-0.0418552465703717 -0.0339934411814944 0.0
-0.039972563874233 0.026379897181099 0.0
-0.0383061823981273 0.0868841940518717 0.0
-0.0373784142778099 0.147579427857392 0.0
-0.0382250314151604 0.208280291973092 0.0
-0.0419081876820818 0.268406910374187 0.0
-0.0471174073620771 0.327823685063364 0.0
-0.0503507274402542 0.387726824207472 0.0
-0.053336989114474 0.447845474439308 0.0
0.000166609671466471 -0.643653336596899 0.0
0.00260092192974476 -0.58266921499709 0.0
0.00472778766518353 -0.521723681100892 0.0
0.00668037053232251 -0.460820384512504 0.0
0.00854142242377493 -0.399967657923141 0.0
0.0103649781800863 -0.339172168615623 0.0
0.0121842822258064 -0.278435586452709 0.0
0.0140136865829404 -0.21775305039064 0.0
0.0158528751146207 -0.157110972492769 0.0
0.017686223444162 -0.0964834071115665 0.0
0.0194656827747717 -0.0358310697779186 0.0
0.0210716737117582 0.0248948853408739 0.0
0.0222382014202345 0.085731369215459 0.0
0.0224592087220433 0.146639916964215 0.0
0.0210195825164567 0.207413521011752 0.0
0.017573049728036 0.267731364551493 0.0
0.0132725108556597 0.327696768630854 0.0
0.00977255090896502 0.387958938667677 0.0
0.00612240790377737 0.448495406958561 0.0
0.0620180455444065 -0.646289594518385 0.0
0.0642922087894686 -0.585237555051748 0.0
0.0663249011618006 -0.524208940317229 0.0
0.0682369875240923 -0.463206976868102 0.0
0.0700963164124347 -0.40223713936643 0.0
0.0719398597659961 -0.341302213038738 0.0
0.0737832109892225 -0.280399991438753 0.0
0.0756237330918539 -0.219522270713343 0.0
0.0774415507724645 -0.158654108185976 0.0
0.0791939301444533 -0.0977730364775217 0.0
0.0807965419212594 -0.0368515663776878 0.0
0.0820890831584114 0.0241340102929516 0.0
0.0827885918203021 0.0851803552513646 0.0
0.0824674951356051 0.146216982074039 0.0
0.0806788838256153 0.207079507626935 0.0
0.0774016799727607 0.267620948818231 0.0
0.073457724248285 0.328004640397032 0.0
0.0696597679721792 0.388628642521862 0.0
0.0659142138993345 0.449567294887015 0.0
0.123996294612525 -0.648344434631681 0.0
0.12609613313298 -0.587204687483309 0.0
0.128034814501097 -0.526067388117286 0.0
0.129910371490057 -0.464938176714114 0.0
0.131769465548965 -0.403822688168315 0.0
0.133629188540414 -0.342723040103447 0.0
0.13548656165483 -0.281636678647985 0.0
0.137321099549683 -0.220556223473144 0.0
0.139093200378313 -0.159470024252296 0.0
0.140736124988392 -0.0983632811453629 0.0
0.142138806303723 -0.0372226356678351 0.0
0.143121109006807 0.0239537113693236 0.0
0.143412891241334 0.0851370337767028 0.0
0.142675426287886 0.146245967556492 0.0
0.14064095692119 0.207152670946362 0.0
0.137391628994625 0.2677795351149 0.0
0.133451882727817 0.328230013146605 0.0
0.129279189451302 0.388670299416246 0.0
0.125079879637661 0.449134292711266 0.0
0.186063877121609 -0.649806487546146 0.0
0.187983285994791 -0.58856908463266 0.0
0.189831049198553 -0.527310530821364 0.0
0.191674077536726 -0.46604102822089 0.0
0.193533538018026 -0.404768290963334 0.0
0.195405278494298 -0.343495590867921 0.0
0.19726787682176 -0.282221870519646 0.0
0.199083617531138 -0.220942548066587 0.0
0.200794933022215 -0.15965116959505 0.0
0.202315797089943 -0.0983418238477939 0.0
0.203517956404173 -0.0370147364322472 0.0
0.204216343929448 0.0243142034992533 0.0
0.204167229368095 0.0855997111352704 0.0
0.203108720325821 0.146758367736866 0.0
0.200877425710147 0.207688085262876 0.0
0.197561326962395 0.268338154596652 0.0
0.193481718848122 0.32876732455784 0.0
0.188917228146884 0.389084280160747 0.0
0.184035250666538 0.449425118062136 0.0
0.248179459621498 -0.65069722598032 0.0
0.249922749137788 -0.589358626892288 0.0
0.251688070102464 -0.527974504918606 0.0
0.253505056272017 -0.46656053080262 0.0
0.255367083209451 -0.40512699489793 0.0
0.257248827904752 -0.343678726924722 0.0
0.259111561094104 -0.282216588840408 0.0
0.260902013737504 -0.220739234943783 0.0
0.262547476351806 -0.159245632736414 0.0
0.263947761339149 -0.0977382395416463 0.0
0.264965482671304 -0.0362287272245064 0.0
0.265420035019494 0.0252541553594127 0.0
0.265097107186651 0.0866561592096042 0.0
0.263791734466429 0.147897689151726 0.0
0.261391522695878 0.208896169102808 0.0
0.257949293094113 0.269613906819078 0.0
0.253632543988116 0.33008775783202 0.0
0.248559360152395 0.390404190567938 0.0
0.242752331069389 0.450691560637964 0.0
0.310302038268748 -0.651061859012749 0.0
0.311885192449596 -0.589622205551456 0.0
0.313582838459052 -0.528112599901037 0.0
0.31538345423837 -0.466553569807626 0.0
0.317252460004853 -0.404957079432763 0.0
0.319144845555729 -0.343328736057398 0.0
0.321006604042894 -0.281670676439194 0.0
0.32277130627658 -0.219984152945258 0.0
0.324354375384602 -0.158272644223201 0.0
0.325646209570659 -0.0965453300372449 0.0
0.326506223658158 -0.0348223642699768 0.0
0.32676280075362 0.0268592664678419 0.0
0.326227471002279 0.0884414504193268 0.0
0.32473130880276 0.149849448456648 0.0
0.322176415006433 0.211011301512372 0.0
0.318559860271561 0.271888476298367 0.0
0.313915196258017 0.332490160297952 0.0
0.308205942657087 0.39285858998606 0.0
0.301309640087525 0.453065517559427 0.0
0.372392761375999 -0.65096614614762 0.0
0.373843445197696 -0.589428045284946 0.0
0.375493699812882 -0.527795264544165 0.0
0.377289899204013 -0.466090883154519 0.0
0.379171672649894 -0.404326427172492 0.0
0.381077127159673 -0.342506630430733 0.0
0.382939708220263 -0.280633521817632 0.0
0.38468260533224 -0.218709583656596 0.0
0.386212629401176 -0.156741156266586 0.0
0.387414674951635 -0.0947418781024963 0.0
0.3881487235434 -0.0327372930738651 0.0
0.388253131451976 0.0292309268582693 0.0
0.387558721522177 0.0911029923579818 0.0
0.385914634245718 0.152806136896411 0.0
0.383213730915159 0.214268250322894 0.0
0.379387197033828 0.275434986541823 0.0
0.374345443836822 0.33627391051116 0.0
0.367901499026893 0.396763845926781 0.0
0.359768267344989 0.45690104114577 0.0
0.434416617388223 -0.650499124210433 0.0
0.435772574946763 -0.588868091124021 0.0
0.437398778545874 -0.527116049745883 0.0
0.439202630174074 -0.465264598048503 0.0
0.441102552074744 -0.403321867445467 0.0
0.44302364831936 -0.341289579865199 0.0
0.444889962793899 -0.279167860969122 0.0
0.446617144178551 -0.216958600540082 0.0
0.448106294413702 -0.154668828623171 0.0
0.449239720482609 -0.0923138750028168 0.0
0.449879984029604 -0.0299213231190396 0.0
0.44987440792789 0.0324657580170156 0.0
0.449066268816094 0.0947874049031859 0.0
0.447309354144797 0.156969984787324 0.0
0.444473153950303 0.218932690301537 0.0
0.440418878457701 0.280592998751106 0.0
0.434938979393173 0.341861765198672 0.0
0.427689123299156 0.402630852244923 0.0
0.418174868837727 0.462779869170138 0.0
0.496343428143322 -0.649781101521605 0.0
0.497648534208696 -0.588067404058683 0.0
0.499273030552933 -0.526201860809951 0.0
0.501093756161426 -0.464199225584964 0.0
0.503014606790926 -0.40206107480287 0.0
0.504952164775409 -0.339784013144597 0.0
0.506824253419021 -0.277364467859379 0.0
0.508541534221557 -0.214801711736613 0.0
0.510001670850787 -0.152100784319914 0.0
0.511086251325994 -0.0892750818798872 0.0
0.511661107900725 -0.0263496327017477 0.0
0.511580632857597 0.0366361982203158 0.0
0.510694793614105 0.0996267445393409 0.0
0.508853224639484 0.162549817799758 0.0
0.505894850587077 0.225315017191424 0.0
0.501610224688338 0.287806698422901 0.0
0.495674796456416 0.349865238847098 0.0
0.487571392979054 0.411259709482922 0.0
0.476536411576361 0.471673466147875 0.0
0.558147920520929 -0.648976588054063 0.0
0.559444811166683 -0.587197702702466 0.0
0.561083705767639 -0.525226009471645 0.0
0.562924632645148 -0.463064073078549 0.0
0.564864669450565 -0.400704642138677 0.0
0.566816253921276 -0.338138094763334 0.0
0.56869367023226 -0.275356041006683 0.0
0.570404413834075 -0.212353230383185 0.0
0.571844009546017 -0.149129489860988 0.0
0.572893985779288 -0.0856913547283877 0.0
0.573422906578702 -0.022054367618419 0.0
0.573289734027415 0.0417549475149414 0.0
0.572346430087345 0.105696726439573 0.0
0.570433002604881 0.169714437141525 0.0
0.567354664992822 0.233725444909232 0.0
0.562831687633536 0.29759980686248 0.0
0.5564196869686 0.361117376683892 0.0
0.547406052648996 0.42389652312021 0.0
0.534687154119783 0.485297590423134 0.0
0.61980782988894 -0.648312999556081 0.0
0.621126359778454 -0.586494547006345 0.0
0.622784340436345 -0.524422125332778 0.0
0.624640956066531 -0.462083677935849 0.0
0.626593438028666 -0.399464468694382 0.0
0.628553220867663 -0.336550227258706 0.0
0.630432481385784 -0.27332800456691 0.0
0.632136155487224 -0.209786426210849 0.0
0.633557629492724 -0.145916445103583 0.0
0.634577559314099 -0.081711730449246 0.0
0.635065165810019 -0.0171693300862141 0.0
0.634880260441501 0.0477104600083776 0.0
0.633871611936166 0.112923972485895 0.0
0.631863985805072 0.178462431582121 0.0
0.628623652233978 0.244302123758667 0.0
0.623792617301503 0.310377655299435 0.0
0.616783539301065 0.376517566388637 0.0
0.606625554449119 0.442301814001156 0.0
0.591748990513097 0.506753890881528 0.0
