-0.74367737500943 -0.659735446682078 0.0
0.484192266127237 -0.701671308029489 0.0
-0.7068603515625 0.61237245798111 0.0
0.61237245798111 0.61237245798111 0.0
-0.682495792322347 -0.662439517773826 0.0
0.486274809283856 -0.640291702642113 0.0
0.535884054073335 0.586954902800385 0.0
-0.697320963108125 0.539642839563014 0.0
-0.621295337393107 -0.664875341117306 0.0
0.488694901905272 -0.578717139838665 0.0
0.463408026160826 0.57243050885358 0.0
-0.695891856989852 0.470661454529195 0.0
-0.560096251659533 -0.667310434633192 0.0
0.49140498444108 -0.516931184967395 0.0
0.393741625226297 0.562954858749675 0.0
-0.696640077985837 0.403933167244204 0.0
-0.498891477900741 -0.669780661472399 0.0
0.494379964241884 -0.454922365016415 0.0
0.325885929959206 0.556406635292177 0.0
-0.6983246380849 0.338567309179064 0.0
-0.437675361323763 -0.6723025500306 0.0
0.497610073776067 -0.392679469355497 0.0
0.259251944633781 0.55179747565368 0.0
-0.700541492332303 0.274080283218086 0.0
-0.376435971295599 -0.674879014441619 0.0
0.50109689793727 -0.330189033080689 0.0
0.193481124186976 0.548593065699035 0.0
-0.703098085507865 0.210196435744265 0.0
-0.315157068069248 -0.677487736852879 0.0
0.504851462090499 -0.267433675472606 0.0
0.128336405457484 0.546472864493336 0.0
-0.705878620819075 0.146750866291306 0.0
-0.253822920907511 -0.680086550126646 0.0
0.508893473420758 -0.204390366611809 0.0
0.0636427215579774 0.545219646611704 0.0
-0.7088040214287 0.0836413738448243 0.0
-0.192422731679149 -0.682623962483091 0.0
0.51325106473748 -0.141028874792196 0.0
-0.000749275155270001 0.544633349570682 0.0
-0.711816979745859 0.020803498294463 0.0
-0.130952877588078 -0.685049251448951 0.0
0.517960720550012 -0.0773093508164905 0.0
-0.0649833705440676 0.544243764923816 0.0
-0.714876090597838 -0.0418018423135699 0.0
-0.0694179138449875 -0.687320090304948 0.0
0.523067135364628 -0.013179696275923 0.0
-0.128481858273132 0.546347415152693 0.0
-0.717956727449867 -0.104194674104773 0.0
-0.00782993239911506 -0.689407464901361 0.0
0.528623307925126 0.0514285120283013 0.0
-0.191454982034684 0.549357501190761 0.0
-0.721071232431055 -0.166377320984582 0.0
0.0537926242792331 -0.691298415173127 0.0
0.534691758828033 0.116605658702678 0.0
-0.254474675875267 0.551099655046916 0.0
-0.724391904791408 -0.228336940442639 0.0
0.115426994376169 -0.692997425655994 0.0
0.541349198387612 0.182473568825618 0.0
-0.317724805264576 0.554012095069287 0.0
-0.726870609464841 -0.290217109254992 0.0
0.177047630740267 -0.694527069207434 0.0
0.548698785456687 0.249200964125558 0.0
-0.381319778218968 0.557635634741035 0.0
-0.729527620060729 -0.352116125820023 0.0
0.238628707876014 -0.69592826468174 0.0
0.556898386701801 0.317033654211901 0.0
-0.445326395058822 0.564354636385141 0.0
-0.732653833352268 -0.413923129154795 0.0
0.300146691514024 -0.697260130630165 0.0
0.566223219445246 0.386354188487875 0.0
-0.509513568508426 0.571784952832199 0.0
-0.735587116655426 -0.475566799595525 0.0
0.361583249144504 -0.698599114068232 0.0
0.577220084768176 0.457806008076161 0.0
-0.573811014244501 0.578152916101887 0.0
-0.738487449456942 -0.537054985822109 0.0
0.42292973623408 -0.700036496909792 0.0
0.591191734721716 0.532542903836532 0.0
-0.639610998448565 0.589629883710893 0.0
-0.741051769839346 -0.598439282516736 0.0
-0.679899428058219 -0.601138333948658 0.0
-0.677302761655683 -0.53972368109056 0.0
-0.674437532471749 -0.478183848527371 0.0
-0.671523382770981 -0.416576755090412 0.0
-0.66850338621776 -0.35490661770036 0.0
-0.665836824539403 -0.293125281319412 0.0
-0.663220312600107 -0.231069979652138 0.0
-0.659963658045065 -0.168749175775504 0.0
-0.656838707386979 -0.106323807569963 0.0
-0.653754921756995 -0.0437450569574829 0.0
-0.650708239211694 0.0190264661164802 0.0
-0.647725051497434 0.0820275459232982 0.0
-0.644852045378462 0.145298846072199 0.0
-0.642157853161807 0.208888109716626 0.0
-0.639743026369994 0.272847011578078 0.0
-0.637764180985921 0.337214901488622 0.0
-0.636494961733702 0.40196229201964 0.0
-0.6365008735388 0.466811291123149 0.0
-0.639137610534764 0.530625643690476 0.0
-0.618715538618209 -0.603564097407049 0.0
-0.616055250462932 -0.54216107081025 0.0
-0.613226078121262 -0.480636366756439 0.0
-0.61032767994735 -0.418991854067779 0.0
-0.607423676671578 -0.357186110293155 0.0
-0.60470498936532 -0.295253441559058 0.0
-0.60192249717203 -0.233204030912307 0.0
-0.598821498391647 -0.17094886758865 0.0
-0.595749429765694 -0.108533864086587 0.0
-0.592707316731688 -0.0459562762932423 0.0
-0.589712275796512 0.0167937309797364 0.0
-0.586801064158175 0.0797239206954391 0.0
-0.58402997492692 0.142833839305959 0.0
-0.581479036602545 0.20610491398589 0.0
-0.579261491461669 0.269480199521711 0.0
-0.5775408440517 0.33282777913018 0.0
-0.576556437964528 0.39587691276527 0.0
-0.576606272397606 0.4581203908147 0.0
-0.576838406555032 0.518735681708734 0.0
-0.557501329641693 -0.606008216035031 0.0
-0.55481152662077 -0.544599386207153 0.0
-0.552011253406615 -0.483062335486507 0.0
-0.549166782701982 -0.421387384103445 0.0
-0.546339007123462 -0.359573801383367 0.0
-0.543578044226642 -0.297654722957355 0.0
-0.540734517266537 -0.235615755738879 0.0
-0.537722683542078 -0.173415319052692 0.0
-0.534708919167945 -0.111077496972239 0.0
-0.531721838573925 -0.0486135493311504 0.0
-0.528790573131145 0.0139638500704291 0.0
-0.525957584767464 0.0766327902606664 0.0
-0.523281023613446 0.139354659510271 0.0
-0.520836572614023 0.202065324436072 0.0
-0.518718396055337 0.264663939423225 0.0
-0.517033001320746 0.327004228092867 0.0
-0.515854668177388 0.38889616547146 0.0
-0.514921505444151 0.450139036176095 0.0
-0.51277746666954 0.510809467199067 0.0
-0.496272756654298 -0.608485688447019 0.0
-0.493576745222651 -0.547080324393814 0.0
-0.49081301511254 -0.485550374799238 0.0
-0.488022214494469 -0.423893910336285 0.0
-0.485237147685227 -0.362120365165849 0.0
-0.48245824065027 -0.300246092274959 0.0
-0.479603201062135 -0.238263297778789 0.0
-0.476649307103371 -0.1761608940638 0.0
-0.473684615570452 -0.113960584404702 0.0
-0.470743435674684 -0.051684663244723 0.0
-0.467858617232239 0.0106386413432286 0.0
-0.46507140179756 0.0729703788443126 0.0
-0.462432795722505 0.135256688705156 0.0
-0.460001946358929 0.197425902047845 0.0
-0.457839273928958 0.259386712162785 0.0
-0.455981926785944 0.32103006986894 0.0
-0.45434668353158 0.382235269179031 0.0
-0.452427290894414 0.442910673100025 0.0
-0.448387541690768 0.503037461975815 0.0
-0.435033661792689 -0.611020539831873 0.0
-0.43234623438638 -0.549632542958642 0.0
-0.429620329294041 -0.48812989439041 0.0
-0.426873542646463 -0.426514827787512 0.0
-0.424116014844722 -0.364797656910695 0.0
-0.421333238956839 -0.302990135494802 0.0
-0.418481728129584 -0.241094022691279 0.0
-0.415561450516744 -0.179114745752756 0.0
-0.41262433279193 -0.117075759006562 0.0
-0.409702225687546 -0.0550049017748192 0.0
-0.406825908017327 0.00706387980441852 0.0
-0.404030551786216 0.0690885309226756 0.0
-0.401355421745843 0.131017414730418 0.0
-0.398839396036862 0.192789087174239 0.0
-0.396507779354192 0.254331995988297 0.0
-0.394332857344162 0.315565642704721 0.0
-0.392123762230902 0.376408894176549 0.0
-0.389268624724188 0.436814041502284 0.0
-0.384854089028236 0.496983079329344 0.0
-0.373778137873032 -0.613612996131315 0.0
-0.371108328834625 -0.552248812593783 0.0
-0.368418047516357 -0.490780526599474 0.0
-0.365705297538036 -0.429212383193324 0.0
-0.362965136464308 -0.367555026771438 0.0
-0.360180375622206 -0.305819991847633 0.0
-0.357328507822875 -0.24401576113588 0.0
-0.354416629755011 -0.182155553405071 0.0
-0.35147815437298 -0.120263020056439 0.0
-0.348539617183261 -0.0583659594975255 0.0
-0.34562670628176 0.00350351832898588 0.0
-0.342766352545859 0.065308648478108 0.0
-0.339984705346684 0.127007928692191 0.0
-0.337299898834936 0.188556159537409 0.0
-0.334703363885952 0.249906049973533 0.0
-0.332114264281105 0.311015162054801 0.0
-0.32928626343772 0.371868189243585 0.0
-0.325770572045307 0.432551737231839 0.0
-0.321566887967763 0.493352480581636 0.0
-0.312495693437392 -0.616235728417065 0.0
-0.309850149636366 -0.554893104585078 0.0
-0.307191782407245 -0.493455394587095 0.0
-0.304503043340226 -0.431927988186024 0.0
-0.301769949654798 -0.370321670302934 0.0
-0.298976464396957 -0.308648408797875 0.0
-0.29611098197689 -0.246919998079687 0.0
-0.29318183083935 -0.18515207823091 0.0
-0.290211730437226 -0.123366313282324 0.0
-0.287221388031071 -0.0615871530747969 0.0
-0.284230467024702 0.000158519743568648 0.0
-0.281257466537713 0.061841764249085 0.0
-0.278316297844874 0.123432092261055 0.0
-0.275407261314825 0.184899246701643 0.0
-0.272497077939949 0.246216386582952 0.0
-0.269481201784388 0.307369923860117 0.0
-0.266149789587689 0.36838382750763 0.0
-0.26229676012591 0.429349908341842 0.0
-0.257976065550215 0.490305502256689 0.0
-0.25117552106037 -0.61884267514125 0.0
-0.248560051245075 -0.557513241234462 0.0
-0.245929142193022 -0.496094994604582 0.0
-0.243254333433372 -0.43459400525319 0.0
-0.240517116359677 -0.373020902832372 0.0
-0.237703704275466 -0.311387602563338 0.0
-0.234808142108631 -0.249706723552744 0.0
-0.23183798590187 -0.187993489894621 0.0
-0.228809120216945 -0.126266557578047 0.0
-0.225736894457723 -0.0645462164478417 0.0
-0.222635160693324 -0.00285404524397574 0.0
-0.219514865973173 0.0587876425797886 0.0
-0.216379862203586 0.120356536678339 0.0
-0.213217744168203 0.181832673318313 0.0
-0.209983185000426 0.243202993764526 0.0
-0.206577856945891 0.304473329660209 0.0
-0.202860040640236 0.365688526306588 0.0
-0.198718034815382 0.426936730921876 0.0
-0.194045271670286 0.488330169085885 0.0
-0.189809743142665 -0.621380312316244 0.0
-0.187229602216232 -0.560052473201926 0.0
-0.184621341893217 -0.498638711705033 0.0
-0.181950606487677 -0.437145650370928 0.0
-0.179197876690528 -0.375583566176318 0.0
-0.176352048302485 -0.313963810488658 0.0
-0.173410282555935 -0.252298484114839 0.0
-0.170378869597549 -0.190601314662877 0.0
-0.167268939548796 -0.128888100326728 0.0
-0.164091182007677 -0.0671757688113468 0.0
-0.160854256375977 -0.00548233996987146 0.0
-0.15756285093982 0.0561733825589813 0.0
-0.154213633226547 0.11777219949643 0.0
-0.150787966859694 0.179296288956117 0.0
-0.147242478864444 0.240732334384141 0.0
-0.143506950254849 0.30207810290472 0.0
-0.139508531869521 0.363345770756342 0.0
-0.135208872615261 0.424550657199111 0.0
-0.130422580831249 0.485692729211204 0.0
-0.128395037023633 -0.623797515448659 0.0
-0.125854484927462 -0.56245890867523 0.0
-0.123263780819196 -0.501033814751301 0.0
-0.120587743502539 -0.439529521364629 0.0
-0.117808680602437 -0.377955893738821 0.0
-0.11491849283631 -0.316323425281034 0.0
-0.111916270693246 -0.254643125020812 0.0
-0.108806981928275 -0.192927019454452 0.0
-0.105598069521842 -0.131188625999686 0.0
-0.102296022440428 -0.069442601388226 0.0
-0.0989047234560017 -0.00770508522275446 0.0
-0.0954235125805849 0.0540062345688872 0.0
-0.0918439992366318 0.115671988633637 0.0
-0.0881457966645437 0.177271966941353 0.0
-0.084294452963071 0.238785992044292 0.0
-0.0802499568885156 0.300194909925267 0.0
-0.0759934911579813 0.361476241090913 0.0
-0.0715533692533313 0.422593571214387 0.0
-0.0672391674279419 0.483563295910793 0.0
-0.0669335657388707 -0.626052714018502 0.0
-0.0644350406620866 -0.56469197726754 0.0
-0.061856333535581 -0.50324103928937 0.0
-0.0591662053172388 -0.441708010521796 0.0
-0.0563510232096622 -0.380102290016506 0.0
-0.0534059129638747 -0.318433296628517 0.0
-0.0503312432695677 -0.256710642559044 0.0
-0.04713057566878 -0.194944582560113 0.0
-0.0438080527356277 -0.13314662130564 0.0
-0.0403660409774506 -0.0713295036009172 0.0
-0.0368036707487495 -0.00950774452495052 0.0
-0.0331152442169058 0.0523022514557961 0.0
-0.0292882890291157 0.114082150733096 0.0
-0.0253023581744586 0.175812814355247 0.0
-0.0211323058986342 0.237475750317651 0.0
-0.0167621002416175 0.299056394142774 0.0
-0.0122143701170357 0.360549621343742 0.0
-0.00763472298889477 0.421982737918548 0.0
-0.00356098296076524 0.483418574854398 0.0
-0.00543260505840188 -0.628118347687739 0.0
-0.00297581613971799 -0.566726198730304 0.0
-0.00040283391191456 -0.505237449490161 0.0
0.0023095322038652 -0.443661022669869 0.0
0.00516929536206604 -0.382005644455182 0.0
0.00817810482456916 -0.320279353272979 0.0
0.0113348353303962 -0.258490020820219 0.0
0.0146375553502977 -0.196645871348296 0.0
0.0180854174720163 -0.134756195141834 0.0
0.0216802740204143 -0.0728314838385445 0.0
0.0254277600605206 -0.0108839762716041 0.0
0.0293382187523063 0.0510723361402659 0.0
0.0334270483429537 0.113021876142886 0.0
0.0377127616930487 0.174948794560802 0.0
0.0422089166286549 0.236838429178033 0.0
0.0469042061836 0.298680418690634 0.0
0.0517181826194534 0.360473207027901 0.0
0.056408249666908 0.422219455848618 0.0
0.0605170555579704 0.483852893243404 0.0
0.0560962014427826 -0.629983294564523 0.0
0.0585149818423538 -0.568553137700051 0.0
0.0610893057368379 -0.507017775253829 0.0
0.0638312391318865 -0.44538660608777 0.0
0.0667424032478318 -0.383667249572646 0.0
0.0698215346250848 -0.321865920385654 0.0
0.0730673026618429 -0.259988307332891 0.0
0.0764797309139608 -0.198040186272104 0.0
0.0800614071414328 -0.136028199152433 0.0
0.0838184829569986 -0.0739600551898116 0.0
0.0877612305179707 -0.0118450989470283 0.0
0.0919040683774816 0.0503056451022112 0.0
0.0962641634868662 0.112479427998577 0.0
0.100856589069986 0.174662427082333 0.0
0.105682242415023 0.236839658471546 0.0
0.110702723374369 0.298994931871702 0.0
0.115794707733269 0.361106350490611 0.0
0.12069742697489 0.42312515540536 0.0
0.125017721952488 0.484950591187742 0.0
0.117638343801489 -0.631654135144505 0.0
0.120026552925133 -0.57018245400459 0.0
0.122609825861804 -0.508595168643289 0.0
0.125387449763341 -0.446901417984502 0.0
0.128354769656116 -0.385107075501163 0.0
0.13150826372871 -0.323215997316178 0.0
0.13484701663441 -0.261231196235331 0.0
0.138373383676368 -0.199155518603637 0.0
0.142093576801011 -0.136992459489739 0.0
0.146018120428146 -0.0747464197255941 0.0
0.150161832164071 -0.0124233722167772 0.0
0.154542933913002 0.0499688558372876 0.0
0.159180146329407 0.112419974488333 0.0
0.164085735283896 0.174916715614751 0.0
0.169251090994741 0.237440586731754 0.0
0.174620992504149 0.299963891124055 0.0
0.180056629199497 0.362439687283103 0.0
0.185300290470008 0.424786056052248 0.0
0.189960455239788 0.486881316756281 0.0
0.179177348155267 -0.633155827234636 0.0
0.181545772202664 -0.571642542753938 0.0
0.184145471630608 -0.510001742256876 0.0
0.186963110217989 -0.448241192373954 0.0
0.189988777646419 -0.3863642743214 0.0
0.193217642256144 -0.324371933998599 0.0
0.196649873571211 -0.262264000258223 0.0
0.200290554211349 -0.200039855073382 0.0
0.204149743189913 -0.137699241841024 0.0
0.208242483303855 -0.0752425520511728 0.0
0.212588283279746 -0.0126716019231066 0.0
0.217209523526583 0.0500097967891696 0.0
0.222127601170633 0.112794591989004 0.0
0.227355045449333 0.175670750836906 0.0
0.232881010015258 0.238616840682346 0.0
0.238648242305217 0.30159477547195 0.0
0.24452174856596 0.364537364073682 0.0
0.250250601365508 0.427333354871967 0.0
0.255409341137655 0.48982097689636 0.0
0.240696419324783 -0.634532111752331 0.0
0.243058015165569 -0.572980967872842 0.0
0.245680416792313 -0.511288956450108 0.0
0.248539885762261 -0.449461152253217 0.0
0.251623024632393 -0.387497751363582 0.0
0.254924794600386 -0.325396290831474 0.0
0.258447104388849 -0.263152898195113 0.0
0.262198135274185 -0.200762867935096 0.0
0.26619202043209 -0.138221377649557 0.0
0.270448541038019 -0.0755237069893639 0.0
0.274992292948645 -0.0126660141162302 0.0
0.279850758939633 0.0503539448262596 0.0
0.285050265820306 0.113535129227222 0.0
0.290608565116308 0.17687051200637 0.0
0.29652232277434 0.240340849672923 0.0
0.302748044229675 0.303904565262315 0.0
0.30917320089329 0.367480946560638 0.0
0.315565731284161 0.430927019877376 0.0
0.321461967770024 0.494013605989335 0.0
0.302179637979173 -0.635845603768549 0.0
0.304547389055506 -0.574264525188525 0.0
0.307196244672449 -0.512527627527902 0.0
0.310096174373724 -0.450636163151838 0.0
0.313232391028862 -0.38858668784462 0.0
0.316600698423555 -0.326372912693603 0.0
0.320205302514353 -0.263986784729537 0.0
0.324057751480902 -0.201418845429899 0.0
0.328176391325531 -0.138658694606583 0.0
0.332585920093508 -0.0756949424239129 0.0
0.337316485189578 -0.0125157292319578 0.0
0.342401876569601 0.0508907633758538 0.0
0.347876146092504 0.114534707579738 0.0
0.353768092637079 0.178421731463253 0.0
0.360092728755463 0.242545882400939 0.0
0.366838182935237 0.30687718664323 0.0
0.373940940061785 0.371338152076826 0.0
0.381224763795228 0.435762070657777 0.0
0.388231488096792 0.499825328036519 0.0
0.363612486609766 -0.637177222980175 0.0
0.365996339053481 -0.575578459016121 0.0
0.368671673414098 -0.51380717072928 0.0
0.371607037025625 -0.451860452675721 0.0
0.374788041249456 -0.389730852930958 0.0
0.378212225285887 -0.327408076301575 0.0
0.381886442731113 -0.264879701644172 0.0
0.385825635240875 -0.202131067705627 0.0
0.390052243662731 -0.1391452194599 0.0
0.394595799514538 -0.0759022935941009 0.0
0.399492198242384 -0.0123793825156802 0.0
0.404782435449258 0.0514497699041526 0.0
0.410510645061436 0.115614235178972 0.0
0.416721783994463 0.180144450974243 0.0
0.423459289662175 0.245066986862758 0.0
0.430762289799427 0.310393404916986 0.0
0.438655041943937 0.376093355693931 0.0
0.447097549385301 0.442029855459193 0.0
0.455787168139031 0.507805533050895 0.0
0.424982064845852 -0.638623986697361 0.0
0.427385685132463 -0.577023910722021 0.0
0.43008329207702 -0.515234214343891 0.0
0.433044985194615 -0.453246640804605 0.0
0.436258404149173 -0.391049970397297 0.0
0.439723365321115 -0.328630721897545 0.0
0.443449273726715 -0.265972845728077 0.0
0.447454023523959 -0.203056749967116 0.0
0.451763548191548 -0.13985846084369 0.0
0.456411583629877 -0.0763481472801858 0.0
0.461439263354043 -0.0124888745823139 0.0
0.466894615687813 0.0517653051895698 0.0
0.472832386857699 0.116471333717041 0.0
0.479315610262284 0.18169986429346 0.0
0.486421146331956 0.247537119020549 0.0
0.494252592151777 0.314085639414904 0.0
0.502962351241945 0.381455295206968 0.0
0.512773458610705 0.449713726997498 0.0
0.523916713840185 0.518669899436461 0.0
