-0.777097597179898 -0.651246100867922 0.0
0.449487857382232 -0.68855733065149 0.0
-0.76289975643158 0.61237245798111 0.0
0.61237245798111 0.61237245798111 0.0
-0.7158953560331 -0.6536007534565 0.0
0.451505127181091 -0.627208529859792 0.0
0.529561591113707 0.592729007879647 0.0
-0.745091235300778 0.542005403018314 0.0
-0.654672491560493 -0.655675078512743 0.0
0.453796662840109 -0.565704136471947 0.0
0.452697286607164 0.58184085662433 0.0
-0.739411037665188 0.474356887781099 0.0
-0.593443964833889 -0.657729365688318 0.0
0.456349063843005 -0.504031711490396 0.0
0.379526104794588 0.574715720145438 0.0
-0.737650700389288 0.408688037340063 0.0
-0.532205368489466 -0.659781936106076 0.0
0.459159075034444 -0.442182080132612 0.0
0.308670446571437 0.569694307588021 0.0
-0.737725470212617 0.344193529556832 0.0
-0.470957987289976 -0.661846729010419 0.0
0.46223419454189 -0.380146301173923 0.0
0.239364727687394 0.566054438648178 0.0
-0.738863292865338 0.280417581307283 0.0
-0.409698443241266 -0.663936123577056 0.0
0.465592597230836 -0.317913718085881 0.0
0.171147799308608 0.563421016585977 0.0
-0.74067580816077 0.217107010384186 0.0
-0.348418742841253 -0.666045392864093 0.0
0.469263835953719 -0.255470410629363 0.0
0.103709526938879 0.56156816401264 0.0
-0.742929805132452 0.154117321046031 0.0
-0.287109648253631 -0.668153856339201 0.0
0.473290251821332 -0.192797364620183 0.0
0.0368112857080835 0.56032605125489 0.0
-0.745470535233168 0.0913643556050731 0.0
-0.225764244114025 -0.670231749500091 0.0
0.477728777269556 -0.129868711537431 0.0
-0.029763336273793 0.55948567107534 0.0
-0.748189567211436 0.0287992119899878 0.0
-0.164379877478597 -0.672247754285168 0.0
0.482652934915251 -0.0666490558897545 0.0
-0.0962358209425256 0.558422771024237 0.0
-0.75100967156893 -0.0336040068573391 0.0
-0.10295927071945 -0.674175163757276 0.0
0.488154850521801 -0.00309058626935097 0.0
-0.161705787985577 0.560762831097618 0.0
-0.753879999062376 -0.0958543237981478 0.0
-0.0415102341580056 -0.675996153375279 0.0
0.494347749447124 0.0608711874829066 0.0
-0.226274597117952 0.563984284868871 0.0
-0.756791419865408 -0.157945097018204 0.0
0.0199550729843679 -0.677704344409725 0.0
0.501370380360695 0.125323118969257 0.0
-0.290916238023647 0.564569057492283 0.0
-0.759867012858672 -0.219857812131937 0.0
0.0814217330892577 -0.679306150305282 0.0
0.509397063554899 0.190383725115609 0.0
-0.356098892899552 0.566469961789133 0.0
-0.76214100910534 -0.28168753852251 0.0
0.142873212742281 -0.68082122380329 0.0
0.51866024075163 0.256218112647578 0.0
-0.421948638459056 0.568783050866749 0.0
-0.764582391259849 -0.343553468129819 0.0
0.204293499554617 -0.682282123555872 0.0
0.529499117938456 0.32306683826926 0.0
-0.488372193120148 0.575066508204131 0.0
-0.767438513257537 -0.405366502832185 0.0
0.265669234229207 -0.683732982736829 0.0
0.542463608893133 0.391301725445861 0.0
-0.554799812975808 0.581684761549201 0.0
-0.770063389644933 -0.467025364555493 0.0
0.326991944186566 -0.685226655707579 0.0
0.558557870804992 0.461535986959306 0.0
-0.621417900723879 0.585577906476857 0.0
-0.772628530300608 -0.528531182866534 0.0
0.388261305785301 -0.68681913202572 0.0
0.579926640961568 0.534809165497589 0.0
-0.690513817533629 0.594179784552235 0.0
-0.774836346663651 -0.589933340961303 0.0
-0.713663628060742 -0.592286579992285 0.0
-0.711427128909706 -0.530860308135216 0.0
-0.708897628014728 -0.469312640587505 0.0
-0.70628548104909 -0.40770227859597 0.0
-0.703541168736447 -0.346033270439555 0.0
-0.701105666470021 -0.284285266025431 0.0
-0.698678678077228 -0.222294366204136 0.0
-0.69563182062454 -0.160047454946979 0.0
-0.692702057959327 -0.097724416236983 0.0
-0.689819084999887 -0.0352817749057837 0.0
-0.686999409135509 0.0273148361726996 0.0
-0.684295462284727 0.0900981137408816 0.0
-0.681789758338618 0.153106050028709 0.0
-0.679602343048583 0.216386008248654 0.0
-0.677910039071424 0.279992794892044 0.0
-0.676986778762911 0.343973163693131 0.0
-0.677294830799308 0.408305508804372 0.0
-0.679718834289696 0.472692973027693 0.0
-0.686155942231951 0.535819981738473 0.0
-0.652464415724487 -0.594354231792443 0.0
-0.650164248706197 -0.532943017220582 0.0
-0.647665273202006 -0.47141242409237 0.0
-0.6450620449 -0.409767859673993 0.0
-0.642416596628687 -0.347975316786927 0.0
-0.639913694701828 -0.286069887432639 0.0
-0.637319681024089 -0.224056828495348 0.0
-0.63440651876211 -0.161854535388602 0.0
-0.631512544830017 -0.0995088030645585 0.0
-0.62865355331756 -0.0370168603104533 0.0
-0.625865776226951 0.025632194454071 0.0
-0.623211339202512 0.0884490842308364 0.0
-0.620781691089893 0.151438828137346 0.0
-0.618706801480216 0.21459115171054 0.0
-0.617171928723719 0.277859341643305 0.0
-0.616445329610704 0.341119033943831 0.0
-0.616917594696193 0.404089998354507 0.0
-0.619082956312396 0.466204310755704 0.0
-0.621958643150833 0.526542195393124 0.0
-0.591230938431611 -0.596413657635732 0.0
-0.588900444131744 -0.534990562043811 0.0
-0.586422115526431 -0.473440484220218 0.0
-0.583858754771408 -0.411756985194634 0.0
-0.581271380491975 -0.349940892035186 0.0
-0.578712525550434 -0.288023954140237 0.0
-0.576046154888156 -0.225991315967024 0.0
-0.573201505372524 -0.163802467558079 0.0
-0.570346333492349 -0.101478905514611 0.0
-0.567522223861992 -0.0390285213602894 0.0
-0.564776369415914 0.0235405010488336 0.0
-0.562175704900849 0.0862120799002398 0.0
-0.559812103668448 0.148954437579399 0.0
-0.557808033402557 0.211709942801634 0.0
-0.556322138682961 0.274380707423747 0.0
-0.555546930554139 0.336813706785335 0.0
-0.555656055042969 0.398793905236219 0.0
-0.556395677030751 0.460081754738646 0.0
-0.555759073583311 0.520798849064645 0.0
-0.529981165971801 -0.598465739602476 0.0
-0.527642065900019 -0.537034973272932 0.0
-0.525189114719699 -0.475478000956777 0.0
-0.522663501892334 -0.413794516257784 0.0
-0.520101583845832 -0.351993814676392 0.0
-0.517509877379775 -0.29009073592557 0.0
-0.514817393237422 -0.228075866506756 0.0
-0.512011995537994 -0.165936386470447 0.0
-0.509187443410257 -0.10369036313926 0.0
-0.506390292089702 -0.041355988032783 0.0
-0.503670538583779 0.0210427267753275 0.0
-0.501092707381038 0.0834704815855355 0.0
-0.498739387050396 0.145875054394023 0.0
-0.496712015551417 0.208181806269869 0.0
-0.495125384542716 0.270287695373807 0.0
-0.494078222722041 0.332057424661672 0.0
-0.493520962063493 0.393324699395632 0.0
-0.492804486505138 0.453946142395094 0.0
-0.489300564956777 0.513886630297403 0.0
-0.468722907067357 -0.600534663771777 0.0
-0.466387833644899 -0.539108409313884 0.0
-0.463959966972979 -0.477562178930474 0.0
-0.461462308134471 -0.415899110296164 0.0
-0.458911708856645 -0.354128667694834 0.0
-0.456301610154399 -0.292260606623541 0.0
-0.453598382264914 -0.230294386020614 0.0
-0.450810748535444 -0.168232875732368 0.0
-0.447997926813809 -0.106096327629375 0.0
-0.445203287362299 -0.0439097993878698 0.0
-0.442473433600343 0.0182943211571608 0.0
-0.439864684810508 0.0804731411269071 0.0
-0.437444025541572 0.142569971307349 0.0
-0.435285113012367 0.204511459656629 0.0
-0.433452251854488 0.266203730016245 0.0
-0.431946384436533 0.327529558794119 0.0
-0.430543588155164 0.388356059447395 0.0
-0.428399655319212 0.448582552197947 0.0
-0.424241029822049 0.50843234567884 0.0
-0.407455527059573 -0.602632208236792 0.0
-0.405130809630202 -0.541218195652664 0.0
-0.402724835501289 -0.479691313682206 0.0
-0.400245773502167 -0.418056395513591 0.0
-0.397697941963801 -0.35632291996907 0.0
-0.395072945215583 -0.294500326560796 0.0
-0.39235700313982 -0.232594806823606 0.0
-0.389564815741267 -0.170617335115416 0.0
-0.386737133756561 -0.108589561577043 0.0
-0.383910682584397 -0.046538411916592 0.0
-0.381124692522587 0.0155029078471053 0.0
-0.378423533536675 0.0774935233672452 0.0
-0.375854773094541 0.13938349066662 0.0
-0.37346017476647 0.201113340590687 0.0
-0.371249859605164 0.262614474243074 0.0
-0.369135373727772 0.323816992146299 0.0
-0.366785907517088 0.384680591275355 0.0
-0.363563436505629 0.445301711411288 0.0
-0.359522256380718 0.506055434064541 0.0
-0.346173964164893 -0.604750028488585 0.0
-0.343862925538512 -0.543349343046984 0.0
-0.341474353125322 -0.481842145480644 0.0
-0.339004868316677 -0.420234276000471 0.0
-0.336451441397872 -0.358535320352889 0.0
-0.333806900118483 -0.296755339041797 0.0
-0.331067184105667 -0.234904207599871 0.0
-0.328246966239551 -0.172995995394472 0.0
-0.325375258318034 -0.111051511143684 0.0
-0.322480831876709 -0.0490957334195928 0.0
-0.319593585912695 0.0128419110012246 0.0
-0.316744395287567 0.074727257462427 0.0
-0.313960657540755 0.136521258093901 0.0
-0.311253653659415 0.198181344217425 0.0
-0.308588931634159 0.259665116423045 0.0
-0.305827578333952 0.320943485876209 0.0
-0.302667828753997 0.382035296074107 0.0
-0.298802558539521 0.443050282741853 0.0
-0.294260185853304 0.503992100334112 0.0
-0.284871965051568 -0.606864214563323 0.0
-0.282576617251315 -0.545472813177848 0.0
-0.280200258799827 -0.483979543658649 0.0
-0.277731380645349 -0.422390805229652 0.0
-0.275163106069148 -0.360716078783253 0.0
-0.272489859197695 -0.298965627415788 0.0
-0.269711756780733 -0.237150569050395 0.0
-0.266841060796434 -0.175285158980967 0.0
-0.263898100051965 -0.113387977176472 0.0
-0.260903486268208 -0.0514806018890322 0.0
-0.257877272539044 0.0104123092956361 0.0
-0.254836976793597 0.0722631946948962 0.0
-0.251791509635815 0.134042095333253 0.0
-0.248727344342358 0.195719259693571 0.0
-0.245582102669911 0.257271358174292 0.0
-0.242209916206761 0.318698559511069 0.0
-0.238387239828884 0.380054542983177 0.0
-0.233901910584326 0.44145272364187 0.0
-0.228446781068371 0.503041716683408 0.0
-0.223544625964722 -0.608943058796652 0.0
-0.221266260932803 -0.547553844212752 0.0
-0.218896626304108 -0.48606509353941 0.0
-0.216419594019515 -0.424483519884643 0.0
-0.213826865617762 -0.362818239731908 0.0
-0.211114187540012 -0.30107914505503 0.0
-0.208282931188346 -0.239277172807241 0.0
-0.205342039747261 -0.17742553850627 0.0
-0.202304668257677 -0.115540498962621 0.0
-0.199183482727534 -0.053640780319827 0.0
-0.195988876996534 0.00825209408609171 0.0
-0.192726044013125 0.070113753432235 0.0
-0.18938859340355 0.131917090126698 0.0
-0.185946625560727 0.193634090188367 0.0
-0.182329906958033 0.255239893015138 0.0
-0.178419132694778 0.316721532473821 0.0
-0.174071222169063 0.378081562457346 0.0
-0.169147844501287 0.4393199012554 0.0
-0.163150496466011 0.500399503938388 0.0
-0.162189664371867 -0.610954571352954 0.0
-0.159928817067022 -0.549559339745751 0.0
-0.157560327380545 -0.488064430805223 0.0
-0.155066877563642 -0.426476793652102 0.0
-0.152440489019666 -0.36480499955061 0.0
-0.149677887970896 -0.303058181865772 0.0
-0.146780117559668 -0.241246436869388 0.0
-0.143752369837165 -0.179381633424318 0.0
-0.140601259215972 -0.117478167974978 0.0
-0.137331567218851 -0.055552948297276 0.0
-0.133944078457354 0.00637387258554216 0.0
-0.130432344648048 0.0682783749448088 0.0
-0.126777045634165 0.130132249669285 0.0
-0.122937808189183 0.191903227333117 0.0
-0.118846574617347 0.253555669261398 0.0
-0.114413917371091 0.315050626709566 0.0
-0.109557019055282 0.376337769578113 0.0
-0.104213236572364 0.437339013224535 0.0
-0.0987114039067771 0.49807896178688 0.0
-0.100808315831802 -0.612872362059759 0.0
-0.0985643842372317 -0.551463321352563 0.0
-0.0961914158242911 -0.489952137347775 0.0
-0.0936739992653471 -0.428345947540343 0.0
-0.0910056700342746 -0.366652605038367 0.0
-0.0881837673212287 -0.304880185384424 0.0
-0.0852080036869179 -0.243037553478762 0.0
-0.0820794158127895 -0.181135038003785 0.0
-0.0787981031205029 -0.11918525867497 0.0
-0.0753606620946575 -0.0572033976738024 0.0
-0.0717578968396423 0.00479192215872614 0.0
-0.0679716962293161 0.0667781225291631 0.0
-0.0639707183313465 0.128728266411951 0.0
-0.0597061671414664 0.190612027725381 0.0
-0.0551125548706003 0.252397422278252 0.0
-0.0501215785085729 0.314055171691434 0.0
-0.0446957383031282 0.375568317316372 0.0
-0.0389538895339551 0.436977955377047 0.0
-0.0336497782450831 0.498414063435727 0.0
-0.0394051628230548 -0.614679583527896 0.0
-0.0371759443830169 -0.553250358875814 0.0
-0.0347928311127334 -0.491714481118706 0.0
-0.0322448018899364 -0.430079098442054 0.0
-0.0295275568761644 -0.36835106842038 0.0
-0.0266385917607484 -0.306537050810714 0.0
-0.0235755122326488 -0.244644247017807 0.0
-0.0203347473205461 -0.182681019893978 0.0
-0.0169096269218658 -0.120657727346005 0.0
-0.0132881914870977 -0.058587038948717 0.0
-0.00945100676616381 0.00351528719167392 0.0
-0.00536861056074005 0.0656301660093619 0.0
-0.00099912382238232 0.127735222353699 0.0
0.00371169023721185 0.189806266652077 0.0
0.00882259624048865 0.251819512190596 0.0
0.0143728119899873 0.313756800332877 0.0
0.0203196646376697 0.375616268791369 0.0
0.0263888949478006 0.437413919467679 0.0
0.0320133986674782 0.499056574584954 0.0
0.0220122687723676 -0.616371253955782 0.0
0.0242308789681514 -0.554917509425097 0.0
0.0266297176628407 -0.493350865306373 0.0
0.0292138240829338 -0.431678077615357 0.0
0.0319852524132158 -0.36990459935864 0.0
0.0349469250336022 -0.308035244177563 0.0
0.0381039998184183 -0.246075057331395 0.0
0.0414650709612672 -0.184029878813004 0.0
0.0450438238788749 -0.121907127789601 0.0
0.0488609402209684 -0.0597160778722179 0.0
0.0529459520086627 0.00253145350493201 0.0
0.0573388481926584 0.0648209352061155 0.0
0.0620902033919773 0.127135018655095 0.0
0.0672569273247902 0.189454305709927 0.0
0.0728879897432977 0.251757746814864 0.0
0.0789905084346947 0.314023878806893 0.0
0.0854625674545008 0.376227301249256 0.0
0.0920203190423936 0.438307240989338 0.0
0.0982323181973329 0.500130921685576 0.0
0.0834346091104505 -0.617955490636146 0.0
0.0856485628951103 -0.556475352019196 0.0
0.0880682627298637 -0.49487462845071 0.0
0.0906923252575676 -0.433159058212263 0.0
0.0935210430407212 -0.371332218191154 0.0
0.0965584233615346 -0.309396655263995 0.0
0.0998129331368231 -0.247354800836874 0.0
0.103298500843904 -0.185209451679037 0.0
0.10703595982909 -0.122964489680931 0.0
0.111054694569938 -0.0606251303643529 0.0
0.115394046785775 0.00180135516416394 0.0
0.120103886885702 0.0643052588249253 0.0
0.125242709875203 0.126873699811602 0.0
0.130870172838186 0.18948996090326 0.0
0.13702870890442 0.252131057378445 0.0
0.143707773314837 0.314763150687693 0.0
0.150792404988445 0.377328373295554 0.0
0.158022156565518 0.439724025891177 0.0
0.164994929856881 0.50180139990887 0.0
0.144851140188082 -0.619453937586448 0.0
0.147067690641794 -0.557948324733589 0.0
0.149512344589655 -0.496313280000534 0.0
0.152178187646932 -0.434552777134896 0.0
0.155064710272051 -0.372668103502613 0.0
0.158177687102212 -0.310659210153235 0.0
0.161529309734046 -0.248525537602628 0.0
0.165139029660083 -0.186266375803722 0.0
0.169034861847898 -0.123881505520621 0.0
0.173254822840665 -0.0613714220243474 0.0
0.177847932565747 0.00126187005288509 0.0
0.182873980433418 0.0640141861187678 0.0
0.188400324588433 0.126877702328132 0.0
0.194492944209423 0.189838788110661 0.0
0.201197682645663 0.252872677666259 0.0
0.208509023061432 0.3159341468666 0.0
0.216329028044829 0.378941545080557 0.0
0.224423868874704 0.441759571107509 0.0
0.232364637560266 0.50419992460811 0.0
0.206251057471715 -0.620901453117604 0.0
0.208477652327329 -0.559374326975462 0.0
0.210949565050463 -0.497708027466398 0.0
0.21365654012172 -0.43590411353819 0.0
0.216598464893198 -0.373961363318407 0.0
0.219783453809796 -0.311876928985336 0.0
0.223227675797319 -0.249646935840964 0.0
0.226956160931031 -0.18726669143282 0.0
0.23100404578193 -0.124731201733081 0.0
0.235417898288869 -0.0620352968108719 0.0
0.240256495878242 0.000825605495754634 0.0
0.245590252649706 0.0638547004238312 0.0
0.251497802648901 0.127051871981389 0.0
0.258057750611701 0.190410412040047 0.0
0.26533310044464 0.253909461946805 0.0
0.273346666906869 0.317501243240205 0.0
0.282044613380497 0.381090247164058 0.0
0.291235049174257 0.444507090550821 0.0
0.300456496163615 0.507489937202608 0.0
0.267624353544324 -0.622344789954157 0.0
0.269867000556779 -0.560803241960021 0.0
0.272365998234926 -0.49911225995119 0.0
0.275110742548952 -0.437270797381267 0.0
0.278102544518069 -0.375275186502343 0.0
0.281352182901585 -0.313119645073597 0.0
0.284879868746509 -0.250796694434164 0.0
0.288716094201393 -0.188297178720323 0.0
0.292902898896468 -0.12561054735971 0.0
0.29749520866123 -0.0627247087526853 0.0
0.302561651513867 0.000373495076127149 0.0
0.308184233076582 0.0636977546889688 0.0
0.314455927887667 0.127260525272937 0.0
0.321475349232748 0.191069624581733 0.0
0.329337463766742 0.25511993420854 0.0
0.338118592785075 0.319378248993401 0.0
0.347846476622866 0.383754876866077 0.0
0.358422810652129 0.448055148323209 0.0
0.369414101102153 0.511909484810581 0.0
0.328962213757074 -0.623839672135134 0.0
0.331223616431306 -0.562293751489084 0.0
0.333746763237984 -0.500588596233368 0.0
0.336523211506575 -0.43872121926543 0.0
0.339556078653577 -0.376685460852809 0.0
0.342858921544607 -0.314472535005464 0.0
0.346455839407708 -0.252071286368758 0.0
0.350382403576278 -0.18946787594614 0.0
0.354687027686898 -0.126645613917916 0.0
0.359432458023465 -0.0635842559527809 0.0
0.364696893681072 -0.000259783647333289 0.0
0.37057445849248 0.0633559607815538 0.0
0.377174869440526 0.127294729083398 0.0
0.384622909190461 0.191590188328285 0.0
0.393058624720505 0.256271904858465 0.0
0.40263816843955 0.321352079298424 0.0
0.413525203379614 0.3867934018315 0.0
0.425828910830034 0.452432554638985 0.0
0.439346564840694 0.517807223401821 0.0
0.390257634109203 -0.625444867186345 0.0
0.392536076529966 -0.563907382746021 0.0
0.395078175904809 -0.502204945616081 0.0
0.397877417919609 -0.440331597021334 0.0
0.400939079777549 -0.378278582317308 0.0
0.404279415198904 -0.316034699547529 0.0
0.407925892841776 -0.253585950811496 0.0
0.411918306019414 -0.190914544418216 0.0
0.416310345132804 -0.127997981737743 0.0
0.421171347476936 -0.0648074634758898 0.0
0.4265878888744 -0.00130649783499897 0.0
0.432665349832471 0.0625511524128048 0.0
0.439530185166709 0.126823564109226 0.0
0.447335163463988 0.191583387317372 0.0
0.456271414552801 0.256919432814001 0.0
0.466592936010482 0.322936213483113 0.0
0.478656759224196 0.389740677779883 0.0
0.492962997737727 0.457378428977301 0.0
0.510062381412376 0.525574702189573 0.0
