-0.782765151205499 -0.649679362017656 0.0
0.443512810225015 -0.685408045439073 0.0
-0.774126636981964 0.61237245798111 0.0
0.61237245798111 0.61237245798111 0.0
-0.721558134804015 -0.651918547781851 0.0
0.445479260262521 -0.624065123333137 0.0
0.528371944972959 0.593939220395267 0.0
-0.754594605268847 0.542516503822519 0.0
-0.660331176062445 -0.653876537939154 0.0
0.447703146147105 -0.562575666403333 0.0
0.45066121066582 0.583830491745987 0.0
-0.747997771716088 0.475114444059366 0.0
-0.599098186740483 -0.655811437341229 0.0
0.45017842465785 -0.500928364582145 0.0
0.376802721935688 0.577216607516308 0.0
-0.745680247684395 0.409631508678176 0.0
-0.537855395500893 -0.657738948118876 0.0
0.452906806917282 -0.439114698182151 0.0
0.305351960866654 0.572529119954224 0.0
-0.745380375432233 0.345288430725221 0.0
-0.476605378664521 -0.659673109186825 0.0
0.455899831352055 -0.377126286784682 0.0
0.235511929816477 0.56910029704617 0.0
-0.746250156084787 0.281635678391668 0.0
-0.415346244072143 -0.66162844232806 0.0
0.459179566700148 -0.314953081149963 0.0
0.166802862727135 0.566588741768201 0.0
-0.747861444004458 0.218424073344419 0.0
-0.354071363471413 -0.663603682293121 0.0
0.462779852809738 -0.252581852253201 0.0
0.0989009505738833 0.564789302123033 0.0
-0.749957460490611 0.155512650819764 0.0
-0.292772508725273 -0.665582177152408 0.0
0.466748165291467 -0.189994350160832 0.0
0.0315552387857795 0.563543182940415 0.0
-0.752368441088519 0.0928204122288538 0.0
-0.231443285081349 -0.667538132926083 0.0
0.471147850699946 -0.127165509458899 0.0
-0.0354641600123322 0.562641097091129 0.0
-0.754975936906919 0.0303012111832433 0.0
-0.17008102874577 -0.66944371448612 0.0
0.476060553565626 -0.0640607373002008 0.0
-0.102394812029865 0.561433365032196 0.0
-0.757695803510577 -0.0320685042199874 0.0
-0.108687942873892 -0.671274965188911 0.0
0.48158865970955 -0.000632996674800097 0.0
-0.168272506780859 0.563791821351812 0.0
-0.760472217874726 -0.0942958110608582 0.0
-0.0472708711740886 -0.673015962983133 0.0
0.48785824774339 0.0631814497519196 0.0
-0.233168631345474 0.56702244914436 0.0
-0.763292048571796 -0.156372523110335 0.0
0.014159365493896 -0.674661339016471 0.0
0.495024099782583 0.12746865800985 0.0
-0.298138709913402 0.567359430357938 0.0
-0.766269235879479 -0.21827926679847 0.0
0.0755894839090978 -0.676217593032942 0.0
0.503280747850317 0.192346139471913 0.0
-0.363719913198739 0.569033219178803 0.0
-0.768453218109725 -0.280101538018047 0.0
0.137004810806624 -0.677703473792611 0.0
0.512886986833674 0.257977457553636 0.0
-0.430036636906068 0.571059887867815 0.0
-0.770803553631285 -0.341963167480419 0.0
0.198391347407179 -0.679149498213914 0.0
0.524218438970893 0.324600384755793 0.0
-0.496969249935697 0.577216170786742 0.0
-0.773559143423857 -0.403779569878706 0.0
0.259737807722129 -0.680596353679067 0.0
0.537879340254075 0.392581000452005 0.0
-0.563863943353607 0.583633507163359 0.0
-0.77607686426446 -0.465443375854375 0.0
0.321037698401587 -0.682091622720715 0.0
0.554962507104869 0.462518733305588 0.0
-0.630950393550166 0.587015970305724 0.0
-0.778529728741509 -0.526954653873715 0.0
0.382292296374498 -0.683683574427844 0.0
0.577770041192928 0.535413051874447 0.0
-0.700721359394397 0.595032339391311 0.0
-0.780621542049345 -0.588361827985876 0.0
-0.719444168643116 -0.590600332852271 0.0
-0.717324212642801 -0.529170324205711 0.0
-0.714906776080946 -0.467619164996166 0.0
-0.712400497231353 -0.406005968559219 0.0
-0.709757697785092 -0.344334699293899 0.0
-0.707416076978767 -0.282590565337126 0.0
-0.705076349182136 -0.220608960166367 0.0
-0.702121649408662 -0.158372265362247 0.0
-0.699282260325937 -0.0960643257297944 0.0
-0.696491684441507 -0.0336424698179943 0.0
-0.69377032253174 0.02892687554525 0.0
-0.691175623307153 0.0916757765817893 0.0
-0.68879714119827 0.154641844006664 0.0
-0.686765214864873 0.217872424007574 0.0
-0.685272194383392 0.281422739724909 0.0
-0.684616269242591 0.345340070057742 0.0
-0.685299284865691 0.409601383099112 0.0
-0.688273645879656 0.473897351998806 0.0
-0.695550798325897 0.536852431711633 0.0
-0.658242040190097 -0.592552195853988 0.0
-0.656058179470632 -0.531137532873614 0.0
-0.653669959370659 -0.469603664640456 0.0
-0.651171265028284 -0.407956690336139 0.0
-0.648624203394117 -0.346164004327613 0.0
-0.646212590049227 -0.28426089815073 0.0
-0.643705819380308 -0.222251472807395 0.0
-0.640880875667948 -0.160055235227213 0.0
-0.638074357580768 -0.097718123565806 0.0
-0.635304836745327 -0.0352372845683533 0.0
-0.632612202375396 0.0273984225854685 0.0
-0.630063546423729 0.0902002394199812 0.0
-0.6277573529252 0.153174027650142 0.0
-0.625833774917287 0.216310590655682 0.0
-0.624492979813692 0.279564067580616 0.0
-0.624025158989025 0.342809305377447 0.0
-0.624852750266936 0.405760037571792 0.0
-0.62751080363761 0.46782986817821 0.0
-0.630977878471662 0.528080765280207 0.0
-0.597005715830913 -0.594491465725056 0.0
-0.59479105771537 -0.53306374170891 0.0
-0.592421699827556 -0.471509053251518 0.0
-0.589960189091832 -0.409821587576958 0.0
-0.587467890867612 -0.348002468312934 0.0
-0.584997967879032 -0.286083174565003 0.0
-0.582416989838104 -0.224048606240029 0.0
-0.579657018407525 -0.161858348289077 0.0
-0.576886053844913 -0.0995335079073919 0.0
-0.574148131052624 -0.0370813822126156 0.0
-0.571493925076321 0.025490578228152 0.0
-0.568995197162893 0.0881671461074775 0.0
-0.566750601766817 0.150917377592851 0.0
-0.564892149393148 0.213684085663465 0.0
-0.563591752476436 0.276368676031658 0.0
-0.563059666384635 0.338814958092647 0.0
-0.563489822670153 0.400800758193429 0.0
-0.5646272932575 0.462078140426895 0.0
-0.564336951199888 0.522785799282954 0.0
-0.535753596677159 -0.596417131765646 0.0
-0.533529462348166 -0.534979780482602 0.0
-0.531183132151783 -0.473415771744625 0.0
-0.528756325600575 -0.411725122618249 0.0
-0.526286348934894 -0.349917104450621 0.0
-0.523781008559863 -0.288006245999282 0.0
-0.521171489942709 -0.225982750434167 0.0
-0.518447630922736 -0.163833456352703 0.0
-0.515704232497831 -0.101575845739568 0.0
-0.512990144955352 -0.0392274530765502 0.0
-0.510358648385962 0.0231883087625298 0.0
-0.507878816364338 0.085636514324914 0.0
-0.505639501436488 0.148064779243375 0.0
-0.50375060094196 0.210397239242748 0.0
-0.502337792160464 0.27252776336443 0.0
-0.501511960763321 0.334315079408423 0.0
-0.501229039287211 0.395583540293702 0.0
-0.500805087883933 0.456181542972265 0.0
-0.497435685780793 0.5160782554006 0.0
-0.474494215082206 -0.59835394773681 0.0
-0.472272724384771 -0.536918962600146 0.0
-0.469948795298071 -0.475362950720814 0.0
-0.467546856317957 -0.41368923674472 0.0
-0.465085254357034 -0.351907123071761 0.0
-0.462559018706613 -0.290025967754653 0.0
-0.459936368931869 -0.228044765735402 0.0
-0.457227615508617 -0.165965929256127 0.0
-0.454493275177315 -0.103809203340676 0.0
-0.451778825948776 -0.0415992511676497 0.0
-0.449133836080025 0.0206316434979591 0.0
-0.446618666083321 0.0828401634251305 0.0
-0.444305666856073 0.14496831319274 0.0
-0.442275256928018 0.206940052048836 0.0
-0.44059923154336 0.268656779615732 0.0
-0.439283492769236 0.329993860380817 0.0
-0.438095013975959 0.390808632289568 0.0
-0.436135851548032 0.450992100602582 0.0
-0.432053741535711 0.510774685379852 0.0
-0.413227839686699 -0.600316190242886 0.0
-0.411014716615538 -0.538891626726599 0.0
-0.408709766677662 -0.477352611979455 0.0
-0.406323428936438 -0.415704096753219 0.0
-0.403861931150738 -0.353955329124143 0.0
-0.401318559288113 -0.292115332466392 0.0
-0.398681107925871 -0.23018985192738 0.0
-0.395965590792243 -0.168189466282288 0.0
-0.39321400635933 -0.106135523213433 0.0
-0.390464869064748 -0.0440548886443546 0.0
-0.387759857980171 0.018018879463332 0.0
-0.385146568617763 0.0800439388504751 0.0
-0.382676578151579 0.141968509576711 0.0
-0.380396046042975 0.203730140297078 0.0
-0.378318295797789 0.265255905678228 0.0
-0.376352140635109 0.326470531988318 0.0
-0.374146815024578 0.387329321786597 0.0
-0.37102142630849 0.447931983864479 0.0
-0.367042745499298 0.508672121969926 0.0
-0.35195029598703 -0.602299205999925 0.0
-0.349748160876171 -0.54088681449217 0.0
-0.347457512835177 -0.479365952512293 0.0
-0.345077917982621 -0.417742531795518 0.0
-0.342608493739172 -0.356025883257287 0.0
-0.340043686736872 -0.29422567564547 0.0
-0.337380719565919 -0.232351403085132 0.0
-0.334635276185404 -0.170416851118542 0.0
-0.331837350575424 -0.108442712961268 0.0
-0.329017027201773 -0.046454138451292 0.0
-0.326205939234659 0.0155188632875135 0.0
-0.323437112799493 0.0774410042851907 0.0
-0.320740289004017 0.139271447840993 0.0
-0.318128492131757 0.200965103794887 0.0
-0.31556627910559 0.262476464224874 0.0
-0.312906309957839 0.323773522887912 0.0
-0.309825563060647 0.384874670972624 0.0
-0.305994280137321 0.445894189175673 0.0
-0.301435408390303 0.506829083129714 0.0
-0.290656029951451 -0.60428321737513 0.0
-0.288466130655815 -0.542879772623696 0.0
-0.286184434960944 -0.481372316094038 0.0
-0.28380280372447 -0.419767267178397 0.0
-0.281316542223939 -0.358073837495452 0.0
-0.278721486765518 -0.296301928848161 0.0
-0.276018685117456 -0.234462342020142 0.0
-0.273221030684672 -0.172569142158969 0.0
-0.270349412494713 -0.110640914635924 0.0
-0.267425145612805 -0.048699524823962 0.0
-0.264469157831946 0.0132297167722566 0.0
-0.261499893823593 0.0751181546586468 0.0
-0.258526835080703 0.136934252781237 0.0
-0.255535645248673 0.198646265214785 0.0
-0.252459591301945 0.260228821432419 0.0
-0.249141673617896 0.321681107555146 0.0
-0.245339835219594 0.383058939262742 0.0
-0.2408202235479 0.444481086044767 0.0
-0.235234794263557 0.506103152170089 0.0
-0.229340536928664 -0.606240494991583 0.0
-0.227163403161862 -0.544839732999902 0.0
-0.224885042159403 -0.483337299557233 0.0
-0.222492822628634 -0.421739849640476 0.0
-0.219980448333365 -0.360056202215875 0.0
-0.217344732934523 -0.298295905109876 0.0
-0.214587549855995 -0.236469625598513 0.0
-0.211718011816082 -0.174590456817128 0.0
-0.208749299217171 -0.112674740553398 0.0
-0.205694072530229 -0.0507415638465286 0.0
-0.20256264749637 0.0111868421038232 0.0
-0.199359854363945 0.0730849828107971 0.0
-0.196078145509791 0.134924164327225 0.0
-0.192684642087712 0.196674357494135 0.0
-0.189102661307387 0.258308494109177 0.0
-0.185201547856254 0.319811721123843 0.0
-0.1808224628584 0.38118511403596 0.0
-0.175805674107053 0.442426030755053 0.0
-0.16958904307125 0.503489901827927 0.0
-0.16800158015204 -0.608142481529327 0.0
-0.165837066242801 -0.546736963788771 0.0
-0.163556400099391 -0.485229816330572 0.0
-0.161145565408403 -0.423627814933899 0.0
-0.158598192278394 -0.361939183853532 0.0
-0.155911600559743 -0.300172713985857 0.0
-0.153086829400494 -0.238338265119084 0.0
-0.150128704682085 -0.176447635256358 0.0
-0.147043244966038 -0.11451536742778 0.0
-0.143834435152064 -0.0525587955322474 0.0
-0.140501950898576 0.00940114768625964 0.0
-0.137037641995466 0.0713393240581286 0.0
-0.133419357521807 0.133225681701457 0.0
-0.12960190207337 0.19502562530576 0.0
-0.12550940819765 0.256700587115775 0.0
-0.121041255541999 0.318207921477339 0.0
-0.116100583566141 0.379492018418984 0.0
-0.110605691320298 0.440466495319722 0.0
-0.104890665132704 0.501157640121277 0.0
-0.106640086298432 -0.609965459452071 0.0
-0.104487077056824 -0.548548050896327 0.0
-0.102198531875794 -0.487026874629787 0.0
-0.099761817874749 -0.425408743488561 0.0
-0.0971714851931503 -0.363701096459713 0.0
-0.0944248815506041 -0.301911657228325 0.0
-0.0915211431363601 -0.24004907511143 0.0
-0.0884603435171823 -0.178123640175545 0.0
-0.0852412948898421 -0.116148149482185 0.0
-0.0818589313112095 -0.0541382302362436 0.0
-0.0783018403235948 0.00788671597288849 0.0
-0.0745488123418937 0.0699029227908228 0.0
-0.0705640156767284 0.131881787185076 0.0
-0.0662921280068005 0.193790810398073 0.0
-0.0616585951623394 0.25559537304941 0.0
-0.0565836434627996 0.317263260338504 0.0
-0.0510169748788781 0.378774969315203 0.0
-0.0450722836619366 0.440174045701539 0.0
-0.0395489443069446 0.501604403149407 0.0
-0.0452600113083701 -0.611694399515661 0.0
-0.0431160425980292 -0.550259260706743 0.0
-0.040814157498069 -0.488716283811197 0.0
-0.038345273095369 -0.427072115608148 0.0
-0.035705337456008 -0.365333126238173 0.0
-0.0328911860843559 -0.303505610401936 0.0
-0.0298992304212394 -0.241596563064923 0.0
-0.026724297871959 -0.179614313830818 0.0
-0.0233576910175869 -0.117569380098197 0.0
-0.0197848698908518 -0.0554748171035538 0.0
-0.0159830310576534 0.00665295939323441 0.0
-0.0119182098707331 0.0687938850339779 0.0
-0.00754246276024535 0.130924249157131 0.0
-0.00279354749141123 0.193018183845989 0.0
0.00239723773326512 0.255049997364973 0.0
0.00807997846006497 0.316999776077547 0.0
0.0142198270278937 0.378865330902191 0.0
0.0205354278671523 0.440665346673229 0.0
0.0264382382849159 0.50230130958272 0.0
0.0161320026816677 -0.61332524906814 0.0
0.0182709699002767 -0.551868457200388 0.0
0.0205913803712437 -0.490298101327366 0.0
0.0230974625276863 -0.428620256495405 0.0
0.0257919157699648 -0.36683982855511 0.0
0.0286790346133261 -0.304961262028139 0.0
0.0317658038280653 -0.242989400565599 0.0
0.0350630713790378 -0.180930034703271 0.0
0.0385873080177575 -0.11879068418412 0.0
0.0423627086935932 -0.0565808875931356 0.0
0.0464233225088134 0.00568708050064933 0.0
0.0508149899288745 0.0679980052146884 0.0
0.0555957807173272 0.130333598006849 0.0
0.0608318292621881 0.192673259988636 0.0
0.0665825120674879 0.254994545830737 0.0
0.0728645427898065 0.317274662358178 0.0
0.0795801480543571 0.379487255472148 0.0
0.0864404462238785 0.441568996155329 0.0
0.0930074125795853 0.503380849925379 0.0
0.0775276550376543 -0.614866134541623 0.0
0.0796671203562627 -0.553386105772354 0.0
0.0820105953139622 -0.49178541147494 0.0
0.0845572403391852 -0.430068963734015 0.0
0.0873089448041031 -0.368239773950977 0.0
0.0902717922613147 -0.306300043885093 0.0
0.0934566876644888 -0.244252019692622 0.0
0.0968804477867295 -0.182098429290618 0.0
0.100567434809195 -0.119843181445733 0.0
0.104551458313335 -0.0574916145236954 0.0
0.108877482840697 0.0049487633145828 0.0
0.113602499949943 0.0674678582278978 0.0
0.118793810590497 0.130052205308808 0.0
0.124521394651428 0.19268424276617 0.0
0.130838574922091 0.255339816540321 0.0
0.137744002530799 0.317983482111444 0.0
0.145127196019473 0.380554755381438 0.0
0.152726834980648 0.442946431198446 0.0
0.160139445570874 0.505004445628008 0.0
0.138917408803875 -0.616337710458429 0.0
0.141063759445858 -0.554835520167686 0.0
0.143433619454223 -0.493204471444188 0.0
0.146022094608265 -0.431447652057737 0.0
0.148831193312175 -0.369565837855402 0.0
0.151869407097462 -0.307558706577245 0.0
0.155151919574127 -0.245425558950797 0.0
0.158701658831186 -0.183165613958351 0.0
0.162550870043766 -0.120778616747077 0.0
0.166742858838437 -0.0582650540468646 0.0
0.171333312317814 0.00437303635572408 0.0
0.176390338615357 0.0671313545884778 0.0
0.181991366470922 0.1300018046949 0.0
0.188213892257512 0.192970200450225 0.0
0.195115693629379 0.256010715109653 0.0
0.20270174017241 0.319076124347354 0.0
0.210881116535239 0.382081175898926 0.0
0.219422844141934 0.444885109734151 0.0
0.227897351806288 0.507294196643526 0.0
0.200291682910635 -0.617772672671341 0.0
0.202451116865186 -0.55625226937866 0.0
0.20484879561175 -0.494594040253628 0.0
0.207477916658042 -0.432798741768075 0.0
0.210341673983221 -0.370864791567165 0.0
0.21345142455017 -0.308789201403658 0.0
0.216826796663675 -0.246568043345773 0.0
0.220496816199692 -0.184196583387023 0.0
0.22450148758648 -0.121669758597935 0.0
0.22889346435052 -0.0589822910914849 0.0
0.233739162868339 0.0038705349759416 0.0
0.239118454968037 0.0668920300181453 0.0
0.245121333691368 0.130082084017244 0.0
0.251839394158435 0.193433712213116 0.0
0.259349476087706 0.25692516518889 0.0
0.267687764926347 0.320506574649119 0.0
0.276811661681611 0.38407835653986 0.0
0.286536231802636 0.44746468980321 0.0
0.296399417473094 0.510396680325491 0.0
0.261641681090913 -0.619214125697022 0.0
0.263818697676301 -0.55768236463154 0.0
0.266243189278775 -0.496003532799582 0.0
0.268909170393985 -0.434176054464147 0.0
0.271821819754216 -0.372196156631458 0.0
0.274995532516628 -0.310058110558822 0.0
0.278454340378072 -0.24775451292452 0.0
0.282233165411889 -0.185276233783319 0.0
0.286379472429051 -0.122612664460025 0.0
0.290954984897365 -0.0597515617410191 0.0
0.296036855600916 0.00332046434370334 0.0
0.301717627353303 0.0666173738332832 0.0
0.308102970315921 0.130151838003889 0.0
0.315306288748787 0.193931655649036 0.0
0.323439132498747 0.257951099168372 0.0
0.33259561311615 0.322175107528303 0.0
0.342821137903157 0.38650983138834 0.0
0.354031261089645 0.450752941183781 0.0
0.365794760584011 0.514524135516369 0.0
0.32295977396614 -0.620712162240394 0.0
0.325155579410118 -0.559178570474382 0.0
0.327603344908582 -0.497489600549909 0.0
0.33029991058852 -0.435642201033221 0.0
0.333252539558946 -0.373630441277617 0.0
0.336478614090751 -0.311445817414664 0.0
0.340006303453139 -0.249077406365012 0.0
0.34387594977519 -0.186511506757285 0.0
0.348141855118903 -0.123731452460269 0.0
0.352874171528326 -0.0607169052712843 0.0
0.358160398819771 0.0025563525023107 0.0
0.364106188248057 0.0661167467901507 0.0
0.370835287775277 0.129996289316926 0.0
0.378489284107561 0.194228744993458 0.0
0.387228185295088 0.258843305879437 0.0
0.397231796914966 0.323850682772469 0.0
0.408691110747409 0.389209630111836 0.0
0.421742849310196 0.454747926792436 0.0
0.4361990722031 0.519986361275725 0.0
0.384240216819533 -0.622317188030626 0.0
0.386452056176057 -0.560793758186927 0.0
0.388917724738605 -0.499111611497737 0.0
0.391636043393027 -0.437265282496028 0.0
0.394616444710526 -0.37524654805929 0.0
0.397879075751366 -0.313044684093096 0.0
0.401455625192626 -0.250646100230582 0.0
0.405390900422509 -0.188033337158823 0.0
0.409744828857878 -0.12518414595847 0.0
0.414594623078928 -0.0620698879280082 0.0
0.420036776433167 0.00134585424200581 0.0
0.426189023482582 0.0651093039480315 0.0
0.433193049348185 0.129278522730121 0.0
0.441220385921036 0.193926016648402 0.0
0.450485662686366 0.259140062312315 0.0
0.461273275005368 0.325023650743571 0.0
0.473980754074255 0.391679732229801 0.0
0.489161143584505 0.459143584853801 0.0
0.507420924337242 0.527114749729373 0.0
