-0.791133160800319 -0.647219017495031 0.0
0.434582426659862 -0.679717278557573 0.0
-0.79257162809372 0.61237245798111 0.0
0.61237245798111 0.61237245798111 0.0
-0.729918076426129 -0.649224080050355 0.0
0.436429492494805 -0.618384068816941 0.0
0.526474059858365 0.596006173077199 0.0
-0.770170936535895 0.543380659319315 0.0
-0.668685166159563 -0.650948104196224 0.0
0.438502094852695 -0.556920596093309 0.0
0.447398356310344 0.587236941387197 0.0
-0.762013281253747 0.476368428235372 0.0
-0.607446616614882 -0.652644823300693 0.0
0.440806875686613 -0.495317708776673 0.0
0.372421888338644 0.581504605595239 0.0
-0.758731314712571 0.411170279525904 0.0
-0.546199794093536 -0.65432643176773 0.0
0.44335434246988 -0.433568134764663 0.0
0.299997090896326 0.577392632437485 0.0
-0.757768346334412 0.347057393860303 0.0
-0.484949302853327 -0.656007690293139 0.0
0.446163277819529 -0.371664500288146 0.0
0.229278757591478 0.574325527031958 0.0
-0.75814997374931 0.283591302188571 0.0
-0.423695485801645 -0.657706885092782 0.0
0.449262728849892 -0.309597780431913 0.0
0.159758280465313 0.572019671574446 0.0
-0.759382246238838 0.220529134361766 0.0
-0.362433703032086 -0.65942842795248 0.0
0.452694153240609 -0.247355864514183 0.0
0.0910902770227794 0.570305920484447 0.0
-0.761169648446411 0.157735362117836 0.0
-0.301157127329082 -0.661162095801167 0.0
0.45651405213065 -0.184921705627221 0.0
0.0230039355874908 0.569045162838384 0.0
-0.763317902580771 0.0951338676015275 0.0
-0.239859987016644 -0.662888330433571 0.0
0.460796936905542 -0.122271477434808 0.0
-0.0447527368000887 0.568029013456939 0.0
-0.765692338363187 0.032682779801693 0.0
-0.178539407107824 -0.66458469874322 0.0
0.46563847602793 -0.0593718100292918 0.0
-0.112444063166461 0.566569507825716 0.0
-0.768197726586753 -0.0296378151038551 0.0
-0.117196583297084 -0.666231447597018 0.0
0.471158650082561 0.00382314856687595 0.0
-0.179001756990051 0.568931271702684 0.0
-0.770770366355542 -0.0918319950347969 0.0
-0.0558366481266592 -0.667815482394477 0.0
0.477505434820492 0.067375934100686 0.0
-0.244441807923958 0.572147113454797 0.0
-0.773390859843855 -0.153889241307712 0.0
0.00553187844501472 -0.669332804629081 0.0
0.484860736585397 0.131371203122308 0.0
-0.309954041229931 0.572057092146033 0.0
-0.776158816443469 -0.215788993372455 0.0
0.0668984883336656 -0.670789757068982 0.0
0.493453022573757 0.195924485311394 0.0
-0.376198016032644 0.573331715571961 0.0
-0.77814760992542 -0.277601139546779 0.0
0.12825164713936 -0.672203269371657 0.0
0.503585000269583 0.261196043851229 0.0
-0.443292419106329 0.574861214479155 0.0
-0.780301999154201 -0.339457538331104 0.0
0.189580738830406 -0.673600106113847 0.0
0.515692533053159 0.327417512780857 0.0
-0.51107818359007 0.580770632220801 0.0
-0.782847205630569 -0.401281154527589 0.0
0.250877940533719 -0.675014801330684 0.0
0.53046902475272 0.394942406608837 0.0
-0.57875102341092 0.586823321494345 0.0
-0.785144578288947 -0.462954520846617 0.0
0.312140026982521 -0.67648566242068 0.0
0.549151299141114 0.464341083459907 0.0
-0.646607014851606 0.589349391860237 0.0
-0.787368853108602 -0.524476226992398 0.0
0.373370834402676 -0.678047532800972 0.0
0.574292294358247 0.536533780296171 0.0
-0.717494917332964 0.596391946183124 0.0
-0.78922649486326 -0.585892638986616 0.0
-0.72804129684464 -0.587898249868476 0.0
-0.726156228961597 -0.526461165443699 0.0
-0.72396673088591 -0.46490286670462 0.0
-0.721678666380907 -0.403283365908386 0.0
-0.719247708747345 -0.341606454809512 0.0
-0.717106453436796 -0.279866481073125 0.0
-0.714957675936155 -0.217897251776605 0.0
-0.712202697271903 -0.15567360147706 0.0
-0.709560991127259 -0.0933860298864649 0.0
-0.706972066574152 -0.0309929680496374 0.0
-0.704462478626812 0.0315380129601349 0.0
-0.70209769432158 0.0942380713975336 0.0
-0.699978661891308 0.157144275217131 0.0
-0.698252559876883 0.220303930582825 0.0
-0.697137366105396 0.283772691672684 0.0
-0.696971573721192 0.347597819203126 0.0
-0.698323059353305 0.41175139707713 0.0
-0.70225722211526 0.475896608337218 0.0
-0.710972947521143 0.538541044302094 0.0
-0.666834932547624 -0.589616937856919 0.0
-0.664885369530867 -0.528195317767104 0.0
-0.662722728517415 -0.466654524001053 0.0
-0.660440071040683 -0.405001782611385 0.0
-0.658099967422275 -0.343206726657573 0.0
-0.655884896919529 -0.281305016456226 0.0
-0.653569244277257 -0.219298701617203 0.0
-0.650937951469194 -0.157108791894298 0.0
-0.648324775473847 -0.0947816198591861 0.0
-0.64575264455785 -0.0323141401531215 0.0
-0.643267248613373 0.0303051885117053 0.0
-0.640943666813483 0.0930883761249513 0.0
-0.638891841444424 0.15604242972705 0.0
-0.637268674358118 0.219159406899764 0.0
-0.636299017000309 0.282393828814228 0.0
-0.636309496479337 0.345617340548665 0.0
-0.637775381649229 0.408530423269566 0.0
-0.641298493196903 0.47051148532486 0.0
-0.64578221641133 0.530595227524078 0.0
-0.605595319696508 -0.591316777099451 0.0
-0.603613897848134 -0.529880197141853 0.0
-0.60146703842811 -0.468316490367979 0.0
-0.599217247178842 -0.406620859543764 0.0
-0.596926739220164 -0.344794905942686 0.0
-0.594649828049448 -0.282869669947748 0.0
-0.592257299962956 -0.220829511796078 0.0
-0.589685677035065 -0.158634065979748 0.0
-0.58710327525562 -0.0963039148960363 0.0
-0.584557963850429 -0.0338454481738043 0.0
-0.582105942961924 0.028734944941006 0.0
-0.579826738060263 0.0914231720643293 0.0
-0.577830033363819 0.1541892035827 0.0
-0.576263477052035 0.216975859321038 0.0
-0.575320803173975 0.279682304883328 0.0
-0.575241436788344 0.342145670745793 0.0
-0.576252323613411 0.404130412335766 0.0
-0.578093770521874 0.465374763049686 0.0
-0.578405525266561 0.52605319188167 0.0
-0.544341582239917 -0.592994483367752 0.0
-0.542348872744589 -0.53154530891401 0.0
-0.540221037239654 -0.46996864333479 0.0
-0.538001042073098 -0.408265038854459 0.0
-0.535727962859167 -0.346443729704917 0.0
-0.533411774782309 -0.284518721254012 0.0
-0.530987140994652 -0.222479526792808 0.0
-0.528446974970149 -0.160312420900044 0.0
-0.525887640333347 -0.0980340421729781 0.0
-0.523361545702961 -0.0356609811765007 0.0
-0.520927140754069 0.0267841279969088 0.0
-0.518660757665619 0.0892666717001273 0.0
-0.516661339528467 0.151733580072296 0.0
-0.515052482576318 0.214106438361242 0.0
-0.513977497908433 0.276273420205292 0.0
-0.513566779179365 0.338082867126229 0.0
-0.51378391484702 0.399343717920327 0.0
-0.513882579975264 0.459893029997942 0.0
-0.510756669498014 0.519713787184418 0.0
-0.483083364724663 -0.594676226367896 0.0
-0.481090554603859 -0.533226274386914 0.0
-0.478980538848902 -0.471653609635038 0.0
-0.476780409028905 -0.409961871362941 0.0
-0.474511101571974 -0.348160098516611 0.0
-0.47217023783804 -0.286256989262043 0.0
-0.469728938626067 -0.224250761928821 0.0
-0.467199928289689 -0.162143113717583 0.0
-0.464645648946774 -0.0999530648769634 0.0
-0.462114785060803 -0.0377047638929794 0.0
-0.45966149836796 0.0245695008664525 0.0
-0.457352500426024 0.0868254940071334 0.0
-0.455268654361605 0.149002817862406 0.0
-0.453501139270047 0.211020751726872 0.0
-0.452133581970932 0.272772728356769 0.0
-0.451179161598533 0.334121940299805 0.0
-0.450387700216796 0.394910322970193 0.0
-0.448767449327385 0.455017477192427 0.0
-0.444833296533461 0.514687871631082 0.0
-0.421822274008221 -0.596380579489662 0.0
-0.41983401745195 -0.534938501721726 0.0
-0.417737982422475 -0.473379560786443 0.0
-0.415548564601689 -0.411708899503037 0.0
-0.413275176188107 -0.349935381440795 0.0
-0.410913777131203 -0.288067337785179 0.0
-0.408454561181441 -0.226109778558258 0.0
-0.405915462268799 -0.164072667939176 0.0
-0.403340262365772 -0.101976932519801 0.0
-0.400770108486764 -0.0398494322837121 0.0
-0.398250371114193 0.0222755868233621 0.0
-0.395833593684147 0.0843545703469586 0.0
-0.39357756113974 0.146332601546898 0.0
-0.391535210316462 0.208142236554157 0.0
-0.38972450216393 0.269703429955673 0.0
-0.388048613539541 0.330932278586221 0.0
-0.386121509903791 0.391777570964094 0.0
-0.383188338680762 0.452345660318431 0.0
-0.379338554463745 0.513060919756264 0.0
-0.360555410996564 -0.598108902900336 0.0
-0.358573124863213 -0.536677544414811 0.0
-0.356486052904636 -0.475134830937523 0.0
-0.354298716269817 -0.413486771463941 0.0
-0.352013715359112 -0.351742255349988 0.0
-0.349627994017209 -0.289910286127727 0.0
-0.347140639034579 -0.227999720038523 0.0
-0.344568707113264 -0.166023890004876 0.0
-0.341943486150118 -0.104003335954053 0.0
-0.339296863818276 -0.0419635345164045 0.0
-0.336662943502383 0.0200644968835154 0.0
-0.334077883360691 0.0820435721337847 0.0
-0.331574834514406 0.14392987234883 0.0
-0.329169155462058 0.205674152648175 0.0
-0.326823006482993 0.26722586829346 0.0
-0.324373849835799 0.328548487130408 0.0
-0.321461520899684 0.389660274702073 0.0
-0.317717602153059 0.450683776319811 0.0
-0.313156538638769 0.511605024691519 0.0
-0.299278180340497 -0.599847993981679 0.0
-0.297301839642252 -0.538425437150426 0.0
-0.295218097996595 -0.47689581470242 0.0
-0.293024352205214 -0.415265532053531 0.0
-0.290719353534639 -0.353543311693942 0.0
-0.288301022391298 -0.291738420203036 0.0
-0.285771635705589 -0.229861106937917 0.0
-0.28314478546486 -0.167925111784789 0.0
-0.280441912496134 -0.105949030211369 0.0
-0.277685089144308 -0.0439552064559474 0.0
-0.274896256267702 0.0180299659846436 0.0
-0.272094927720425 0.0799760247278747 0.0
-0.269291017369726 0.141848841374627 0.0
-0.266468235688658 0.203613419496347 0.0
-0.263551803688986 0.265241131747114 0.0
-0.260365073026619 0.326729789041378 0.0
-0.256633981019204 0.388139125484115 0.0
-0.25208819552346 0.449596986516738 0.0
-0.24631246837474 0.511270217118891 0.0
-0.237986556449027 -0.601576363220319 0.0
-0.236015455779439 -0.540157660173948 0.0
-0.233929224606525 -0.478634364458476 0.0
-0.231720856667642 -0.417012958073282 0.0
-0.22938711280705 -0.35530169888761 0.0
-0.226926252428626 -0.293509506175892 0.0
-0.22434061740494 -0.231646553095742 0.0
-0.22163921110972 -0.169725694222083 0.0
-0.218834840490144 -0.107763383113827 0.0
-0.215939713498999 -0.0457792758122864 0.0
-0.212963544314468 0.0162032569128936 0.0
-0.209910053970905 0.0781569021540699 0.0
-0.206769209487712 0.14005040191972 0.0
-0.203502513589616 0.20185049481851 0.0
-0.200021712976654 0.263526641230033 0.0
-0.196176247993841 0.325061169661005 0.0
-0.191780162022551 0.386453113504462 0.0
-0.18663779484742 0.447695981698319 0.0
-0.180082193335027 0.508732757288139 0.0
-0.176678227001294 -0.603270774891992 0.0
-0.174711153874302 -0.541849690293774 0.0
-0.172616728281435 -0.480324457125077 0.0
-0.170386119697496 -0.418701459051267 0.0
-0.168015277928616 -0.356988254530688 0.0
-0.165502122163252 -0.2951929895206 0.0
-0.162847275131748 -0.233325065915181 0.0
-0.16005452630032 -0.171396106991687 0.0
-0.157128455144847 -0.109420844716793 0.0
-0.154071248176252 -0.0474172622203161 0.0
-0.150880233450001 0.0145924811862241 0.0
-0.147543887831744 0.0765813100427328 0.0
-0.144034749887481 0.138516395021723 0.0
-0.140298906371749 0.200359445199038 0.0
-0.136246685081268 0.262067268989292 0.0
-0.131758003840149 0.323591397385612 0.0
-0.126712041344576 0.384867775010159 0.0
-0.120995346043043 0.445796374195299 0.0
-0.114952103412882 0.506406125242418 0.0
-0.115353489895147 -0.604911595408074 0.0
-0.113388569490672 -0.543482026317756 0.0
-0.111280519097734 -0.481946795237288 0.0
-0.109020915982781 -0.420312048255579 0.0
-0.106605567675688 -0.358584429884533 0.0
-0.104031396626754 -0.296770988921099 0.0
-0.101296132714796 -0.234879937080879 0.0
-0.0983977888010715 -0.172921426654524 0.0
-0.0953325597302393 -0.110908475583553 0.0
-0.0920921140620635 -0.0488573704786417 0.0
-0.08866082153116 0.0132112848648049 0.0
-0.0850117480342578 0.0752718590521834 0.0
-0.0811009696338922 0.137293112358127 0.0
-0.0768616221053583 0.199239090786397 0.0
-0.0722033536314873 0.26107095857072 0.0
-0.0670266938894744 0.322751732074149 0.0
-0.0612597619760728 0.384257611597816 0.0
-0.0550080814922764 0.445635881818368 0.0
-0.0491480444903826 0.507053473128548 0.0
-0.0540151773303377 -0.606486493256157 0.0
-0.052049628073539 -0.545043441202325 0.0
-0.0499229133564192 -0.483491450953187 0.0
-0.0476286665051301 -0.42183619281018 0.0
-0.0451627538656593 -0.360083110411486 0.0
-0.0425204306637021 -0.298237793172208 0.0
-0.0396956429911521 -0.236306804623658 0.0
-0.03668006951159 -0.174298334987726 0.0
-0.033461140809641 -0.1122230812241 0.0
-0.0300195014960115 -0.0500946480613027 0.0
-0.0263261895969141 0.0120695559046367 0.0
-0.0223391585732685 0.0742479472747808 0.0
-0.017999742671606 0.136414706467393 0.0
-0.0132317224950367 0.198541270861072 0.0
-0.00794924326134596 0.260598822960928 0.0
-0.0020836941635876 0.322564459713035 0.0
0.00434314714832566 0.384435245812063 0.0
0.011037620203178 0.446234183804738 0.0
0.0173762414967643 0.507853833759469 0.0
0.00733159341074444 -0.607992659589311 0.0
0.00930156528889023 -0.54653284761102 0.0
0.0114513808466528 -0.48495928883099 0.0
0.0137845119590417 -0.423276776661795 0.0
0.0163052761970281 -0.36148918853729 0.0
0.0190207654043703 -0.299600254341749 0.0
0.0219415063313912 -0.237614390688775 0.0
0.0250826010650545 -0.175537217258394 0.0
0.0284656726756824 -0.113376331121141 0.0
0.0321213031157203 -0.0511416177796709 0.0
0.0360916304778304 0.0111539847682484 0.0
0.0404328408088692 0.0734942181008072 0.0
0.045216114025539 0.135859305777449 0.0
0.0505235665864568 0.198226681691917 0.0
0.056432430270503 0.260571526281051 0.0
0.0629756746156348 0.322868679003187 0.0
0.0700622956209459 0.385090004076782 0.0
0.0773948631836506 0.447167775401931 0.0
0.0845253525080105 0.508952632789884 0.0
0.0686803355562704 -0.609437938055459 0.0
0.0706593306534356 -0.547960226896253 0.0
0.0728356995562462 -0.486362683151339 0.0
0.075210166312942 -0.424648699768275 0.0
0.077787856564117 -0.362820233549806 0.0
0.0805788449291927 -0.300878813785906 0.0
0.0835986124754675 -0.23882628761011 0.0
0.0868693013871749 -0.176665180260137 0.0
0.0904216786789356 -0.114399356773723 0.0
0.0942974747638656 -0.0520342708460908 0.0
0.0985516013374413 0.0104222604236234 0.0
0.103253524648475 0.0729595719067429 0.0
0.108485841559718 0.135563261391128 0.0
0.114336315658024 0.198214329330381 0.0
0.120876849879534 0.260886545910933 0.0
0.128121553615787 0.323541565635171 0.0
0.135967224583019 0.386114271883389 0.0
0.144151011679566 0.448489750708627 0.0
0.152267852002937 0.510505082083925 0.0
0.130023498852042 -0.610841017590292 0.0
0.132016316304632 -0.549346699995962 0.0
0.134221188114069 -0.487725489390992 0.0
0.136637280356903 -0.425978869463222 0.0
0.139271387518427 -0.36410666050823 0.0
0.142137070576958 -0.302107992758797 0.0
0.145255022398425 -0.239981847685422 0.0
0.148654486412889 -0.177727242262246 0.0
0.152375291176641 -0.115343779570518 0.0
0.156470113786761 -0.0528318523353426 0.0
0.161006340313496 0.00980651549315724 0.0
0.166066557259803 0.0725668738758897 0.0
0.17174559149121 0.135440661100743 0.0
0.178140680435474 0.198412662739586 0.0
0.185329851718017 0.261455059549507 0.0
0.193335599338542 0.324516940569593 0.0
0.202078462703161 0.387506622371314 0.0
0.21133198474757 0.450273903083818 0.0
0.220665814782095 0.51261602118961 0.0
0.191353551658299 -0.612230628795149 0.0
0.19336417661247 -0.550723583624313 0.0
0.195597469283184 -0.489082019761206 0.0
0.1980530757078 -0.427305250650813 0.0
0.200740288561902 -0.36539100104508 0.0
0.203676413780401 -0.303335964056977 0.0
0.206887372930649 -0.241136043805436 0.0
0.210409377388948 -0.178786360499508 0.0
0.214291082638824 -0.116281661929917 0.0
0.21859584670922 -0.0536164222012019 0.0
0.223403409415266 0.00921434691640604 0.0
0.228810018976165 0.0722141557840069 0.0
0.234925200342546 0.135382835108212 0.0
0.241862710610234 0.198712747005218 0.0
0.249722757173915 0.262180297582786 0.0
0.258563799056454 0.325731586400562 0.0
0.268361600214726 0.389259547803533 0.0
0.278942237309002 0.452577005073337 0.0
0.289842474861065 0.515403185258874 0.0
0.252663724655696 -0.613643365088307 0.0
0.25469404880925 -0.552129995709674 0.0
0.256953334378198 -0.490474627305031 0.0
0.259443947921485 -0.42867471862736 0.0
0.262178090327354 -0.366726240425814 0.0
0.265176728257174 -0.304623480885754 0.0
0.268470788628758 -0.242359094734963 0.0
0.272103101502962 -0.179923928297001 0.0
0.276130710382573 -0.117307209650172 0.0
0.280627228665628 -0.0544963842497079 0.0
0.285684605836673 0.00852235761129511 0.0
0.291413550795505 0.0717634008395654 0.0
0.297941471997128 0.135239647684072 0.0
0.305406902649334 0.198958569155764 0.0
0.31394930070951 0.262912889807951 0.0
0.323692365875803 0.327063627935555 0.0
0.334710413128952 0.391308886347795 0.0
0.346940966920797 0.455432372660111 0.0
0.359955384543375 0.51903536158846 0.0
0.313948379134854 -0.615119415032946 0.0
0.315997081615699 -0.553608310872492 0.0
0.318277813099654 -0.491949485101622 0.0
0.32079681275178 -0.43013970864632 0.0
0.323568819715415 -0.368173377488526 0.0
0.326618129718804 -0.306042410846387 0.0
0.32998021475773 -0.243736223142845 0.0
0.333703883885866 -0.181241284644011 0.0
0.33785378065815 -0.118540904466702 0.0
0.342512950889265 -0.05561452861247 0.0
0.347784971839587 0.00756242283975222 0.0
0.353795291537041 0.0710187820913837 0.0
0.360691590912994 0.134786821005059 0.0
0.368643900180789 0.198900077551887 0.0
0.377845721861344 0.263386403856817 0.0
0.388516159358211 0.32825284898061 0.0
0.400891014971261 0.393449831002205 0.0
0.415151060064531 0.458787978143465 0.0
0.43112984292193 0.523758029717031 0.0
0.37520390338836 -0.616694650949346 0.0
0.377266542633213 -0.555196355996393 0.0
0.379563085483491 -0.493551038497146 0.0
0.382101816328422 -0.431754056351528 0.0
0.38489964220919 -0.369798079377631 0.0
0.387983717679378 -0.307673171859751 0.0
0.39139326471298 -0.245366390626827 0.0
0.395181943986299 -0.182860773412028 0.0
0.399420586109395 -0.12013441177671 0.0
0.404200058872853 -0.0571588556091499 0.0
0.409633934927816 0.00610224160444706 0.0
0.41586108752938 0.069695059658384 0.0
0.423049084147456 0.133677467049127 0.0
0.431401101911928 0.198121308930709 0.0
0.441171086061636 0.26311313895243 0.0
0.452693865231626 0.328751913132892 0.0
0.466433496309766 0.39513133922898 0.0
0.483028541485509 0.462265303348652 0.0
0.503171884575691 0.52980510903335 0.0
