-0.793960718797734 -0.64631224744633 0.0
0.431514201990688 -0.677315383301897 0.0
-0.799640822410584 0.61237245798111 0.0
0.61237245798111 0.61237245798111 0.0
-0.732742523143634 -0.648209351680575 0.0
0.433300988164829 -0.615986004751115 0.0
0.525767277154523 0.596838208041191 0.0
-0.776127943132423 0.543720320948268 0.0
-0.671507714015466 -0.649826167629594 0.0
0.435299292175769 -0.554533227302855 0.0
0.446178081303416 0.588609884724367 0.0
-0.767350934980935 0.476853250205805 0.0
-0.610267810678067 -0.651414384870881 0.0
0.437520881021412 -0.492948849643724 0.0
0.370777328584808 0.583233920142302 0.0
-0.763679874582929 0.411757691124185 0.0
-0.549020651393767 -0.652985150873977 0.0
0.439979903451023 -0.431226146154407 0.0
0.297980525126536 0.57935416549266 0.0
-0.762443739113332 0.347726951480571 0.0
-0.487771582104073 -0.654553717783811 0.0
0.442698170678234 -0.369358162440128 0.0
0.226925299674372 0.57643206474454 0.0
-0.762619111096243 0.284327172412577 0.0
-0.426521725634104 -0.656139915433818 0.0
0.445707642797017 -0.307336276590366 0.0
0.157092671833859 0.574207325616085 0.0
-0.763686654076357 0.221317863823197 0.0
-0.365267110065478 -0.657750342086612 0.0
0.44905293050797 -0.245148800083535 0.0
0.0881293426573082 0.572525486533584 0.0
-0.765336000052032 0.15856549034424 0.0
-0.304001349330257 -0.65937718455367 0.0
0.452794231880268 -0.182779127363198 0.0
0.0197570529105151 0.571255648471768 0.0
-0.767363539610453 0.0959957209932108 0.0
-0.242718822662473 -0.661003182998093 0.0
0.457010588987305 -0.120203877130259 0.0
-0.0482846329535358 0.570190318699797 0.0
-0.769628482847215 0.0335682510344447 0.0
-0.181416498231771 -0.662607867186498 0.0
0.46180331818763 -0.0573901132499623 0.0
-0.116270381411854 0.568628003534583 0.0
-0.772031466576417 -0.0287355051010365 0.0
-0.120095121612948 -0.664172984241547 0.0
0.467299441420226 0.00570759247691249 0.0
-0.183092389047295 0.570980331722204 0.0
-0.774505891696853 -0.0909185417758953 0.0
-0.0587591148588302 -0.665686412848813 0.0
0.473655645433684 0.0691513237558561 0.0
-0.248743253776009 0.574178686877282 0.0
-0.777030080655169 -0.152969520933149 0.0
0.00258393250767215 -0.667144566754255 0.0
0.481064558865006 0.133025158755841 0.0
-0.314464248360637 0.57391592689026 0.0
-0.779698389621466 -0.214867514100048 0.0
0.0639246211926565 -0.668553605630061 0.0
0.489767971820398 0.197443729941867 0.0
-0.380965024890389 0.575026298065538 0.0
-0.781593134597004 -0.276676435549242 0.0
0.125252662690331 -0.6699296191251 0.0
0.500085712666773 0.262565727842617 0.0
-0.448361059829153 0.576353483835113 0.0
-0.783653509423014 -0.338531374037268 0.0
0.18655877673576 -0.671297759400235 0.0
0.512476975391612 0.328619818561951 0.0
-0.516479508616854 0.582152747657862 0.0
-0.786099518014888 -0.400358264730685 0.0
0.24783649861773 -0.672689983885236 0.0
0.52766944851538 0.395953493584089 0.0
-0.584454097672124 0.588051426760335 0.0
-0.78829424464812 -0.462035734631774 0.0
0.309083867549691 -0.674140771496908 0.0
0.546954774884577 0.465123533021111 0.0
-0.652604877585134 0.590240508637128 0.0
-0.79041277180229 -0.523561908248206 0.0
0.370305673184922 -0.675679488366688 0.0
0.572979704295162 0.537014806668211 0.0
-0.723923413664829 0.596902829549167 0.0
-0.792162787745287 -0.584982163542712 0.0
-0.730974583209942 -0.586880302772257 0.0
-0.729197354683269 -0.525440240102513 0.0
-0.727113228977032 -0.463878774695447 0.0
-0.724926979372496 -0.402256341238731 0.0
-0.722595701835163 -0.340576652279536 0.0
-0.720550065697631 -0.278837580053678 0.0
-0.718493844239921 -0.216872181743364 0.0
-0.715835151643935 -0.154652331199975 0.0
-0.713289253506748 -0.0923711216131128 0.0
-0.710797874026219 -0.0299873321692407 0.0
-0.708389828813714 0.0325310789664289 0.0
-0.706133562446812 0.0952149598339909 0.0
-0.704134311382653 0.158101189288807 0.0
-0.702545666129343 0.22123703909474 0.0
-0.701595449619934 0.284678220539057 0.0
-0.701637733007215 0.348471656867446 0.0
-0.703265988664092 0.412586654150398 0.0
-0.707589294010809 0.476673436327653 0.0
-0.716877549451919 0.539188683368892 0.0
-0.669766889916068 -0.588492048508505 0.0
-0.667924871182942 -0.527067356344445 0.0
-0.665866606135114 -0.465523422926355 0.0
-0.663684928660646 -0.403867904188368 0.0
-0.661442709090856 -0.342071276089014 0.0
-0.659321970274234 -0.28016935299823 0.0
-0.657099039370946 -0.218163335091425 0.0
-0.654561832640589 -0.155974695313085 0.0
-0.652042963091778 -0.0936499756184699 0.0
-0.649566941281135 -0.0311860355556723 0.0
-0.647181589183804 0.0314288207209146 0.0
-0.6449649654647 0.0942068648933247 0.0
-0.643031344658033 0.157155453963837 0.0
-0.64154402573339 0.220266939110915 0.0
-0.64073734915589 0.283495626138097 0.0
-0.640951986387314 0.346711266088273 0.0
-0.642683522922654 0.409608110214304 0.0
-0.646559059503423 0.471549448429058 0.0
-0.651448954951243 0.531560781059156 0.0
-0.608526648061611 -0.590082908303746 0.0
-0.606652252470709 -0.528642543576694 0.0
-0.604608519421593 -0.467074936815975 0.0
-0.602458074076661 -0.405375678549637 0.0
-0.600263556580216 -0.343546550683313 0.0
-0.598079757589805 -0.281618422339399 0.0
-0.595779076902225 -0.219575393518948 0.0
-0.593299685226201 -0.157377080580728 0.0
-0.590809953833445 -0.0950439050682737 0.0
-0.588359133474163 -0.0325819309091536 0.0
-0.586005450255791 0.0300028100982109 0.0
-0.583831320905584 0.0926965662616355 0.0
-0.581950587394726 0.155469498080448 0.0
-0.5805168406015 0.218264174162067 0.0
-0.579732140323359 0.280978524304551 0.0
-0.579847035362021 0.343446607993643 0.0
-0.581100927895731 0.405427202564992 0.0
-0.583231164901199 0.46665330653383 0.0
-0.583786416968438 0.527315984595067 0.0
-0.547273259129645 -0.591649045455234 0.0
-0.545386727698778 -0.530195041465663 0.0
-0.543360413267366 -0.468613212930569 0.0
-0.541237901015087 -0.406904320244677 0.0
-0.539059021424781 -0.345077582774438 0.0
-0.536834599246454 -0.283146796379679 0.0
-0.534500603430465 -0.221101184721454 0.0
-0.532051059228517 -0.158926803241187 0.0
-0.529582849253378 -0.0966400066632723 0.0
-0.527149647232814 -0.034257068289779 0.0
-0.524811778969074 0.0281996064574029 0.0
-0.522648253276844 0.0906954185482527 0.0
-0.52076177675983 0.153176889035901 0.0
-0.519281088414088 0.215564437183525 0.0
-0.518356127018643 0.277743836988139 0.0
-0.518124550413904 0.339559255095171 0.0
-0.518552345555176 0.400813729749336 0.0
-0.51886746368673 0.461340813216022 0.0
-0.515844216992313 0.521131286423469 0.0
-0.486016761913881 -0.593217357745658 0.0
-0.484128883199779 -0.531761513117577 0.0
-0.4821185478027 -0.470182345910701 0.0
-0.48001399221434 -0.408483618930685 0.0
-0.477837196730733 -0.346674268287293 0.0
-0.475586770340669 -0.284762732159319 0.0
-0.473234895316148 -0.222746921730797 0.0
-0.470795139154523 -0.160628269641387 0.0
-0.468330583457058 -0.09842555285498 0.0
-0.465891025405082 -0.0361627659109786 0.0
-0.463532261157882 0.0261277421776611 0.0
-0.4613233037839 0.0884013082572086 0.0
-0.459348138031542 0.150596524752683 0.0
-0.457701908563109 0.212630785519961 0.0
-0.456472571388882 0.274394399867369 0.0
-0.455675749904928 0.335745906483864 0.0
-0.455053897542944 0.396521599412517 0.0
-0.453577435146385 0.456597571085923 0.0
-0.449709355308423 0.516224525618243 0.0
-0.42475922030518 -0.594808147411876 0.0
-0.42287420457901 -0.533359365971143 0.0
-0.420875832749933 -0.471792889121924 0.0
-0.418780110659099 -0.410113931886848 0.0
-0.416597691817894 -0.348331204779364 0.0
-0.414325527364759 -0.286452765559493 0.0
-0.41195465621896 -0.224483336809964 0.0
-0.409503646971272 -0.162432655076555 0.0
-0.407016846414749 -0.100321507905172 0.0
-0.404536275179799 -0.0381767813043452 0.0
-0.402108571915772 0.0239669800532302 0.0
-0.399788020603675 0.0860655255331876 0.0
-0.397634617617327 0.148062696551679 0.0
-0.39570370531524 0.209889106800786 0.0
-0.394014766976012 0.271461985375022 0.0
-0.392468385996088 0.332694210113603 0.0
-0.39066413425367 0.393532359531163 0.0
-0.38781765128045 0.454085823753018 0.0
-0.384027991892476 0.514790827981346 0.0
-0.363498155991229 -0.596425075948576 0.0
-0.361616935705522 -0.534986625208613 0.0
-0.359625365714774 -0.473435862351364 0.0
-0.357529920963933 -0.411778823988224 0.0
-0.355334523185325 -0.350024217321886 0.0
-0.353037010215939 -0.288180777482295 0.0
-0.350637084802061 -0.226257106432958 0.0
-0.34815220798299 -0.164266362932557 0.0
-0.345614025120169 -0.102229035630446 0.0
-0.34305496168326 -0.0401707371119879 0.0
-0.34050990326887 0.0218771157301612 0.0
-0.338016033619798 0.0838765959560798 0.0
-0.335607621066787 0.145782732382171 0.0
-0.333300696944035 0.207544691557323 0.0
-0.331056199436408 0.269110036057895 0.0
-0.328705267085769 0.330440615317741 0.0
-0.325872727596644 0.391554893120274 0.0
-0.322174893833811 0.452578867043143 0.0
-0.317623218735831 0.513494314128034 0.0
-0.302229270361478 -0.598057398297587 0.0
-0.300351322488653 -0.536627851370455 0.0
-0.298360806700421 -0.475090269832572 0.0
-0.29625725253953 -0.413451032962156 0.0
-0.294040681948364 -0.351718653294869 0.0
-0.291709721193376 -0.289902132539326 0.0
-0.289266995872731 -0.228011491245635 0.0
-0.286726223647544 -0.166060333500402 0.0
-0.28410889978529 -0.104067252445721 0.0
-0.281437216521318 -0.042054771579115 0.0
-0.278733321239098 0.0199503039923149 0.0
-0.276016943564326 0.0819168236433277 0.0
-0.273297949406709 0.143809674104005 0.0
-0.270559045764023 0.205592634273026 0.0
-0.267722024255208 0.267235879204928 0.0
-0.264602207462832 0.328736799176832 0.0
-0.260912715375094 0.390156793883109 0.0
-0.256368987181978 0.451627290695918 0.0
-0.250530072429218 0.513319361178539 0.0
-0.24094865497919 -0.5996859218329 0.0
-0.23907280455527 -0.538260818696718 0.0
-0.23707744944971 -0.476730252579636 0.0
-0.234957704170946 -0.415100605915884 0.0
-0.232711413881049 -0.353379888745594 0.0
-0.23033726978963 -0.291576749446914 0.0
-0.227837647650935 -0.229701146068441 0.0
-0.225221347209082 -0.167765820825884 0.0
-0.222500857270665 -0.105787252433222 0.0
-0.219688024700957 -0.0437852983380515 0.0
-0.21679213268166 0.0182162509812301 0.0
-0.213816260695924 0.0801894051225308 0.0
-0.210749180628823 0.142101949339379 0.0
-0.20754995058368 0.203919424186677 0.0
-0.204125507385826 0.265610029375922 0.0
-0.200317200869725 0.327155126171803 0.0
-0.195928253681963 0.388553105459835 0.0
-0.190748996291275 0.4497961138896 0.0
-0.184072235825742 0.510822338392815 0.0
-0.179653910170471 -0.601289343607467 0.0
-0.177778553821881 -0.539862892673825 0.0
-0.175772644675283 -0.478331619218103 0.0
-0.173629257152903 -0.416701710959333 0.0
-0.171345105539727 -0.3549804288542 0.0
-0.168918188031432 -0.293175633953495 0.0
-0.166348799955384 -0.231296519556802 0.0
-0.163640153051396 -0.169354612735821 0.0
-0.16079608279773 -0.107364690616939 0.0
-0.157817881158334 -0.045344957773337 0.0
-0.154701756141804 0.0166819857512285 0.0
-0.1514346515521 0.0786883558183229 0.0
-0.147986799562021 0.140640300987724 0.0
-0.144300627006158 0.202498171191327 0.0
-0.140280792907353 0.264217081428837 0.0
-0.135799353546042 0.325746426706522 0.0
-0.130725983437104 0.38701899298719 0.0
-0.124934913964236 0.447929507447484 0.0
-0.118774731884966 0.50850783365346 0.0
-0.118345043578422 -0.60284948708811 0.0
-0.116468046973076 -0.541415965649892 0.0
-0.11444623445486 -0.479876384425615 0.0
-0.112272665915256 -0.418236577266393 0.0
-0.109943469947946 -0.356502834179374 0.0
-0.107455228659803 -0.294681901595498 0.0
-0.104804944645029 -0.232781784685215 0.0
-0.101989643077729 -0.170812547210993 0.0
-0.0990043067952046 -0.108787256983745 0.0
-0.0958391304728782 -0.0467224174051381 0.0
-0.0924766277666044 0.0153609458146547 0.0
-0.0888874082178051 0.0774365298790937 0.0
-0.0850241530913262 0.139472133880889 0.0
-0.0808152438341257 0.201430534515166 0.0
-0.0761639162931127 0.263271333693649 0.0
-0.0709628186981009 0.324955749729508 0.0
-0.0651315815155187 0.386458298556002 0.0
-0.0587726967064922 0.447827586631365 0.0
-0.0527928000896052 0.5092393496213 0.0
-0.0570244158003448 -0.604354947198122 0.0
-0.0551429200708573 -0.542909666364744 0.0
-0.0531003615649068 -0.481355386127122 0.0
-0.0508912350270586 -0.419697337322141 0.0
-0.0485111804720545 -0.357940553413155 0.0
-0.0459546461106483 -0.296090306073386 0.0
-0.0432144266873563 -0.234152950934667 0.0
-0.0402807806575115 -0.172136584684825 0.0
-0.0371394308146963 -0.110051933154719 0.0
-0.033768937949841 -0.0479127701046968 0.0
-0.0301377222081709 0.0142631595163475 0.0
-0.0262003573442979 0.0764537366415131 0.0
-0.0218937569736252 0.138632379781319 0.0
-0.0171360081409613 0.200769532679356 0.0
-0.0118343448423253 0.262835197135968 0.0
-0.00591277813873338 0.324805298087432 0.0
0.000612034026566697 0.386676540315224 0.0
0.00744151416560048 0.448473526022806 0.0
0.0139388811449878 0.510085295200501 0.0
0.00430347444720086 -0.605803280678235 0.0
0.00619311329545785 -0.544343199837354 0.0
0.00826052503120525 -0.482769691352948 0.0
0.0105091185869646 -0.421086987287437 0.0
0.0129440571266247 -0.359298513881994 0.0
0.0155737263500501 -0.297407678395447 0.0
0.0184102323636748 -0.235418689610747 0.0
0.0214705344666375 -0.173337059379406 0.0
0.0247784675046163 -0.111170371752428 0.0
0.0283673142513711 -0.0489286009826989 0.0
0.0322825874960255 0.0133751063132178 0.0
0.0365847390831578 0.0757241365272088 0.0
0.0413503008950391 0.138098181010836 0.0
0.0466678564162958 0.20047394017137 0.0
0.0526218005442227 0.26282567228284 0.0
0.0592515595854085 0.325127255115188 0.0
0.0664687639024496 0.387349791747868 0.0
0.0739726539877332 0.449423783541827 0.0
0.0813116737505378 0.511195865044208 0.0
0.0656328645224392 -0.607202099765938 0.0
0.0675348375015834 -0.54572623839567 0.0
0.0696300930801824 -0.484131279984815 0.0
0.0719202245912858 -0.422419964740767 0.0
0.0744118481235282 -0.360593789509385 0.0
0.0771168056673045 -0.298653978121847 0.0
0.0800525662755749 -0.236602180995218 0.0
0.0832435510124269 -0.174440803157432 0.0
0.0867232302477715 -0.112173649800327 0.0
0.0905366363233445 -0.0498061745766575 0.0
0.094742783355861 0.0126537311194323 0.0
0.0994162362586307 0.0751952229346344 0.0
0.104645795672899 0.137803566430682 0.0
0.110526386474785 0.200459212512364 0.0
0.117137336382112 0.263135098117031 0.0
0.124498869600918 0.325791684746178 0.0
0.132510617575969 0.388361966318566 0.0
0.140909180151741 0.450727960582646 0.0
0.149289172926975 0.512723313053797 0.0
0.126956990530489 -0.608569194493124 0.0
0.128875417622877 -0.547078914118806 0.0
0.130999897108901 -0.485462938428205 0.0
0.133331454901853 -0.423722070609612 0.0
0.135878986993727 -0.361855713129779 0.0
0.138658246300269 -0.299862741646786 0.0
0.141692280480721 -0.237741973705551 0.0
0.145012999942448 -0.175492308073464 0.0
0.148663397757683 -0.113113251908712 0.0
0.15270002015836 -0.0506051198651355 0.0
0.157195040336645 0.0120301094291807 0.0
0.162236925365201 0.0747879601340645 0.0
0.167927522575415 0.137659704731633 0.0
0.174371983321665 0.200629713536664 0.0
0.181656391114355 0.2636693339473 0.0
0.189810140554201 0.326726117062184 0.0
0.198758226846702 0.389705747571777 0.0
0.208275977563454 0.452454248171693 0.0
0.217932956905677 0.514765352444293 0.0
0.188269128056846 -0.609931595260145 0.0
0.190207076887983 -0.548430728396587 0.0
0.192360080156307 -0.48679708813156 0.0
0.194730577362159 -0.425029378727202 0.0
0.197330474380599 -0.363125014065172 0.0
0.2001796130505 -0.301080525201495 0.0
0.203306576336214 -0.23889171453546 0.0
0.206750582115018 -0.17655360927934 0.0
0.210563866453599 -0.114060846580064 0.0
0.21481417589844 -0.0514077673774516 0.0
0.219586669998638 0.0114107548494637 0.0
0.224984215087617 0.0743983280464602 0.0
0.23112418185259 0.137554754289134 0.0
0.238129172189642 0.200872094318975 0.0
0.246108647448444 0.264325932386501 0.0
0.255129802196942 0.327860632842111 0.0
0.26517552091064 0.391366011413177 0.0
0.276076108784339 0.454650296454699 0.0
0.287367983220165 0.517428090205628 0.0
0.249563304378031 -0.611323171153375 0.0
0.251521609308923 -0.549817921527722 0.0
0.253700138684092 -0.488173138796388 0.0
0.256104780891824 -0.426385867781803 0.0
0.258750705654921 -0.364451943626595 0.0
0.261661657476986 -0.302365628872427 0.0
0.264871458175175 -0.240119570069241 0.0
0.268426223991703 -0.177704572834904 0.0
0.272386938166846 -0.115109768958176 0.0
0.276832061947725 -0.0523224508866369 0.0
0.281859535238197 0.0106713792023885 0.0
0.287587376720126 0.0738862778847085 0.0
0.294151690196547 0.137335208124857 0.0
0.301700994659948 0.201025427003692 0.0
0.310385753711497 0.264948890444679 0.0
0.320341231266346 0.329064828804017 0.0
0.331652916367321 0.393267864808664 0.0
0.344266677205154 0.457335924664679 0.0
0.357754749887974 0.520863019011945 0.0
0.310834664137261 -0.612780024704297 0.0
0.312811003240552 -0.551278587964189 0.0
0.315010117186912 -0.489632945738834 0.0
0.317442151956248 -0.427839768242417 0.0
0.320124988617884 -0.365893554150287 0.0
0.323085830882439 -0.303786366300972 0.0
0.326363200255914 -0.241507728135024 0.0
0.330009404868476 -0.179044150448026 0.0
0.334093320049937 -0.116378902713339 0.0
0.338703225049537 -0.053491317093031 0.0
0.343949179872979 0.00964334821527013 0.0
0.349964568123666 0.0730540803453079 0.0
0.356906606846883 0.136773202780641 0.0
0.364956583916237 0.200834039331725 0.0
0.374321160152867 0.265263681836837 0.0
0.385234751270262 0.330067359852769 0.0
0.397950443799212 0.39519166203889 0.0
0.412665704517932 0.460439815445874 0.0
0.429221756715413 0.525290378438642 0.0
0.372080439461143 -0.61433210235058 0.0
0.374069729337764 -0.552844419642322 0.0
0.376283701740526 -0.491214837724742 0.0
0.378734563812784 -0.429439033627985 0.0
0.381442356538829 -0.36751002627365 0.0
0.384437170935102 -0.305418182491207 0.0
0.387761359931451 -0.243150797174977 0.0
0.391472225399237 -0.180691077658713 0.0
0.395645039968153 -0.118017216332804 0.0
0.400376192168298 -0.0551008027036414 0.0
0.405786116467039 0.00809450716491897 0.0
0.412022129495587 0.0716148741927785 0.0
0.419262073557097 0.13551803582897 0.0
0.427721603072339 0.199875431462835 0.0
0.437670053113112 0.264772647069219 0.0
0.449461847495382 0.330306535448846 0.0
0.463586667189881 0.396566301504142 0.0
0.480715562656144 0.46355607212539 0.0
0.501573184924357 0.530906636511597 0.0
