-0.795971673347437 -0.645612452000412 0.0
0.429299422051644 -0.675296718012857 0.0
-0.805193984508514 0.61237245798111 0.0
0.61237245798111 0.61237245798111 0.0
-0.734751031933698 -0.647414482611717 0.0
0.431030787197819 -0.613970455339557 0.0
0.525222127155696 0.597519842666094 0.0
-0.780800461562053 0.543991290037957 0.0
-0.673514948475085 -0.648937229755084 0.0
0.432961618382965 -0.552526571440737 0.0
0.445234486435583 0.589734505210388 0.0
-0.771525883323888 0.477237168601718 0.0
-0.612274408798693 -0.650430534046499 0.0
0.435107868150047 -0.490957681048759 0.0
0.369502611291186 0.584650085852839 0.0
-0.767538681465511 0.412219883802415 0.0
-0.551027640956839 -0.651904865371285 0.0
0.437486701762822 -0.429257526497304 0.0
0.296414273346124 0.58095985850254 0.0
-0.766077580057453 0.348251389506787 0.0
-0.489780556848172 -0.653375971717874 0.0
0.440122451874579 -0.367419502585641 0.0
0.225094288612531 0.57815550802547 0.0
-0.766080416084848 0.284901670032609 0.0
-0.42853485593246 -0.654864952155839 0.0
0.443049499180664 -0.305435311733712 0.0
0.155015880177106 0.575995874443987 0.0
-0.767007839458694 0.221932130914676 0.0
-0.367287047015568 -0.656380139039936 0.0
0.446315058943217 -0.243293596537737 0.0
0.0858197134784675 0.574338592138791 0.0
-0.768537817141794 0.159210791649135 0.0
-0.306031045140406 -0.657915599129587 0.0
0.449982362015233 -0.180978091546364 0.0
0.0172217674803529 0.573059613135401 0.0
-0.77045944720872 0.0966647078757806 0.0
-0.2447613048764 -0.659455846017364 0.0
0.454134144639796 -0.118465754221359 0.0
-0.0510449984097773 0.571952448991443 0.0
-0.77262718861295 0.034254786214893 0.0
-0.183474631655502 -0.660981908983053 0.0
0.458876306093074 -0.0557239768461847 0.0
-0.119263390730289 0.570305463061812 0.0
-0.774938495944823 -0.0280365373348313 0.0
-0.122171381448694 -0.662476665800754 0.0
0.464341559877623 0.00729234466747252 0.0
-0.186294810709651 0.572644607864096 0.0
-0.777324561273305 -0.0902114325732008 0.0
-0.060855384701954 -0.663928707553164 0.0
0.470693609349288 0.0706449352406304 0.0
-0.252112513268109 0.575822830724833 0.0
-0.779761979878973 -0.152257953440754 0.0
0.000466532113218656 -0.665334713573102 0.0
0.478133688948289 0.134417387961034 0.0
-0.317998054792877 0.575418660310945 0.0
-0.782341079039456 -0.214154930104577 0.0
0.0617858722722408 -0.666700631460881 0.0
0.486914240786766 0.198723549862205 0.0
-0.384701876186744 0.576393254823448 0.0
-0.784151236049999 -0.275961548253759 0.0
0.123093356905044 -0.668041807569528 0.0
0.49736872903829 0.263720708385141 0.0
-0.452336480383795 0.577554321401987 0.0
-0.786127186502922 -0.337815512518891 0.0
0.184380783995023 -0.669382022584758 0.0
0.509974860554402 0.329634875222509 0.0
-0.520718826580473 0.58325830417237 0.0
-0.788484800109429 -0.399645155566927 0.0
0.245642779356415 -0.670751076673756 0.0
0.525487420477022 0.396808191397095 0.0
-0.588932052953998 0.589027727108908 0.0
-0.790588630632218 -0.461326016310538 0.0
0.306878387255115 -0.672180273251164 0.0
0.54524113517059 0.465785539291478 0.0
-0.657314404379351 0.590945770882937 0.0
-0.792613848129941 -0.522855905242633 0.0
0.368093133935613 -0.673694471272107 0.0
0.571955772405751 0.537421470204099 0.0
-0.728972424835017 0.597303585219731 0.0
-0.794269257607877 -0.584279309595325 0.0
-0.733078690660506 -0.586082769828376 0.0
-0.73139620958407 -0.524640266695007 0.0
-0.72940502735089 -0.463076144094071 0.0
-0.727309009334694 -0.401451202408714 0.0
-0.725066451085726 -0.339769084488697 0.0
-0.723106457272643 -0.278030460197234 0.0
-0.721133737663502 -0.21606774385502 0.0
-0.718561750287753 -0.15385043575492 0.0
-0.716102305939126 -0.0915736777256525 0.0
-0.713698834189842 -0.029196491636297 0.0
-0.711381873457681 0.0333128790679082 0.0
-0.709222151108025 0.0959850501133328 0.0
-0.707328222000001 0.158856752758285 0.0
-0.70585867903895 0.221975213602198 0.0
-0.705049072306186 0.285396129945228 0.0
-0.705265746967312 0.349166005357817 0.0
-0.707122371793285 0.413251569929879 0.0
-0.711762408575937 0.477291857910769 0.0
-0.721510945729045 0.539701106633481 0.0
-0.671870123256467 -0.587600639376817 0.0
-0.670122592361184 -0.526173359577248 0.0
-0.668156431272669 -0.464626761647068 0.0
-0.666064324559438 -0.402968839618761 0.0
-0.663909433390361 -0.341170732044083 0.0
-0.661873423177216 -0.279268378123894 0.0
-0.659734197677745 -0.21726227342544 0.0
-0.657282005840975 -0.155074206709133 0.0
-0.65484848071143 -0.092750911611093 0.0
-0.652459325891929 -0.0302891617302095 0.0
-0.65016398372401 0.0323228602760916 0.0
-0.648042800112964 0.0950976157450125 0.0
-0.64621340714744 0.158042695671154 0.0
-0.644844097328 0.221150598855551 0.0
-0.644176651642545 0.284375305849213 0.0
-0.644562774675079 0.34758479852626 0.0
-0.646513990461821 0.410467958036984 0.0
-0.650677046035379 0.472375542615666 0.0
-0.655894572515586 0.53232647172191 0.0
-0.610629740955722 -0.589096209178582 0.0
-0.608849369629507 -0.527652704478757 0.0
-0.606896713941088 -0.466081859470895 0.0
-0.604834553391689 -0.404379571381094 0.0
-0.602725905573253 -0.342547763609008 0.0
-0.600625947402808 -0.280617164348344 0.0
-0.598408365108486 -0.218571641189689 0.0
-0.596012602817938 -0.156370780531714 0.0
-0.593607013584706 -0.0940348947908936 0.0
-0.59124187804806 -0.0315697991350734 0.0
-0.588976955600804 0.0310187358519931 0.0
-0.586896876643521 0.0937171867305761 0.0
-0.585118695906382 0.156495795685779 0.0
-0.583800625041448 0.219296826995132 0.0
-0.583151219367199 0.282017081742978 0.0
-0.583429709393145 0.344487995476074 0.0
-0.58488516121354 0.406463663168239 0.0
-0.587252091278423 0.467673038897132 0.0
-0.588005722472903 0.528321541423454 0.0
-0.549377160058265 -0.590565369278239 0.0
-0.547583902413032 -0.529107449819311 0.0
-0.545647355332093 -0.467521456456139 0.0
-0.543611658901971 -0.405808315607628 0.0
-0.541517272863899 -0.343977232965934 0.0
-0.539375698635331 -0.282041831584101 0.0
-0.537123926907639 -0.219991092853842 0.0
-0.534756821560332 -0.157810897179557 0.0
-0.53237161426599 -0.0955173912717188 0.0
-0.530022910210814 -0.0331266152078823 0.0
-0.527772442529613 0.0293391780717308 0.0
-0.52570125422048 0.0918453584663835 0.0
-0.52391493887295 0.154338065118008 0.0
-0.522546203227251 0.216736722746385 0.0
-0.521750109722265 0.27892513002385 0.0
-0.521669905181126 0.340744095322608 0.0
-0.522273210885682 0.40199203706104 0.0
-0.522767015484038 0.462500149639711 0.0
-0.519830168028809 0.522266491366406 0.0
-0.488122711779766 -0.592035683650377 0.0
-0.486327017917521 -0.530575156918392 0.0
-0.484404945994296 -0.468990865939705 0.0
-0.482385696844612 -0.407286671673009 0.0
-0.480292097518074 -0.345471425863443 0.0
-0.478123531543465 -0.283553355044363 0.0
-0.475852992833448 -0.221530120953714 0.0
-0.47349466490484 -0.159402949455324 0.0
-0.471112068089962 -0.0971904380599537 0.0
-0.468755802406612 -0.0349164753507166 0.0
-0.466482870999739 0.0273865200571326 0.0
-0.464364013676064 0.0896735192366677 0.0
-0.462485581649893 0.151882285288649 0.0
-0.460945741098047 0.213928693503119 0.0
-0.459835735753184 0.275700571784413 0.0
-0.459172939301458 0.337052812977309 0.0
-0.458693667017464 0.397817406812277 0.0
-0.45733785717688 0.457868094830411 0.0
-0.453527429873501 0.517460866969922 0.0
-0.426868791928624 -0.593528860785886 0.0
-0.425074502609826 -0.53207484064145 0.0
-0.423162742668663 -0.470502536207946 0.0
-0.421150835973283 -0.408817217134602 0.0
-0.419050424408453 -0.347027467554238 0.0
-0.416859222156109 -0.285141122184283 0.0
-0.414568894056942 -0.223162670750383 0.0
-0.412198449524259 -0.161101670342703 0.0
-0.409792607198872 -0.0989788048549854 0.0
-0.407393993434365 -0.0368209887751503 0.0
-0.405050156223932 0.0253369873412188 0.0
-0.402816654815049 0.0874503122587666 0.0
-0.400755124914156 0.149461838014758 0.0
-0.398922690372195 0.211300643365242 0.0
-0.397339896615985 0.272881822887902 0.0
-0.39590508500569 0.334115773776155 0.0
-0.394206143775049 0.394947482149446 0.0
-0.391435073844204 0.455488958898137 0.0
-0.387698913746214 0.516185734109249 0.0
-0.365613220694249 -0.59505038057004 0.0
-0.363820873199475 -0.533606469668444 0.0
-0.361914143541788 -0.472049587851706 0.0
-0.359901077413781 -0.410385786398834 0.0
-0.357786631208089 -0.348623619216229 0.0
-0.355569313638998 -0.286771599442752 0.0
-0.353249258766555 -0.224838119822891 0.0
-0.350844176275477 -0.162836197105188 0.0
-0.348385911416407 -0.100786278037265 0.0
-0.345907222787505 -0.0387140817582549 0.0
-0.343443514806229 0.0233486601663366 0.0
-0.34103267566404 0.085363437756844 0.0
-0.338709743101974 0.147284375488486 0.0
-0.336491155318497 0.209059399405191 0.0
-0.334336735979882 0.270634609675429 0.0
-0.332072424923005 0.33197064714727 0.0
-0.329310929948166 0.393086253645745 0.0
-0.32565639791439 0.454110263868411 0.0
-0.32111807419117 0.515021068968782 0.0
-0.304351899172499 -0.596591411880944 0.0
-0.302560571677775 -0.535156566407142 0.0
-0.300653031906055 -0.473613045414727 0.0
-0.298630499831867 -0.411967194377037 0.0
-0.296493973608927 -0.350227345549767 0.0
-0.294242586252665 -0.288402277279053 0.0
-0.291879170949563 -0.226501816906866 0.0
-0.289417464186032 -0.164539451337133 0.0
-0.286878913942362 -0.102533763550494 0.0
-0.284285708807895 -0.0405074102826981 0.0
-0.281660054143933 0.0215124873509398 0.0
-0.279021738371436 0.0834942460133118 0.0
-0.276380469888238 0.145401989207626 0.0
-0.273718030241764 0.207198550891969 0.0
-0.270953343561222 0.268853197470021 0.0
-0.267895193412194 0.330363047541499 0.0
-0.264246390673058 0.391790890958754 0.0
-0.259711101648096 0.453271016423134 0.0
-0.253828217451448 0.51497778583175 0.0
-0.243080978654683 -0.598134533060809 0.0
-0.241289127448705 -0.536704670995191 0.0
-0.239374829259211 -0.475168807886921 0.0
-0.237334856104281 -0.41353322777394 0.0
-0.235167863006888 -0.351805725189671 0.0
-0.232872816222557 -0.289994715968874 0.0
-0.230452038675351 -0.228109971471453 0.0
-0.227914079678232 -0.166164130209343 0.0
-0.225271078982261 -0.104173676601838 0.0
-0.222534493273287 -0.04215861254371 0.0
-0.219713153530156 0.0198569559824107 0.0
-0.216809513429674 0.0818445220085186 0.0
-0.213811272060305 0.143771138308685 0.0
-0.210675412385326 0.205601430708759 0.0
-0.207304904218793 0.267302648303914 0.0
-0.203534522044894 0.328855449625183 0.0
-0.199158793223501 0.390257783502916 0.0
-0.193956937366177 0.451500767625975 0.0
-0.187190101727012 0.512518814368281 0.0
-0.181797960987449 -0.599659917244498 0.0
-0.180003683670284 -0.538229589764766 0.0
-0.178076913881413 -0.476694079085316 0.0
-0.1760121883841 -0.415059391926977 0.0
-0.173806759367431 -0.353332529622336 0.0
-0.171458606822809 -0.291521105666293 0.0
-0.16896767693831 -0.229634128047407 0.0
-0.166336627065906 -0.167683028654077 0.0
-0.163568600158797 -0.105682601277401 0.0
-0.160664070036192 -0.0436512053340835 0.0
-0.157618241256084 0.0183882332651065 0.0
-0.154416719494517 0.0804073964526656 0.0
-0.151027776744646 0.142371656895711 0.0
-0.147390795306283 0.204240330672907 0.0
-0.143405787193249 0.265967244994768 0.0
-0.138938432155801 0.327500163707112 0.0
-0.13385077861157 0.38876942409406 0.0
-0.128007299180861 0.44966561922447 0.0
-0.121760245753821 0.51021928627032 0.0
-0.120502598745867 -0.601150485562123 0.0
-0.118703573068681 -0.539714263396877 0.0
-0.116759061312229 -0.478171858712697 0.0
-0.114663226539233 -0.41652882680037 0.0
-0.112412366063048 -0.354791149102869 0.0
-0.110002698994252 -0.292965307693365 0.0
-0.107430553091393 -0.231059121160727 0.0
-0.104692067740181 -0.169082560881127 0.0
-0.101781157164195 -0.107048711240469 0.0
-0.098686734156166 -0.0449742224447854 0.0
-0.0953897209895044 0.0171195737123491 0.0
-0.0918586523976928 0.0792058750861569 0.0
-0.0880433822451093 0.141251757118942 0.0
-0.0838683787996757 0.203219033663945 0.0
-0.0792316500920787 0.265066112438796 0.0
-0.0740194745919634 0.326752819472033 0.0
-0.0681446890091148 0.388252333959829 0.0
-0.0617074183021132 0.449614245036861 0.0
-0.0556383581473584 0.511021160240585 0.0
-0.0591968575621987 -0.602595509488289 0.0
-0.0573901875890171 -0.541148942409104 0.0
-0.055423266535794 -0.47959353678618 0.0
-0.0532911756048973 -0.417934140025509 0.0
-0.0509892733378632 -0.356175430533153 0.0
-0.0485112642912517 -0.294322401651379 0.0
-0.0458489249662638 -0.232381219538715 0.0
-0.0429912799534645 -0.170359882367162 0.0
-0.0399225863065644 -0.108269113352995 0.0
-0.0366196357868151 -0.0461227924071661 0.0
-0.0330486495375883 0.0160610999815281 0.0
-0.029161390682682 0.0782600547562157 0.0
-0.0248911290293284 0.140446923737436 0.0
-0.020151293954544 0.202591399462999 0.0
-0.0148435025536429 0.264662575471836 0.0
-0.00888580647644942 0.32663545333619 0.0
-0.00229075115398808 0.388506424030224 0.0
0.00463917452224246 0.450301307402774 0.0
0.0112567955176294 0.511906306958585 0.0
0.00211527210655777 -0.603992775099734 0.0
0.00393308184654714 -0.542533003757515 0.0
0.00592623619299804 -0.480960282295 0.0
0.00809821374949642 -0.419278360597201 0.0
0.0104549641063965 -0.357490276559295 0.0
0.0130060111744417 -0.295599154722878 0.0
0.0157648241813792 -0.233609013766682 0.0
0.0187499466547475 -0.171525254720096 0.0
0.0219870817911646 -0.109355424629813 0.0
0.0255117733635452 -0.0471095391084996 0.0
0.0293723362107565 0.0151991215558875 0.0
0.0336327387175322 0.0775536959841157 0.0
0.0383738979211949 0.139933487112143 0.0
0.0436896691216632 0.202314641880941 0.0
0.049670261176331 0.264670701793608 0.0
0.0563603236569499 0.326974774550505 0.0
0.0636736295428535 0.389197331787343 0.0
0.0713068310218784 0.451267434302425 0.0
0.0788057571307664 0.513028530419896 0.0
0.0634286169707212 -0.605349644037523 0.0
0.0652613987057773 -0.543875807287296 0.0
0.0672833874520463 -0.482283695483454 0.0
0.0694970056117679 -0.420575494424402 0.0
0.071910177706681 -0.358752306535868 0.0
0.074536265519772 -0.296815087224933 0.0
0.0773944290755073 -0.234765306010992 0.0
0.0805110106141141 -0.172605247472204 0.0
0.0839217406472509 -0.110338642807966 0.0
0.0876743910990408 -0.0479709170287471 0.0
0.0918313574809863 0.0144900101293219 0.0
0.0964713843404187 0.0770331832796196 0.0
0.101688335299624 0.139643632719522 0.0
0.107582958312896 0.202301393092481 0.0
0.114240600568887 0.2649787445218 0.0
0.121686435924504 0.327635187218102 0.0
0.129822411428648 0.39020218720641 0.0
0.138384782010531 0.452559301477788 0.0
0.146968092698526 0.514537449850174 0.0
0.12473704962686 -0.606683114821454 0.0
0.126588348680463 -0.545196620711511 0.0
0.128640078421501 -0.483585634603662 0.0
0.130894894088327 -0.421850386083185 0.0
0.133363491258874 -0.359989918909019 0.0
0.136063482952153 -0.29800288237212 0.0
0.13901990090651 -0.235887940535055 0.0
0.142266885840868 -0.173643874610509 0.0
0.145850057614217 -0.111270090548189 0.0
0.149829152800671 -0.0487668142825578 0.0
0.154280270179447 0.0138640392861579 0.0
0.15929667785888 0.0766180003508417 0.0
0.164985934508483 0.139486230800164 0.0
0.171459610464518 0.2024527808483 0.0
0.178810306790898 0.265488328686496 0.0
0.187072992716634 0.32853917841947 0.0
0.196176280241265 0.391508889181326 0.0
0.205897021170607 0.454240461270589 0.0
0.215804905167361 0.51652485851537 0.0
0.186034496703328 -0.608018773583489 0.0
0.187906618486802 -0.546523407200317 0.0
0.189986881254839 -0.484896922431368 0.0
0.192280100653652 -0.423137511593686 0.0
0.194800390211661 -0.361242317967685 0.0
0.19756972615867 -0.299207722247163 0.0
0.200618919508794 -0.237029425202615 0.0
0.203989687849947 -0.174702358943605 0.0
0.207737223785778 -0.112221050268018 0.0
0.211932875815198 -0.0495797107095138 0.0
0.216666230528824 0.0132269195073476 0.0
0.222045539588624 0.076202545722709 0.0
0.228194537708636 0.13934695824306 0.0
0.235242980481481 0.202651973729555 0.0
0.243307793474411 0.266092497521517 0.0
0.252463202437462 0.329611467831963 0.0
0.262697828572235 0.393096165210324 0.0
0.273845441449632 0.456351130979498 0.0
0.285442393749406 0.519087328480122 0.0
0.247315626500133 -0.609388209689989 0.0
0.24920853916249 -0.547890002279675 0.0
0.251313874680402 -0.486254510855882 0.0
0.253640471650826 -0.424478429295575 0.0
0.256205988575863 -0.362557465115973 0.0
0.259036496226067 -0.300485842867149 0.0
0.262168229065144 -0.238256185680727 0.0
0.265650023608998 -0.17585924916392 0.0
0.26954610290996 -0.113284069467529 0.0
0.273938892767983 -0.0505177975220748 0.0
0.278931210786088 0.0124537322686844 0.0
0.284647006694664 0.0756452247544914 0.0
0.291229417507969 0.139069689376402 0.0
0.298835014099737 0.202734188992365 0.0
0.307623106421019 0.26663001395266 0.0
0.317738227296508 0.330714885306418 0.0
0.329274807856874 0.394880548749612 0.0
0.342185419434614 0.458900246568474 0.0
0.356043195564588 0.522362258428228 0.0
0.308576213643057 -0.61082413786914 0.0
0.310486787461107 -0.54933095456413 0.0
0.31261193907991 -0.487696676907779 0.0
0.314965059465262 -0.425917877766258 0.0
0.317566654137536 -0.36398912469118 0.0
0.320446354579248 -0.30190258402196 0.0
0.323645215113548 -0.239647854525117 0.0
0.327218430095339 -0.177211465636408 0.0
0.331238343196942 -0.11457663929109 0.0
0.335797500841925 -0.0517226002679734 0.0
0.341011227527454 0.011375535830922 0.0
0.347019329234266 0.0747468835444174 0.0
0.353986715616614 0.138423792149206 0.0
0.362103724728942 0.202439367908762 0.0
0.371587557739947 0.266820004513559 0.0
0.382684853669328 0.331569330471313 0.0
0.395662451735896 0.396630668665722 0.0
0.410731063772571 0.461801113950915 0.0
0.427738064070757 0.526549462961236 0.0
0.369814169868701 -0.61235163009331 0.0
0.371736817484959 -0.55087290876695 0.0
0.37387599295773 -0.48925670027938 0.0
0.376247156046781 -0.427498935374115 0.0
0.378872961565115 -0.365592912460817 0.0
0.381785946277929 -0.303529237987362 0.0
0.385031055844519 -0.241295390423111 0.0
0.388668586460734 -0.178874701218278 0.0
0.392777441180864 -0.11624542821194 0.0
0.397458498643568 -0.0533791764274723 0.0
0.402837752682666 0.00976040815422772 0.0
0.409069337519091 0.0732194712801436 0.0
0.416339363475762 0.137055621233226 0.0
0.4248734879919 0.201339907547713 0.0
0.434953336472603 0.266157012876031 0.0
0.446948921557227 0.331601880324017 0.0
0.461370226043285 0.397759738479408 0.0
0.478913896862414 0.464626347862595 0.0
0.500329372412274 0.531815515231412 0.0
