-0.543679898345229 -0.676909354754521 0.0
0.692663823454576 -0.702111809015177 0.0
-0.4143070936203 0.61237245798111 0.0
0.61237245798111 0.61237245798111 0.0
-0.482544537790753 -0.679490969441004 0.0
0.692752627294968 -0.640601079866408 0.0
0.56715550110095 0.570297344384238 0.0
-0.441360706649747 0.542590190142091 0.0
-0.421426619711608 -0.681994050868248 0.0
0.693371835200774 -0.578751993397138 0.0
0.513201356441616 0.548200231088402 0.0
-0.461372283212401 0.473038455468168 0.0
-0.360363894192593 -0.684682654287874 0.0
0.69429856321067 -0.516541765349605 0.0
0.457642835453267 0.534784565283582 0.0
-0.475067727798054 0.404187539880391 0.0
-0.299321210433792 -0.687706052455601 0.0
0.695385459211165 -0.453960717385315 0.0
0.401443507147132 0.525871992341299 0.0
-0.486201833142852 0.33642231820552 0.0
-0.238233463399376 -0.691071283136264 0.0
0.696518113680634 -0.391002532641643 0.0
0.344794330992867 0.519661534643231 0.0
-0.495939636697223 0.269416822144193 0.0
-0.177019157361016 -0.694671222868061 0.0
0.697593661732722 -0.327661064409711 0.0
0.287765796753704 0.515235067767527 0.0
-0.503846870785498 0.202979282560475 0.0
-0.115599714034036 -0.698308003176454 0.0
0.698509033392816 -0.263930070869563 0.0
0.230409701581225 0.512065838659633 0.0
-0.509924273064551 0.13714132424182 0.0
-0.0539195956933166 -0.701742275940634 0.0
0.699155336029087 -0.199803753220218 0.0
0.172780267525708 0.509835103683848 0.0
-0.514569198089053 0.0719487542106144 0.0
0.00803960957888326 -0.70474920847465 0.0
0.699417339501686 -0.135277412929442 0.0
0.114942647075377 0.508383823967377 0.0
-0.518185131039484 0.00739840819537005 0.0
0.0702570996113988 -0.707160819994067 0.0
0.699177574292116 -0.070346093771164 0.0
0.0569767780387192 0.508156673909984 0.0
-0.521092508498844 -0.0565437866857348 0.0
0.132681055064904 -0.708883170766757 0.0
0.698323214206446 -0.00500073184684235 0.0
-0.00160649990655362 0.505560093790307 0.0
-0.523540490572732 -0.119921142264373 0.0
0.195241979245883 -0.709891324607943 0.0
0.696750907730923 0.0607799563720075 0.0
-0.0604900603099088 0.502675518470021 0.0
-0.525759187667317 -0.182771687196668 0.0
0.25786442632336 -0.710213296144341 0.0
0.69436061979343 0.127040557295766 0.0
-0.119412994374308 0.502433282186353 0.0
-0.528319127889667 -0.245117614283934 0.0
0.320474912409199 -0.709913687321383 0.0
0.691027373513232 0.193860751785081 0.0
-0.177857446702081 0.500901872262746 0.0
-0.529751351088341 -0.307401527415301 0.0
0.383005077296575 -0.709083027016448 0.0
0.686541981843614 0.261362091483331 0.0
-0.235348256908672 0.499338620374643 0.0
-0.531294704897422 -0.369575229036523 0.0
0.445393358636569 -0.707834555790847 0.0
0.680514193196386 0.329707288182698 0.0
-0.290317565864767 0.496420841055587 0.0
-0.533572165906302 -0.431363333160263 0.0
0.507586169092459 -0.706308014272391 0.0
0.672216343377218 0.399084214766491 0.0
-0.345442179781766 0.498290608945053 0.0
-0.535967804107933 -0.492928929235749 0.0
0.569540551035871 -0.704679584002219 0.0
0.660285231182784 0.46964231616928 0.0
-0.396061524596158 0.520016192736 0.0
-0.53855099900372 -0.554340420965859 0.0
0.631231265409694 -0.703178140801953 0.0
0.642065091271124 0.541233654208587 0.0
-0.440955177164518 0.553166215705696 0.0
-0.541054836399844 -0.61565615214406 0.0
-0.47993041565582 -0.61821263039916 0.0
-0.477380759575216 -0.556834693974857 0.0
-0.474837184564772 -0.495326795830667 0.0
-0.472508403278167 -0.43372864695124 0.0
-0.470252590340102 -0.372046344408292 0.0
-0.46856431498894 -0.310032590182506 0.0
-0.467154334430469 -0.247580430366731 0.0
-0.464932771228013 -0.18484016914689 0.0
-0.462761751629656 -0.121835795436743 0.0
-0.460369620232515 -0.0584995402924641 0.0
-0.457539727901022 0.00521569728320949 0.0
-0.454022656305081 0.0693368992672319 0.0
-0.449495245711276 0.133869606077647 0.0
-0.443545839948028 0.19878742179067 0.0
-0.435771192813383 0.263998616093261 0.0
-0.426354521878593 0.329279728424262 0.0
-0.416324287660937 0.394311789289374 0.0
-0.404817270243488 0.458692198375972 0.0
-0.387812789202082 0.520983281290296 0.0
-0.418767668249718 -0.620693263710547 0.0
-0.416176191816124 -0.559317313973887 0.0
-0.413707784164504 -0.497828163774309 0.0
-0.411444343283343 -0.436203769686677 0.0
-0.4094183657929 -0.374356183591653 0.0
-0.407804019283997 -0.31232300736069 0.0
-0.40624905471422 -0.250144343391703 0.0
-0.404301468014168 -0.187679203407313 0.0
-0.402281865190102 -0.124983331796792 0.0
-0.400033418647394 -0.0620531888634577 0.0
-0.397367756442729 0.00111685753887722 0.0
-0.39404778226903 0.0645234398994461 0.0
-0.389751956914068 0.128145428543434 0.0
-0.384029350535869 0.191918826344746 0.0
-0.376305623170411 0.255649464880506 0.0
-0.366942516746169 0.318860871486421 0.0
-0.358312605245263 0.381028192622909 0.0
-0.34914341216941 0.442101261906191 0.0
-0.409669483288575 0.462823158043233 0.0
-0.357611584260177 -0.623431134558103 0.0
-0.355013187669527 -0.562112301616639 0.0
-0.352637704843061 -0.500688845248787 0.0
-0.350527061400931 -0.439131276199279 0.0
-0.348697627542374 -0.377432083220104 0.0
-0.34714343071899 -0.315632249594212 0.0
-0.345610046420114 -0.253714016463758 0.0
-0.343878983936318 -0.191623264102267 0.0
-0.34204429937098 -0.129392400666997 0.0
-0.339988707550091 -0.0670308594153324 0.0
-0.337544842415419 -0.00454020405051092 0.0
-0.334484885201797 0.0580845088242237 0.0
-0.330469003326101 0.12085614355045 0.0
-0.324913049170629 0.183785438721004 0.0
-0.316692091856886 0.246787081915629 0.0
-0.306311411944186 0.309438653666045 0.0
-0.298850963068398 0.371470651454684 0.0
-0.360939162163235 0.38189342363047 0.0
-0.356282946085987 0.440516888887388 0.0
-0.296457727849319 -0.626528317144169 0.0
-0.293886303260474 -0.56530917074591 0.0
-0.291633378477273 -0.504015305523488 0.0
-0.289688392434788 -0.442636256661144 0.0
-0.288021084012988 -0.381183465497605 0.0
-0.286559979099468 -0.319679932113459 0.0
-0.285125197597751 -0.258120472835995 0.0
-0.283590465106235 -0.19649329853935 0.0
-0.281958977589337 -0.134822762189219 0.0
-0.280133280439445 -0.0731177157044124 0.0
-0.277967140266551 -0.0113666535973502 0.0
-0.275246594610713 0.0504783522986861 0.0
-0.271612377750335 0.112534382113506 0.0
-0.266296787079919 0.175039801867464 0.0
-0.257013179029046 0.238301064201227 0.0
-0.244354982787008 0.302681470734992 0.0
-0.303717068109062 0.312019202143541 0.0
-0.300449331256941 0.374152086166081 0.0
-0.297284325790664 0.436227991391945 0.0
-0.235276208376046 -0.629975748567854 0.0
-0.232764293088254 -0.568875986999073 0.0
-0.230647415605557 -0.507744498109277 0.0
-0.228861509485836 -0.446581179880292 0.0
-0.22733902225755 -0.38540413194069 0.0
-0.225987980148449 -0.324237365948542 0.0
-0.224679081572012 -0.263094245697558 0.0
-0.223329742833858 -0.201992318102927 0.0
-0.221916533006219 -0.140969694458596 0.0
-0.220371342512352 -0.0800638300998351 0.0
-0.218599869163748 -0.0193130429177188 0.0
-0.216475037648261 0.041239507309984 0.0
-0.213791427901753 0.101536906500912 0.0
-0.210021590498117 0.161492884678793 0.0
-0.201194421398048 0.220720248374259 0.0
-0.240194147796696 0.249384425204167 0.0
-0.240629759986576 0.312138674274704 0.0
-0.239115651681102 0.374689323362888 0.0
-0.23793996669084 0.4374153071912 0.0
-0.174018362692437 -0.633646605017862 0.0
-0.171596517786423 -0.572656287272445 0.0
-0.169619295139686 -0.511677971205998 0.0
-0.16797704249934 -0.450718303995286 0.0
-0.166577736478184 -0.389800804429411 0.0
-0.165327637316118 -0.328955403521385 0.0
-0.164131395086473 -0.268212197572509 0.0
-0.162931768277974 -0.207611883226527 0.0
-0.161704751507825 -0.14721555970799 0.0
-0.160412855315239 -0.0871018456811785 0.0
-0.159016559654358 -0.027379702146521 0.0
-0.157483475193007 0.0317896793673416 0.0
-0.15578668437051 0.0901654758691829 0.0
-0.153699391667766 0.147445998581927 0.0
-0.154717171085165 0.204361262269855 0.0
-0.174923180815515 0.256955412550104 0.0
-0.177402420392386 0.316657584361987 0.0
-0.177752670035062 0.377531253554733 0.0
-0.177705822893595 0.438798911172635 0.0
-0.112630339497829 -0.637326796659998 0.0
-0.11032754573924 -0.576410493399375 0.0
-0.108485936214547 -0.515541363504829 0.0
-0.106962940251066 -0.454728929576469 0.0
-0.105653385809729 -0.393997298572834 0.0
-0.104468387339252 -0.333376286112483 0.0
-0.103333590855773 -0.272897763230483 0.0
-0.102203779949235 -0.212599730679818 0.0
-0.101052750797819 -0.152527346667674 0.0
-0.0998488611410945 -0.0927242632839073 0.0
-0.0985586120469596 -0.0332216293274068 0.0
-0.0971562729891009 0.0259905312723087 0.0
-0.0956596859582525 0.0850369498592753 0.0
-0.0949087610997332 0.144404361209277 0.0
-0.0992415957404088 0.203977849770749 0.0
-0.111596021579655 0.260213752834647 0.0
-0.114998422466281 0.319481731504944 0.0
-0.11660256080458 0.379779300402421 0.0
-0.118080590101921 0.44077830325334 0.0
-0.0510688002452091 -0.640768642206072 0.0
-0.048911968001295 -0.579875453267581 0.0
-0.047197812278652 -0.519048054400559 0.0
-0.045766262796563 -0.458294420318929 0.0
-0.0445092262330088 -0.39763315742224 0.0
-0.0433464171414398 -0.337085252600948 0.0
-0.0422186661665155 -0.276669830771861 0.0
-0.0410898694891482 -0.216402841853102 0.0
-0.0399381786266342 -0.156292324781883 0.0
-0.0387467202472183 -0.0963267158711367 0.0
-0.0375174006189963 -0.036459803038735 0.0
-0.0363181779918066 0.0234122977708986 0.0
-0.0355075702085879 0.083482474766283 0.0
-0.0363806275848687 0.143836681884763 0.0
-0.0413324931064127 0.203524918253768 0.0
-0.0495976429108697 0.261694317226656 0.0
-0.053388050397451 0.321156057853152 0.0
-0.0560246467377693 0.381252377878536 0.0
-0.0589792015532285 0.441612788072381 0.0
0.0106857931332941 -0.643748134701225 0.0
0.0126718610756739 -0.58282485363834 0.0
0.014265607508134 -0.521967008598748 0.0
0.0156281164500994 -0.461179081206877 0.0
0.0168600847422278 -0.400471859435942 0.0
0.0180280843547988 -0.339854984343407 0.0
0.0191746928873681 -0.279332608229419 0.0
0.0203211997365005 -0.218900476607762 0.0
0.021471705942403 -0.158541397442816 0.0
0.0226099523790439 -0.0982180333329211 0.0
0.0236715033193396 -0.0378673791465605 0.0
0.0244608521408238 0.0225981726630742 0.0
0.0244552013929452 0.0832328428324801 0.0
0.0226105529084232 0.143832702078959 0.0
0.0178761781593759 0.203786684020301 0.0
0.0117090612179468 0.26302452482483 0.0
0.00772789951052538 0.322913559524166 0.0
0.00434508935877667 0.383307902049242 0.0
0.000303180942896793 0.444048460541643 0.0
0.0726245914275281 -0.646105268174409 0.0
0.0744180170956363 -0.585108279772062 0.0
0.0758945546407601 -0.524160917997501 0.0
0.0772007174149772 -0.463265636314866 0.0
0.078420092353952 -0.402427554617986 0.0
0.0796000359638435 -0.341648388415799 0.0
0.0807630305503751 -0.280923122557926 0.0
0.0819099411768909 -0.220237918482217 0.0
0.0830192993560269 -0.159568151602697 0.0
0.0840359899654093 -0.0988767223824337 0.0
0.0848359450144043 -0.0381178472150993 0.0
0.0851527779547413 0.0227417684345442 0.0
0.0844826639082231 0.0836563536480681 0.0
0.0821168080724278 0.144404724740758 0.0
0.0777460931125609 0.204658212583644 0.0
0.0726170114439963 0.264570215662043 0.0
0.0684359920481469 0.324864517429858 0.0
0.0643948148282211 0.385568888828189 0.0
0.0600337424625593 0.446586489856197 0.0
0.13471468575469 -0.647756998094715 0.0
0.136299051832412 -0.586658117412375 0.0
0.137659279829684 -0.525583582036412 0.0
0.138914263006716 -0.464537121645781 0.0
0.14012268359952 -0.40352212771153 0.0
0.141308622507579 -0.342537325434223 0.0
0.142472287442473 -0.281575005913198 0.0
0.14359197693149 -0.220620473383861 0.0
0.144619712822982 -0.159652607288493 0.0
0.145466274570593 -0.0986462051684053 0.0
0.145969440835134 -0.0375816224943533 0.0
0.145848622550062 0.0235308095430268 0.0
0.144683601596354 0.0846075666817682 0.0
0.142044612812821 0.145464790247904 0.0
0.137949476956412 0.205938429918077 0.0
0.133269031263246 0.266185978914702 0.0
0.12881099116134 0.326566783394898 0.0
0.124192361674017 0.387058190813212 0.0
0.119372315117253 0.447570864562318 0.0
0.196908723404126 -0.648688182876358 0.0
0.198276491861711 -0.587474018265989 0.0
0.199522891827203 -0.526254761883436 0.0
0.200729340194649 -0.465038578684353 0.0
0.201924391313684 -0.403830397974993 0.0
0.203106886753452 -0.342629547076975 0.0
0.204254567557851 -0.281429701931263 0.0
0.205323965532023 -0.22021987313264 0.0
0.206243802069224 -0.158986881993352 0.0
0.206900378344259 -0.0977201277868893 0.0
0.207114968322897 -0.0364228321385821 0.0
0.206624587305461 0.0248682149030297 0.0
0.205105515441752 0.0860595344976661 0.0
0.202316830009676 0.147010581274172 0.0
0.198380567492521 0.207638327043137 0.0
0.193850701183491 0.268053552669023 0.0
0.189117018544182 0.328435582670486 0.0
0.184010324753209 0.388792239215973 0.0
0.178516271274234 0.449182809551956 0.0
0.259154029948599 -0.648933466815519 0.0
0.260309459049862 -0.587601295046108 0.0
0.261449672966315 -0.526233891971186 0.0
0.26261189741845 -0.464845649785598 0.0
0.263791993493521 -0.403444556091057 0.0
0.264963620020027 -0.342032075236372 0.0
0.266083509120998 -0.280604846342101 0.0
0.267089050245665 -0.219157006704014 0.0
0.267890783100609 -0.15768395040591 0.0
0.268360508520746 -0.0961880720853606 0.0
0.268318618977697 -0.0346890840985441 0.0
0.267534203825529 0.0267624396575919 0.0
0.265767654625387 0.0880769922038072 0.0
0.262888405531218 0.149149789480428 0.0
0.25902018974546 0.209934639567559 0.0
0.254487609177196 0.270499611889681 0.0
0.249460206468689 0.330941216913069 0.0
0.24381137835504 0.39128987638808 0.0
0.237451077210081 0.451615948429529 0.0
0.321399389865828 -0.648560877759247 0.0
0.322360131544556 -0.587114239988689 0.0
0.323408772695124 -0.525603184728272 0.0
0.324534678397265 -0.464048240313314 0.0
0.325701072582967 -0.402460101278675 0.0
0.326858274214923 -0.340842129014195 0.0
0.327944680145243 -0.279193721081147 0.0
0.32888213903388 -0.21751367390123 0.0
0.329568514630622 -0.155804623621734 0.0
0.329869385557504 -0.0940787465397359 0.0
0.329613795243163 -0.0323660788388775 0.0
0.328605678817679 0.0292776994771816 0.0
0.326668267932159 0.0907721409473891 0.0
0.323725305920873 0.152036765490458 0.0
0.319860556388685 0.213037282197211 0.0
0.315233386614045 0.273804345090722 0.0
0.309868154163375 0.334379415657128 0.0
0.303599882731538 0.394772805239895 0.0
0.296246037130991 0.455018076779389 0.0
0.383598280663121 -0.647662356515327 0.0
0.384395385757213 -0.58610823554587 0.0
0.385373706306489 -0.524461670121997 0.0
0.386474481409438 -0.462747174843608 0.0
0.387630999641165 -0.400976214785175 0.0
0.388773615284791 -0.339152575056433 0.0
0.389825882964576 -0.277277130582855 0.0
0.390698057880571 -0.215351854578227 0.0
0.391280340781385 -0.153384418323216 0.0
0.391438080272853 -0.0913932448534526 0.0
0.39101346154858 -0.0294136252876101 0.0
0.389841532162917 0.032498673129769 0.0
0.387787227969409 0.0942720468380326 0.0
0.38479300758613 0.155838833959686 0.0
0.38088923291423 0.21716073999067 0.0
0.376111186194367 0.278230509096815 0.0
0.370368941252166 0.339036726587093 0.0
0.363417713805251 0.399543244604482 0.0
0.354950905446361 0.459725363504434 0.0
0.445711048705346 -0.646352269568221 0.0
0.446387128882725 -0.584700420817461 0.0
0.447320621050409 -0.522928067992288 0.0
0.448408715215057 -0.461059526479481 0.0
0.449560088895955 -0.399104010681153 0.0
0.450689690105371 -0.33706360594331 0.0
0.451710134788202 -0.274938884844044 0.0
0.452523891352245 -0.212733072487866 0.0
0.453017557178914 -0.15045633632455 0.0
0.453059995179639 -0.0881298572854269 0.0
0.452507525305112 -0.0257900179754766 0.0
0.451219998517859 0.0365104120387151 0.0
0.449087072026382 0.0987071537890967 0.0
0.446049693684139 0.160737148129651 0.0
0.442083988440687 0.222548911347773 0.0
0.437126910853937 0.284094897290387 0.0
0.4309854888019 0.345304859232735 0.0
0.423304162854517 0.40607081851027 0.0
0.413602448123887 0.466270313157621 0.0
0.507705853300465 -0.644773269137541 0.0
0.508310766767296 -0.583037470686289 0.0
0.509224906439116 -0.521149953895047 0.0
0.510310961005447 -0.459129049366172 0.0
0.511460562544158 -0.396978379144252 0.0
0.512578450371547 -0.33469623945307 0.0
0.513570149708771 -0.272281212425659 0.0
0.514333575220159 -0.209735849938538 0.0
0.514754548674772 -0.147070152553711 0.0
0.514707204938204 -0.0843044092960202 0.0
0.51406082343987 -0.0214717851485082 0.0
0.512693505246117 0.0413816362616069 0.0
0.510507748130247 0.104200113857565 0.0
0.507433225712107 0.166923789909122 0.0
0.503396356208102 0.22948744651517 0.0
0.498251996399921 0.291804536418998 0.0
0.491706206163815 0.353737920837143 0.0
0.483264224722298 0.415074336490243 0.0
0.472206066823343 0.475521474569967 0.0
0.569558420437219 -0.643108976245294 0.0
0.570141384599563 -0.581309263241041 0.0
0.571055979715307 -0.519317090513409 0.0
0.572145545634152 -0.457138821287564 0.0
0.573293372582696 -0.394770114653068 0.0
0.574399045787521 -0.332204565527924 0.0
0.575364185763552 -0.269438002014193 0.0
0.576084325690862 -0.206470843578435 0.0
0.576445840589832 -0.143310246966533 0.0
0.576328073782861 -0.0799714583803537 0.0
0.575610661560312 -0.0164788546436452 0.0
0.57418398875368 0.0471348358684899 0.0
0.571955732211904 0.110830210223784 0.0
0.568840736136529 0.174561203948116 0.0
0.564721786715451 0.238265118848372 0.0
0.559381841332734 0.301836753669259 0.0
0.552423499352727 0.365083226770836 0.0
0.54318438500253 0.427660494867432 0.0
0.530631813419654 0.488992965299233 0.0
0.631249595377886 -0.641604543401133 0.0
0.631846762480468 -0.57976794952982 0.0
0.632770174113365 -0.51767652509435 0.0
0.633861583439158 -0.455321971452973 0.0
0.635003846266221 -0.39269368529174 0.0
0.636095054371875 -0.329782721566705 0.0
0.637034619328973 -0.26658312541325 0.0
0.637716305941141 -0.203092476222175 0.0
0.638026644720632 -0.139312628112919 0.0
0.637848323814678 -0.0752494876441072 0.0
0.637067427039441 -0.0109120999024658 0.0
0.635580814312943 0.0536901437803204 0.0
0.633295622325947 0.118550460363776 0.0
0.63010976763505 0.183664719410021 0.0
0.625864878268156 0.249020583247932 0.0
0.620271729348031 0.314568417699482 0.0
0.612811330634887 0.380159161231017 0.0
0.602599247387204 0.445416199835175 0.0
0.588178592159534 0.509461016721873 0.0
