-0.797225207736082 -0.645115551372653 0.0
0.427885710777067 -0.673717872587893 0.0
-0.809186351299286 0.61237245798111 0.0
0.61237245798111 0.61237245798111 0.0
-0.736002778158827 -0.646839748983831 0.0
0.429569838433525 -0.612393969082794 0.0
0.5248382892232 0.598040269805473 0.0
-0.784152505200323 0.544189451598858 0.0
-0.674765944408339 -0.648285780006918 0.0
0.431443789555074 -0.550956972851386 0.0
0.444568376145445 0.590592144853986 0.0
-0.774510646860298 0.477516370975344 0.0
-0.613525294987653 -0.649701908311368 0.0
0.433526682129533 -0.489400150443952 0.0
0.368600370419448 0.585728940424676 0.0
-0.770286872009499 0.412554219502481 0.0
-0.552279355291241 -0.651098233195706 0.0
0.435837996678372 -0.427717617362092 0.0
0.295303131112317 0.582181933707047 0.0
-0.768654737802442 0.34862921031773 0.0
-0.491034432204121 -0.652490951373459 0.0
0.438404009517169 -0.365903039472296 0.0
0.223792814238361 0.579465952869631 0.0
-0.768524062394923 0.285314282413871 0.0
-0.42979261311567 -0.653902126426443 0.0
0.44126096128169 -0.303948362365664 0.0
0.15353732808418 0.577354457971077 0.0
-0.769341059740354 0.222372257603409 0.0
-0.368550719823816 -0.655341360749518 0.0
0.44445805356991 -0.241842470357096 0.0
0.0841731518804934 0.575714348804414 0.0
-0.770775319079894 0.159672292216299 0.0
-0.307302849410272 -0.656804074122906 0.0
0.448060810687599 -0.179569342066336 0.0
0.0154122000059556 0.574426891774103 0.0
-0.772610733253331 0.0971424453636286 0.0
-0.246043476312487 -0.658276041117469 0.0
0.452154742032675 -0.117106175746352 0.0
-0.053017283372568 0.573286597376172 0.0
-0.774698398698877 0.0347444933650037 0.0
-0.184769255475534 -0.659739344622564 0.0
0.45684916751658 -0.0544205971833625 0.0
-0.121403940056017 0.571574872735484 0.0
-0.776933543202465 -0.0275384017419085 0.0
-0.123480229879061 -0.661177643169849 0.0
0.462281030162985 0.00853226300394626 0.0
-0.188587294505487 0.57389942787323 0.0
-0.77924583317075 -0.0897078333930796 0.0
-0.0621797717578191 -0.662580000526093 0.0
0.468619228295623 0.0718138586081801 0.0
-0.254526011109084 0.577057472316462 0.0
-0.781610677039176 -0.151751446356494 0.0
-0.000874125588540417 -0.663943238269525 0.0
0.476071345469322 0.135507397721045 0.0
-0.320530391033975 0.576545905458769 0.0
-0.784115566470404 -0.21364794123974 0.0
0.0604288948498342 -0.665273090271058 0.0
0.484897653997016 0.199726085281572 0.0
-0.3873812278015 0.577416361568149 0.0
-0.785855118022892 -0.275453036236693 0.0
0.12172077066137 -0.666584290215117 0.0
0.495441606017546 0.264626051931418 0.0
-0.455188576139634 0.578450962164883 0.0
-0.787760669452852 -0.337306385201716 0.0
0.182994107463371 -0.667899531897091 0.0
0.508194424041829 0.33043112816536 0.0
-0.523762561523339 0.584078444496861 0.0
-0.790045048102254 -0.399138120751583 0.0
0.244244342366859 -0.669246934905679 0.0
0.523930606990797 0.39747909800753 0.0
-0.592148661569935 0.589747104939261 0.0
-0.792074034466406 -0.460821542077743 0.0
0.305471257877754 -0.670655355322317 0.0
0.544016070815981 0.466305283823519 0.0
-0.660697713948287 0.59146331822664 0.0
-0.794022688116197 -0.522354276937089 0.0
0.366680902310569 -0.672146210846435 0.0
0.571223004380299 0.537740326037679 0.0
-0.732600902654177 0.597595317564301 0.0
-0.795600791855599 -0.583780065191169 0.0
-0.734408494007047 -0.585505988556116 0.0
-0.732803402688053 -0.52406164219344 0.0
-0.730888456389754 -0.462495476970976 0.0
-0.72886679083314 -0.400868579438281 0.0
-0.726697641490721 -0.339184534718847 0.0
-0.724808888330903 -0.277446064266979 0.0
-0.722906081496866 -0.215485090879719 0.0
-0.720406609653951 -0.153269354471749 0.0
-0.718019576045191 -0.090995472762922 0.0
-0.715689615199408 -0.0286226219822094 0.0
-0.713448456698525 0.0338807590700771 0.0
-0.711368414888723 0.096545122465085 0.0
-0.709560378639159 0.159407087811778 0.0
-0.708186496021061 0.222513828942398 0.0
-0.707487850245601 0.285920984672196 0.0
-0.707839616988017 0.349674647312272 0.0
-0.70987002199052 0.413739439384815 0.0
-0.714747258299621 0.477745727925826 0.0
-0.724835639792757 0.540075775884662 0.0
-0.673199423703683 -0.586947268561847 0.0
-0.67152907945427 -0.525517976394698 0.0
-0.66963849476635 -0.463969306445104 0.0
-0.667620256847836 -0.40230949726404 0.0
-0.665537775386884 -0.340510170909505 0.0
-0.663572435662265 -0.278607357506067 0.0
-0.661503347374944 -0.216601009717136 0.0
-0.659122463025964 -0.154413110348633 0.0
-0.65676059690839 -0.0920905522079553 0.0
-0.65444426362167 -0.0296300370310474 0.0
-0.652224017427272 0.0329803402541168 0.0
-0.650181793432275 0.0957531659384868 0.0
-0.648437585725443 0.158696170886095 0.0
-0.647163233108004 0.22180190464631 0.0
-0.646605832935352 0.28502401341064 0.0
-0.647124996431146 0.348229031110547 0.0
-0.649243663470928 0.411101686524641 0.0
-0.653622537889706 0.472983335195341 0.0
-0.659083253005418 0.532888612859055 0.0
-0.611959228911468 -0.588365387535411 0.0
-0.610255664237701 -0.526919479848768 0.0
-0.608377800690253 -0.465346172297091 0.0
-0.606388571047321 -0.403641586554597 0.0
-0.604351294022328 -0.341807747932005 0.0
-0.602321427163425 -0.279875273675486 0.0
-0.600173614572154 -0.217827839692729 0.0
-0.597848205556394 -0.155624999938343 0.0
-0.595513463971985 -0.093287000005202 0.0
-0.59322035531748 -0.0308194780008805 0.0
-0.591029682568977 0.031771972677167 0.0
-0.589027607053153 0.0944739688287193 0.0
-0.587333433941195 0.157256769341363 0.0
-0.586108640767557 0.220062353157059 0.0
-0.585566398432642 0.282786612360975 0.0
-0.585972118528631 0.345258966902043 0.0
-0.587581717141548 0.40723001380139 0.0
-0.590127359444014 0.468425864715945 0.0
-0.591030392798583 0.529063145038384 0.0
-0.550707675436873 -0.589756172575454 0.0
-0.54899061012607 -0.528295329166625 0.0
-0.547127861226397 -0.466706260945412 0.0
-0.545164021827886 -0.404990016221101 0.0
-0.543140031399355 -0.343155787465313 0.0
-0.541067885091837 -0.281217063145924 0.0
-0.538885313024245 -0.219162636075319 0.0
-0.536587752293391 -0.156978256816237 0.0
-0.534272620945134 -0.0946799304186931 0.0
-0.531995131362588 -0.032283536222206 0.0
-0.529817962143909 0.0301887681157777 0.0
-0.527823549498362 0.0927023056203799 0.0
-0.526119491891057 0.155202904601349 0.0
-0.524841276513256 0.217609226855907 0.0
-0.524147572170721 0.279803595581138 0.0
-0.524185548169431 0.341624357401236 0.0
-0.524923830700497 0.40286662600543 0.0
-0.525553885352877 0.4633601729662 0.0
-0.522685065288406 0.523109098304315 0.0
-0.489455290303285 -0.591147745528709 0.0
-0.487734905950576 -0.529683798204005 0.0
-0.485885490006882 -0.468095817310865 0.0
-0.483936991679282 -0.406387734461418 0.0
-0.481912869189055 -0.344568335133702 0.0
-0.479813062951402 -0.282645683881205 0.0
-0.477611134788343 -0.22061725302683 0.0
-0.47532166846135 -0.158484117033755 0.0
-0.473008435068285 -0.096264748654661 0.0
-0.470722542227306 -0.0339829660042446 0.0
-0.468521786291933 0.0283287518477399 0.0
-0.466478070047238 0.0906250971692905 0.0
-0.464679364413885 0.152843216462033 0.0
-0.463225922002128 0.214897871391359 0.0
-0.462211254156338 0.27667508997251 0.0
-0.461653865660171 0.338027153487467 0.0
-0.461285430824372 0.398783047645007 0.0
-0.460023518191672 0.458815107596354 0.0
-0.456260381818173 0.518383402140258 0.0
-0.428204687397322 -0.592562871792853 0.0
-0.426484538801384 -0.531105095524177 0.0
-0.424644178463488 -0.469528681749026 0.0
-0.42270192649265 -0.407838935915875 0.0
-0.420670148432537 -0.346044342970202 0.0
-0.418547095172538 -0.28415256649291 0.0
-0.416324849737635 -0.222167919004292 0.0
-0.414022685037405 -0.160099823699082 0.0
-0.41168551756292 -0.0979688892433501 0.0
-0.409356332473643 -0.035802051265215 0.0
-0.407083249428566 0.0263657199680773 0.0
-0.40492265820305 0.0884892052599526 0.0
-0.402937282921833 0.150510539963398 0.0
-0.401185432427169 0.212357696900144 0.0
-0.39968830618204 0.273944244514632 0.0
-0.398342485108402 0.335178835028166 0.0
-0.396727215614348 0.396005417242508 0.0
-0.394017236388833 0.456538058137721 0.0
-0.390325632923542 0.517228953886966 0.0
-0.366953877835759 -0.594008358062134 0.0
-0.36523420359053 -0.532560600859907 0.0
-0.36339752557059 -0.470999492032133 0.0
-0.361453055474174 -0.409331085160319 0.0
-0.359406493710887 -0.347563811895598 0.0
-0.357256805649694 -0.285706012477718 0.0
-0.355004389659494 -0.223765917244025 0.0
-0.352667070822518 -0.161756432124147 0.0
-0.35027676205238 -0.0996979674966725 0.0
-0.347866377968716 -0.0376163137087245 0.0
-0.345471607053885 0.024456576001444 0.0
-0.343130750604056 0.0864817767640207 0.0
-0.340879301536938 0.148412768425519 0.0
-0.338733884909419 0.210196595431682 0.0
-0.336653399316868 0.271778329332127 0.0
-0.334459881546064 0.333117792771676 0.0
-0.331757111006471 0.394234019230279 0.0
-0.328140386407324 0.455257966994943 0.0
-0.323617463877482 0.516165547194396 0.0
-0.305698881272026 -0.595476748486998 0.0
-0.303978464608999 -0.534038242537709 0.0
-0.302139560542864 -0.472490715693548 0.0
-0.300184624954723 -0.41084047517717 0.0
-0.29811534246857 -0.349095707133661 0.0
-0.295931170194091 -0.287265012574592 0.0
-0.29363503201993 -0.225358064660668 0.0
-0.291240605117296 -0.163388253083679 0.0
-0.288769220273027 -0.101374142102537 0.0
-0.286242973203191 -0.0393384732820592 0.0
-0.283684015150863 0.0226914159158309 0.0
-0.281112075919211 0.084683470526858 0.0
-0.278536643634475 0.146601278681563 0.0
-0.275938717109856 0.208407013461315 0.0
-0.273235021040082 0.270069317753336 0.0
-0.270229469208604 0.331585163471347 0.0
-0.266617296042496 0.393018401910885 0.0
-0.262094497772479 0.454505412758323 0.0
-0.256185485268141 0.516222911826508 0.0
-0.244435866739577 -0.596951879754405 0.0
-0.242712897461366 -0.535518813390693 0.0
-0.240865783417845 -0.473979496044454 0.0
-0.238892489295172 -0.412340120890596 0.0
-0.236792219567099 -0.350608306362128 0.0
-0.234564083152771 -0.288792280724868 0.0
-0.232210294415504 -0.226901662450816 0.0
-0.229739140607673 -0.164948998642952 0.0
-0.227162419929092 -0.102950761992075 0.0
-0.224491211270252 -0.0409270425142956 0.0
-0.2217339172017 0.0210978431489601 0.0
-0.218892431760193 0.0830950340403071 0.0
-0.215953564603101 0.145031076392949 0.0
-0.212872675533298 0.206869963768552 0.0
-0.209549731286042 0.268578296165183 0.0
-0.205814612372002 0.330136271090798 0.0
-0.201455449488314 0.391541562093697 0.0
-0.196243389444815 0.452784567772887 0.0
-0.189416747012327 0.513796987173531 0.0
-0.183162240489386 -0.598414961780746 0.0
-0.181434607032143 -0.536982130572524 0.0
-0.179573580168967 -0.475444014003411 0.0
-0.177574726444263 -0.413806462434854 0.0
-0.175435633240592 -0.352076265053197 0.0
-0.1731541975709 -0.290260833760246 0.0
-0.170730032641411 -0.228369021714568 0.0
-0.1681653064323 -0.166412172314235 0.0
-0.165462566029419 -0.104405071868282 0.0
-0.162621592574771 -0.0423661713058103 0.0
-0.159636757909627 0.0196813900893327 0.0
-0.156492586320153 0.0817089332687955 0.0
-0.153155810560709 0.143681299159901 0.0
-0.149563479841038 0.205557091287965 0.0
-0.145612105546598 0.267289246702455 0.0
-0.141162620448894 0.3288243922098 0.0
-0.13607145572431 0.39009112550758 0.0
-0.130195981841844 0.450977052889161 0.0
-0.123891181084102 0.511513132512945 0.0
-0.121877547478682 -0.599849673139536 0.0
-0.120142805716433 -0.538411856793813 0.0
-0.11826266706077 -0.476867945850235 0.0
-0.116232040903164 -0.415223263559529 0.0
-0.114047274901676 -0.353483540532294 0.0
-0.111704242969707 -0.291655042732428 0.0
-0.109198695162196 -0.229745430835865 0.0
-0.10652603508873 -0.167764587315009 0.0
-0.103679303712798 -0.10572558613277 0.0
-0.100646380763878 -0.0436451598057574 0.0
-0.0974069252178315 0.0184551647856287 0.0
-0.0939278513818379 0.0805482539154508 0.0
-0.0901568395938275 0.142600693088045 0.0
-0.0860153904672197 0.204573636560014 0.0
-0.0813975896168392 0.266424664932627 0.0
-0.0761849789501007 0.328112624129597 0.0
-0.0702853876733858 0.389609726964666 0.0
-0.0637972065401709 0.450966226090456 0.0
-0.0576686030182253 0.512369604188449 0.0
-0.0605834456848784 -0.601245732508477 0.0
-0.0588386936928964 -0.5397986504316 0.0
-0.0569349213965475 -0.478243039570934 0.0
-0.0548675575358774 -0.416583435470866 0.0
-0.0526316680430495 -0.354824229992341 0.0
-0.0502203253298721 -0.292970188954437 0.0
-0.0476244718907468 -0.231027317263706 0.0
-0.0448321390748668 -0.169003518206 0.0
-0.0418264188558699 -0.106909488719393 0.0
-0.0385827132453255 -0.044759159198753 0.0
-0.0350655358250638 0.0174293485587657 0.0
-0.0312244914122757 0.0796332756331749 0.0
-0.0269900794411067 0.141825098781042 0.0
-0.0222722173668065 0.203974002042151 0.0
-0.0169683150682528 0.266048450729809 0.0
-0.0109919827385652 0.328022790501495 0.0
-0.00435269661034792 0.389893168875719 0.0
0.00264426092811599 0.451686242300371 0.0
0.00934429723079607 0.513286101723987 0.0
0.000716463023506235 -0.602601041950129 0.0
0.00247458608225686 -0.54114196264588 0.0
0.00440558915666037 -0.479570487874267 0.0
0.00651310326737086 -0.417889981957902 0.0
0.00880375166749759 -0.35610317158971 0.0
0.0112879856468705 -0.294212950483261 0.0
0.0139803643200469 -0.232223175373386 0.0
0.0169006824047906 -0.170139142937111 0.0
0.0200761030389074 -0.107968348130784 0.0
0.0235439191723034 -0.0457208089529898 0.0
0.0273545935693388 0.0165901279855336 0.0
0.0315747686822128 0.0789474551163205 0.0
0.0362886742737164 0.141330228591545 0.0
0.0415941281375441 0.20371422650832 0.0
0.0475856949264905 0.266072494063974 0.0
0.0543119392962252 0.328377586645557 0.0
0.0616882893510442 0.390599502831474 0.0
0.0694096160133082 0.452666228348037 0.0
0.077020012062683 0.514418878466106 0.0
0.0620174515457528 -0.60392272064903 0.0
0.0637924857174458 -0.54245086488712 0.0
0.0657530153657823 -0.480861553550592 0.0
0.0679021883733616 -0.419156534611708 0.0
0.0702489936162158 -0.357336595974346 0.0
0.0728080038631159 -0.295402473650042 0.0
0.0755997109263634 -0.233355482703909 0.0
0.0786519552355089 -0.171197796910708 0.0
0.082002213269149 -0.108933068871582 0.0
0.0857003550127999 -0.0465666754575116 0.0
0.0898113463437642 0.0158934731836954 0.0
0.0944170899011531 0.0784363734356268 0.0
0.0996152577014816 0.141046917311105 0.0
0.105510964934839 0.203704865835692 0.0
0.112194069828657 0.266382041341674 0.0
0.119693472851506 0.329037251043289 0.0
0.127912926490017 0.39160084315052 0.0
0.136588576910876 0.453950574838718 0.0
0.14531510924138 0.515915381337171 0.0
0.123313871467234 -0.605227117549663 0.0
0.12510891016909 -0.543743920314069 0.0
0.127099507660457 -0.482137343074405 0.0
0.129289642880904 -0.420407166372752 0.0
0.131691440285291 -0.358552147981029 0.0
0.134323975136982 -0.296570750479447 0.0
0.13721382606343 -0.234461505245277 0.0
0.140396857554425 -0.172223086488484 0.0
0.143920702181592 -0.109854803416786 0.0
0.147847522291718 -0.0473567919526772 0.0
0.152256382891322 0.0152691072235628 0.0
0.157244162659371 0.0780184578650453 0.0
0.162922701241673 0.140882369438153 0.0
0.169408371368497 0.203844682364869 0.0
0.17679865123617 0.266875602234648 0.0
0.185132701921757 0.329920530219449 0.0
0.194341912584513 0.39288147822809 0.0
0.204204425889436 0.455599252736741 0.0
0.214290265851771 0.517862822563433 0.0
0.184600137295504 -0.606538675627709 0.0
0.186416898186763 -0.545047877566212 0.0
0.188435968964643 -0.483427419466266 0.0
0.190664040774415 -0.421675094560295 0.0
0.193116956005171 -0.359787827901643 0.0
0.195818354259473 -0.29776187187655 0.0
0.198800771404874 -0.235592835290751 0.0
0.202107844316943 -0.173275562510397 0.0
0.205797017145354 -0.110804479881148 0.0
0.209942362305087 -0.0481736825547617 0.0
0.214636796068536 0.0146222100013502 0.0
0.219992604310802 0.0775869976183123 0.0
0.226138275777508 0.140720482404564 0.0
0.233208900927652 0.204014316632426 0.0
0.241326970732237 0.267442914908495 0.0
0.250571968811136 0.330948172452244 0.0
0.260936855780768 0.394415520626936 0.0
0.272258143243101 0.457646833575052 0.0
0.284072460522715 0.520350486992304 0.0
0.245871396145779 -0.607887209264321 0.0
0.247709189708512 -0.546394702269093 0.0
0.249752926280861 -0.484766824563745 0.0
0.252013736610468 -0.422999994496444 0.0
0.254511212387882 -0.361089809901843 0.0
0.257273227372544 -0.299030453422962 0.0
0.260337874265839 -0.236814517647721 0.0
0.263756067639339 -0.174432707442187 0.0
0.267594485973907 -0.111873973231538 0.0
0.271938540296211 -0.0491253450776744 0.0
0.276894702968806 0.0138274830486697 0.0
0.282591351452879 0.0769993398344696 0.0
0.289176858715397 0.140403277723305 0.0
0.296813777237506 0.204046215630473 0.0
0.305667980577191 0.26791894150943 0.0
0.315890882865425 0.33197804579564 0.0
0.327583589939542 0.396113146419721 0.0
0.340703795277402 0.460094076794996 0.0
0.354825700643751 0.523505052794572 0.0
0.307123892342508 -0.609302823340134 0.0
0.308978986138423 -0.547816213614808 0.0
0.311041900307883 -0.486191079278531 0.0
0.313328524177657 -0.424423908101618 0.0
0.315861393860242 -0.362509308639996 0.0
0.318672015954475 -0.300439515658844 0.0
0.321803387906149 -0.238204175409743 0.0
0.325312899799419 -0.175789821542673 0.0
0.329275513654039 -0.113179629614044 0.0
0.333786977706388 -0.0503527329473259 0.0
0.338966548515235 0.01271586897149 0.0
0.344958811923941 0.0760553903208585 0.0
0.351934385569728 0.139698194205892 0.0
0.360090304138478 0.203677203817158 0.0
0.369651549143541 0.26801825198886 0.0
0.380873768860089 0.332723715003186 0.0
0.394033946723057 0.39773442084642 0.0
0.409352640424286 0.462842893241964 0.0
0.426682135467404 0.527510885820057 0.0
0.368356044389019 -0.610806869751266 0.0
0.370222487288931 -0.549335203496005 0.0
0.37229874516423 -0.487729594276585 0.0
0.374602777048076 -0.425986160376059 0.0
0.377159256580863 -0.364098408582999 0.0
0.380002604406717 -0.302057122433141 0.0
0.383179748598868 -0.239849912836157 0.0
0.386753255455478 -0.177460196390797 0.0
0.390804759989809 -0.114866270231663 0.0
0.395438500226993 -0.0520397412318412 0.0
0.400784611252632 0.0110557587754334 0.0
0.407002287729707 0.0744663625463215 0.0
0.414283756777203 0.138249564689079 0.0
0.422862051393153 0.202476081273483 0.0
0.433027829076809 0.267229840817627 0.0
0.445162524769237 0.332604228038724 0.0
0.459790960232243 0.398681301169315 0.0
0.477628460157895 0.465450317930297 0.0
0.499442641597013 0.53251229946615 0.0
