-0.797769648444194 -0.644820297497398 0.0
0.427230424008767 -0.672624715459868 0.0
-0.811585593223572 0.61237245798111 0.0
0.61237245798111 0.61237245798111 0.0
-0.736546059902709 -0.646487316609784 0.0
0.42887808518263 -0.611302367820137 0.0
0.524615188976038 0.598390388901115 0.0
-0.78615814914975 0.544311463372554 0.0
-0.675308899297649 -0.647877274416889 0.0
0.430708691203493 -0.549870071457031 0.0
0.44417982505935 0.59116722311707 0.0
-0.776285778601533 0.477687434421345 0.0
-0.614068495546418 -0.649237201908435 0.0
0.432743442470204 -0.488321557225121 0.0
0.368071947224817 0.586450404399587 0.0
-0.771910095598746 0.412757947346663 0.0
-0.552823570988789 -0.65057708739371 0.0
0.435003373932354 -0.426651206582321 0.0
0.294650001823487 0.582997361382936 0.0
-0.770165297543328 0.348858365929376 0.0
-0.491580660559242 -0.651913489730631 0.0
0.437516072887258 -0.36485287245945 0.0
0.223025464136332 0.5803386233469 0.0
-0.769944255544893 0.285563581457263 0.0
-0.430342062269195 -0.653269108761853 0.0
0.440319026450047 -0.302918660885271 0.0
0.152663326102932 0.57825749410143 0.0
-0.77068448178105 0.222637344361053 0.0
-0.369104758193919 -0.654654342924824 0.0
0.443462750540886 -0.240837610221527 0.0
0.0831976998429853 0.576627111584304 0.0
-0.772050550004584 0.159949537652909 0.0
-0.307862924437804 -0.656065438891577 0.0
0.447014265622001 -0.178593851699835 0.0
0.0143381371296641 0.575332378796049 0.0
-0.773823270227173 0.0974288491786607 0.0
-0.246611015339637 -0.657488927728445 0.0
0.451060867915184 -0.116164733500538 0.0
-0.0541899068723209 0.574168706199238 0.0
-0.775851778412415 0.0350375905388283 0.0
-0.185345561783337 -0.658907512100383 0.0
0.455714060279311 -0.0535180288347387 0.0
-0.122678531460808 0.572413585988004 0.0
-0.778030031815578 -0.0272406388709464 0.0
-0.124066383165685 -0.660305295728585 0.0
0.461113465714693 0.0093909776474705 0.0
-0.189954434144159 0.574723984043696 0.0
-0.780286848056909 -0.0894070968103022 0.0
-0.0627765386909422 -0.661671591392738 0.0
0.467431256232581 0.0726235513467116 0.0
-0.255966971928537 0.577863847544533 0.0
-0.782596979331786 -0.151449208021309 0.0
-0.00148188315758873 -0.663003257974699 0.0
0.474878997607112 0.136262620625642 0.0
-0.322043393848118 0.577281045673971 0.0
-0.78504625624089 -0.213345643751866 0.0
0.0598102218692733 -0.664305836093955 0.0
0.483721851690552 0.200420916920818 0.0
-0.388983554105426 0.578081530414019 0.0
-0.786732720205635 -0.275149931298278 0.0
0.121091756725761 -0.665593605149101 0.0
0.494309482546693 0.265253722069451 0.0
-0.456895803254007 0.579032109275657 0.0
-0.788585372178267 -0.337002971543798 0.0
0.182355853311967 -0.66688849265765 0.0
0.507141489916449 0.330983286684297 0.0
-0.525586623658022 0.584605029553841 0.0
-0.790815107372923 -0.398836076848688 0.0
0.243598471472783 -0.668217461482594 0.0
0.523004550953401 0.397944287328373 0.0
-0.594077914312472 0.5902044465889 0.0
-0.792788682959178 -0.460521175398682 0.0
0.304819859498413 -0.669607710115119 0.0
0.5432837545176 0.466665344588683 0.0
-0.662727626629553 0.591790743029593 0.0
-0.794680903442572 -0.52205582847069 0.0
0.366026375874197 -0.671078358741418 0.0
0.570783263748675 0.537960660991878 0.0
-0.734779368572656 0.597778205436348 0.0
-0.79620235277891 -0.583483209180344 0.0
-0.735008924823198 -0.585152146431618 0.0
-0.733460526063155 -0.523706570122626 0.0
-0.731601747665405 -0.462139023735053 0.0
-0.729635179712272 -0.400510785442868 0.0
-0.727520707255792 -0.338825396385367 0.0
-0.725685326489488 -0.27708686746375 0.0
-0.723835292438818 -0.21512680924926 0.0
-0.721390514820472 -0.152911834062667 0.0
-0.719058160204893 -0.0906394483255351 0.0
-0.716783572160239 -0.028268905718553 0.0
-0.714599144979966 0.0342312418238018 0.0
-0.712578084924821 0.0968913457270175 0.0
-0.710832621402881 0.159747947415678 0.0
-0.709526984042101 0.222848165066603 0.0
-0.70890554004569 0.286247557634676 0.0
-0.709348750049806 0.349991886607822 0.0
-0.711493583429503 0.414044339715427 0.0
-0.716523064385333 0.47802970475553 0.0
-0.726824750639549 0.540310204647326 0.0
-0.67379963599975 -0.586537419110192 0.0
-0.672185851423142 -0.525106730967926 0.0
-0.670350974493925 -0.463556638862076 0.0
-0.66838753062477 -0.401895531102419 0.0
-0.666359112376626 -0.340095333521711 0.0
-0.664446892303716 -0.278192131107005 0.0
-0.662430802150337 -0.216185508461467 0.0
-0.660103869960395 -0.153997537189326 0.0
-0.657796263057205 -0.0916752273867512 0.0
-0.655534931219125 -0.029215226838439 0.0
-0.653371036010918 0.0333944232716926 0.0
-0.65138740139622 0.0961663754774301 0.0
-0.64970537474608 0.159108423410642 0.0
-0.648498864151432 0.222213107992122 0.0
-0.648018106358431 0.285433807999394 0.0
-0.648627412255963 0.348636077663809 0.0
-0.650856517054493 0.411501977249047 0.0
-0.655374370511253 0.473366986253187 0.0
-0.660989424900943 0.533243462176429 0.0
-0.612559808479685 -0.58789916633997 0.0
-0.610912528581083 -0.526451634791569 0.0
-0.60908984703048 -0.46487669489539 0.0
-0.607154823489127 -0.403170609226789 0.0
-0.605170981323033 -0.341335465046213 0.0
-0.603193943418154 -0.27940179963734 0.0
-0.60109897659721 -0.217353147318747 0.0
-0.598826969923907 -0.155149032934187 0.0
-0.596546035380297 -0.0928096713993871 0.0
-0.594307485183129 -0.0303405919793635 0.0
-0.592172680432711 0.0322527139758235 0.0
-0.590228629356001 0.0949569335475591 0.0
-0.588595915355818 0.157742309615152 0.0
-0.587437905864369 0.220550608414212 0.0
-0.586970474680331 0.283277116452409 0.0
-0.587462675516175 0.345749966060934 0.0
-0.589174451502507 0.407717579278279 0.0
-0.591836364980512 0.468904424338845 0.0
-0.592836894704166 0.529534471597729 0.0
-0.551309291352475 -0.589233309376189 0.0
-0.54964806243138 -0.527770564586206 0.0
-0.547839835185877 -0.466179549252865 0.0
-0.545929525824533 -0.404461387733481 0.0
-0.543958386593768 -0.342625259477596 0.0
-0.541938715689776 -0.280684558397358 0.0
-0.539808698870285 -0.218627947045592 0.0
-0.537564086695036 -0.156441091936751 0.0
-0.535302330209228 -0.0941399164520451 0.0
-0.533078934112737 -0.0317402036985382 0.0
-0.530957068213117 0.0307359403773734 0.0
-0.529019924977992 0.093253797910641 0.0
-0.527376224734495 0.155758989743632 0.0
-0.5261630422519 0.218169690856507 0.0
-0.525541129377788 0.280367304684867 0.0
-0.5256599218568 0.342188671273803 0.0
-0.526488525771345 0.403426936583918 0.0
-0.527208830153714 0.46391121150208 0.0
-0.524388002218839 0.52364984016021 0.0
-0.490058715570491 -0.590568384441131 0.0
-0.488393529063881 -0.529102289449898 0.0
-0.486597875077533 -0.467512063006686 0.0
-0.484702208367331 -0.405801678179602 0.0
-0.482730388749998 -0.34397987232122 0.0
-0.480682691896753 -0.282054599153492 0.0
-0.478533007230702 -0.220023203559499 0.0
-0.476296112284041 -0.157886662455352 0.0
-0.474035853402908 -0.0956633724561872 0.0
-0.471803564026032 -0.0333771081153066 0.0
-0.469657432818069 0.0289396130208237 0.0
-0.467669973028039 0.0912413093943205 0.0
-0.465930038067007 0.153464747053958 0.0
-0.464539041943819 0.21552400685105 0.0
-0.463591762814596 0.277304027084968 0.0
-0.463107276219761 0.338655529502033 0.0
-0.462814313794626 0.399405763013477 0.0
-0.461616753128302 0.459426428377736 0.0
-0.457888992764449 0.518980269992455 0.0
-0.428810808318955 -0.591927843675021 0.0
-0.427145024154625 -0.530467780599008 0.0
-0.425357589173845 -0.468888952530753 0.0
-0.423467474814584 -0.407196680896671 0.0
-0.421487496267897 -0.345399379392141 0.0
-0.419416215727523 -0.2835045940036 0.0
-0.417245935095647 -0.221516516918111 0.0
-0.414996027088513 -0.159444481600827 0.0
-0.412711448718982 -0.0973090455063561 0.0
-0.410435315263426 -0.0351371515658125 0.0
-0.40821599895933 0.0270361255755355 0.0
-0.406110293780876 0.0891653233857417 0.0
-0.404181480382614 0.151192147580816 0.0
-0.402488479829509 0.213043909234638 0.0
-0.401052779369076 0.274633270656992 0.0
-0.399769780596701 0.335867869891971 0.0
-0.398213377903842 0.396691120662363 0.0
-0.39554779439885 0.457218463806338 0.0
-0.391889969076642 0.517906064874091 0.0
-0.367563675519914 -0.593319321212465 0.0
-0.365897336061 -0.531869291680766 0.0
-0.364112686837747 -0.470305788324578 0.0
-0.362219683322778 -0.408634855130608 0.0
-0.360224475790574 -0.346864834591759 0.0
-0.358126278561891 -0.285003945706599 0.0
-0.355925600928797 -0.2230603051277 0.0
-0.353640268459486 -0.1610467391688 0.0
-0.351302150808275 -0.0989836253794024 0.0
-0.348944164687606 -0.0368967864406069 0.0
-0.346602072156344 0.0251817009381156 0.0
-0.34431432163969 0.0872126719307102 0.0
-0.342116575271054 0.149149229215324 0.0
-0.340025462380299 0.21093790136004 0.0
-0.337999209882326 0.272523165775833 0.0
-0.335857376447484 0.333864399495471 0.0
-0.333198230510187 0.394980887411054 0.0
-0.329611692664852 0.456004923619296 0.0
-0.325104689530157 0.516910876235546 0.0
-0.306313386499817 -0.594736199979785 0.0
-0.304645087724598 -0.53329560534062 0.0
-0.302857274669672 -0.471745910772062 0.0
-0.30095317414521 -0.410093383369238 0.0
-0.298934870595881 -0.348346101204684 0.0
-0.296801975095111 -0.286512538033983 0.0
-0.294557404298402 -0.22460225517286 0.0
-0.292214721129984 -0.162628566949554 0.0
-0.289795095383178 -0.100610010785807 0.0
-0.287320468976423 -0.0385693639341942 0.0
-0.284812857128942 0.0234659213725956 0.0
-0.282291846391032 0.085463582574461 0.0
-0.279766680063427 0.147386903565021 0.0
-0.277217768447492 0.209197682182105 0.0
-0.27456038699413 0.27086421779683 0.0
-0.271595384437059 0.332383439750278 0.0
-0.268013317719129 0.393819889759089 0.0
-0.263505219291576 0.455311231215008 0.0
-0.257586790609572 0.517035598635323 0.0
-0.24505609794252 -0.596163070898252 0.0
-0.243383866747943 -0.534728263581922 0.0
-0.241586889505443 -0.473187205083904 0.0
-0.239663856380863 -0.411546010345112 0.0
-0.237614271217297 -0.349812167021598 0.0
-0.235437271988293 -0.287993766519733 0.0
-0.233134933138339 -0.226100313121289 0.0
-0.230715296410736 -0.164144278544407 0.0
-0.228189857055518 -0.102142108931895 0.0
-0.225569362311479 -0.0401139277859749 0.0
-0.222861846821601 0.0219158416126055 0.0
-0.220068752172968 0.0839181466804618 0.0
-0.217176230990165 0.145859252667046 0.0
-0.214138536949032 0.207702800802954 0.0
-0.210853691206121 0.269415034917998 0.0
-0.207148487669948 0.330975914056396 0.0
-0.202807087607316 0.392382977143083 0.0
-0.197595703482397 0.453626197031475 0.0
-0.19073882300647 0.514635649175368 0.0
-0.183789134268214 -0.597581753379322 0.0
-0.182110738363282 -0.536147676683317 0.0
-0.180298911047557 -0.474608424030664 0.0
-0.178349822777537 -0.412969721819001 0.0
-0.17626121145487 -0.351238202515966 0.0
-0.174030851489141 -0.289421129724704 0.0
-0.171658069058126 -0.22752723864373 0.0
-0.169144640984505 -0.165567796242642 0.0
-0.166492651386053 -0.103557561694891 0.0
-0.163701353723406 -0.0415150179276392 0.0
-0.160764501516712 0.0205365916252139 0.0
-0.157665844116658 0.0825683968747211 0.0
-0.154371055558011 0.144544947785982 0.0
-0.150815638965333 0.206424451653909 0.0
-0.146893848142046 0.26815934503653 0.0
-0.142463608796449 0.329695602357681 0.0
-0.13737784182525 0.390960789896049 0.0
-0.131489543800555 0.451840702445165 0.0
-0.125155341248959 0.51236647614428 0.0
-0.122511889939624 -0.598976357135722 0.0
-0.120824825065288 -0.537537916840556 0.0
-0.118993008056199 -0.475993625656706 0.0
-0.117011754401393 -0.414348631635405 0.0
-0.114877369751385 -0.352608482003654 0.0
-0.112585432099844 -0.290779283546525 0.0
-0.110131246017046 -0.228868575318929 0.0
-0.107509667486534 -0.166886161106195 0.0
-0.104713100975059 -0.10484508353562 0.0
-0.101728687386737 -0.0427620985871926 0.0
-0.0985352012491747 0.0193411774421944 0.0
-0.095098449015644 0.0814374419232574 0.0
-0.0913646600847539 0.143493019232728 0.0
-0.0872533951902795 0.205468702792462 0.0
-0.0826562173420464 0.267321610503663 0.0
-0.0774516588660888 0.32901002404271 0.0
-0.0715443973242765 0.390505577385618 0.0
-0.0650316976271663 0.451858885115673 0.0
-0.0588723096599506 0.513260268942838 0.0
-0.0612258111263134 -0.600336834284572 0.0
-0.0595271932487599 -0.538889851682448 0.0
-0.0576709737765915 -0.477334736784657 0.0
-0.0556527173498614 -0.415675797384569 0.0
-0.0534672201851103 -0.353917218379967 0.0
-0.0511070715831291 -0.292063598511662 0.0
-0.0485626043493484 -0.230120818202334 0.0
-0.0458211400835145 -0.168096697283886 0.0
-0.0428649527894639 -0.10600189010863 0.0
-0.0396684852893544 -0.0438503289973043 0.0
-0.036195092819099 0.01833981034451 0.0
-0.0323929404867124 0.0805456530056516 0.0
-0.0281907074353524 0.142739487405897 0.0
-0.0234960318680729 0.204890229878057 0.0
-0.0182036170162042 0.266966001561495 0.0
-0.0122242275790181 0.328940773139652 0.0
-0.00556534340500431 0.390810538427725 0.0
0.0014661601380618 0.452602413998228 0.0
0.00821130171393866 0.514199136720898 0.0
6.57616027975861e-05 -0.601661107607317 0.0
0.00177918262251368 -0.54020292679813 0.0
0.00366323956439688 -0.478632913335444 0.0
0.00572176022539794 -0.416954156748579 0.0
0.00796188711438656 -0.355169161517181 0.0
0.0103947450434234 -0.293280652585641 0.0
0.013035665148654 -0.231292362017557 0.0
0.0159053130356208 -0.169209497151218 0.0
0.0190318521033693 -0.107039494059536 0.0
0.0224537556507553 -0.0447923423021679 0.0
0.026222915623847 0.0175186047637141 0.0
0.0304077321103483 0.0798762883482825 0.0
0.035094591297134 0.142259655553697 0.0
0.0403838734932769 0.204644301672032 0.0
0.0463729540786258 0.267003006029305 0.0
0.0531129438869469 0.329308009024002 0.0
0.0605204378499164 0.391529017788529 0.0
0.0682893788173272 0.453593336586057 0.0
0.0759629718219999 0.51534062970544 0.0
0.0613583972819404 -0.60295608411344 0.0
0.0630899485661191 -0.541485971697401 0.0
0.065003927122844 -0.479899145164013 0.0
0.0671040535134529 -0.418197046132307 0.0
0.0694000885234261 -0.35638023986137 0.0
0.0719074593702068 -0.294449302232083 0.0
0.0746475818888587 -0.23240542961314 0.0
0.077649320471534 -0.170250703573249 0.0
0.0809513276191877 -0.107988702371614 0.0
0.0846048674113811 -0.0456247440256334 0.0
0.0886765939032536 0.0168333006522213 0.0
0.0932504651143751 0.079374436279329 0.0
0.0984266164371927 0.141983511318187 0.0
0.104312980549776 0.204640160988244 0.0
0.111002334980361 0.267315964779166 0.0
0.118526034422955 0.329969332875939 0.0
0.126789126982459 0.392529943566628 0.0
0.13552790508555 0.454874457417814 0.0
0.144337371595205 0.516830593333716 0.0
0.122646762728924 -0.604237633389133 0.0
0.124399223186271 -0.542757033746988 0.0
0.126343417154221 -0.481153992454805 0.0
0.128484283002178 -0.419427980110967 0.0
0.130834949714661 -0.357577552654097 0.0
0.133415505492785 -0.295601035480007 0.0
0.136253586798019 -0.233496857232288 0.0
0.139386220687612 -0.171263604654687 0.0
0.142862378544865 -0.108900503759983 0.0
0.146745816495051 -0.0464076081810387 0.0
0.151117529282176 0.016213317960632 0.0
0.156076727949229 0.0789578940016702 0.0
0.161738006388063 0.14181723524061 0.0
0.168220825701336 0.204775092353273 0.0
0.175625817485291 0.267801418501798 0.0
0.18399490220893 0.330841096092036 0.0
0.193261398721425 0.393795223199092 0.0
0.203204519890241 0.456503299263517 0.0
0.213394825980862 0.518753104924959 0.0
0.183925591446661 -0.605529393582605 0.0
0.185700280864835 -0.544042009060519 0.0
0.187672839144306 -0.482426135948469 0.0
0.189851267094928 -0.420679294248683 0.0
0.192252600076952 -0.358798253482223 0.0
0.194901615938975 -0.296779168821105 0.0
0.197832017798974 -0.234617575328188 0.0
0.201088723960951 -0.17230824563014 0.0
0.204730661893306 -0.109845524482189 0.0
0.208833678165831 -0.0472234126351463 0.0
0.21349283905132 0.0155635709457048 0.0
0.218823020042864 0.0785193134674811 0.0
0.224955752016159 0.14164365549753 0.0
0.232029539111074 0.20492818007663 0.0
0.240170449804327 0.268347032714459 0.0
0.249461392573015 0.331841504750036 0.0
0.25989825091885 0.395295942196802 0.0
0.271319576876197 0.458510656754886 0.0
0.283262651171435 0.521192537782338 0.0
0.245190341890924 -0.606859958169075 0.0
0.246986135644118 -0.545371579129326 0.0
0.24898302550109 -0.483749306303395 0.0
0.251193708688448 -0.421989368491217 0.0
0.253639095712212 -0.360087280421485 0.0
0.256348284226808 -0.298037186445576 0.0
0.259360614719069 -0.235831648859992 0.0
0.262728378195224 -0.173461328974415 0.0
0.266519858385971 -0.110915110032012 0.0
0.270822397124769 -0.0481799306611341 0.0
0.275744812061524 0.0147586209452221 0.0
0.281418306808903 0.07791547008678 0.0
0.287994585906316 0.141303715184812 0.0
0.295640004197177 0.204930203513042 0.0
0.304524616068162 0.268785428993008 0.0
0.314804251728177 0.33282530624881 0.0
0.326584387577507 0.396938185902668 0.0
0.339826289307747 0.460891901499407 0.0
0.354105493583847 0.524268371438196 0.0
0.306437562528153 -0.608257665306692 0.0
0.30825034004158 -0.546775717241914 0.0
0.310265928524574 -0.485157158238521 0.0
0.312501902838613 -0.423398411027706 0.0
0.314982176412903 -0.36149410274156 0.0
0.31773952197981 -0.299436506311224 0.0
0.320818233845197 -0.237215293128016 0.0
0.324277147043151 -0.174816993539407 0.0
0.328192924675591 -0.112224746225706 0.0
0.332663374122086 -0.0494176178540546 0.0
0.337810262141606 0.0136294744492511 0.0
0.343781210124484 0.0769458148359499 0.0
0.350750447473201 0.140563777470739 0.0
0.358919235832183 0.20451616509574 0.0
0.368517463344916 0.268828444439688 0.0
0.379806471643293 0.333502188742355 0.0
0.393069712298718 0.398476661163873 0.0
0.408534213675951 0.463541597496683 0.0
0.426056120184132 0.52815464898698 0.0
0.36766599952532 -0.609741384724684 0.0
0.369489588008193 -0.548274643529727 0.0
0.371518023269762 -0.486676505131011 0.0
0.373770945368885 -0.424943209299918 0.0
0.376274393504025 -0.363068399572168 0.0
0.379064055141275 -0.301042975004298 0.0
0.382188174707267 -0.238854631140432 0.0
0.385710804532882 -0.176486836722124 0.0
0.389715345765275 -0.113917910255563 0.0
0.394308187255567 -0.051119456136261 0.0
0.39962209679415 0.0119449039837131 0.0
0.40581946916627 0.0753212895863146 0.0
0.413096383221663 0.139067106677503 0.0
0.421690498885485 0.203252825247676 0.0
0.431898121840434 0.267961835026957 0.0
0.444107815490756 0.333286437137784 0.0
0.458853664372406 0.399306543489756 0.0
0.476862722227637 0.466007137023418 0.0
0.498914431975351 0.532981156231922 0.0
