-0.796853709976164 -0.644843223128116 0.0
0.42808713660527 -0.672013152187375 0.0
-0.811540055274963 0.61237245798111 0.0
0.61237245798111 0.61237245798111 0.0
-0.73562956742305 -0.646465826136551 0.0
0.429700182749432 -0.610691342802617 0.0
0.524648256979714 0.598554276169852 0.0
-0.786079622041979 0.54431760674944 0.0
-0.674392736595792 -0.647813216604266 0.0
0.431491579493571 -0.549261367269299 0.0
0.444232947493795 0.591426826819626 0.0
-0.776170958311927 0.477693822580602 0.0
-0.613153444029776 -0.649131209994289 0.0
0.433483297085337 -0.48771726769198 0.0
0.368136353133701 0.586766417181686 0.0
-0.771757034816921 0.412762446184702 0.0
-0.551910483971662 -0.650430244716582 0.0
0.435697058764132 -0.426053606582424 0.0
0.294720678217817 0.583345754694162 0.0
-0.769972217082822 0.348860102442433 0.0
-0.49067035517777 -0.651727255840001 0.0
0.43816105024657 -0.364264344961531 0.0
0.223099494149366 0.580703431945523 0.0
-0.769709427548149 0.285562234163601 0.0
-0.429435269251678 -0.653045176283418 0.0
0.440913291857686 -0.302341657345538 0.0
0.152738925246162 0.578627396330972 0.0
-0.770406312222265 0.222632907022988 0.0
-0.368202102234182 -0.654394545193241 0.0
0.444004791288404 -0.240274630333681 0.0
0.0832737161829344 0.576993671805876 0.0
-0.771727659584867 0.159942205181985 0.0
-0.306964913306118 -0.655771675707751 0.0
0.447503039586663 -0.178047435533173 0.0
0.0144137957049032 0.575689046325653 0.0
-0.773454552367371 0.0974189426268979 0.0
-0.245718030482088 -0.657163104517632 0.0
0.451495800847763 -0.115637463538427 0.0
-0.0541151127730995 0.574510201796451 0.0
-0.775436434711011 0.0350254974263077 0.0
-0.184457848128217 -0.658551488912604 0.0
0.456095059648054 -0.0530125431778115 0.0
-0.122604748978423 0.572735611056735 0.0
-0.777567586966985 -0.0272545176946068 0.0
-0.123184037548387 -0.659920840694252 0.0
0.461440949852903 0.00987195637608588 0.0
-0.189883509919687 0.575023294960191 0.0
-0.779777141080037 -0.0894224000071438 0.0
-0.0618994974129514 -0.661260331602778 0.0
0.467706195690334 0.0730771627805573 0.0
-0.255899145895267 0.578137646194486 0.0
-0.782040109350014 -0.151465680901606 0.0
-0.000609909968224602 -0.662566621448806 0.0
0.475102967535058 0.136685775906202 0.0
-0.321976968844787 0.577526162586185 0.0
-0.784442519387159 -0.213363245694669 0.0
0.06067754522814 -0.663844979292945 0.0
0.483897101169177 0.200810149471706 0.0
-0.388919194735512 0.578295474966559 0.0
-0.786083601045822 -0.275168133741457 0.0
0.121955034359929 -0.665109321597604 0.0
0.494439046892834 0.265604942599241 0.0
-0.456833487551542 0.579212387135614 0.0
-0.787891090473099 -0.337021578401204 0.0
0.183215868584624 -0.666381098051302 0.0
0.507229396915325 0.331291360097856 0.0
-0.525528179729404 0.584750007816723 0.0
-0.790075466009271 -0.39885531697955 0.0
0.244456162395723 -0.667686651950788 0.0
0.523056192545388 0.398202229158409 0.0
-0.594022782749285 0.590313399411543 0.0
-0.792004515562044 -0.460541169347536 0.0
0.305676263444556 -0.669052394397878 0.0
0.543306476524507 0.466862595299129 0.0
-0.662673366598401 0.591863187447967 0.0
-0.793852252335 -0.522076880543608 0.0
0.366882522039135 -0.670496480170343 0.0
0.570787229579104 0.538078799645159 0.0
-0.7347277063177 0.597813481181394 0.0
-0.795330163824932 -0.583505124306167 0.0
-0.734136154425564 -0.585129712918414 0.0
-0.732631246486449 -0.523683442145711 0.0
-0.73081667181929 -0.462115081834545 0.0
-0.7288945583627 -0.400485993896566 0.0
-0.726825138697253 -0.338799677355078 0.0
-0.725034774815581 -0.277060389662387 0.0
-0.723230560792302 -0.215099678668946 0.0
-0.720833077766139 -0.152883845927843 0.0
-0.718548157451294 -0.0906104200870716 0.0
-0.716321064436929 -0.0282385936425232 0.0
-0.714183954016816 0.0342630934580986 0.0
-0.712209737618507 0.0969249761937286 0.0
-0.710510332621965 0.159783544025411 0.0
-0.709249661643015 0.222885816890275 0.0
-0.708671801904201 0.286287193172313 0.0
-0.709156938272417 0.350033181575145 0.0
-0.711341733315479 0.414086559394868 0.0
-0.716408691845195 0.478071392344381 0.0
-0.726743993855589 0.540348579850186 0.0
-0.67292702288876 -0.58647238084496 0.0
-0.671356685624796 -0.525040737656896 0.0
-0.669565743396239 -0.463489747029159 0.0
-0.667646698449764 -0.401827811992019 0.0
-0.665663276117356 -0.340026916141645 0.0
-0.663796447458339 -0.278123150277528 0.0
-0.661826547890806 -0.216115918475682 0.0
-0.659546821425271 -0.15392717181879 0.0
-0.657286757953949 -0.0916040201171834 0.0
-0.655073065363166 -0.0291430658380643 0.0
-0.652956618789387 0.0334676563493308 0.0
-0.651019921082027 0.0962407699850509 0.0
-0.649383980715895 0.159184000600615 0.0
-0.648222359605462 0.222289773226103 0.0
-0.647784940810899 0.285511289654659 0.0
-0.648435656130489 0.348713847891596 0.0
-0.650703781362499 0.411579157335878 0.0
-0.655257602374635 0.473442314052487 0.0
-0.660904863027458 0.533316407707604 0.0
-0.611688064370084 -0.58779217022764 0.0
-0.610084035475766 -0.526343718627845 0.0
-0.608305055753007 -0.464767994360351 0.0
-0.606414321935478 -0.403061286724756 0.0
-0.604475446860412 -0.341225686486811 0.0
-0.602544028102001 -0.279291674575184 0.0
-0.600495523402038 -0.217242670204728 0.0
-0.598270794183089 -0.155038154672167 0.0
-0.596037516732408 -0.0926983828677275 0.0
-0.593846705214557 -0.0302288668350739 0.0
-0.591759397315253 0.0323648969308995 0.0
-0.589862249163695 0.0950695612193835 0.0
-0.588275472965528 0.157855302324302 0.0
-0.587162053586741 0.22066378520116 0.0
-0.586737472996361 0.28339016183806 0.0
-0.587270379276041 0.345862411629332 0.0
-0.589020283858019 0.407828850438449 0.0
-0.591717329535599 0.469014220175058 0.0
-0.592750145841542 0.529644009040966 0.0
-0.550439097733332 -0.589085539997856 0.0
-0.548820784088767 -0.527622027578792 0.0
-0.547055986620041 -0.466030457049199 0.0
-0.545189826486749 -0.40431196319693 0.0
-0.543263649487172 -0.342475701993995 0.0
-0.54128977079077 -0.280535006698426 0.0
-0.539206414439547 -0.218478463387751 0.0
-0.537009187652094 -0.156291707737407 0.0
-0.534795188677414 -0.093990671429554 0.0
-0.532619592159437 -0.0315911265705649 0.0
-0.53054521294584 0.030884817427906 0.0
-0.528654863352739 0.093402419362143 0.0
-0.527056866402192 0.1559072570992 0.0
-0.525887890613036 0.21831744721874 0.0
-0.525308277913976 0.280514331527564 0.0
-0.525467053011066 0.342334719155327 0.0
-0.526332917986143 0.403571867518563 0.0
-0.527087473381913 0.464055456466787 0.0
-0.524298130107684 0.5237956489113 0.0
-0.489190698739331 -0.590381348030687 0.0
-0.487567969833985 -0.528914704874486 0.0
-0.485815429166638 -0.467324222583733 0.0
-0.483963758409991 -0.405613866022326 0.0
-0.482036902987378 -0.343792333387116 0.0
-0.480035132339015 -0.281867516672138 0.0
-0.477932268554027 -0.219836697105925 0.0
-0.475742879439646 -0.157700816764522 0.0
-0.47353047595397 -0.0954782582098577 0.0
-0.471346036644312 -0.033192776923393 0.0
-0.46924736916187 0.0291231200609526 0.0
-0.467306583781209 0.09142395093093 0.0
-0.465612116815147 0.153646473341556 0.0
-0.464264959166979 0.215704758943447 0.0
-0.463359465955172 0.277483753437827 0.0
-0.462914296869089 0.338834247881966 0.0
-0.462657804399976 0.399583736927862 0.0
-0.46149366990303 0.459604571181135 0.0
-0.457796789696016 0.519160202081318 0.0
-0.42794552717228 -0.59170326032233 0.0
-0.42632164640334 -0.530242910931775 0.0
-0.424576974368765 -0.468664174483771 0.0
-0.422730697947482 -0.406972343208109 0.0
-0.420795687697593 -0.345175776285051 0.0
-0.418770450878351 -0.283281951846918 0.0
-0.416647143798646 -0.221294997243023 0.0
-0.414444881251992 -0.159224199514614 0.0
-0.412208275701781 -0.0970900816491757 0.0
-0.409980065360136 -0.0349195514269272 0.0
-0.407808219674707 0.0272523477595066 0.0
-0.405749110828348 0.0893801808420573 0.0
-0.40386558637324 0.151405681144765 0.0
-0.402216131266105 0.213256196781543 0.0
-0.400821802416166 0.274844457924948 0.0
-0.399577594544366 0.336078249046136 0.0
-0.398057076998333 0.396901293460625 0.0
-0.395424429717309 0.457429466832981 0.0
-0.391797159071213 0.518118695313698 0.0
-0.36670161484267 -0.593059042158428 0.0
-0.365076555176759 -0.531609015182914 0.0
-0.363334300213183 -0.470045981064574 0.0
-0.361484982641159 -0.408375930666071 0.0
-0.359534759025801 -0.346607134575736 0.0
-0.357482730037611 -0.284747733175292 0.0
-0.355329195558822 -0.222805769458449 0.0
-0.353091681930303 -0.160794008393367 0.0
-0.350801694377849 -0.0987327734445251 0.0
-0.348491751155984 -0.0366478332503964 0.0
-0.346197191583281 0.025428788914786 0.0
-0.343956024214073 0.0874579825300181 0.0
-0.341803461157011 0.149392910028595 0.0
-0.339755679707776 0.211180175120531 0.0
-0.337770463698534 0.272764366103188 0.0
-0.335666962976127 0.334105040252977 0.0
-0.333043144117744 0.395221739415555 0.0
-0.329488889382227 0.45624690883562 0.0
-0.325011330812774 0.517154723101415 0.0
-0.305454950030859 -0.594442137814222 0.0
-0.303827266571434 -0.533001851113283 0.0
-0.302081480492073 -0.471453019981325 0.0
-0.300220935170981 -0.409801832333012 0.0
-0.298247657661659 -0.348056275437467 0.0
-0.296161082200714 -0.286224731098974 0.0
-0.293963859527097 -0.22431667500147 0.0
-0.291669214840384 -0.162345344906045 0.0
-0.289297929172731 -0.100329206370118 0.0
-0.286871524172927 -0.0382909644475048 0.0
-0.284411571825468 0.0237420025058288 0.0
-0.281937198388946 0.0857375097822716 0.0
-0.27945717529594 0.147658927808391 0.0
-0.276951436858611 0.209468158401359 0.0
-0.274334791206302 0.271133636215568 0.0
-0.271407660785447 0.332652465424162 0.0
-0.267860294463612 0.394089360018196 0.0
-0.263383633869813 0.455582052124998 0.0
-0.257493482309541 0.517308709546595 0.0
-0.244201600384323 -0.595837141299623 0.0
-0.242569309530454 -0.534402957498431 0.0
-0.240814015944995 -0.472863164958609 0.0
-0.238934445841384 -0.41122377268876 0.0
-0.236929970616605 -0.349492158707483 0.0
-0.23479948591028 -0.287676309017076 0.0
-0.232544747698656 -0.225785630419874 0.0
-0.230173423108456 -0.163832504725567 0.0
-0.227696592570012 -0.101833291402052 0.0
-0.225124560411266 -0.039808026165336 0.0
-0.222464895800548 0.022218959001207 0.0
-0.219718555654986 0.0842187090500236 0.0
-0.216871191662071 0.146157597025505 0.0
-0.213876545743085 0.207999387479372 0.0
-0.210632128845459 0.269710465773346 0.0
-0.20696425931814 0.331270935386541 0.0
-0.20265672073404 0.392678431257876 0.0
-0.197475494729525 0.453922923868425 0.0
-0.1906448298165 0.514934564656231 0.0
-0.182938792470875 -0.597225825486388 0.0
-0.181299683741366 -0.535792694834013 0.0
-0.179529244555103 -0.47425511496984 0.0
-0.17762358264718 -0.412618680616764 0.0
-0.175580219799996 -0.350889897734509 0.0
-0.173396621856672 -0.289075913119782 0.0
-0.171071747048319 -0.227185354897984 0.0
-0.168606962572831 -0.165229389841085 0.0
-0.166003911769178 -0.103222678953663 0.0
-0.163261382412541 -0.0411836045719847 0.0
-0.16037263914198 0.0208646960977723 0.0
-0.157320919270204 0.0828934678264463 0.0
-0.15407136132729 0.14486738699478 0.0
-0.150558912184396 0.206744799879486 0.0
-0.146677259606265 0.268478287710502 0.0
-0.142283784249135 0.330013949785599 0.0
-0.137230931224275 0.391279412141479 0.0
-0.131371305313585 0.45216043503159 0.0
-0.125061267472363 0.512687819827423 0.0
-0.121665813922867 -0.598592207088673 0.0
-0.120017438888098 -0.537155040211184 0.0
-0.118226785761261 -0.475612830893623 0.0
-0.116288992041336 -0.413970572659662 0.0
-0.114200058112974 -0.352233673170015 0.0
-0.111955188524114 -0.290408114641115 0.0
-0.109549274168634 -0.228501322852851 0.0
-0.106976729380806 -0.16652299446362 0.0
-0.104229493712252 -0.104486065378749 0.0
-0.10129422091173 -0.0424071802146951 0.0
-0.0981491737642944 0.0196921648033947 0.0
-0.0947596187998338 0.0817847991413045 0.0
-0.0910712136116147 0.143837193152691 0.0
-0.0870029154094574 0.205810297462456 0.0
-0.082445661982429 0.267661385227947 0.0
-0.0772773682911255 0.329348860701322 0.0
-0.0714021466285379 0.390844399672685 0.0
-0.0649168071871662 0.452198482863437 0.0
-0.058779977004394 0.513600948334358 0.0
-0.0603839959992812 -0.599926094927092 0.0
-0.058723561579906 -0.538480714893502 0.0
-0.0569083743775571 -0.476928090720562 0.0
-0.0549336924283277 -0.415272357906561 0.0
-0.0527939162879121 -0.35351755425821 0.0
-0.0504812011017794 -0.291668150964719 0.0
-0.0479854255107271 -0.229729912993372 0.0
-0.0452934417849724 -0.167710549626532 0.0
-0.0423870382254784 -0.105620602837898 0.0
-0.039240151761623 -0.0434738849514437 0.0
-0.0358156051060426 0.0187115607010231 0.0
-0.0320609967373785 0.0809130073126572 0.0
-0.0279043974630841 0.14310290758905 0.0
-0.0232527918995512 0.205250352025951 0.0
-0.0180001904151211 0.267323626836709 0.0
-0.0120566488122555 0.329296820663546 0.0
-0.00542896519136597 0.391165934094572 0.0
0.00157654823340888 0.452957899203268 0.0
0.00830131604995514 0.514555111457585 0.0
0.000903441632214414 -0.601225208132911 0.0
0.00257905980364293 -0.539768954990337 0.0
0.0044221065182263 -0.478201836403017 0.0
0.00643685215889401 -0.416526759639297 0.0
0.00863092089327674 -0.354746081730193 0.0
0.0110159249565041 -0.292862402759405 0.0
0.0136076832326383 -0.230879341799395 0.0
0.0164273527703203 -0.168801996352413 0.0
0.0195035989439902 -0.106637688304135 0.0
0.0228754158169871 -0.0443962823589565 0.0
0.0265952453345424 0.0179090087398438 0.0
0.0307320783945419 0.0802612856125268 0.0
0.0353729449863336 0.142639672644746 0.0
0.0406189313658848 0.205019951493014 0.0
0.0465681830187664 0.267375075166549 0.0
0.0532726315781913 0.329677405289259 0.0
0.060649701677207 0.39189666543328 0.0
0.0683941056298706 0.453960049054088 0.0
0.0760497372996529 0.515707039200321 0.0
0.0621921915516059 -0.602496174067361 0.0
0.0638861631563522 -0.54102830039335 0.0
0.0657590344140639 -0.479444760981042 0.0
0.0678151016694047 -0.417746816215053 0.0
0.0700646821322627 -0.355934892058668 0.0
0.0725237331475295 -0.294009448570032 0.0
0.0752141836554697 -0.231971576972042 0.0
0.0781654051943194 -0.169823254906386 0.0
0.0814165631732757 -0.107567950058137 0.0
0.085019452484598 -0.0452108566960057 0.0
0.0890412900330705 0.0172402963834352 0.0
0.0935666442271714 0.0797746767740252 0.0
0.0986963253932191 0.142377315473397 0.0
0.104539021784896 0.205028041320152 0.0
0.111188360011754 0.267698620019781 0.0
0.118676638179642 0.330347612038956 0.0
0.126909921598058 0.392904782959372 0.0
0.135625559772765 0.455246807391579 0.0
0.144419627555613 0.51720134600796 0.0
0.123477042465377 -0.603754486145573 0.0
0.125191965531399 -0.542276407052487 0.0
0.127094837493804 -0.480677023322753 0.0
0.129191287913367 -0.418955639318346 0.0
0.1314950588379 -0.357110688871736 0.0
0.134026798627189 -0.295140397244962 0.0
0.136814673363134 -0.233043101913785 0.0
0.139896226126792 -0.170817297983333 0.0
0.143320946251601 -0.10846211145213 0.0
0.147153125063198 -0.0459774811709572 0.0
0.151474326868456 0.0166349630368946 0.0
0.15638438525088 0.079370996636005 0.0
0.161998590679896 0.142221911896723 0.0
0.168437197806512 0.205171651976321 0.0
0.175801754686003 0.268190369102273 0.0
0.184135247879455 0.331223142452209 0.0
0.193372241211483 0.394171259898249 0.0
0.203293397564387 0.456874395241987 0.0
0.213470897270611 0.519120451897301 0.0
0.184752843418192 -0.605023283809608 0.0
0.186489849720539 -0.543538651080917 0.0
0.188420769778161 -0.481926772129758 0.0
0.190554374892952 -0.420185030800212 0.0
0.192908347400205 -0.358310099922166 0.0
0.195508042406579 -0.296298057059675 0.0
0.198387700451828 -0.234144367252619 0.0
0.201592757775905 -0.171843731255237 0.0
0.205182658671868 -0.109390412388593 0.0
0.209233783101797 -0.0467783147107578 0.0
0.213841766312732 0.0159981583719023 0.0
0.219122108517907 0.0789430296262036 0.0
0.22520704407412 0.142056294166159 0.0
0.232235887098622 0.205329706921069 0.0
0.240335662773783 0.268737605136286 0.0
0.249590447939513 0.332221504900798 0.0
0.259997614537647 0.395666036849843 0.0
0.271397657855769 0.458871883284831 0.0
0.283330283830406 0.521546376800853 0.0
0.246015158786466 -0.606330508652491 0.0
0.247772955962891 -0.544845034816224 0.0
0.249727822652529 -0.483227045283287 0.0
0.251893254663985 -0.421472674411106 0.0
0.25429082169584 -0.359577372610449 0.0
0.256950204451127 -0.297535238133433 0.0
0.259911279992184 -0.235338793021344 0.0
0.263226852160862 -0.172978654398023 0.0
0.266965714343285 -0.110443650562447 0.0
0.27121573397785 -0.0477206507259929 0.0
0.276086289836473 0.0152048416071454 0.0
0.281709201785771 0.0783478495506345 0.0
0.288236867562288 0.141721578667344 0.0
0.295836440525474 0.205332990654508 0.0
0.30467892959398 0.269172708735687 0.0
0.314921377995321 0.333196820752683 0.0
0.326670935973526 0.397293960766386 0.0
0.339891328039184 0.461232474649267 0.0
0.354161643612847 0.524595193284778 0.0
0.307260635132677 -0.607703662235195 0.0
0.309034993762468 -0.546224663053847 0.0
0.311008152469079 -0.484610609966092 0.0
0.313198464944124 -0.422857875723509 0.0
0.315630502775125 -0.360961071617417 0.0
0.318337615714952 -0.298912468795526 0.0
0.321364624652326 -0.23670173636646 0.0
0.324770865690044 -0.174315393693443 0.0
0.328633499348323 -0.111736556309396 0.0
0.333050846234185 -0.0489442561526172 0.0
0.338145220891767 0.0140866316301534 0.0
0.34406484423054 0.0773854320676585 0.0
0.350984614573781 0.140984547708181 0.0
0.359106555782015 0.204916785608654 0.0
0.368661461856895 0.269207587962733 0.0
0.37991183998511 0.333858489013724 0.0
0.39314282738558 0.398808762367861 0.0
0.408584200415985 0.463848404080911 0.0
0.426096881140352 0.528436158036636 0.0
0.36848812195894 -0.609160576464231 0.0
0.37027285720318 -0.547696676597002 0.0
0.372258488750506 -0.486103134630987 0.0
0.374465413443417 -0.424376236556443 0.0
0.376920308048992 -0.362509684020629 0.0
0.379659417198904 -0.300494425200615 0.0
0.382731494008597 -0.238318189865412 0.0
0.386201075824897 -0.175964466622513 0.0
0.390152046306794 -0.113411583218484 0.0
0.394691292742352 -0.0506311494732703 0.0
0.399952114318317 0.0124132005562249 0.0
0.406097484370108 0.075767550408656 0.0
0.41332412046964 0.139489223168257 0.0
0.421870399167059 0.203648527378797 0.0
0.432033462425754 0.26832857115135 0.0
0.444202926904656 0.333621194977438 0.0
0.458914363466882 0.399605590224119 0.0
0.476897266469973 0.466265711227985 0.0
0.498936013221065 0.533193604846576 0.0
