-0.795416217964241 -0.645170375816471 0.0
0.429578508598711 -0.67251731544765 0.0
-0.809095633029938 0.61237245798111 0.0
0.61237245798111 0.61237245798111 0.0
-0.734192659407429 -0.646806626812688 0.0
0.431194139935419 -0.611194441044475 0.0
0.524902883524143 0.598361535578157 0.0
-0.783997242589494 0.544199405051764 0.0
-0.672956457914874 -0.648168423288424 0.0
0.432990560291825 -0.549761972044476 0.0
0.444672381902121 0.591100875458302 0.0
-0.774283997051946 0.477525456233315 0.0
-0.611717992129322 -0.649501624082281 0.0
0.434988397964139 -0.488213788926422 0.0
0.368726677138749 0.586347988189759 0.0
-0.769984861462623 0.412558587045134 0.0
-0.550475920425723 -0.650817189795364 0.0
0.43720849135453 -0.426544364800327 0.0
0.295441916471206 0.58286413811517 0.0
-0.768273787671893 0.348627353296554 0.0
-0.489236475735612 -0.652132054209081 0.0
0.43967829903523 -0.364747579138746 0.0
0.223938341935263 0.58017998023565 0.0
-0.768060722887834 0.285305711222987 0.0
-0.428001573215072 -0.653468736816002 0.0
0.44243511581202 -0.302815512863869 0.0
0.153686077346085 0.578078091932448 0.0
-0.768792160262714 0.222357063797274 0.0
-0.366767823787094 -0.654837111411627 0.0
0.445529115626877 -0.240737145596666 0.0
0.0843228441861008 0.576431042264734 0.0
-0.770138121500706 0.15965093863639 0.0
-0.30552909244633 -0.656232720549086 0.0
0.449026752629009 -0.178496535800702 0.0
0.0155613002586774 0.575123803523978 0.0
-0.771883042742937 0.0971156268591166 0.0
-0.244279603584048 -0.657641340783091 0.0
0.453014459346753 -0.116070965789367 0.0
-0.0528697792802518 0.573953390087292 0.0
-0.773878631637703 0.0347130245306166 0.0
-0.18301574276525 -0.65904495701366 0.0
0.457602504015074 -0.0534281717661176 0.0
-0.121258325089827 0.572203146718554 0.0
-0.77602075572829 -0.0275736876380345 0.0
-0.121737261571861 -0.660427039617893 0.0
0.462928832496746 0.00947654791012032 0.0
-0.188447202868925 0.574482821403673 0.0
-0.778239704338627 -0.0897461857567323 0.0
-0.0604472170161555 -0.661776369526033 0.0
0.469163423887766 0.0727043742212517 0.0
-0.25439193181285 0.577590524223984 0.0
-0.78051140693007 -0.151792327316525 0.0
0.000848484817910214 -0.663089373390296 0.0
0.476515041834379 0.136338063946357 0.0
-0.320399014315819 0.577022482946677 0.0
-0.782923775485302 -0.213691237422943 0.0
0.0621423868787054 -0.664371249533122 0.0
0.485245271296201 0.200490077945189 0.0
-0.38725384040729 0.577831650979805 0.0
-0.78457359141219 -0.275497686776348 0.0
0.123426334480298 -0.665636018035352 0.0
0.495699093842695 0.26531532307072 0.0
-0.455065130562184 0.578800177644147 0.0
-0.786389873613152 -0.337352007677731 0.0
0.184693284582494 -0.666905434531083 0.0
0.508369661732787 0.331035579028626 0.0
-0.523646623461039 0.584358499172841 0.0
-0.788584690790565 -0.399185166769333 0.0
0.245938977510467 -0.668206402739592 0.0
0.524034126935281 0.397985010873224 0.0
-0.592039167215446 0.589956723777874 0.0
-0.790525724465138 -0.460870230472271 0.0
0.307163390711948 -0.669566233343089 0.0
0.5440622082552 0.466691958863704 0.0
-0.660589932957441 0.591601836163418 0.0
-0.792386474334536 -0.522405191109681 0.0
0.368372556665734 -0.671004447683326 0.0
0.571231589551502 0.537971738461235 0.0
-0.732498225257114 0.597662044783625 0.0
-0.79387841811177 -0.583832797189285 0.0
-0.732684935341689 -0.585470938952109 0.0
-0.731165887998584 -0.524025142656024 0.0
-0.729338288290949 -0.462457256949652 0.0
-0.727404443371493 -0.400828558469474 0.0
-0.725324276363766 -0.339142549293997 0.0
-0.723524506071801 -0.277402438255317 0.0
-0.721712274960495 -0.215439987760772 0.0
-0.719306183221557 -0.153222323362788 0.0
-0.717012827702854 -0.0909461394910233 0.0
-0.714776668963396 -0.0285704827806955 0.0
-0.712628958830181 0.0339362383968044 0.0
-0.710641427117542 0.0966044495227333 0.0
-0.708924344770642 0.159470673842759 0.0
-0.707639251121416 0.222581898420549 0.0
-0.707026652390193 0.285993453238122 0.0
-0.707461171971917 0.349750939591803 0.0
-0.709570416324234 0.413818173631328 0.0
-0.714521529453624 0.477824085967852 0.0
-0.724676061389703 0.540148278712562 0.0
-0.671476128594833 -0.586827921849117 0.0
-0.669891713726728 -0.525396672878223 0.0
-0.668087951500688 -0.463846131390021 0.0
-0.666157430758982 -0.402184570604634 0.0
-0.664163844210961 -0.340383721863427 0.0
-0.662288219209544 -0.278479636614069 0.0
-0.660310412106191 -0.216471909893075 0.0
-0.658022759625008 -0.154282269502666 0.0
-0.655754796332928 -0.0919578165442254 0.0
-0.653532555881558 -0.0294951633599973 0.0
-0.651406024283607 0.0331176092648303 0.0
-0.649456501211388 0.0958930314203261 0.0
-0.647803310296931 0.158838699734746 0.0
-0.646617604665405 0.22194693341347 0.0
-0.646145779268932 0.285171024245452 0.0
-0.646746689400007 0.3483769892354 0.0
-0.648942354247044 0.411248844696962 0.0
-0.653392138612021 0.473127162564423 0.0
-0.658916195116687 0.533027987056042 0.0
-0.610237606485222 -0.588163066167815 0.0
-0.608619562330114 -0.526715271352861 0.0
-0.606828064211547 -0.465140321323296 0.0
-0.604926346322566 -0.403434391685712 0.0
-0.602977922133856 -0.341599516290569 0.0
-0.601038211974771 -0.279666208963073 0.0
-0.598982206994438 -0.217617914117991 0.0
-0.596750186440772 -0.155414092174417 0.0
-0.594509580729214 -0.0930750737528874 0.0
-0.592310767818389 -0.030606465335308 0.0
-0.590213911188821 0.0319861274965677 0.0
-0.588304476191759 0.0946892509542511 0.0
-0.58670103388783 0.157473028054844 0.0
-0.58556430395421 0.220279231229978 0.0
-0.585106678468921 0.283003477987342 0.0
-0.585592758043129 0.345474875720645 0.0
-0.587277586809266 0.407443802672796 0.0
-0.58989246239765 0.46863690411376 0.0
-0.590858964640775 0.529273769053382 0.0
-0.548989073582392 -0.58947324435932 0.0
-0.547356850937137 -0.528010816140679 0.0
-0.545579932791995 -0.46642056314655 0.0
-0.543703336105112 -0.404703555097498 0.0
-0.5417681962856 -0.342868940764599 0.0
-0.539786544434839 -0.280930092575192 0.0
-0.537696169157066 -0.218875650038648 0.0
-0.535492218932198 -0.15669130076598 0.0
-0.533271428277268 -0.0943930707563297 0.0
-0.531088359703036 -0.0319968212763883 0.0
-0.529004990785216 0.0304752793873542 0.0
-0.527103006498699 0.0929885037012934 0.0
-0.525489219316227 0.15548858987032 0.0
-0.524298311005719 0.217894078680215 0.0
-0.523688134545587 0.280087166419479 0.0
-0.523805036067124 0.341906135389894 0.0
-0.524616824418956 0.403146318261648 0.0
-0.52531436532151 0.463638602550786 0.0
-0.522507467329904 0.523390630621499 0.0
-0.487740947289184 -0.590787209579176 0.0
-0.486104491501598 -0.529322114572839 0.0
-0.484340283512191 -0.467733547674457 0.0
-0.482478731127121 -0.406025424682214 0.0
-0.480543467168137 -0.344206455854231 0.0
-0.478534418302021 -0.282284586092839 0.0
-0.476425003528338 -0.220257161632735 0.0
-0.474229390475584 -0.158125188781829 0.0
-0.472010694649228 -0.0959071165776475 0.0
-0.469819324531594 -0.0336267294353913 0.0
-0.467712324195763 0.028683510330426 0.0
-0.465760800042841 0.0909782904043939 0.0
-0.464051897641453 0.153194736850387 0.0
-0.462685030549482 0.215247590068221 0.0
-0.461752868320191 0.277022891007369 0.0
-0.461273084066708 0.338373057610262 0.0
-0.460976587948246 0.399127559634313 0.0
-0.459780543782172 0.459160004820045 0.0
-0.456078183773746 0.518731845849922 0.0
-0.426495707303573 -0.592128145091261 0.0
-0.424858385911163 -0.530669743315715 0.0
-0.423102543397851 -0.46909343795541 0.0
-0.421246929355661 -0.407404476747912 0.0
-0.419304020134506 -0.345611238593803 0.0
-0.417271955305442 -0.283721254847529 0.0
-0.415142524432121 -0.221738710802042 0.0
-0.412934490296331 -0.15967293978934 0.0
-0.410692092521191 -0.0975444860011496 0.0
-0.408457572895837 -0.0353802192719505 0.0
-0.40627825581539 0.0267849483976789 0.0
-0.40420969754077 0.0889058489324599 0.0
-0.40231376531752 0.150924669703662 0.0
-0.400647903585462 0.212769455060021 0.0
-0.399232456480779 0.274353906716034 0.0
-0.397963193084985 0.335586965247956 0.0
-0.396418707480489 0.396413187244915 0.0
-0.393773645530069 0.456947491585298 0.0
-0.390142215608332 0.517641614972794 0.0
-0.36525121716665 -0.593503109355561 0.0
-0.363613134495255 -0.532055302160778 0.0
-0.361860247825048 -0.47049505480093 0.0
-0.360002118090943 -0.408828315594747 0.0
-0.358044456821697 -0.347063375454898 0.0
-0.355986001666483 -0.285208420974419 0.0
-0.353826733560366 -0.223271538450036 0.0
-0.351583886217326 -0.161265514855532 0.0
-0.349288654789805 -0.0992106568922026 0.0
-0.346973167944733 -0.0371326512985666 0.0
-0.344672279591315 0.0249366513514784 0.0
-0.342423422087067 0.0869584309759037 0.0
-0.340261198564586 0.148886283522749 0.0
-0.338201339163741 0.21066740047987 0.0
-0.336201863668257 0.272247071258556 0.0
-0.334083996372062 0.333585472611282 0.0
-0.331450916181558 0.394702142196619 0.0
-0.327897847820547 0.455728336720369 0.0
-0.323432974565854 0.516639593537049 0.0
-0.304003335424168 -0.594904758540798 0.0
-0.302363196451542 -0.533466809772967 0.0
-0.300607359976484 -0.471920928346247 0.0
-0.298738507993762 -0.410273264610086 0.0
-0.296758208727507 -0.348531826429313 0.0
-0.294665566716145 -0.286705034755288 0.0
-0.292462977925712 -0.224802395319749 0.0
-0.290163452205599 -0.162837148844128 0.0
-0.287787553712127 -0.100827720422995 0.0
-0.285356549007647 -0.0387967117806613 0.0
-0.28289171455754 0.023228682980376 0.0
-0.28041187146039 0.0852165604088769 0.0
-0.277925575865794 0.147130677638179 0.0
-0.275412885870659 0.208933411463838 0.0
-0.27278960194616 0.270593670260639 0.0
-0.269858794861536 0.332108769130832 0.0
-0.266315092155028 0.393542897879591 0.0
-0.26185432046519 0.455032572291681 0.0
-0.256001121303455 0.516754571299599 0.0
-0.242748054580023 -0.596316925912579 0.0
-0.241104030606137 -0.534885042639983 0.0
-0.23933930774024 -0.473348168837826 0.0
-0.237451915634551 -0.411712287990057 0.0
-0.235440793175966 -0.349984802960787 0.0
-0.233304567496849 -0.288173735359582 0.0
-0.231044821908025 -0.226288512925322 0.0
-0.228669103528007 -0.164341507399769 0.0
-0.22618839211297 -0.10234902282987 0.0
-0.223612892776025 -0.0403309784218665 0.0
-0.220950089846817 0.021688487032637 0.0
-0.218200921346639 0.0836807029092017 0.0
-0.215351208900869 0.145612426227946 0.0
-0.212355303038878 0.207447892155767 0.0
-0.209112164721885 0.269153978408199 0.0
-0.205450738626655 0.330711166453807 0.0
-0.201158416748713 0.392117319721335 0.0
-0.196005905549611 0.453362833993989 0.0
-0.189231083854911 0.514379555508613 0.0
-0.181482587439652 -0.597720720933302 0.0
-0.179832611913385 -0.536289710964335 0.0
-0.178053394221533 -0.474754842337141 0.0
-0.176140369743252 -0.41312170506235 0.0
-0.174090694702352 -0.351396839467491 0.0
-0.171901653801622 -0.289587428292488 0.0
-0.16957213193772 -0.227702115065307 0.0
-0.167103487901212 -0.165752047474743 0.0
-0.164497399003963 -0.103751820386397 0.0
-0.161752727882935 -0.041719688599112 0.0
-0.158862882532638 0.0203214158565589 0.0
-0.155811378253532 0.0823430382693129 0.0
-0.152563893181402 0.144310266816801 0.0
-0.149056381888889 0.206181977283598 0.0
-0.145184243241246 0.267911390710953 0.0
-0.140807341336858 0.3294453800032 0.0
-0.13578117934064 0.390712662460127 0.0
-0.129962371929365 0.451600779635786 0.0
-0.123705391382275 0.512140035863076 0.0
-0.120206268324637 -0.59909963187647 0.0
-0.118548008934135 -0.537664283151473 0.0
-0.116749238165178 -0.476124427045922 0.0
-0.114804506449524 -0.414485081656076 0.0
-0.112709554400826 -0.352751703068195 0.0
-0.110459515890191 -0.290930312821948 0.0
-0.108049322721638 -0.229028349766725 0.0
-0.105473506196497 -0.167055486991759 0.0
-0.102724189937063 -0.105024590139728 0.0
-0.0997882931325627 -0.0429521744189754 0.0
-0.0966444665123921 0.0191404676601611 0.0
-0.0932585615834223 0.081226460391084 0.0
-0.0895771343037971 0.143272674714969 0.0
-0.085520500061929 0.205240572724081 0.0
-0.0809815186435214 0.267088039744128 0.0
-0.0758405243432814 0.328774163439532 0.0
-0.0700042444080387 0.390271241229765 0.0
-0.0635701856043442 0.451629266672842 0.0
-0.0574862700198263 0.513034777275488 0.0
-0.0589205291195402 -0.600443090194426 0.0
-0.0572512646182257 -0.538999124558546 0.0
-0.0554286016736362 -0.477448373481686 0.0
-0.0534473566837007 -0.415795032705903 0.0
-0.0513018105634064 -0.354043204905578 0.0
-0.0489841762565629 -0.292197405680932 0.0
-0.0464844983637391 -0.230263413878339 0.0
-0.043789881420899 -0.168248916704301 0.0
-0.0408824591885028 -0.106164391701144 0.0
-0.0377366365753985 -0.0440235351029664 0.0
-0.034315878717913 0.0181557896425586 0.0
-0.0305686762666798 0.0803511128247533 0.0
-0.0264243342230628 0.142535232319626 0.0
-0.0217914888372961 0.204677673127504 0.0
-0.0165661941002003 0.266747224632752 0.0
-0.0106606752981874 0.328718465652756 0.0
-0.00408307807698597 0.390587560664367 0.0
0.00286241716616712 0.452380809336306 0.0
0.00952201822064738 0.513981637452003 0.0
0.00237126585306752 -0.601748594085277 0.0
0.00405464745642914 -0.540293271268912 0.0
0.00590458370844172 -0.478727450857096 0.0
0.00792558530767314 -0.417054138189438 0.0
0.010125229566714 -0.355275770299984 0.0
0.0125149319530057 -0.293394996110741 0.0
0.0151102155247499 -0.231415451247709 0.0
0.0179318453266053 -0.169342217809783 0.0
0.021007974624409 -0.107182567932268 0.0
0.0243769223552586 -0.0449462760841738 0.0
0.0280902333684725 0.0173535854270211 0.0
0.0322157105963126 0.0797003201892649 0.0
0.03683884612887 0.142073330798108 0.0
0.0420588394834792 0.204448760259557 0.0
0.0479717603090086 0.266799995101026 0.0
0.0546277759576107 0.329099831199692 0.0
0.0619439358930909 0.391318304523808 0.0
0.0696166200147421 0.453383190066293 0.0
0.0771912785491948 0.515135253295475 0.0
0.0636646320130667 -0.603022711313228 0.0
0.0653653600139199 -0.541555223896216 0.0
0.0672446307192527 -0.479972337300446 0.0
0.0693067331091889 -0.418275443051986 0.0
0.0715617568759047 -0.356465055718006 0.0
0.074025322858506 -0.294541684470659 0.0
0.0767189366720126 -0.232506438838474 0.0
0.0796714399489822 -0.170361289784848 0.0
0.0829213206573643 -0.108109674361036 0.0
0.0865194941369563 -0.0457567282937999 0.0
0.0905320328504595 0.0166899150897696 0.0
0.0950420371692585 0.0792195701238617 0.0
0.100148500844231 0.14181748548256 0.0
0.10595801605153 0.204463801498009 0.0
0.112562098735033 0.267130706989074 0.0
0.119991490981857 0.329777307717298 0.0
0.1281519341303 0.392334129744635 0.0
0.136781648468087 0.454678966529276 0.0
0.145477432515459 0.516640648239995 0.0
0.124954160113895 -0.60428105119479 0.0
0.126674971500468 -0.542802776104878 0.0
0.128583886351378 -0.48120335056183 0.0
0.130686250797128 -0.419482228738676 0.0
0.132995401114286 -0.357637929185546 0.0
0.135531519592319 -0.295668718698914 0.0
0.138322231132036 -0.233572950776709 0.0
0.14140441885618 -0.171349121148335 0.0
0.144826736579873 -0.108996344420917 0.0
0.148652400226035 -0.0465145332106313 0.0
0.152961593831337 0.0160947332378123 0.0
0.157852416508415 0.0788273230084298 0.0
0.163438070531156 0.141674691273043 0.0
0.169836478195537 0.204621055756999 0.0
0.177146905550525 0.267637014355517 0.0
0.185410594064259 0.330668359078497 0.0
0.194561366939418 0.393617482671861 0.0
0.204380211420397 0.456325545935427 0.0
0.214440345379051 0.518581773427165 0.0
0.186234491363167 -0.605547077430826 0.0
0.187976733778928 -0.54406165541301 0.0
0.18991349853396 -0.482449009020725 0.0
0.192052998817924 -0.420706664866443 0.0
0.194412355130076 -0.358831359071101 0.0
0.197016347643014 -0.29681919273536 0.0
0.199898573833464 -0.234665638535572 0.0
0.203103692938833 -0.172365401393524 0.0
0.206690167977427 -0.109912749763403 0.0
0.210733121001433 -0.0473015912459874 0.0
0.215326585461587 0.0154736791039033 0.0
0.220584070896579 0.0784171248800268 0.0
0.226635440838748 0.141528849821023 0.0
0.233617365889251 0.204800843259959 0.0
0.241654201945524 0.26820789825946 0.0
0.250827711306474 0.331692356959618 0.0
0.261133763107748 0.395140220201841 0.0
0.272412678604728 0.458354106758424 0.0
0.284205864522469 0.521043285640014 0.0
0.247500980816397 -0.606849324848313 0.0
0.249263635054259 -0.545362494230382 0.0
0.251224307195387 -0.483742994632498 0.0
0.253395704046755 -0.421987060417544 0.0
0.255798719087661 -0.360090164401351 0.0
0.258462377986437 -0.298046400067507 0.0
0.261425833408124 -0.23584828254157 0.0
0.264741012239222 -0.17348643178716 0.0
0.268475597605514 -0.110949692536571 0.0
0.272716034554972 -0.0482249610566371 0.0
0.277569896623756 0.0147022322486738 0.0
0.283166767454069 0.0778469054963643 0.0
0.289656373513382 0.141222319527231 0.0
0.297202823631844 0.204835617492009 0.0
0.305973850395361 0.26867784356477 0.0
0.316123231645655 0.332705935088269 0.0
0.327755340981431 0.396810080277125 0.0
0.340832686982285 0.460761142621141 0.0
0.35493645986524 0.524145166136622 0.0
0.308750065762476 -0.608216255858096 0.0
0.310529186028923 -0.546735406468763 0.0
0.312508235100988 -0.485119085970039 0.0
0.314704638243706 -0.423363685954497 0.0
0.317142231124649 -0.361463785392745 0.0
0.31985366041765 -0.299411617069326 0.0
0.322882963943224 -0.237196824397428 0.0
0.326288521010618 -0.174805921337097 0.0
0.330146274203604 -0.112222040206661 0.0
0.334552981291744 -0.0494242487222844 0.0
0.339628973450993 0.0136125331768485 0.0
0.345520009291135 0.076917597048476 0.0
0.352398011610246 0.140523359423349 0.0
0.360461499394102 0.204462751172364 0.0
0.369937216551086 0.268761559082677 0.0
0.38108307974403 0.333422090181697 0.0
0.394179358485772 0.39838520961262 0.0
0.409451983329257 0.463443985446502 0.0
0.426762619861504 0.528062375771265 0.0
0.369980369034096 -0.609667182430815 0.0
0.371769982097791 -0.548201063370303 0.0
0.373761638778803 -0.486604445625672 0.0
0.375974789962591 -0.424873540180544 0.0
0.378435368442782 -0.363001969497452 0.0
0.381178895984403 -0.300980614949229 0.0
0.384253306003849 -0.238797156012544 0.0
0.387722122652876 -0.176435049831382 0.0
0.391667932378979 -0.113872613553256 0.0
0.396195953791413 -0.0510814670221688 0.0
0.401437364427128 0.0119747307995432 0.0
0.407552490495566 0.0753420390966048 0.0
0.414734804951389 0.139077786933699 0.0
0.423218735607356 0.203252371779303 0.0
0.43329656565516 0.267949170108495 0.0
0.445351777130225 0.333260668235488 0.0
0.459912083569301 0.399267526419328 0.0
0.477697569959295 0.465957023237006 0.0
0.499485518148584 0.532928520890957 0.0
