-0.793317641403892 -0.645714358830594 0.0
0.431785283144551 -0.673552007247203 0.0
-0.805058825016022 0.61237245798111 0.0
0.61237245798111 0.61237245798111 0.0
-0.732095218252478 -0.647387266714795 0.0
0.433415880375311 -0.612227168225152 0.0
0.525315257121183 0.59798561811943 0.0
-0.780571989479115 0.544000895488461 0.0
-0.670859941785717 -0.648786216899164 0.0
0.435232752961461 -0.550789786861296 0.0
0.445385021594322 0.590471693657646 0.0
-0.77119333906657 0.477242381970804 0.0
-0.609622493625081 -0.650157636452012 0.0
0.43725406536491 -0.489233378787621 0.0
0.369685939919705 0.585546619255081 0.0
-0.767095940840044 0.412215899721521 0.0
-0.548381296487053 -0.65151329279067 0.0
0.439498974880431 -0.427552211684698 0.0
0.296616161418642 0.58194722730836 0.0
-0.76551923874274 0.34823650080819 0.0
-0.48714215179788 -0.652870025337234 0.0
0.441993550884468 -0.365739994271198 0.0
0.225306371445953 0.579188196207261 0.0
-0.765401324186422 0.284875495734005 0.0
-0.425906502119346 -0.654249602624182 0.0
0.444773723800712 -0.303788627797254 0.0
0.155232995512742 0.577041618579964 0.0
-0.766203292387842 0.221895046760546 0.0
-0.364670541564214 -0.655660744718992 0.0
0.447888138235068 -0.241686894862841 0.0
0.0860385059384131 0.575373376040647 0.0
-0.767603764961123 0.159163657948876 0.0
-0.303427839810349 -0.657097680501775 0.0
0.451401390377588 -0.179418647517584 0.0
0.0174399704589962 0.574064818917613 0.0
-0.769392648188682 0.0966086857372296 0.0
-0.242172481302863 -0.658544905603724 0.0
0.455397568740961 -0.116960967396755 0.0
-0.050828869251306 0.572913116038845 0.0
-0.771425303595386 0.0341911858880713 0.0
-0.18090087518859 -0.659983285813465 0.0
0.45998395674175 -0.0542814103313499 0.0
-0.119049774075929 0.571209477066252 0.0
-0.773600127618461 -0.0281063956168101 0.0
-0.119612951164485 -0.661395407005497 0.0
0.465294725025659 0.00866487950819872 0.0
-0.186089010792768 0.573482731861955 0.0
-0.775849229925885 -0.090286360076207 0.0
-0.0583120804968743 -0.662769434824082 0.0
0.471495139770443 0.0719392246869596 0.0
-0.251915284767334 0.576587197901606 0.0
-0.778149982707721 -0.152337077192496 0.0
0.00299540194307764 -0.664101464617243 0.0
0.478788134357422 0.135624555657701 0.0
-0.317804643146864 0.576100567801825 0.0
-0.780593402795125 -0.214238001683021 0.0
0.0643015169051991 -0.665396659619426 0.0
0.487428034122911 0.199833631745458 0.0
-0.384514109354182 0.57698588328341 0.0
-0.782271674846785 -0.276046971832219 0.0
0.125597513534737 -0.666669326389418 0.0
0.497750492669994 0.264721958385208 0.0
-0.45215427994487 0.578050973400575 0.0
-0.784116476032139 -0.337902733188646 0.0
0.186875699154419 -0.667941881996176 0.0
0.51023597675024 0.330512571684322 0.0
-0.520547319726543 0.583654763790399 0.0
-0.786342679730348 -0.399734802641823 0.0
0.248131139284675 -0.669242361229714 0.0
0.525643066318166 0.397542379866549 0.0
-0.588769776003766 0.589322481523182 0.0
-0.788317405062924 -0.461418351766231 0.0
0.309363161189274 -0.670599824100536 0.0
0.54531193191479 0.466346203067344 0.0
-0.657154624973063 0.59113851011354 0.0
-0.790213587650703 -0.522951731662318 0.0
0.370577268852558 -0.672036375482752 0.0
0.571970229016239 0.537756577647224 0.0
-0.728820065509302 0.597394711080401 0.0
-0.791742426503817 -0.584377988932221 0.0
-0.730550007315561 -0.586052556277349 0.0
-0.72899392117924 -0.524607717389324 0.0
-0.727130972929607 -0.463040821394316 0.0
-0.725163872856699 -0.401412968540916 0.0
-0.723051903735918 -0.339727680463152 0.0
-0.721222626822179 -0.277986322961644 0.0
-0.719382986665234 -0.216021016476503 0.0
-0.71694797528187 -0.153800358697062 0.0
-0.714625984760084 -0.0915196659952244 0.0
-0.712360153095199 -0.0291377510323234 0.0
-0.710180307715261 0.0333772017493364 0.0
-0.708156314352191 0.0960557820044159 0.0
-0.70639581793254 0.158934593721823 0.0
-0.705056512788724 0.222060606107686 0.0
-0.7043730923183 0.285489082524015 0.0
-0.704711073263956 0.349265825287167 0.0
-0.706683184844956 0.413356391325337 0.0
-0.711431298396189 0.477397683096651 0.0
-0.721276359554013 0.539799920144088 0.0
-0.669341717935111 -0.58744652960848 0.0
-0.667720392342134 -0.526016174995194 0.0
-0.665881705319078 -0.464466591051832 0.0
-0.663918369055187 -0.402805822472564 0.0
-0.661893982590709 -0.341005152187975 0.0
-0.659989748202595 -0.279100564279302 0.0
-0.657984578219874 -0.217092030669531 0.0
-0.655669197608402 -0.154900931132879 0.0
-0.653373472714164 -0.0925743260510938 0.0
-0.651122395614766 -0.0301088574937322 0.0
-0.648964570933296 0.0325073154768104 0.0
-0.646979410230688 0.0952865741553784 0.0
-0.645283559698655 0.158236313213253 0.0
-0.644044301381652 0.221348690240264 0.0
-0.643502376754898 0.284577154816058 0.0
-0.644008364764801 0.347788905612839 0.0
-0.646072408862926 0.410671733754391 0.0
-0.650339231147347 0.472575186462765 0.0
-0.655649108094442 0.532520159956872 0.0
-0.608103673181798 -0.588820152680209 0.0
-0.606448895710369 -0.527373679864839 0.0
-0.604623050395176 -0.465800189156158 0.0
-0.602689376765438 -0.404095652273173 0.0
-0.600711197577025 -0.342262004610487 0.0
-0.598743648376343 -0.280329834128154 0.0
-0.596660872539391 -0.218282661891621 0.0
-0.594402179660709 -0.156079922132035 0.0
-0.592134749104396 -0.0937420630889305 0.0
-0.589908002130127 -0.0312748583285901 0.0
-0.587780759299924 0.0313158991543366 0.0
-0.585836629170511 0.0940165758801907 0.0
-0.584191587500053 0.156797204788054 0.0
-0.583002728958082 0.219599732478584 0.0
-0.582477454968335 0.282320537020188 0.0
-0.582873783897024 0.344790571578114 0.0
-0.584439459281878 0.406763589370549 0.0
-0.58690763807667 0.467969310447746 0.0
-0.587753734531481 0.528617420861327 0.0
-0.54685540763024 -0.590170868937205 0.0
-0.545186743497127 -0.528710434458105 0.0
-0.543376231276988 -0.467122479773618 0.0
-0.541468643261659 -0.405407960567095 0.0
-0.53950473535433 -0.343576020975699 0.0
-0.537496058338626 -0.281640118723922 0.0
-0.535379658744675 -0.219589006658786 0.0
-0.533149965449845 -0.15740846922306 0.0
-0.530903230118042 -0.0951146926144566 0.0
-0.528693108636477 -0.0327236982053778 0.0
-0.526580306393767 0.0297422369579425 0.0
-0.524644763720353 0.092248398499232 0.0
-0.522990918393543 0.15474078155166 0.0
-0.521750288631838 0.217138620542376 0.0
-0.52107672585349 0.279325516359618 0.0
-0.521112243509621 0.341142175803294 0.0
-0.52182322012534 0.402387335866939 0.0
-0.522415696490247 0.46289380934477 0.0
-0.519569127212236 0.522664735558654 0.0
-0.485607094362665 -0.59152718077728 0.0
-0.483934650587207 -0.530064795285584 0.0
-0.482137708591591 -0.468479441553886 0.0
-0.480246144775111 -0.406774956039158 0.0
-0.478283042649965 -0.344960082418274 0.0
-0.476247757066104 -0.283042874743684 0.0
-0.474113054726341 -0.221020809744854 0.0
-0.471892504141862 -0.158895015249662 0.0
-0.469648674900916 -0.096684062200643 0.0
-0.467431144872139 -0.0344117983719649 0.0
-0.465295814458143 0.0278893732099168 0.0
-0.463312254337307 0.0901744077047331 0.0
-0.461565601525432 0.152381029577587 0.0
-0.460152783615268 0.21442507607715 0.0
-0.459163795155273 0.276194390482308 0.0
-0.458614766312317 0.337544065749953 0.0
-0.458240856744487 0.3983067985436 0.0
-0.456981371369933 0.458358171610617 0.0
-0.453259648911998 0.517956176190665 0.0
-0.424360931789988 -0.592911409274384 0.0
-0.422688276789621 -0.5314563134853 0.0
-0.420900642296976 -0.469883986840181 0.0
-0.419015978115958 -0.40819961308963 0.0
-0.417046083313387 -0.346411622740998 0.0
-0.414988499078563 -0.284527659350541 0.0
-0.412834448508121 -0.222552028284114 0.0
-0.41060219037983 -0.160494159104617 0.0
-0.408335455831581 -0.0983746486970782 0.0
-0.406075783230909 -0.0362203229824094 0.0
-0.403869554683368 0.025934105233748 0.0
-0.401771105843524 0.0880438927152431 0.0
-0.399840812161329 0.150051962227003 0.0
-0.398134522470419 0.211887493908143 0.0
-0.396671515187527 0.273465776238967 0.0
-0.395348921949761 0.334697627479012 0.0
-0.39375365032536 0.395528916582548 0.0
-0.391077546141632 0.456072887849163 0.0
-0.387429296017464 0.516774428884763 0.0
-0.363114521595072 -0.59432939153373 0.0
-0.361441998009137 -0.532885265170374 0.0
-0.359658335243778 -0.47132948531189 0.0
-0.357772081417502 -0.409667947501011 0.0
-0.355788200262367 -0.347909000909005 0.0
-0.353704856799138 -0.286060936192203 0.0
-0.351521564790423 -0.224131938210863 0.0
-0.349255164715194 -0.162134854221692 0.0
-0.346936451618316 -0.100089985618747 0.0
-0.344597032985039 -0.0380229064381471 0.0
-0.342271089826703 0.0240347959367692 0.0
-0.339995235366791 0.0860447597220784 0.0
-0.337803199992192 0.147961275424001 0.0
-0.335710104257473 0.209732481766637 0.0
-0.333674474193888 0.271304795916555 0.0
-0.331521046115199 0.332639373739364 0.0
-0.328861636435503 0.393755688765366 0.0
-0.325300285439855 0.454783013153224 0.0
-0.320846911444203 0.515699209719725 0.0
-0.301863526270862 -0.595772441549879 0.0
-0.300190100102578 -0.534338284038493 0.0
-0.298404572038205 -0.472797029769064 0.0
-0.29650847953203 -0.411154792777979 0.0
-0.294502638958304 -0.34941964541544 0.0
-0.292385656931176 -0.287600104890954 0.0
-0.290159586022534 -0.225705756802587 0.0
-0.287837182254738 -0.163749874578423 0.0
-0.285438770466406 -0.101750843088589 0.0
-0.282985324583711 -0.039731120039526 0.0
-0.280497768162683 0.0222823780276738 0.0
-0.277994557584643 0.0842581849653863 0.0
-0.275484034156582 0.146160667886426 0.0
-0.272946598058894 0.207952955831283 0.0
-0.270299814717002 0.269604700713019 0.0
-0.2673512282978 0.331113519567591 0.0
-0.263802762062343 0.392542694631959 0.0
-0.25935835403015 0.4540267149431 0.0
-0.253557299812926 0.51574002861302 0.0
-0.240603836400012 -0.597223111183252 0.0
-0.238927939621145 -0.535794863916751 0.0
-0.237134666933474 -0.474262447429415 0.0
-0.235220868763846 -0.412631837070159 0.0
-0.233184798651243 -0.35091051281981 0.0
-0.231024707539038 -0.28910659044687 0.0
-0.228741987544242 -0.227229565540255 0.0
-0.226344100857434 -0.165291824315202 0.0
-0.223841987675183 -0.103309609416541 0.0
-0.221245824843269 -0.0413026779233898 0.0
-0.218563098814541 0.0207051194898557 0.0
-0.215794863740574 0.0826855498182662 0.0
-0.21292737247233 0.144605970207208 0.0
-0.209916130789629 0.20643135639829 0.0
-0.206662637323487 0.268129360668036 0.0
-0.203000301161758 0.329681055019162 0.0
-0.198722581604284 0.391084667364152 0.0
-0.193608086300156 0.45233131558396 0.0
-0.186917405571919 0.513355620535262 0.0
-0.179332669300917 -0.59866140634069 0.0
-0.177652468264309 -0.537233634364694 0.0
-0.175845875838589 -0.475702753858211 0.0
-0.173907218490046 -0.414074389057861 0.0
-0.171833104158345 -0.352355178129613 0.0
-0.169620606882953 -0.290552401621668 0.0
-0.167268600207016 -0.228674764119046 0.0
-0.164778553334089 -0.166733415309079 0.0
-0.162152334451968 -0.104742873618984 0.0
-0.15938907257241 -0.0427212164990727 0.0
-0.156482562262325 0.0193089283411765 0.0
-0.153416934430823 0.0813195661517062 0.0
-0.150158921015639 0.143276426712836 0.0
-0.146646307660421 0.205139220332207 0.0
-0.14277748665352 0.266862186789137 0.0
-0.138416587505598 0.328393449725465 0.0
-0.133424323034599 0.389663525630112 0.0
-0.127664096909187 0.450562920805368 0.0
-0.121487443433009 0.511121230729831 0.0
-0.118049468997053 -0.600069953273832 0.0
-0.116362807709097 -0.538637235812875 0.0
-0.114537831085743 -0.477100643747475 0.0
-0.112568158313782 -0.415465284952211 0.0
-0.110449185354922 -0.353736740433899 0.0
-0.108176038987908 -0.291921137128531 0.0
-0.105743843140634 -0.230025972454331 0.0
-0.103147456836669 -0.168060915591955 0.0
-0.100379450129921 -0.106038750900455 0.0
-0.0974273302464658 -0.0439758158363012 0.0
-0.094270546064733 0.0181068952252294 0.0
-0.0908760814918645 0.0801829520073983 0.0
-0.0871921524328758 0.142219842021695 0.0
-0.08314150395669 0.204179824570051 0.0
-0.0786203663403795 0.266021749964544 0.0
-0.0735132728854773 0.327705798083271 0.0
-0.0677314759234604 0.389205277028282 0.0
-0.0613738342001599 0.450569408370098 0.0
-0.0553706743999129 0.511979437518066 0.0
-0.0567558710335943 -0.601437591864583 0.0
-0.0550601199587081 -0.539995479426146 0.0
-0.0532123591078544 -0.478447062302498 0.0
-0.0512067560479391 -0.416796690640774 0.0
-0.0490375083948474 -0.355048621387513 0.0
-0.0466970542822137 -0.293207484512445 0.0
-0.0441758502546989 -0.23127911897539 0.0
-0.0414615610130764 -0.169271211112543 0.0
-0.0385370400146054 -0.107194168152226 0.0
-0.0353776208787671 -0.0450615330336656 0.0
-0.0319479943151435 0.0171090855754935 0.0
-0.0281983004447205 0.0792955952122378 0.0
-0.0240600731574201 0.141471310983189 0.0
-0.0194448844757623 0.203606418599422 0.0
-0.0142523910867339 0.265670482482683 0.0
-0.00839864741445491 0.327638846749672 0.0
-0.00189428243873035 0.389507935775184 0.0
0.00495980969143312 0.45130306423871 0.0
0.0115176275103919 0.512909481869095 0.0
0.00454448012636712 -0.602761511396169 0.0
0.00625245123676604 -0.541307129711418 0.0
0.00812650460141159 -0.479742554807028 0.0
0.0101714216539663 -0.418071012236757 0.0
0.012394559039186 -0.356295118265565 0.0
0.0148068595942488 -0.294417642310507 0.0
0.0174232087661165 -0.23244228334333 0.0
0.0202635733788758 -0.170374133018754 0.0
0.0233551064519523 -0.108220417749536 0.0
0.0267348511441668 -0.0459908030073157 0.0
0.0304527000352422 0.0163018253647477 0.0
0.0345743091353689 0.0786410538662013 0.0
0.0391824260643631 0.141006685048139 0.0
0.0443729042490813 0.203375393805025 0.0
0.0502381237149164 0.265721218459184 0.0
0.0568250432342568 0.328017622118456 0.0
0.0640497753019281 0.390235143055026 0.0
0.071611162518872 0.452302552437762 0.0
0.0790570204484545 0.514062805279041 0.0
0.0658467639327643 -0.604048266135436 0.0
0.067570332606646 -0.54258071138513 0.0
0.0694729369044923 -0.480997867074902 0.0
0.0715586819878081 -0.419301399395266 0.0
0.073837112807601 -0.357492013554972 0.0
0.0763231321587936 -0.295570336438348 0.0
0.079037388913339 -0.233537540921885 0.0
0.0820076935318558 -0.171395619729975 0.0
0.0852712571035594 -0.109147994461892 0.0
0.0888773782210959 -0.0467997439872429 0.0
0.0928900640551509 0.0156416094803867 0.0
0.0973897981594269 0.0781655677942621 0.0
0.10247235710987 0.140757675486462 0.0
0.108240620349017 0.20339851643479 0.0
0.114782322663997 0.266060905449937 0.0
0.12212528996315 0.328704784947961 0.0
0.130174341091535 0.391261894968359 0.0
0.138668743431788 0.453611866391099 0.0
0.147206135661787 0.515585489164958 0.0
0.127145200607389 -0.605313776867782 0.0
0.128887391747942 -0.543834371251089 0.0
0.130819115642205 -0.482233709041414 0.0
0.132945038373237 -0.420511545123928 0.0
0.135277637104789 -0.358666576435708 0.0
0.137836151588371 -0.296697169487423 0.0
0.140647149688846 -0.234601732424314 0.0
0.143746265624647 -0.172378790489736 0.0
0.147180613637114 -0.110027471024636 0.0
0.151011467986888 -0.047547680332389 0.0
0.155316555484179 0.0150590412770616 0.0
0.1601909135666 0.0777886609988596 0.0
0.165744069557753 0.140632838934981 0.0
0.172089826119155 0.203576172147012 0.0
0.179323355926935 0.266589912416845 0.0
0.187482622150817 0.329620942575484 0.0
0.196499750505142 0.392573394884602 0.0
0.206155722132518 0.45529081357927 0.0
0.216024900766476 0.517564570085916 0.0
0.188434046300765 -0.606582206061241 0.0
0.190196625938117 -0.545094588032422 0.0
0.192155970302354 -0.483479385195778 0.0
0.194319130066069 -0.421734403284715 0.0
0.196702096355821 -0.359856512690718 0.0
0.199328520844671 -0.297841876666632 0.0
0.202230772990016 -0.23568600133348 0.0
0.205452069187966 -0.173383620132969 0.0
0.209049092559858 -0.11092903518795 0.0
0.213094722647813 -0.0483161909729454 0.0
0.217680169768727 0.0144604924696677 0.0
0.222915457173614 0.0774050980472913 0.0
0.228926302635482 0.140517850064686 0.0
0.235844734536482 0.203791053938641 0.0
0.243790357395673 0.267200169696391 0.0
0.252840672939513 0.33068879844731 0.0
0.262988496877836 0.394145073811097 0.0
0.274073122187211 0.457374660238177 0.0
0.285637883080531 0.520089875595869 0.0
0.249708271842678 -0.607883284649293 0.0
0.251490728270529 -0.54639326075994 0.0
0.253474036164844 -0.484769872497125 0.0
0.255669346549511 -0.423009548458197 0.0
0.258096229547156 -0.361107816987935 0.0
0.260782447786891 -0.2990587761573 0.0
0.263765791762196 -0.236854940277352 0.0
0.267096582087042 -0.174486946065642 0.0
0.270840511293883 -0.111943681373357 0.0
0.275081512737508 -0.0492121087632423 0.0
0.279924003134499 0.0137221684975383 0.0
0.285493676397917 0.0768741241922019 0.0
0.291935619086873 0.140257065805292 0.0
0.299408637226766 0.20387838089499 0.0
0.308074707203736 0.267729737548552 0.0
0.318081754899462 0.331769376964374 0.0
0.329528916261447 0.395889906341236 0.0
0.342375730332725 0.459866122953963 0.0
0.356205517983007 0.523289052240699 0.0
0.310963933383243 -0.609247342202966 0.0
0.312762827203997 -0.547762461701739 0.0
0.314764780738751 -0.486140918357665 0.0
0.316985437907316 -0.424379148359324 0.0
0.31944721226296 -0.362471679618459 0.0
0.322181409842131 -0.300410679253033 0.0
0.325230612515649 -0.238185745984788 0.0
0.328651465165466 -0.175783385319192 0.0
0.332517745784807 -0.113186761831491 0.0
0.336923472316259 -0.0503750113142995 0.0
0.341985528908381 0.0126768591853317 0.0
0.347845415883673 0.0759980696005227 0.0
0.354669920596415 0.139621041132832 0.0
0.362651509711554 0.203578889021685 0.0
0.372009907782107 0.267897944677831 0.0
0.382995003068823 0.332581752834506 0.0
0.395878354224497 0.397573729459289 0.0
0.410878426539646 0.462671839843751 0.0
0.427856223655606 0.527348227339046 0.0
0.372199242482587 -0.610696487339735 0.0
0.374008956019128 -0.549225755537053 0.0
0.376023857587786 -0.487622538346684 0.0
0.378261594950622 -0.42588290573082 0.0
0.380746671798759 -0.36400032824977 0.0
0.383513242712607 -0.301965558212082 0.0
0.386607730121476 -0.239766177363669 0.0
0.39009183543128 -0.177385580056997 0.0
0.394045854001207 -0.114802057954467 0.0
0.398572094121302 -0.0519872407155647 0.0
0.403798062595268 0.01109517942334 0.0
0.409879528014077 0.0744912338906951 0.0
0.417004392147386 0.138258283570216 0.0
0.425400311082334 0.202466910697076 0.0
0.435351234698066 0.267200997123753 0.0
0.447230101243278 0.332554193624309 0.0
0.46155103247958 0.398609735615815 0.0
0.479017515762818 0.465360602062391 0.0
0.500392974087003 0.532418407599227 0.0
