-0.790537430221851 -0.646478930497739 0.0
0.434724655599434 -0.675092835141768 0.0
-0.799462175369263 0.61237245798111 0.0
0.61237245798111 0.61237245798111 0.0
-0.729316723383875 -0.64820938207998 0.0
0.436381042810747 -0.613765146438047 0.0
0.525884684321181 0.597429578066202 0.0
-0.7758313063941 0.543724515337801 0.0
-0.6680827460359 -0.649666240590881 0.0
0.438232044061346 -0.552320517587616 0.0
0.446368917779833 0.589545258061338 0.0
-0.766921226900817 0.476846628912157 0.0
-0.606846630218745 -0.651096959657002 0.0
0.440292271479648 -0.490751910125188 0.0
0.371010678534155 0.584370645579049 0.0
-0.763108688491061 0.411735448586272 0.0
-0.545606464078952 -0.652514402715237 0.0
0.442578441550117 -0.429053277732916 0.0
0.298238316075272 0.580605028515303 0.0
-0.761723834386116 0.34768772222699 0.0
-0.484367449478789 -0.65393524686413 0.0
0.445114608086163 -0.367218072372065 0.0
0.227196816732982 0.577739124004137 0.0
-0.761743690648095 0.284271026122614 0.0
-0.423130372664967 -0.655380187978808 0.0
0.447934734369845 -0.305237929646511 0.0
0.157371250714772 0.575529524138581 0.0
-0.762649559042767 0.221245686761401 0.0
-0.361890848493038 -0.656856308753724 0.0
0.451085278594631 -0.243101342554923 0.0
0.088410624747456 0.573832286010529 0.0
-0.764131951982725 0.158478693486799 0.0
-0.300642038487217 -0.658355976764528 0.0
0.454628201067637 -0.180791858389329 0.0
0.0200380821302401 0.57252340810028 0.0
-0.765988322401177 0.0958960371439817 0.0
-0.239377839867506 -0.659861875672605 0.0
0.458644283881752 -0.118286258195296 0.0
-0.0480057971320891 0.571400087903998 0.0
-0.76807905502061 0.0334575609122281 0.0
-0.178094708439267 -0.661353292717893 0.0
0.463236616116534 -0.0555518201943441 0.0
-0.115994327009375 0.56976451222835 0.0
-0.770306007241877 -0.0288553371823294 0.0
-0.116792842357634 -0.662811573108742 0.0
0.468534074892812 0.00745655910933464 0.0
-0.182825914451414 0.572031809428379 0.0
-0.772603769889678 -0.09104583850007 0.0
-0.0554760770798007 -0.664224030109986 0.0
0.474695324046763 0.0708004400164499 0.0
-0.248487400854623 0.575135218081146 0.0
-0.774951688387319 -0.15310301910416 0.0
0.00584862375612627 -0.665586317293368 0.0
0.481915128769753 0.13456304423003 0.0
-0.314213064999506 0.574766788568727 0.0
-0.777445127350699 -0.215006760676822 0.0
0.0671725184740661 -0.66690358552998 0.0
0.490437636178723 0.198857606847351 0.0
-0.38072076522101 0.575763097644071 0.0
-0.779169429682587 -0.276819308618762 0.0
0.128485989100545 -0.668190595844595 0.0
0.500585406070383 0.263840541298979 0.0
-0.448123606983712 0.576968122399773 0.0
-0.781060398156987 -0.338677165068438 0.0
0.189780402173116 -0.669470763694135 0.0
0.512821069794813 0.32973672996287 0.0
-0.516255294707952 0.582640284599166 0.0
-0.783336942037986 -0.400507730636463 0.0
0.251049851671199 -0.670773801270333 0.0
0.527877040353332 0.396887042083094 0.0
-0.584241401877448 0.588410483407125 0.0
-0.785365097674976 -0.462189121101759 0.0
0.312292737086496 -0.672131335145826 0.0
0.547051741272905 0.465835583282312 0.0
-0.652395359664965 0.590471793548078 0.0
-0.787317147704103 -0.523720169093808 0.0
0.373513821597392 -0.673569227840417 0.0
0.573001767980987 0.537439623992846 0.0
-0.723723301936171 0.597009184450275 0.0
-0.788903712754841 -0.585144415371833 0.0
-0.727712926095458 -0.586876184776838 0.0
-0.726098910161273 -0.525432766881914 0.0
-0.724180252508899 -0.46386731529661 0.0
-0.722160345582119 -0.402240687365076 0.0
-0.719997521298491 -0.34055643904068 0.0
-0.718120714050087 -0.278813308554445 0.0
-0.716236415687451 -0.216843881418015 0.0
-0.713754325741263 -0.154618864836388 0.0
-0.711385715139421 -0.0923316748085519 0.0
-0.709071872696592 -0.0299407896432012 0.0
-0.706840680066623 0.0325859322819677 0.0
-0.70475946346457 0.0952793269340485 0.0
-0.702932279623638 0.158176132659811 0.0
-0.701511550084178 0.221323317183007 0.0
-0.700723974577749 0.284776064397297 0.0
-0.700922523725713 0.348580425539402 0.0
-0.702699404848615 0.412704211128733 0.0
-0.707161560842596 0.476794856668971 0.0
-0.716573423382955 0.539303667322654 0.0
-0.666505396680125 -0.588327834678217 0.0
-0.664826313176226 -0.526898838357604 0.0
-0.662932554471555 -0.46535065570217 0.0
-0.660917038379975 -0.403691009321948 0.0
-0.658843234679975 -0.341890535580283 0.0
-0.65689266760814 -0.279985128729979 0.0
-0.654842823773854 -0.217975314981437 0.0
-0.652482091340957 -0.155781982939323 0.0
-0.650140982208916 -0.0934521297723616 0.0
-0.647843078753248 -0.0309824443035082 0.0
-0.645635115337316 0.0316388047709215 0.0
-0.643593941751067 0.0944237901976341 0.0
-0.641832556779932 0.157379617215564 0.0
-0.640512948138425 0.220498192136391 0.0
-0.639868100088226 0.283733118668024 0.0
-0.640237204642007 0.346953098182597 0.0
-0.642114019000856 0.409850904142794 0.0
-0.64612294011744 0.471788164397055 0.0
-0.651131007458808 0.531792774031227 0.0
-0.605267961598045 -0.589761124337681 0.0
-0.603555696484249 -0.528316597205551 0.0
-0.601675628327816 -0.466745184208096 0.0
-0.599691009319749 -0.405042565901089 0.0
-0.597664903417401 -0.343210538898388 0.0
-0.595652068575154 -0.281279810009484 0.0
-0.593525408938994 -0.219234020839837 0.0
-0.591222869667024 -0.15703256716553 0.0
-0.588911386701428 -0.0946960634753845 0.0
-0.586639105835992 -0.0322305275307817 0.0
-0.584463040844069 0.0303579728879221 0.0
-0.582464289059472 0.0930555339241949 0.0
-0.580755297488755 0.155832030475958 0.0
-0.57948820783117 0.218629598076619 0.0
-0.578863573268429 0.281345588902581 0.0
-0.579130343314766 0.343813402546726 0.0
-0.580526146056082 0.405791342444941 0.0
-0.582786440179308 0.467013365022809 0.0
-0.58345990724376 0.527675896896159 0.0
-0.544019928405757 -0.591174246878772 0.0
-0.542294231186165 -0.529716678642689 0.0
-0.540430599333672 -0.468131945935326 0.0
-0.538473453432883 -0.406420844513736 0.0
-0.536463019458904 -0.344592518682323 0.0
-0.534410179858749 -0.282660559103598 0.0
-0.532250926052251 -0.220613888677072 0.0
-0.529978702885087 -0.158438433198576 0.0
-0.527689165333725 -0.0961506124384764 0.0
-0.52543476893704 -0.0337666880505275 0.0
-0.523274514901419 0.0286908898911049 0.0
-0.521285989035943 0.0911873975966242 0.0
-0.519570402992997 0.153669151690493 0.0
-0.518254951878107 0.216056306019358 0.0
-0.517487990033433 0.278234361598124 0.0
-0.517405543797712 0.340047343336478 0.0
-0.517971928997637 0.401298696023767 0.0
-0.518413769054037 0.4618240252999 0.0
-0.51550605835599 0.521620466781928 0.0
-0.482771136711451 -0.5925953307463 0.0
-0.481042359585866 -0.531136791772359 0.0
-0.479193557344268 -0.469555911307183 0.0
-0.47725384458392 -0.40785641927858 0.0
-0.475245532718412 -0.346047116398351 0.0
-0.473167179579371 -0.284136223510097 0.0
-0.470990644970569 -0.222121413145011 0.0
-0.468728695437746 -0.160003994675404 0.0
-0.466443203971108 -0.0978027240844795 0.0
-0.464182654944433 -0.0355415571082684 0.0
-0.462001423761345 0.0267471630359132 0.0
-0.459967014617164 0.0890187381609065 0.0
-0.4581618412202 0.151211697384847 0.0
-0.456679438888816 0.213243375134072 0.0
-0.455606130228757 0.2750040954865 0.0
-0.454955898260091 0.33635265508759 0.0
-0.454469652494959 0.397126253686895 0.0
-0.453116935252924 0.457203312822671 0.0
-0.449362534976279 0.516837067361005 0.0
-0.421523395871189 -0.594045468820019 0.0
-0.419795401901431 -0.532595030497659 0.0
-0.417957284163656 -0.471028217580808 0.0
-0.416025850814335 -0.409350132950405 0.0
-0.414011949471849 -0.347569292468554 0.0
-0.411912292220618 -0.285693512128241 0.0
-0.409717329551467 -0.223727280510455 0.0
-0.407444658065149 -0.161680176702756 0.0
-0.405137359755404 -0.0995728882807293 0.0
-0.402836056247149 -0.0374321997718398 0.0
-0.40058588407591 0.024707432144768 0.0
-0.398439548310951 0.0868018335399516 0.0
-0.396455415408223 0.148794928436273 0.0
-0.394687172867919 0.210617456003374 0.0
-0.393152651122184 0.272186893108657 0.0
-0.391750844539933 0.333416657120108 0.0
-0.390080023615538 0.394254449028136 0.0
-0.387355596044257 0.454811220097354 0.0
-0.383678731931198 0.515522420184225 0.0
-0.360273943438467 -0.595528764736091 0.0
-0.358547417849063 -0.53408979235372 0.0
-0.356714751824237 -0.472540174822385 0.0
-0.354783053586766 -0.410885746283987 0.0
-0.352756240060406 -0.349134953036559 0.0
-0.350631690134461 -0.287296248230515 0.0
-0.3484082934931 -0.225377971387177 0.0
-0.346102387453295 -0.163393070872201 0.0
-0.343744267513584 -0.101361858802224 0.0
-0.341364877871858 -0.0393097717101546 0.0
-0.338997528257737 0.0227319491964295 0.0
-0.3366777583919 0.0847255593397891 0.0
-0.334438148050447 0.146626294918444 0.0
-0.332293022412037 0.208383591978088 0.0
-0.330201633700901 0.269945417510891 0.0
-0.327993550878751 0.331274277037876 0.0
-0.325292435745093 0.392389563379341 0.0
-0.321714463743575 0.453417836683421 0.0
-0.317272024861354 0.514340227092607 0.0
-0.299018170196676 -0.597034630130072 0.0
-0.297292449456838 -0.535605747493426 0.0
-0.295459490692443 -0.474070837397885 0.0
-0.293519210985978 -0.412435978958058 0.0
-0.291471380367378 -0.350709352498196 0.0
-0.289313931436562 -0.288899628077835 0.0
-0.287048473087736 -0.227016520915702 0.0
-0.284687456227989 -0.165073368108309 0.0
-0.282250930354599 -0.10308851716176 0.0
-0.279759524383077 -0.0410842448245467 0.0
-0.277233735637007 0.0209128983443291 0.0
-0.274691578363119 0.0828720335969394 0.0
-0.272141156553541 0.144758354802999 0.0
-0.269563394696425 0.206536015135523 0.0
-0.266878328792753 0.268175679887492 0.0
-0.26389967970053 0.329675372989509 0.0
-0.260339426722104 0.391097121002479 0.0
-0.255912744879483 0.452572609898149 0.0
-0.250179311122932 0.514273010367963 0.0
-0.237751829238191 -0.598543803821372 0.0
-0.236025711435384 -0.537120574530038 0.0
-0.234186654380127 -0.475594216251179 0.0
-0.232229847364191 -0.413970711976574 0.0
-0.230152599049865 -0.352257669159825 0.0
-0.227952664583007 -0.290463354500803 0.0
-0.22563121131151 -0.228597377149866 0.0
-0.223195635099902 -0.166672162170752 0.0
-0.220656879945337 -0.104703885740126 0.0
-0.218025145977372 -0.0427120990553667 0.0
-0.215307987299439 0.0192797274610892 0.0
-0.21250668427892 0.0812439480409625 0.0
-0.209608150036645 0.143148732372475 0.0
-0.206569544525589 0.204960064589438 0.0
-0.203295915621271 0.266646656931394 0.0
-0.199626865269354 0.328190398167327 0.0
-0.19536426352983 0.389590039469492 0.0
-0.190297704884583 0.45083773471006 0.0
-0.183719413188192 0.511871925096179 0.0
-0.176472153154298 -0.600034735255486 0.0
-0.174744127766924 -0.538611378960299 0.0
-0.172893434789339 -0.477085845384021 0.0
-0.170912849490321 -0.415463828484843 0.0
-0.168798236925478 -0.353752124337487 0.0
-0.166546414904131 -0.291958170173391 0.0
-0.164156288968527 -0.230090774974922 0.0
-0.16162953729465 -0.168161110083682 0.0
-0.15896835385153 -0.106183606636049 0.0
-0.15617230129894 -0.0441761151518077 0.0
-0.153235776641691 0.0178391391644458 0.0
-0.150143831729841 0.0798347794419287 0.0
-0.146864725484726 0.141777405322626 0.0
-0.143338842080205 0.203627866290948 0.0
-0.139468773249005 0.265341802345734 0.0
-0.135124605354166 0.326869070174297 0.0
-0.130174332053535 0.388142693121308 0.0
-0.124490869220091 0.44905730053657 0.0
-0.118421921941731 0.509641572198275 0.0
-0.115178752693595 -0.601488842359112 0.0
-0.11344690311748 -0.540059641462444 0.0
-0.111579489254484 -0.47852732291611 0.0
-0.109568842690529 -0.416897144403175 0.0
-0.107409912866633 -0.355174883647149 0.0
-0.105097862932956 -0.293366835029668 0.0
-0.102628137894026 -0.231480596759264 0.0
-0.0999961111819417 -0.169525851267019 0.0
-0.0971950353719673 -0.107515288822957 0.0
-0.0942132990856987 -0.045465019661974 0.0
-0.0910315261864292 0.0166043548592956 0.0
-0.0876183410441619 0.0786670002649087 0.0
-0.0839243328346115 0.140691235708486 0.0
-0.0798756876938308 0.202640401802009 0.0
-0.0753733839052365 0.264474663504035 0.0
-0.0703078630196937 0.326155693937738 0.0
-0.0645967643519348 0.387658183329426 0.0
-0.0583409938593405 0.449030285730377 0.0
-0.052446688584626 0.51044602435786 0.0
-0.0538735655305369 -0.6028941471304 0.0
-0.052135378287477 -0.541454409048322 0.0
-0.0502467439976462 -0.479908899747717 0.0
-0.0482009555607943 -0.418262211290973 0.0
-0.0459921417084569 -0.356518838603247 0.0
-0.0436131091101811 -0.294683591170284 0.0
-0.0410549464246352 -0.232762410257268 0.0
-0.0383061586193556 -0.170762999173718 0.0
-0.0353506625589068 -0.108695686191271 0.0
-0.0321651470264493 -0.0465738216049646 0.0
-0.0287160721037006 0.0155853169468687 0.0
-0.0249559386343596 0.0777601345617947 0.0
-0.0208194498282821 0.139924633872823 0.0
-0.0162223354911536 0.202049882550338 0.0
-0.0110693500029103 0.264106481756549 0.0
-0.00528198607828338 0.326070798889368 0.0
0.00112551220223754 0.387939596432481 0.0
0.00785659138205556 0.449736857170165 0.0
0.014275988496771 0.511350430811366 0.0
0.00743935165976039 -0.604247430069798 0.0
0.00918704972936719 -0.542794091581512 0.0
0.0111006068238294 -0.481230835035963 0.0
0.0131851305886443 -0.419561220620639 0.0
0.0154476097221863 -0.357788136722911 0.0
0.0178982662448792 -0.295914539580846 0.0
0.0205510353715461 -0.233944233710022 0.0
0.0234247108799544 -0.171882341266679 0.0
0.0265449921126031 -0.109736043474064 0.0
0.0299470850987776 -0.0475148751872078 0.0
0.0336785202565511 0.0147685120545868 0.0
0.0378019001420398 0.0770980675326375 0.0
0.0423960808575383 0.13945411211931 0.0
0.0475521735069829 0.201814014373272 0.0
0.0533573110291928 0.264152666447826 0.0
0.0598538276454199 0.326444408858812 0.0
0.0669563068481621 0.388660451117179 0.0
0.0743667780358541 0.450730955618808 0.0
0.0816362435104322 0.512501956688569 0.0
0.0687546861345391 -0.605555265351471 0.0
0.0705155020664345 -0.544087288718967 0.0
0.0724565335516151 -0.482504012698546 0.0
0.0745815565882681 -0.420807513414116 0.0
0.0768992847484387 -0.3589987821615 0.0
0.0794235521168418 -0.297078626542022 0.0
0.0821737496307074 -0.235048322872672 0.0
0.0851761900899498 -0.172909909589009 0.0
0.0884662470219427 -0.110666803973866 0.0
0.0920909092942409 -0.0483240263726591 0.0
0.0961112489992667 0.0141110297566431 0.0
0.100604042573294 0.0766280939312522 0.0
0.105660513096207 0.139213079398893 0.0
0.111378274326616 0.201847132912004 0.0
0.117839658261804 0.264503875776667 0.0
0.125068225911216 0.327144347043699 0.0
0.132967235957654 0.389701916908145 0.0
0.141277124215458 0.452058735059018 0.0
0.149596488617674 0.514048323257216 0.0
0.130066117052048 -0.606834065830968 0.0
0.131843504251425 -0.54535270073896 0.0
0.133812957694929 -0.483749753296597 0.0
0.13597810304295 -0.422025421866065 0.0
0.138350138817822 -0.360178668955264 0.0
0.140946919295463 -0.298208013336538 0.0
0.143793474371273 -0.236111951288977 0.0
0.146923638296448 -0.173889061640814 0.0
0.150382324230559 -0.111538504123022 0.0
0.154228047391919 -0.0490601949194234 0.0
0.158535056926855 0.0135443550055981 0.0
0.163394065546107 0.0762712170795826 0.0
0.168909407675 0.139112290840826 0.0
0.175189044091061 0.202052640258419 0.0
0.182322288064375 0.265064348989078 0.0
0.190342297194226 0.328095723665056 0.0
0.199178501780474 0.391053213283822 0.0
0.208611481612614 0.453783584744583 0.0
0.218216812696877 0.516081155652128 0.0
0.191367340035251 -0.60810904818051 0.0
0.193163676717665 -0.546617937881302 0.0
0.195160479748562 -0.484998544548319 0.0
0.197363072567718 -0.423249082027504 0.0
0.199785785413151 -0.36136661988116 0.0
0.202450623499839 -0.29934741667345 0.0
0.20538818049239 -0.237187032636782 0.0
0.208639604693638 -0.174880249064609 0.0
0.212259046638576 -0.112421425448576 0.0
0.216316211849596 -0.0498045723514357 0.0
0.220898327651325 0.012975834001704 0.0
0.226110504791749 0.0759238722161542 0.0
0.23207261388784 0.13903988926331 0.0
0.238910111005297 0.202316566129811 0.0
0.246735815751897 0.265730201235406 0.0
0.255621033776721 0.329226026095894 0.0
0.265553935448137 0.392694987110164 0.0
0.276371837244944 0.455946815197182 0.0
0.28762011595049 0.518697938728966 0.0
0.252652768539589 -0.609411716843434 0.0
0.254468276958456 -0.547916776211809 0.0
0.256489180862075 -0.486287283414144 0.0
0.258724349491312 -0.424519949426447 0.0
0.261191419741488 -0.362610385855426 0.0
0.263916320306845 -0.300552699803837 0.0
0.266934880627123 -0.238339405999244 0.0
0.270295128448451 -0.175961166710528 0.0
0.274059934082503 -0.113406934318912 0.0
0.278309686530863 -0.0506637721890002 0.0
0.283144359854696 0.0122826001646655 0.0
0.288684178898651 0.0754470704467292 0.0
0.295067700376985 0.138842972439144 0.0
0.302446244257571 0.202477974179052 0.0
0.310973609466706 0.266344521337179 0.0
0.320789308334121 0.330402533765209 0.0
0.331984744098097 0.394547787715547 0.0
0.344514603979009 0.458560291230241 0.0
0.357964149848041 0.522037710593126 0.0
0.313917907941089 -0.610775140288555 0.0
0.315749872582557 -0.549284160052097 0.0
0.31778985822424 -0.487654608080765 0.0
0.320050914241582 -0.425882986226045 0.0
0.322553383828521 -0.363963748809538 0.0
0.325326632699291 -0.301888966338771 0.0
0.32841115371461 -0.239648169609354 0.0
0.331861123746712 -0.177227847423937 0.0
0.335747260169504 -0.114611206086647 0.0
0.340159723372336 -0.0517774758612385 0.0
0.345210555853462 0.0112982106458462 0.0
0.351035281795015 0.0746449620642583 0.0
0.357793477007165 0.138295182963853 0.0
0.365669091514916 0.202282204001104 0.0
0.37487193464067 0.266633044683109 0.0
0.385640477722669 0.331352855795133 0.0
0.398233718053424 0.396388410973679 0.0
0.412858896059091 0.461544183267989 0.0
0.429374579401351 0.526303246316265 0.0
0.37516037749321 -0.612225493680446 0.0
0.37700367941503 -0.550747862349137 0.0
0.379057142653991 -0.489134695435881 0.0
0.381335793772159 -0.427381855463503 0.0
0.383862059827124 -0.365482588005713 0.0
0.386668121419653 -0.303427452455539 0.0
0.38979823841034 -0.24120388198338 0.0
0.393311524223774 -0.17879517143354 0.0
0.397285040577011 -0.116179565014738 0.0
0.401817004256242 -0.0533286941828263 0.0
0.407029772944315 0.00979371366380848 0.0
0.413072727482062 0.0732336603868946 0.0
0.420125959167325 0.137048555750664 0.0
0.428407619292616 0.201309235527704 0.0
0.438189937722933 0.266100266867995 0.0
0.449830977967872 0.331516877608969 0.0
0.46382557872121 0.39764579803793 0.0
0.48085335871 0.464487773910101 0.0
0.501656653766226 0.531671184574555 0.0
