-0.787047771796328 -0.647465490977926 0.0
0.438419768211454 -0.677103329212012 0.0
-0.79235121011734 0.61237245798111 0.0
0.61237245798111 0.61237245798111 0.0
-0.72582938855266 -0.649271590763097 0.0
0.440110690086753 -0.615771931970494 0.0
0.526610454206351 0.596698695190942 0.0
-0.76981283889391 0.543374678484648 0.0
-0.664597173750103 -0.650804426184766 0.0
0.442007138598667 -0.554317847371654 0.0
0.447621692180404 0.588331562810969 0.0
-0.76149800760503 0.476342547154311 0.0
-0.603362856512385 -0.652312890950982 0.0
0.444119136447662 -0.492733312858775 0.0
0.372696435282054 0.582833773381095 0.0
-0.758048165377719 0.411120655373476 0.0
-0.542124097362645 -0.653811274981763 0.0
0.446460249732486 -0.431011869874216 0.0
0.300301662899833 0.578853883210552 0.0
-0.756908308401837 0.346983541645715 0.0
-0.480885326275613 -0.655316058482074 0.0
0.449051937963052 -0.369146632424466 0.0
0.229600647487685 0.57585078718622 0.0
-0.75710472106313 0.283494073562372 0.0
-0.419646478300607 -0.656846561935008 0.0
0.451925642308097 -0.307128885416343 0.0
0.160089504862484 0.573560722529486 0.0
-0.758144304098281 0.220410136707279 0.0
-0.358402411839161 -0.658407752431543 0.0
0.455125028469015 -0.244946737317117 0.0
0.0914255721698838 0.571826929527907 0.0
-0.759732644335112 0.157596690897312 0.0
-0.297145751851996 -0.659989583431988 0.0
0.458708700401307 -0.182583326823985 0.0
0.0233397117210968 0.570518436932467 0.0
-0.761676760532652 0.0949779108827784 0.0
-0.235870146587102 -0.661572384034423 0.0
0.462753238583033 -0.120015025917063 0.0
-0.0444188464017184 0.56943241975219 0.0
-0.763843399510917 0.032512040392855 0.0
-0.174572109184654 -0.663133389217647 0.0
0.467356408048044 -0.0572087269280511 0.0
-0.112112806596253 0.567885325077043 0.0
-0.766138797154803 -0.0298208949917347 0.0
-0.113252186373667 -0.664652332568397 0.0
0.472640368302361 0.00588102658221059 0.0
-0.178681193891055 0.570145615483161 0.0
-0.768500681409617 -0.0920252211409771 0.0
-0.0519148192045278 -0.666115423194483 0.0
0.478755399652286 0.0693161376627654 0.0
-0.244133289292815 0.573248447912404 0.0
-0.770910903128689 -0.154090924092066 0.0
0.00943220747523917 -0.667517747255243 0.0
0.485885880981405 0.133180236279182 0.0
-0.309650739346011 0.573033333215013 0.0
-0.773470431742079 -0.215998418654442 0.0
0.0707791564988104 -0.668864448979365 0.0
0.494262990823625 0.197587190114893 0.0
-0.37590247601262 0.574173398660856 0.0
-0.775255464225072 -0.277815690745521 0.0
0.132115278997093 -0.670170891104121 0.0
0.504192565040231 0.26269457216052 0.0
-0.44300448602204 0.5755594148523 0.0
-0.777207448881586 -0.339676379934193 0.0
0.193430716785173 -0.671461797589997 0.0
0.51611439318337 0.328729573598708 0.0
-0.510805279744961 0.581320097026342 0.0
-0.779550556326089 -0.401505121964325 0.0
0.254718302192032 -0.672769068588 0.0
0.5307272677404 0.39603797985175 0.0
-0.578491343745981 0.587223145864853 0.0
-0.78164917799497 -0.463183789217572 0.0
0.315975233749805 -0.674127666622908 0.0
0.54927573945094 0.465175445654122 0.0
-0.646351090048032 0.589601927269427 0.0
-0.783674812974753 -0.524711829656914 0.0
0.377205320050885 -0.675568323788913 0.0
0.57432396672404 0.53703039681475 0.0
-0.717249987453109 0.596503713478978 0.0
-0.785337206872677 -0.58613344277267 0.0
-0.724148650252731 -0.587940416834029 0.0
-0.722458526905309 -0.526498856018498 0.0
-0.720466495404218 -0.464935238570603 0.0
-0.718376928949455 -0.403310131769425 0.0
-0.716146929258493 -0.341627139749374 0.0
-0.714207364894428 -0.279881603214693 0.0
-0.712264034560906 -0.217906642263643 0.0
-0.709719630587794 -0.155675694496833 0.0
-0.707289410944946 -0.0933797747750576 0.0
-0.704912286613896 -0.0309769130275231 0.0
-0.702613675327209 0.0315654713525202 0.0
-0.700457699596204 0.0942785523018229 0.0
-0.698543890688625 0.157199263390753 0.0
-0.697018017316348 0.220374587488434 0.0
-0.696096690643688 0.283859595373631 0.0
-0.696117046136833 0.347700554005647 0.0
-0.697645381490409 0.411867789797239 0.0
-0.701744453535153 0.47602110701022 0.0
-0.710606519856884 0.538661401414417 0.0
-0.662942197251775 -0.589467739363603 0.0
-0.661187200674529 -0.52804051782235 0.0
-0.659220904490783 -0.466494108858505 0.0
-0.657136542232773 -0.404835820828923 0.0
-0.654997448411585 -0.343035444436649 0.0
-0.652985640443435 -0.281128764995951 0.0
-0.650876697677349 -0.219117029227883 0.0
-0.648455937658144 -0.156920473666787 0.0
-0.646054846098109 -0.0945860187801834 0.0
-0.643695229847982 -0.0321104134328375 0.0
-0.641421471237975 0.0305179335088287 0.0
-0.639307201406626 0.0933109208108312 0.0
-0.637460834085274 0.15627525844351 0.0
-0.636037695124915 0.219402468563364 0.0
-0.635260996966847 0.282646213717366 0.0
-0.635455566675093 0.345876836118176 0.0
-0.63709443635225 0.408792959161493 0.0
-0.640776101186559 0.470770870723054 0.0
-0.645399641773235 0.530847898972802 0.0
-0.6017056295528 -0.590979248276012 0.0
-0.599917789653213 -0.529537241372396 0.0
-0.59796629094869 -0.467968453789815 0.0
-0.595914436741511 -0.406268188162167 0.0
-0.593824990173065 -0.344438062601668 0.0
-0.591752254610081 -0.282508948774786 0.0
-0.58956750460969 -0.220464644476083 0.0
-0.587206924561887 -0.158264488484996 0.0
-0.584837222359018 -0.0959293169438592 0.0
-0.582504953475985 -0.0334654739415154 0.0
-0.580264869506457 0.0291205995731198 0.0
-0.578194919552022 0.0918146169510998 0.0
-0.576403118877523 0.154586188127578 0.0
-0.575035375543438 0.217377586752807 0.0
-0.574283602901902 0.280087248580212 0.0
-0.57438527391628 0.342551468419927 0.0
-0.575565135900111 0.404534092389746 0.0
-0.577561080251901 0.465774449309375 0.0
-0.578012560442302 0.526453194398224 0.0
-0.540457973171551 -0.592474110490721 0.0
-0.538657289194482 -0.531020240507661 0.0
-0.536723666599302 -0.46943959601268 0.0
-0.534701097805393 -0.407732768369685 0.0
-0.532629149924892 -0.345908908218118 0.0
-0.530517860171405 -0.283981787014927 0.0
-0.528301852760955 -0.221940551161153 0.0
-0.525973323427228 -0.159771312691982 0.0
-0.523627219815555 -0.0974908065394159 0.0
-0.521314505591359 -0.0351156256234049 0.0
-0.519092051531686 0.0273315252590051 0.0
-0.517034491190092 0.0898158631871284 0.0
-0.515238978934917 0.15228405086609 0.0
-0.513827255448853 0.214657332010534 0.0
-0.512940713692675 0.276823532701001 0.0
-0.512707751051179 0.338630812507033 0.0
-0.51308987972114 0.39988858821476 0.0
-0.513339060519093 0.460436313221173 0.0
-0.510349863604574 0.520264267526581 0.0
-0.479208641394889 -0.593979987873515 0.0
-0.477405789061788 -0.532526408860909 0.0
-0.475488639108079 -0.470951228233727 0.0
-0.47348534129838 -0.409258044213929 0.0
-0.471417228852729 -0.347455739654568 0.0
-0.46928184417964 -0.285552760435506 0.0
-0.467049884584479 -0.223547040127432 0.0
-0.464733109075165 -0.161440133088532 0.0
-0.462392541855412 -0.0992510521354773 0.0
-0.460075308967169 -0.0370039174934988 0.0
-0.457833879663007 0.0252689710105949 0.0
-0.45573316470303 0.0875233178836203 0.0
-0.453852147199917 0.149698633322975 0.0
-0.452280072022445 0.211714113465905 0.0
-0.451098590326222 0.273463203357717 0.0
-0.45031888018751 0.334809403429211 0.0
-0.449688857274723 0.395595718769644 0.0
-0.448215646395596 0.45570445976302 0.0
-0.444416213149312 0.515383040902716 0.0
-0.417958938134676 -0.595516395600375 0.0
-0.416158163896012 -0.534071964518234 0.0
-0.414253491685245 -0.472512197064992 0.0
-0.412260268535982 -0.410842100233118 0.0
-0.410188127767481 -0.349070310101434 0.0
-0.408032723754809 -0.287204875949956 0.0
-0.405783523943443 -0.225250533721997 0.0
-0.403457298183611 -0.163217069090433 0.0
-0.401096332056936 -0.101125305573957 0.0
-0.39874010990728 -0.0390019986907324 0.0
-0.396432213109994 0.0231186948562502 0.0
-0.394223301407712 0.0851932983390026 0.0
-0.392169210594336 0.14716698311146 0.0
-0.390320891355592 0.208972448914942 0.0
-0.388694310736415 0.270529943264769 0.0
-0.387190715668035 0.331756200807641 0.0
-0.385422474379259 0.392601323500404 0.0
-0.382634411905311 0.453173481408038 0.0
-0.378918470690411 0.513896198091199 0.0
-0.35670562316194 -0.597085194804989 0.0
-0.354908054978572 -0.535652871277811 0.0
-0.353010756801709 -0.474111139958307 0.0
-0.351018986076021 -0.412465765862051 0.0
-0.348935319303382 -0.350725331340702 0.0
-0.346756132776247 -0.288898510294126 0.0
-0.34447952669184 -0.22699385352904 0.0
-0.342121214442305 -0.165024453931179 0.0
-0.339710880664926 -0.103010655315332 0.0
-0.337278651362854 -0.0409777388016458 0.0
-0.334856753690974 0.0210434745147162 0.0
-0.332479386298392 0.0830160049228546 0.0
-0.330177684345391 0.144896272457585 0.0
-0.327964964176536 0.206635347587571 0.0
-0.325801361199943 0.268183161633465 0.0
-0.323522445388859 0.329503952284569 0.0
-0.320766640842539 0.390617070154333 0.0
-0.317165359700813 0.451645727269534 0.0
-0.312734244521727 0.512575233827961 0.0
-0.29544372770397 -0.598673327858648 0.0
-0.293649179345005 -0.537251248057625 0.0
-0.291753625108932 -0.475724459535595 0.0
-0.289754895124574 -0.414099007105385 0.0
-0.287651417671849 -0.352383221009413 0.0
-0.285440266874347 -0.290585979217894 0.0
-0.283122494474745 -0.228717175601254 0.0
-0.280710179318231 -0.166790242761684 0.0
-0.278223042310591 -0.104823496328984 0.0
-0.275681296355462 -0.0428389993616421 0.0
-0.273104919348433 0.0191371460635683 0.0
-0.270511383806264 0.0810747910690387 0.0
-0.267908505357587 0.142940164295259 0.0
-0.26527786922848 0.204698707062257 0.0
-0.262542600522961 0.26632236650432 0.0
-0.259524138125221 0.327809695056137 0.0
-0.255947063272034 0.389221161027691 0.0
-0.251540762724874 0.450684916644531 0.0
-0.245890872953313 0.512367905467387 0.0
-0.23416882030925 -0.600259176741831 0.0
-0.232376560734253 -0.538842412325485 0.0
-0.230477034519599 -0.477323802213568 0.0
-0.228463289711397 -0.415709349916621 0.0
-0.226331423053711 -0.354006837309545 0.0
-0.224078560286422 -0.29222473569972 0.0
-0.221705592239489 -0.230372811320384 0.0
-0.219219846325447 -0.168463551621349 0.0
-0.216632290953195 -0.106513061834235 0.0
-0.213953176187435 -0.0445406454604005 0.0
-0.21119016175314 0.0174306961015238 0.0
-0.208344832178972 0.0793740492794408 0.0
-0.205404948002393 0.141258603518677 0.0
-0.202329759604873 0.203051615628985 0.0
-0.199028774332254 0.264723146308493 0.0
-0.195349366608664 0.326256144159147 0.0
-0.191103998158541 0.387650071670843 0.0
-0.18609619728114 0.448898455241342 0.0
-0.179658494764635 0.509944556586215 0.0
-0.172878149701349 -0.601819167380244 0.0
-0.171087083207585 -0.540401487700834 0.0
-0.169178090262954 -0.478882774556461 0.0
-0.167141946572286 -0.417268821898088 0.0
-0.164973565377026 -0.355566638521059 0.0
-0.162669442951666 -0.293783872617122 0.0
-0.160228536865129 -0.231929477324904 0.0
-0.157652806880153 -0.170014662918982 0.0
-0.154944879153523 -0.108053761202625 0.0
-0.152104885645057 -0.0460643461178119 0.0
-0.149128005832541 0.0159318567676856 0.0
-0.14600047524098 0.0779082443862539 0.0
-0.142692498415541 0.139832512224328 0.0
-0.139147750459539 0.201666952584941 0.0
-0.135274124809553 0.26336898971703 0.0
-0.130949230222701 0.324890701464602 0.0
-0.126050294751527 0.386168324143584 0.0
-0.120462377916294 0.447101733313328 0.0
-0.114528658942043 0.507718492322711 0.0
-0.111571542335654 -0.603333148822467 0.0
-0.109780058489293 -0.541908449390248 0.0
-0.107856482264215 -0.480381551389926 0.0
-0.105791486853655 -0.418757914858691 0.0
-0.103579452065525 -0.357043579149405 0.0
-0.101215595411275 -0.295245062270458 0.0
-0.0986957834389143 -0.233370100678865 0.0
-0.096016059488679 -0.171428403532707 0.0
-0.0931705603570365 -0.109432551509467 0.0
-0.0901488108491507 -0.0473983763885212 0.0
-0.0869329423454588 0.0146540091565002 0.0
-0.0834936750172126 0.076699516563191 0.0
-0.0797846194071477 0.138707510373806 0.0
-0.0757363319342123 0.200642694107921 0.0
-0.071255817718486 0.262466892285658 0.0
-0.066241034625922 0.324143661169809 0.0
-0.0606177951460913 0.385649420084249 0.0
-0.0544897875352089 0.447030945139513 0.0
-0.0487327612540326 0.508453191615553 0.0
-0.050251330126263 -0.60478808481845 0.0
-0.0484570618216468 -0.543351356697983 0.0
-0.0465142697284191 -0.481809487243812 0.0
-0.0444151230163432 -0.420167388489573 0.0
-0.0421536678288557 -0.35842986890535 0.0
-0.0397231917059129 -0.29660197583388 0.0
-0.0371156021081353 -0.234689789365218 0.0
-0.0343204880093203 -0.172701042907238 0.0
-0.0313231331242081 -0.11064597323727 0.0
-0.0281019622587119 -0.0485376956041226 0.0
-0.0246256958810425 0.0136069215940785 0.0
-0.0208498444657419 0.0757669016453543 0.0
-0.0167131466701224 0.137917102699967 0.0
-0.0121366257217436 0.200029688982929 0.0
-0.00703153735871026 0.262076546371244 0.0
-0.00132634550192386 0.324035300279628 0.0
0.00495997544026047 0.385903105170971 0.0
0.0115361424391114 0.447702272121639 0.0
0.0177805019147074 0.509324002010987 0.0
0.0110778910204005 -0.606180232562207 0.0
0.0128781763213883 -0.544728167442971 0.0
0.0148441411282935 -0.483166479054189 0.0
0.0169813070268261 -0.421499165730922 0.0
0.0192961821688692 -0.359729471959989 0.0
0.0217980557131539 -0.297860599746948 0.0
0.0244996382022372 -0.235896495057396 0.0
0.0274182168863062 -0.173842326004016 0.0
0.0305776300660481 -0.111705224361164 0.0
0.0340107378940164 -0.0494945687957589 0.0
0.0377620599125542 0.0127772738706646 0.0
0.0418903102667905 0.0750946956688364 0.0
0.0464693888781399 0.137438649877762 0.0
0.0515843574252082 0.199787349057702 0.0
0.0573156269369176 0.262116719770576 0.0
0.063699538976755 0.324402159660023 0.0
0.0706485265027734 0.386615689824308 0.0
0.0778684429517489 0.448689231395831 0.0
0.0849143208183343 0.510472763545629 0.0
0.072410164078316 -0.60751620271846 0.0
0.0742203739848798 -0.546047590239294 0.0
0.0762124445579429 -0.484463602674775 0.0
0.0783897183449475 -0.422766849727178 0.0
0.0807598314293267 -0.360958695076285 0.0
0.0833352391795434 -0.299040182444557 0.0
0.0861337158568417 -0.237012725027215 0.0
0.0891796561487641 -0.174878424903154 0.0
0.092506087003902 -0.112640700730208 0.0
0.0961570540595621 -0.0503045080904462 0.0
0.100189893886217 0.0121229087888064 0.0
0.104676665852667 0.0746315466580959 0.0
0.109702792941655 0.137207753636571 0.0
0.115359161461659 0.19983334220832 0.0
0.12172115308064 0.262482891328522 0.0
0.128806741684903 0.325118754921271 0.0
0.136516947347159 0.387676298912352 0.0
0.144593431103934 0.450040821720269 0.0
0.152635879336493 0.512049322713557 0.0
0.133738460171038 -0.608813059796779 0.0
0.135562605378698 -0.54732905776188 0.0
0.13758222020554 -0.485722986379955 0.0
0.139799578302172 -0.423995618824437 0.0
0.142224225238469 -0.362146261489734 0.0
0.144872231280314 -0.300173630451474 0.0
0.14776665360604 -0.238076336830058 0.0
0.150939025759853 -0.175853030760167 0.0
0.15443145521866 -0.113502918096668 0.0
0.158298946745865 -0.0510259360745088 0.0
0.162611328433818 0.0115764269897587 0.0
0.167453813734229 0.0743003503478687 0.0
0.172924122837691 0.137137997934289 0.0
0.179122746401481 0.200074965912064 0.0
0.186131442892911 0.263084308114454 0.0
0.193977057577245 0.326116028064777 0.0
0.20258528586596 0.389079391121018 0.0
0.211735835602084 0.45182514717764 0.0
0.221005512623331 0.514151320802541 0.0
0.195055742188936 -0.610097402368915 0.0
0.196896994441889 -0.548601663570972 0.0
0.19894363222718 -0.486976669768518 0.0
0.201198741261675 -0.425221161619354 0.0
0.203674507823398 -0.363332464609207 0.0
0.206390819994399 -0.301306958656499 0.0
0.20937599717168 -0.239140272123017 0.0
0.212668548348534 -0.17682724698157 0.0
0.216319400356061 -0.114362317479245 0.0
0.220394225006871 -0.0517395840346575 0.0
0.22497519078679 0.0110463926895793 0.0
0.2301611657524 0.073999660830574 0.0
0.236064575549023 0.137120679469664 0.0
0.242802473412932 0.20040253566874 0.0
0.250478936501868 0.263822485265168 0.0
0.259157167112246 0.327327679590852 0.0
0.268819059383594 0.390812446210201 0.0
0.279298894830715 0.45409148147076 0.0
0.290144067689568 0.516886312401516 0.0
0.256355696366177 -0.611403048276403 0.0
0.258215226930586 -0.549901632604433 0.0
0.260286164132031 -0.488264056373046 0.0
0.262574425749553 -0.426487392655972 0.0
0.2650951558103 -0.36456735701579 0.0
0.267871927499378 -0.302498063801117 0.0
0.270938061941847 -0.240272023244104 0.0
0.274338664361479 -0.177879925464862 0.0
0.278133016611506 -0.115310802019866 0.0
0.282397007418117 -0.0525518454590476 0.0
0.287224972327999 0.0104110684572099 0.0
0.292730190526316 0.0735926965048037 0.0
0.299042909851585 0.137006363085458 0.0
0.306304889628156 0.200660017319487 0.0
0.314659420210881 0.26454697057921 0.0
0.324235087850634 0.328629089392106 0.0
0.335113042299595 0.392805913313371 0.0
0.347241086481204 0.456863745760089 0.0
0.360205955020931 0.520408397223329 0.0
0.317633111611306 -0.612766625854651 0.0
0.319509138513763 -0.551267642853174 0.0
0.321599737772418 -0.48962754499737 0.0
0.323914606292042 -0.427842914531252 0.0
0.326471419742815 -0.365908104961983 0.0
0.329297054134122 -0.303815054872157 0.0
0.332429333111484 -0.241553198755275 0.0
0.335919290685975 -0.179108994041557 0.0
0.339833755611714 -0.116465690718758 0.0
0.344257993323519 -0.053602632462788 0.0
0.349297904595543 0.00950488895234291 0.0
0.355081427848471 0.0728858289624452 0.0
0.361758969171022 0.13657253817127 0.0
0.369503617337704 0.200598554272165 0.0
0.378512480761864 0.264991652380084 0.0
0.389009307972196 0.329758826909423 0.0
0.401236697596705 0.394850807211325 0.0
0.415386748264789 0.460079885253181 0.0
0.431313352573315 0.524942484329726 0.0
0.378884839429012 -0.614219579860478 0.0
0.380772883951795 -0.552732921344287 0.0
0.38287765627842 -0.491106709725491 0.0
0.385210798011154 -0.429336533474632 0.0
0.387792062427727 -0.367415340161145 0.0
0.390651099096565 -0.305333430946896 0.0
0.393829406386008 -0.243078035769263 0.0
0.397382803550084 -0.180632306866457 0.0
0.401384245098652 -0.117974410415754 0.0
0.405926757044507 -0.0550759620748981 0.0
0.411126166342029 0.00809928158415338 0.0
0.417123747152487 0.07159729250666 0.0
0.424089663511205 0.135475534112828 0.0
0.432229957483463 0.199805127675783 0.0
0.441801881547231 0.264671427989867 0.0
0.453144414868241 0.330171507512127 0.0
0.466727504111744 0.396396252869456 0.0
0.483199554389793 0.463355805551284 0.0
0.503274009864137 0.530699197124242 0.0
