-0.78281776980126 -0.648672172319884 0.0
0.442895994630067 -0.679536986502159 0.0
-0.783783400058746 0.61237245798111 0.0
0.61237245798111 0.61237245798111 0.0
-0.721602335771952 -0.650568783444697 0.0
0.44462776637134 -0.618201055509715 0.0
0.527491761482032 0.595800165269882 0.0
-0.762563570704701 0.542957899258088 0.0
-0.660372433638377 -0.65219252411136 0.0
0.446578212878824 -0.556735464061096 0.0
0.449140398815066 0.58684410763528 0.0
-0.754961729288919 0.475737023461803 0.0
-0.599140536721855 -0.653794082548939 0.0
0.448751794794743 -0.495131578949112 0.0
0.374737600792788 0.580954438196991 0.0
-0.751946042777314 0.410377642156556 0.0
-0.537903795126711 -0.655389556338567 0.0
0.451158278748643 -0.43338244386633 0.0
0.302797718840664 0.576715755967298 0.0
-0.751099138819817 0.346129286675077 0.0
-0.476665692036296 -0.65699523667524 0.0
0.453816007968869 -0.371480759998762 0.0
0.232506453401727 0.573547454131898 0.0
-0.751506309523461 0.282549293397 0.0
-0.415425105144855 -0.658628791227713 0.0
0.456753403102509 -0.309417378474528 0.0
0.163373433180311 0.571160774718418 0.0
-0.752705188000992 0.219392500939714 0.0
-0.354175943240944 -0.660292603008607 0.0
0.460010791656926 -0.247179926682129 0.0
0.0950661323761195 0.569383334906103 0.0
-0.754419487198459 0.156521304290394 0.0
-0.292910148904752 -0.661973656239516 0.0
0.463642769035177 -0.184751025825975 0.0
0.0273247447162879 0.568075716950098 0.0
-0.75646773925532 0.0938575937111182 0.0
-0.23162104314668 -0.663649373243417 0.0
0.467720899226606 -0.122106521924974 0.0
-0.0400911146530259 0.567035114483626 0.0
-0.758724352942774 0.031357613209274 0.0
-0.170305192621365 -0.665294450047694 0.0
0.472336589602388 -0.0592128019675223 0.0
-0.107431519982098 0.565595741096286 0.0
-0.761100840142086 -0.0310003190174925 0.0
-0.10896356038726 -0.666886623567793 0.0
0.477603972108553 0.00397606069759118 0.0
-0.173684263259313 0.567846196817382 0.0
-0.763538713368595 -0.0932219470106404 0.0
-0.0476013237477483 -0.668410732243963 0.0
0.483663294616853 0.0675224254935014 0.0
-0.238884569219435 0.570946880787846 0.0
-0.766022859181089 -0.155298380249599 0.0
0.0137727286691677 -0.669861153018467 0.0
0.490686479530203 0.131510445374427 0.0
-0.304151146628288 0.570918147630858 0.0
-0.76866111207068 -0.21721068285477 0.0
0.0751476408288467 -0.671243009893848 0.0
0.498889107180851 0.196054751790798 0.0
-0.370095534211295 0.57223213669846 0.0
-0.770518207208335 -0.279033896884392 0.0
0.136511279108229 -0.6725723899011 0.0
0.508556832715895 0.261314258753983 0.0
-0.436836642116963 0.57383728528539 0.0
-0.772542765388281 -0.340898219806493 0.0
0.197852286732829 -0.673875602814779 0.0
0.520101786069309 0.327518774358771 0.0
-0.504241260509289 0.579703115083141 0.0
-0.774965417134723 -0.402724898318957 0.0
0.259161953760671 -0.675187203004004 0.0
0.534181882111739 0.395019632976864 0.0
-0.571566892458142 0.585765882557057 0.0
-0.777148339169545 -0.464400346194771 0.0
0.320436011454311 -0.676546198821938 0.0
0.551975807087304 0.464385622415097 0.0
-0.639071237087297 0.588531237710268 0.0
-0.7792620685283 -0.525924773734936 0.0
0.381677099994414 -0.677989226281926 0.0
0.575933562466583 0.536541318074088 0.0
-0.709453447406723 0.595877454372068 0.0
-0.781015208741424 -0.587343168003629 0.0
-0.71982950240836 -0.589240111028756 0.0
-0.718048267574499 -0.527800813834223 0.0
-0.715968381583504 -0.466239357348676 0.0
-0.713795497321378 -0.40461598768844 0.0
-0.711485240009752 -0.342934368951307 0.0
-0.709470980704461 -0.281185693727225 0.0
-0.70745761864284 -0.219203653502595 0.0
-0.704839125452478 -0.15696501493879 0.0
-0.702335844041439 -0.0946579093258599 0.0
-0.699883783549476 -0.0322397911712855 0.0
-0.697505386851958 0.0303224824120979 0.0
-0.69526092457346 0.0930605243582611 0.0
-0.693244497472759 0.15601153127095 0.0
-0.691593901353113 0.219222516676147 0.0
-0.690513670983348 0.2827483789187 0.0
-0.690322005952768 0.346635471242928 0.0
-0.691554234848843 0.410856602914651 0.0
-0.695220209980727 0.47508492316855 0.0
-0.703424860250888 0.537877046315841 0.0
-0.658624517839548 -0.590857955464764 0.0
-0.656778610979142 -0.52943286960045 0.0
-0.654725476073149 -0.467888531095498 0.0
-0.65255879204572 -0.406231742749829 0.0
-0.650341778077373 -0.344431251002312 0.0
-0.648257131348297 -0.282522714699439 0.0
-0.646078057060785 -0.220508253768423 0.0
-0.643586071976244 -0.15830727596097 0.0
-0.641113964158448 -0.0959666195098751 0.0
-0.638681404229911 -0.0334831022804553 0.0
-0.63632995172908 0.0291546967974396 0.0
-0.634129384950703 0.0919583303477693 0.0
-0.632182636704558 0.154933986153508 0.0
-0.630637074690149 0.218072619883747 0.0
-0.629704239456232 0.281327752513888 0.0
-0.629691788759885 0.344571294240331 0.0
-0.631047926693898 0.407508189917392 0.0
-0.634339860879371 0.469531340793387 0.0
-0.638502464470256 0.529690217830207 0.0
-0.59738921002247 -0.592463136028456 0.0
-0.595510844287664 -0.531024165200225 0.0
-0.593473855916031 -0.469458474106648 0.0
-0.591341665382282 -0.407760901596665 0.0
-0.589176716347757 -0.345932847760698 0.0
-0.58703279474975 -0.284005394326205 0.0
-0.5847791652435 -0.22196252216592 0.0
-0.582349858859746 -0.159763489363038 0.0
-0.579911373004511 -0.0974294155711595 0.0
-0.577508363912815 -0.0349670584713276 0.0
-0.575192878148099 0.0276166573183578 0.0
-0.573039103507589 0.0903069256660175 0.0
-0.571149761108366 0.153072940821987 0.0
-0.56966330759031 0.215856989507524 0.0
-0.568761314021066 0.278558581679202 0.0
-0.568667480484585 0.341017180434419 0.0
-0.569590996367988 0.403002950244006 0.0
-0.571271991502182 0.464261681272592 0.0
-0.571455910555183 0.524956715094753 0.0
-0.536142272391187 -0.59405607347133 0.0
-0.53425175509687 -0.532606684241944 0.0
-0.532234402591664 -0.471030931005856 0.0
-0.530133732836147 -0.409329158002049 0.0
-0.527988545906534 -0.347510529068326 0.0
-0.525807868938173 -0.285589043357013 0.0
-0.52352465319769 -0.223554120813537 0.0
-0.521129582083216 -0.161392105558038 0.0
-0.518716786521979 -0.0991201376172497 0.0
-0.516335450727359 -0.0367552436007688 0.0
-0.514039898261322 0.0256795162757158 0.0
-0.511901230737909 0.0881492201976981 0.0
-0.510011743134315 0.150600856837044 0.0
-0.508486631130942 0.212956867583786 0.0
-0.507458909511867 0.275107747223205 0.0
-0.507047735042711 0.336906515175428 0.0
-0.50721096750685 0.398169771894095 0.0
-0.507229903553881 0.45874207857669 0.0
-0.504140452148575 0.518606777755483 0.0
-0.474892595912174 -0.595663908856479 0.0
-0.473000997044558 -0.534216372153634 0.0
-0.471002124547857 -0.47264807992123 0.0
-0.468922989401476 -0.410962475859309 0.0
-0.466783757907498 -0.349168551030903 0.0
-0.464580747065695 -0.287275034467754 0.0
-0.462283238239184 -0.22528018581056 0.0
-0.459901775816989 -0.163185871530725 0.0
-0.457496380842803 -0.101011441930366 0.0
-0.455112555506204 -0.0387812508328415 0.0
-0.452800484723509 0.0234724105632081 0.0
-0.450621967149288 0.0857056799720114 0.0
-0.448651861889474 0.147859191591479 0.0
-0.446974241638611 0.209854326665215 0.0
-0.445665092641547 0.271588245852533 0.0
-0.444732078449963 0.33293011656291 0.0
-0.443931100224836 0.393730074105709 0.0
-0.44231331571829 0.453875575422006 0.0
-0.438457806939181 0.51360743030588 0.0
-0.4136408538866 -0.597304252451424 0.0
-0.411752884859982 -0.53586717119175 0.0
-0.409768676650969 -0.474315975351931 0.0
-0.407701821052098 -0.412655563208802 0.0
-0.405560486964849 -0.350894726562599 0.0
-0.40333904602793 -0.289041808810121 0.0
-0.401025769506612 -0.227101858109595 0.0
-0.398636429857985 -0.165084927506454 0.0
-0.396212361802025 -0.103012029033522 0.0
-0.393791685179676 -0.040909911925217 0.0
-0.391416111928233 0.021187596773105 0.0
-0.389133839713666 0.083237826952398 0.0
-0.386997651416362 0.145187420639189 0.0
-0.385055179827537 0.206971413827599 0.0
-0.383320081332971 0.268513382307663 0.0
-0.381696122590071 0.329734088115685 0.0
-0.37981213594796 0.390586653984713 0.0
-0.376947605049419 0.451176129769693 0.0
-0.373183844408699 0.511911751439787 0.0
-0.352383202378305 -0.598976221038885 0.0
-0.350500528082145 -0.537552059933736 0.0
-0.348526031994891 -0.476019968323914 0.0
-0.346462729680432 -0.414385635457998 0.0
-0.344311570558553 -0.352657818155595 0.0
-0.342067709758532 -0.29084546842992 0.0
-0.33972828452488 -0.228957405016498 0.0
-0.337308252194114 -0.16700691102374 0.0
-0.334836562348097 -0.105014387801675 0.0
-0.332342354699966 -0.0430049503690095 0.0
-0.329856549895803 0.0189910642678741 0.0
-0.327411725639951 0.0809375760178956 0.0
-0.32503726347802 0.142792411355521 0.0
-0.322745229538067 0.204508595866654 0.0
-0.32049673015708 0.266038428413276 0.0
-0.318134328501296 0.327348271521582 0.0
-0.315313781074343 0.388457532667568 0.0
-0.311684562882494 0.449485547422369 0.0
-0.307266370183369 0.510422683224393 0.0
-0.291114211644592 -0.600663716885253 0.0
-0.289237225868829 -0.539250011965705 0.0
-0.287266945321098 -0.477733186759079 0.0
-0.285198659467078 -0.416119251537225 0.0
-0.283029159723343 -0.354416726103096 0.0
-0.28075446898147 -0.292634748992439 0.0
-0.278374954526265 -0.230783440340234 0.0
-0.275902239117428 -0.168876360508286 0.0
-0.273355642842148 -0.106931801191981 0.0
-0.270754871446014 -0.0449715835071646 0.0
-0.268119269074525 0.0169787146843456 0.0
-0.265465643498904 0.0788898076729614 0.0
-0.26280144040275 0.140729155774597 0.0
-0.260108991472369 0.202463741652325 0.0
-0.257315029392253 0.264067058567653 0.0
-0.254250061269193 0.325538325352399 0.0
-0.250653555444585 0.386936200675826 0.0
-0.246271885412643 0.448384626403625 0.0
-0.240722007740699 0.510045368794402 0.0
-0.229829205564496 -0.602342211122288 0.0
-0.227957751131558 -0.54093342626225 0.0
-0.225986074846936 -0.479424351210615 0.0
-0.223904608347863 -0.417821019514371 0.0
-0.221707962389029 -0.356131430016233 0.0
-0.219392484828574 -0.294364308172834 0.0
-0.216958718341416 -0.232529617800914 0.0
-0.214413896647768 -0.170639930872201 0.0
-0.211769007665762 -0.10871127754815 0.0
-0.20903435030982 -0.046762673975155 0.0
-0.206217697285926 0.0151834321510885 0.0
-0.20332097937323 0.077100998412909 0.0
-0.200332944392801 0.138960434076787 0.0
-0.197215297183159 0.200730527134982 0.0
-0.193882795571744 0.262382976663032 0.0
-0.190191987257375 0.323902051627675 0.0
-0.185967903854248 0.385288146959003 0.0
-0.181030767887433 0.446536525232319 0.0
-0.174761747782411 0.507596213582767 0.0
-0.168525438351635 -0.603985626328298 0.0
-0.166658926927218 -0.542574973767643 0.0
-0.164680409816302 -0.481064681526319 0.0
-0.162578210891604 -0.419460667715914 0.0
-0.160346067792918 -0.357770202164402 0.0
-0.157980068249543 -0.296001192524416 0.0
-0.155479215744884 -0.234162771335131 0.0
-0.152845794844811 -0.172266202064614 0.0
-0.150082937847571 -0.110325703646892 0.0
-0.147191445706348 -0.0483585238291256 0.0
-0.144167419502746 0.0136142069977117 0.0
-0.140998492220239 0.0755668124707987 0.0
-0.137657169301457 0.137468306158974 0.0
-0.134091020722022 0.199282724135651 0.0
-0.130214219689717 0.260969660050468 0.0
-0.125913308741076 0.322483905825259 0.0
-0.121076553085138 0.383765613053571 0.0
-0.115603658225451 0.444720982485811 0.0
-0.109832796147097 0.505376268529526 0.0
-0.107202991532746 -0.605571868640117 0.0
-0.105340189281627 -0.544152765352877 0.0
-0.10334967586446 -0.48263258965074 0.0
-0.101220081661999 -0.421017047660169 0.0
-0.0989450706571517 -0.359312496923646 0.0
-0.0965199040866094 -0.297525728114082 0.0
-0.0939409380847537 -0.235664647638405 0.0
-0.0912050055959831 -0.173739000480487 0.0
-0.0883072897370548 -0.111761239151729 0.0
-0.085238661739726 -0.049746863952715 0.0
-0.0819830415534152 0.0122845972132563 0.0
-0.0785136387686245 0.0743089507348903 0.0
-0.0747876562338812 0.136296817640348 0.0
-0.0707408514464631 0.19821454157746 0.0
-0.0662874150610163 0.260025944168737 0.0
-0.0613343025298996 0.3216968395382 0.0
-0.0558171841388647 0.383205692054922 0.0
-0.0498432994197398 0.444597571448635 0.0
-0.0442522910226666 0.506026626676991 0.0
-0.0458646754875232 -0.607086589174268 0.0
-0.0440033984822984 -0.54565363547322 0.0
-0.0419960955794342 -0.484116318538522 0.0
-0.0398335389475346 -0.422479937237157 0.0
-0.0375096470039491 -0.360749679385241 0.0
-0.0350182650830958 -0.29893088039151 0.0
-0.0323522675746553 -0.237029789015984 0.0
-0.0295025290700148 -0.17505417645679 0.0
-0.0264559567479909 -0.113014171140127 0.0
-0.0231930390398434 -0.0509226077047356 0.0
-0.0196851857399712 0.011204134590638 0.0
-0.0158914918960269 0.0733458174021053 0.0
-0.0117555086660256 0.13547831858973 0.0
-0.00720458341623922 0.19757510435156 0.0
-0.00215776367537845 0.259609575486686 0.0
0.00344808106968237 0.321560821047277 0.0
0.00958816087517234 0.383426411414596 0.0
0.0159772510887898 0.44522665540465 0.0
0.0220100883634809 0.506856826781923 0.0
0.0154842541821833 -0.608525391622775 0.0
0.0173473050073144 -0.547074977046993 0.0
0.0193756612015864 -0.485515311667455 0.0
0.0215753814202941 -0.423850922511227 0.0
0.0239524202195838 -0.362085483536913 0.0
0.0265149636408423 -0.300222492776431 0.0
0.0292742674685252 -0.238266066288323 0.0
0.0322458271935182 -0.176221427415805 0.0
0.0354512666854173 -0.114095648990879 0.0
0.0389206534581959 -0.0518979238191894 0.0
0.042694920085315 0.0103597187475728 0.0
0.0468281430956058 0.072662192713584 0.0
0.0513883013610694 0.134991191805508 0.0
0.0564532096944635 0.197325908308634 0.0
0.0620951868370974 0.259643457246356 0.0
0.0683432792125843 0.321920435954432 0.0
0.07510712154086 0.384129782640166 0.0
0.0820969306773453 0.446205510837508 0.0
0.0888726443626661 0.50800238112844 0.0
0.0768370497416586 -0.609894920542238 0.0
0.0787061416487211 -0.548425622296053 0.0
0.0807589447584598 -0.486840871346775 0.0
0.0829983104623935 -0.425143920765226 0.0
0.0854305981647943 -0.363336582109253 0.0
0.0880666219807632 -0.3014201818117 0.0
0.0909222303945102 -0.23939629584405 0.0
0.0940195335642351 -0.177267101190622 0.0
0.0973887637563233 -0.115036017698845 0.0
0.101070460412797 -0.0527079252181576 0.0
0.105117507037718 0.00971010431487108 0.0
0.109596332952631 0.0722083729337445 0.0
0.114585423998795 0.134773720984522 0.0
0.120167590693283 0.197388709230492 0.0
0.126409812437119 0.260028989858025 0.0
0.133323194714094 0.322658399423655 0.0
0.140805801017857 0.385214603394012 0.0
0.14860050343216 0.447586615153245 0.0
0.156308223505192 0.509615624648516 0.0
0.138185812430763 -0.611213026564375 0.0
0.14006562803697 -0.549725889453583 0.0
0.142144909829162 -0.48811610475698 0.0
0.144424324463835 -0.426385138164741 0.0
0.146911443246061 -0.36453270791739 0.0
0.149620206083423 -0.302557763869543 0.0
0.152571316979379 -0.240459051148303 0.0
0.155793567347763 -0.178235301989535 0.0
0.159325721806242 -0.115885775778607 0.0
0.163218601891462 -0.0534104368026762 0.0
0.167536763830586 0.00918924516969979 0.0
0.172358854693872 0.0719095581767226 0.0
0.17777467779395 0.134742943445011 0.0
0.183875743370374 0.197675567550419 0.0
0.190734652420175 0.260681545040022 0.0
0.198370466199032 0.323712777108095 0.0
0.20670406670375 0.386681750308975 0.0
0.215513736728265 0.449443859706158 0.0
0.224377474472644 0.511801547607714 0.0
0.199522605067353 -0.612507983846465 0.0
0.201417275798272 -0.551006672102286 0.0
0.203523181335587 -0.489374936771514 0.0
0.205840723180859 -0.427612151815631 0.0
0.208379517868933 -0.365715946026133 0.0
0.211156921519834 -0.303682838770136 0.0
0.214198538927577 -0.241508533311827 0.0
0.217539732465705 -0.179187938151784 0.0
0.221227587362097 -0.11671557300427 0.0
0.225322967974115 -0.0540856463239674 0.0
0.229902009435752 0.0087071711374816 0.0
0.23505612386839 0.0716668670220522 0.0
0.240888821914333 0.134793986214189 0.0
0.24750704907177 0.198082017348831 0.0
0.255004282850522 0.261509229696081 0.0
0.263433761031449 0.32502488469682 0.0
0.272769437475892 0.38852712295346 0.0
0.282841378940125 0.451836353080566 0.0
0.293198805655496 0.514680092401986 0.0
0.260840221800523 -0.613816416987754 0.0
0.262752068814445 -0.552307167906965 0.0
0.264882509559705 -0.490659816101597 0.0
0.267233908037388 -0.428871866595261 0.0
0.26981841551644 -0.366939151725103 0.0
0.27265678651479 -0.304855784560659 0.0
0.275779347585883 -0.242614259414288 0.0
0.279227719287654 -0.180205289708437 0.0
0.283056906741182 -0.117617993719455 0.0
0.287337434542138 -0.054839715273951 0.0
0.292156912681759 0.00814347666112289 0.0
0.297620323533196 0.0713461584990098 0.0
0.303847964184471 0.134781590606928 0.0
0.310970095981879 0.198457960949988 0.0
0.319117288025654 0.262369455775936 0.0
0.328404761098314 0.326480026988972 0.0
0.338900877518612 0.390693380657571 0.0
0.35054436027437 0.454802959227057 0.0
0.362922617860986 0.518424016181216 0.0
0.322132575177403 -0.615179271978045 0.0
0.324060949641127 -0.553670585231761 0.0
0.326211749006257 -0.492017706929678 0.0
0.328590626530683 -0.430217307283374 0.0
0.331212054128872 -0.368263606853551 0.0
0.334099928351916 -0.306148372586934 0.0
0.337288885941353 -0.243860909105633 0.0
0.340826212956622 -0.181387621161431 0.0
0.344774102754157 -0.118711796521922 0.0
0.349211984990049 -0.0558129034891541 0.0
0.354238433137574 0.00733357802611957 0.0
0.359972322571096 0.0707564047464615 0.0
0.366553077451875 0.134487816060959 0.0
0.374140731677559 0.198561500628536 0.0
0.382917050421845 0.263005965006115 0.0
0.393087868838361 0.327830126008445 0.0
0.40487558787319 0.392989009951519 0.0
0.418453085716443 0.458303662493252 0.0
0.433666797204051 0.523285848904848 0.0
0.383395581389359 -0.616634382877675 0.0
0.385336783580562 -0.555136764845637 0.0
0.387502589297982 -0.493494726072977 0.0
0.389900557189722 -0.431703514776764 0.0
0.392547229681217 -0.369755708347249 0.0
0.395469227191393 -0.307641283541328 0.0
0.39870474998692 -0.245347208902534 0.0
0.402305687154106 -0.182856444541871 0.0
0.40634009484246 -0.12014703909903 0.0
0.410894807633704 -0.0571905648430887 0.0
0.416077857417767 0.00604920644478179 0.0
0.422020828751237 0.0696182169452341 0.0
0.428881993166306 0.133573972904665 0.0
0.436852840920493 0.1979878684004 0.0
0.44617255637337 0.262946054550544 0.0
0.457156987717812 0.328547539746898 0.0
0.470245705844386 0.394887710470035 0.0
0.48604850766861 0.46198718185016 0.0
0.505241489166731 0.529518701937801 0.0
