-0.777817735939245 -0.650093268854836 0.0
0.448177082336211 -0.682339623924828 0.0
-0.773828101158142 0.61237245798111 0.0
0.61237245798111 0.61237245798111 0.0
-0.716605881146426 -0.652091751051062 0.0
0.449953411340731 -0.620998371661152 0.0
0.528527611743739 0.594742733965706 0.0
-0.754139382011647 0.542482802352598 0.0
-0.655378917976786 -0.653817936922979 0.0
0.451963425719684 -0.559519397744275 0.0
0.4509213517014 0.585099278134996 0.0
-0.747357946136768 0.47503954106478 0.0
-0.594150209519941 -0.655524588374331 0.0
0.454205124951144 -0.497893077713853 0.0
0.377127215746202 0.578755013487399 0.0
-0.744840677462038 0.409515395974598 0.0
-0.532916324586871 -0.657230039979961 0.0
0.456683894166462 -0.4361118863578 0.0
0.305716047907429 0.574217339258353 0.0
-0.744328890235754 0.345133351259294 0.0
-0.471679623745079 -0.658950445575048 0.0
0.459414500587899 -0.374168044809155 0.0
0.235900288337151 0.570858693973037 0.0
-0.744975954412917 0.281444570211715 0.0
-0.410437711284162 -0.660701570467041 0.0
0.46242190785037 -0.312051890545435 0.0
0.167205610230107 0.568360939488217 0.0
-0.746355063959027 0.218200247303464 0.0
-0.349183338213749 -0.662482758383862 0.0
0.465742625838936 -0.249750472949594 0.0
0.0993114343839489 0.566533481578364 0.0
-0.748210952817791 0.155259662174882 0.0
-0.287907601979594 -0.664277470927051 0.0
0.469426664598035 -0.187245783047474 0.0
0.0319688556842945 0.565227142325625 0.0
-0.750375527440843 0.0925419379836442 0.0
-0.226603401547997 -0.666059665980897 0.0
0.473539845979616 -0.124513016841542 0.0
-0.0350504844337065 0.564239279584121 0.0
-0.752732109694117 0.0300009081537864 0.0
-0.165267338329528 -0.667801004926027 0.0
0.478166293365897 -0.0615179265859664 0.0
-0.10198217618718 0.562925655254678 0.0
-0.755198358613296 -0.0323871597492481 0.0
-0.103900846257781 -0.669476832268907 0.0
0.483410929586003 0.00178601261684876 0.0
-0.167870533077759 0.565161525431236 0.0
-0.757720205646246 -0.0946297093605478 0.0
-0.0425099575583286 -0.671070337073111 0.0
0.489402470978549 0.065461737450312 0.0
-0.232779302088307 0.568256201786997 0.0
-0.760286096890056 -0.156719196343226 0.0
0.0188953643415107 -0.672575030439213 0.0
0.496298482690018 0.129594034401697 0.0
-0.297754610420206 0.568444625972528 0.0
-0.763011980692838 -0.218637460997709 0.0
0.0803027329409144 -0.673995983222936 0.0
0.50429650383985 0.194298400744266 0.0
-0.363343654425301 0.569959735829529 0.0
-0.764948856458453 -0.280467884840253 0.0
0.141698388360617 -0.675350103018666 0.0
0.513658757274157 0.259735195358539 0.0
-0.429667920419485 0.571818792602646 0.0
-0.76705400449687 -0.342336684774098 0.0
0.203069214174769 -0.676665526449133 0.0
0.524765124908891 0.32613697975394 0.0
-0.496616217199948 0.577802292128097 0.0
-0.769565666885769 -0.404161128188284 0.0
0.264404689907229 -0.677979878459174 0.0
0.538225638858152 0.393860906249595 0.0
-0.563525099211433 0.584047385868567 0.0
-0.771843257640605 -0.465832924912763 0.0
0.32569882300058 -0.679336855270488 0.0
0.555141338788064 0.463489692989056 0.0
-0.630615528916371 0.587264470169879 0.0
-0.774056117646642 -0.527353207872908 0.0
0.386952873779387 -0.680779941929553 0.0
0.577826066686911 0.535987330188567 0.0
-0.70039819649845 0.595130780666324 0.0
-0.775911483843893 -0.588767840144597 0.0
-0.714729256107378 -0.590766017239894 0.0
-0.712845333050702 -0.529329356896363 0.0
-0.710666558163749 -0.467770324915709 0.0
-0.708400154931555 -0.406148830120116 0.0
-0.706000063744653 -0.344468605458106 0.0
-0.703902712441895 -0.28271597121382 0.0
-0.701811943123709 -0.220725199133222 0.0
-0.699111330308663 -0.158476955594023 0.0
-0.696527353024209 -0.0961560215803733 0.0
-0.693992606538674 -0.0337191376904826 0.0
-0.69152605967737 0.0288675338143156 0.0
-0.689183504172727 0.091636154635276 0.0
-0.687052745097505 0.154624258770559 0.0
-0.685262357557635 0.217878904180483 0.0
-0.684002940178711 0.281454729611191 0.0
-0.683570882530901 0.34539794107407 0.0
-0.684465888459371 0.40968347597457 0.0
-0.687636891856703 0.473997856702277 0.0
-0.695087220648624 0.536956847090157 0.0
-0.653526196498543 -0.59248583833609 0.0
-0.651577796044349 -0.531063187479934 0.0
-0.64942694563841 -0.469521138052936 0.0
-0.647167916297798 -0.407865897344453 0.0
-0.644863856043801 -0.346064972060592 0.0
-0.642698335724741 -0.284153877385574 0.0
-0.640441747069741 -0.222135743500718 0.0
-0.637871093244358 -0.159928960230089 0.0
-0.635320778763253 -0.0975802844764515 0.0
-0.632807985696051 -0.0350866072943899 0.0
-0.630370995425482 0.0275632931392627 0.0
-0.628075128143225 0.0903805443094947 0.0
-0.626016991609125 0.153370663148017 0.0
-0.62433478659049 0.216523804850859 0.0
-0.623226623305889 0.279793037256671 0.0
-0.622980405336152 0.343051539735532 0.0
-0.624015719204312 0.406010619199339 0.0
-0.626863410702826 0.468081042693047 0.0
-0.630496320910624 0.528327335955957 0.0
-0.592292668170225 -0.594196790820995 0.0
-0.590312218475217 -0.532761305715081 0.0
-0.588179087698476 -0.4711991014294 0.0
-0.585956906103566 -0.409504469020834 0.0
-0.583707801205595 -0.347678551507468 0.0
-0.581484991807904 -0.285752683486095 0.0
-0.579155370635773 -0.223711046988517 0.0
-0.576650432262751 -0.161512792039252 0.0
-0.574136477961169 -0.0991793892868344 0.0
-0.571655964282472 -0.0367181019206785 0.0
-0.569257807187458 0.0258635392143484 0.0
-0.567011851278789 0.0885500471148058 0.0
-0.565014713169889 0.151310004395346 0.0
-0.563396260855867 0.21408550818709 0.0
-0.562326136858305 0.276777007223337 0.0
-0.562012123554944 0.339227215988224 0.0
-0.56264531771691 0.401213150732111 0.0
-0.563967593538507 0.462488073337137 0.0
-0.56384305726117 0.523197488551712 0.0
-0.531046984612188 -0.595900884911607 0.0
-0.529055151252879 -0.534456700310125 0.0
-0.526943716888222 -0.472886571894446 0.0
-0.524755709318283 -0.411190556342205 0.0
-0.522529074418477 -0.34937783804346 0.0
-0.52027167793588 -0.28746268901684 0.0
-0.517914504022314 -0.225434849421011 0.0
-0.515446465306451 -0.163280942724035 0.0
-0.512960766566093 -0.101018611765746 0.0
-0.510504531510401 -0.0386654302923587 0.0
-0.508129133964198 0.023755066408703 0.0
-0.505901589337408 0.0862077073345568 0.0
-0.503908571155375 0.148639740838753 0.0
-0.502257695999445 0.21097484793432 0.0
-0.501072252882909 0.273106448173268 0.0
-0.500460603179629 0.334893043648788 0.0
-0.500376016179172 0.396159561725573 0.0
-0.500132305269309 0.45675713046124 0.0
-0.496925843291951 0.516662911476299 0.0
-0.469797416006424 -0.597624726140355 0.0
-0.467805725461204 -0.536184272243728 0.0
-0.465715120882011 -0.474624010303578 0.0
-0.463551331382259 -0.412947209481283 0.0
-0.461333186529407 -0.351162995893312 0.0
-0.459055578564153 -0.289280439209978 0.0
-0.456686125126066 -0.227298189807458 0.0
-0.454233949268796 -0.165218496972932 0.0
-0.451757912688292 -0.103061137458195 0.0
-0.449301630042237 -0.0408507799319149 0.0
-0.446912631100999 0.0213802400324479 0.0
-0.444649098618195 0.083588497873419 0.0
-0.442581097494393 0.145715859728972 0.0
-0.440786675379259 0.20768617104704 0.0
-0.439335181102399 0.269400851388545 0.0
-0.438230014449243 0.330735652089519 0.0
-0.437235751560488 0.391549174871396 0.0
-0.435453031896965 0.451735487612833 0.0
-0.431532027840855 0.511528325009455 0.0
-0.408543871819697 -0.599383717609925 0.0
-0.406557574006029 -0.537955309496504 0.0
-0.404484187879794 -0.476414195307105 0.0
-0.402335284225586 -0.414765154380599 0.0
-0.400117332418124 -0.353017170172417 0.0
-0.397823202201902 -0.291178940529191 0.0
-0.395439755282355 -0.229255891002951 0.0
-0.3929815913396 -0.167258406107174 0.0
-0.390488933517413 -0.105207745728037 0.0
-0.387998305457495 -0.0431306854889483 0.0
-0.385549234385297 0.018939292697938 0.0
-0.383187042562579 0.0809604155463144 0.0
-0.380960944380229 0.142880994528266 0.0
-0.378914676905316 0.2046387482137 0.0
-0.377059114765708 0.266161107971562 0.0
-0.375300687742545 0.327373557428853 0.0
-0.373286656062183 0.388232903853926 0.0
-0.370335700335367 0.448840893455519 0.0
-0.366517414981622 0.509590269903123 0.0
-0.347281766677047 -0.601173740690732 0.0
-0.345303150678513 -0.53975926150387 0.0
-0.343242201016828 -0.478238581135276 0.0
-0.341099323884388 -0.416617307835161 0.0
-0.338873564524059 -0.354904410510581 0.0
-0.33655863834691 -0.29310917522013 0.0
-0.334150539758167 -0.231240744764507 0.0
-0.331663327443183 -0.169312639949478 0.0
-0.329125079728108 -0.107345349914696 0.0
-0.326563770412471 -0.045363819945076 0.0
-0.324008779855266 0.0166021506847275 0.0
-0.321490776612568 0.0785175021813585 0.0
-0.319037069529819 0.140341672261228 0.0
-0.316658210098917 0.202029942235716 0.0
-0.314316295128744 0.263537365296011 0.0
-0.311861684716218 0.324832826061 0.0
-0.308969650811084 0.385935947121137 0.0
-0.305310228626196 0.446961777440091 0.0
-0.300907948779053 0.507906578823055 0.0
-0.286005094997966 -0.602975086901787 0.0
-0.284035232230984 -0.541571360331262 0.0
-0.281981372236091 -0.480066392904912 0.0
-0.279835827295909 -0.418466159448072 0.0
-0.277593459777844 -0.356779406266382 0.0
-0.275249041962964 -0.295015582116022 0.0
-0.272802116522284 -0.233185079024489 0.0
-0.27026374945142 -0.171301617318271 0.0
-0.26765276925146 -0.109383474904412 0.0
-0.264988264169378 -0.0474522073252413 0.0
-0.262288810754897 0.014467200000396 0.0
-0.259570407838152 0.0763464470836059 0.0
-0.256840021280105 0.138154409119518 0.0
-0.254080764902108 0.199859848689129 0.0
-0.251223392264493 0.261438060608904 0.0
-0.248108619321731 0.322889080341123 0.0
-0.244492789632933 0.384269557500767 0.0
-0.240141789339686 0.445698606558336 0.0
-0.234708959980836 0.507331870464173 0.0
-0.224708862604475 -0.604759756537944 0.0
-0.222748270006994 -0.543360522026131 0.0
-0.220696007033895 -0.481862855330463 0.0
-0.218539423099366 -0.420272826188217 0.0
-0.216271364205822 -0.358598688043107 0.0
-0.213887238069456 -0.296849465286948 0.0
-0.211387147977624 -0.235035356261315 0.0
-0.208778185452629 -0.173169037849151 0.0
-0.206071327264489 -0.111266461320014 0.0
-0.203276892310713 -0.049346318335482 0.0
-0.200402743225031 0.0125695767123889 0.0
-0.19745116343147 0.0744561837864685 0.0
-0.194411979851031 0.136285322309027 0.0
-0.191249640064081 0.198027560765453 0.0
-0.18788481413802 0.259656524314033 0.0
-0.184184424006827 0.32115807799282 0.0
-0.179987812833724 0.382533804159881 0.0
-0.175134422626562 0.443781095611303 0.0
-0.16906194672532 0.504855626964162 0.0
-0.163390306612737 -0.606498680227586 0.0
-0.16143899583102 -0.545096485105996 0.0
-0.159382942589847 -0.483596332905604 0.0
-0.157207566849903 -0.422004283704446 0.0
-0.154905193721732 -0.360327909562655 0.0
-0.152471394031623 -0.298575419688808 0.0
-0.14990518449334 -0.236756156282273 0.0
-0.147209187419484 -0.174881447028276 0.0
-0.14438708164749 -0.112965383054751 0.0
-0.141440399633763 -0.0510248368485274 0.0
-0.138366260866611 0.0109197492581966 0.0
-0.135153858519868 0.0728437737960336 0.0
-0.131778287091653 0.134717784532312 0.0
-0.12819151981947 0.196507856600591 0.0
-0.124314850466336 0.258176136152924 0.0
-0.120044991382219 0.319680624000088 0.0
-0.115282867443907 0.380966082091807 0.0
-0.109945164190267 0.441946063078581 0.0
-0.104364783834105 0.502645331691331 0.0
-0.102049792746371 -0.608167437111604 0.0
-0.100106980074157 -0.54675512745911 0.0
-0.0980419387520385 -0.485243125493017 0.0
-0.0958408615794911 -0.423637417825927 0.0
-0.0934965283191076 -0.361944727694973 0.0
-0.0910042041834976 -0.300172159719719 0.0
-0.0883607692711767 -0.238327815823565 0.0
-0.0855639283430209 -0.176421481433523 0.0
-0.0826100312249569 -0.114465459461002 0.0
-0.0794914587606227 -0.0524748645309834 0.0
-0.076194145886778 0.00953145561791458 0.0
-0.0726941191460883 0.0715303485944243 0.0
-0.068952660981196 0.133493898000762 0.0
-0.0649114524038327 0.195390357355104 0.0
-0.0604928932315321 0.257185871695624 0.0
-0.0556142705750213 0.318848867712361 0.0
-0.0502226712195929 0.380360133574208 0.0
-0.0444296766399597 0.441762684496949 0.0
-0.039033646866365 0.503198255459867 0.0
-0.0406906853602938 -0.609750099745864 0.0
-0.0387544131801045 -0.548321810320996 0.0
-0.0366754088720557 -0.48679013832399 0.0
-0.0344427521760841 -0.425160824330716 0.0
-0.032050157013812 -0.36343949077918 0.0
-0.0294920666192777 -0.301631802670392 0.0
-0.0267624297898026 -0.23974420032701 0.0
-0.0238535636412671 -0.17778449501385 0.0
-0.0207542054483645 -0.115762685961432 0.0
-0.0174471777207715 -0.0536912791902324 0.0
-0.0139069414981153 0.00841391557941965 0.0
-0.0100966707976407 0.0705335163088467 0.0
-0.00596540820433672 0.132644578436193 0.0
-0.00144773859062137 0.194722062898261 0.0
0.00352833774680214 0.256741093288231 0.0
0.00901622865914994 0.318682393222509 0.0
0.0149842878529068 0.380543938595135 0.0
0.0211539857918795 0.442343717799329 0.0
0.0269391299459445 0.503981767790773 0.0
0.0206809873951623 -0.611241473740144 0.0
0.0226140822129889 -0.54979323449396 0.0
0.0247116641916254 -0.488236255899161 0.0
0.0269804871438953 -0.426575670237005 0.0
0.029425919952188 -0.364815642944004 0.0
0.0320549194234816 -0.302960009206698 0.0
0.0348771038102366 -0.241013076410996 0.0
0.0379059433514452 -0.178980126373053 0.0
0.0411605523342688 -0.116868158701991 0.0
0.0446678261519214 -0.0546861473777907 0.0
0.048464613681031 0.00755426952610956 0.0
0.0525996991552833 0.0698386045828476 0.0
0.0571342868437242 0.132149391276061 0.0
0.0621378714869499 0.194466919015667 0.0
0.067673430535889 0.256769613963082 0.0
0.0737614940439069 0.319035372993389 0.0
0.080308230499307 0.381238117500026 0.0
0.0870286553011598 0.443314248768509 0.0
0.0934885265462054 0.505124113865755 0.0
0.0820575475751532 -0.612648215591884 0.0
0.083992138213061 -0.551178350684242 0.0
0.0861122210455243 -0.489593021511221 0.0
0.0884201465909783 -0.427896219310303 0.0
0.0909208480258143 -0.366090267534653 0.0
0.0936232863907569 -0.304176812809561 0.0
0.0965411287369983 -0.242157612248798 0.0
0.099693892709931 -0.180034922619258 0.0
0.103108634050435 -0.117812159458651 0.0
0.106821900281211 -0.0554941120793051 0.0
0.110881495710439 0.00691234416933727 0.0
0.115347414502885 0.0693978511721687 0.0
0.120290191671566 0.131949787276513 0.0
0.125783343435971 0.194551519828283 0.0
0.131884107906913 0.257179848961113 0.0
0.138595495337427 0.319800204307793 0.0
0.145811859173576 0.382352784200814 0.0
0.153277194061019 0.444730809661912 0.0
0.160593827711779 0.506780336213175 0.0
0.143430071241207 -0.613989069575428 0.0
0.145371611379925 -0.552498487953996 0.0
0.147516911695642 -0.490884664117225 0.0
0.149864836870827 -0.42914985926461 0.0
0.152420719523503 -0.367294260582025 0.0
0.155196079146397 -0.305317079518811 0.0
0.158208944940558 -0.243217207005352 0.0
0.161484989350196 -0.180993461663032 0.0
0.165059170766891 -0.118645158149261 0.0
0.168977541412972 -0.0561722896025699 0.0
0.173298637610578 0.00642368985938419 0.0
0.178093593224912 0.0691391733557116 0.0
0.183443126598886 0.131966877262128 0.0
0.189428393394276 0.194893545366074 0.0
0.19611134555127 0.25789438927434 0.0
0.203501837883288 0.320923326724818 0.0
0.211514826887968 0.383896361833051 0.0
0.219926531079109 0.446674082441677 0.0
0.228316043177834 0.509063998553486 0.0
0.204789560246579 -0.615294241359272 0.0
0.206743290171207 -0.553786617410985 0.0
0.208914724492315 -0.492147287659933 0.0
0.211301203208866 -0.430376352804802 0.0
0.213909409489139 -0.368471782724596 0.0
0.216753813284977 -0.306430246510969 0.0
0.219856927806785 -0.244247522213243 0.0
0.223250531393836 -0.181918584274097 0.0
0.226977330339533 -0.119438042641961 0.0
0.231092703005821 -0.0568002274130449 0.0
0.235665889698431 0.00600005607536181 0.0
0.240779765008532 0.0689666989483984 0.0
0.246527600121769 0.132100286597 0.0
0.253004673691677 0.195394664626536 0.0
0.260292127489897 0.258829100586128 0.0
0.268431437240474 0.322355044113041 0.0
0.277386928720054 0.385874724254146 0.0
0.286983147664504 0.44921483019785 0.0
0.296770759834325 0.512109641428393 0.0
0.266127758515496 -0.616603603102087 0.0
0.268097333986568 -0.555085378923698 0.0
0.27029355048621 -0.493426870078865 0.0
0.272714689814478 -0.431626073120433 0.0
0.275369475885358 -0.369678942204256 0.0
0.278275445073172 -0.307579574261169 0.0
0.281459509808362 -0.245320430285554 0.0
0.284959317941064 -0.182892236261266 0.0
0.288824995694078 -0.120284198414551 0.0
0.293120942067635 -0.0574838286466523 0.0
0.297927076276696 0.00552257552197763 0.0
0.303338874433869 0.0687493539373843 0.0
0.309465197784835 0.132209625769553 0.0
0.316423032212314 0.19591172684458 0.0
0.324328155696269 0.259850638467512 0.0
0.333280080706257 0.323992390215722 0.0
0.343331851938765 0.388245038661273 0.0
0.354410750680828 0.452409725352744 0.0
0.36610368751282 0.516112191536146 0.0
0.327437550132006 -0.617963104113707 0.0
0.329423643226183 -0.556443233697336 0.0
0.331641000418179 -0.494775671218809 0.0
0.33409061401525 -0.432957175426882 0.0
0.33678328276745 -0.370981797440171 0.0
0.339739499139044 -0.308841089183938 0.0
0.342990263811537 -0.246524187372948 0.0
0.346578586548637 -0.184017416887585 0.0
0.35056136851959 -0.121304090300337 0.0
0.355011370427838 -0.0583638049496414 0.0
0.360018781410653 0.00482774549052208 0.0
0.36569208630119 0.068299067812613 0.0
0.372158082334371 0.132082209493766 0.0
0.379561730928367 0.196210900080796 0.0
0.388066983681021 0.260714250311517 0.0
0.397858718405177 0.325602998545979 0.0
0.409135407300119 0.390836514634429 0.0
0.422046478365509 0.456245089364012 0.0
0.436427527485205 0.521357293418117 0.0
0.388713758788165 -0.619417991608968 0.0
0.390713583880708 -0.557907696902516 0.0
0.39294688757928 -0.496247392900014 0.0
0.395416520496504 -0.434431922746803 0.0
0.398135343037799 -0.372453423390367 0.0
0.401126512807938 -0.310301481166008 0.0
0.404424463728622 -0.247962742486784 0.0
0.408076596115629 -0.185419920257907 0.0
0.41214536810498 -0.122650897971105 0.0
0.416710532222063 -0.0596271678041055 0.0
0.421871192811973 0.00368750409935989 0.0
0.42774781596519 0.0673390291173133 0.0
0.434484989186591 0.131384926925111 0.0
0.44225739685239 0.195896801432587 0.0
0.451283263261004 0.260961504072146 0.0
0.461851460946586 0.326679872180192 0.0
0.474365872756241 0.393151772310152 0.0
0.489390285435973 0.460408724646355 0.0
0.507554307548419 0.528149241713155 0.0
