-0.613230992295908 -0.635469684740414 0.0
0.612541629958874 -0.638343453361351 0.0
-0.576566544175148 0.61237245798111 0.0
0.61237245798111 0.61237245798111 0.0
-0.552004482606709 -0.635677379391843 0.0
0.612610124079592 -0.577083167421069 0.0
0.551483992994564 0.599716826220334 0.0
-0.590771334500588 0.547371405159101 0.0
-0.490785655358616 -0.635854526888142 0.0
0.612743942061545 -0.515791160334389 0.0
0.490652070739638 0.594206534324391 0.0
-0.597745833777835 0.482287769595625 0.0
-0.429577905754643 -0.636066764854008 0.0
0.612932613130198 -0.454461258811077 0.0
0.430025470129008 0.591123261962544 0.0
-0.601960109963507 0.417896230121181 0.0
-0.368373879608493 -0.63633371017761 0.0
0.613173776005526 -0.393087230759061 0.0
0.369481493115084 0.589240690138549 0.0
-0.604749012932013 0.354138802226517 0.0
-0.307164742360731 -0.636653814450565 0.0
0.61346933466939 -0.331661354295701 0.0
0.308969854359823 0.588045474422241 0.0
-0.606691773025079 0.29088710533826 0.0
-0.245941016631191 -0.637012322401532 0.0
0.613823092943624 -0.270173809420607 0.0
0.248480793480435 0.587279577447388 0.0
-0.608089881237176 0.228030853598249 0.0
-0.184694924804418 -0.637385338397029 0.0
0.614238984826295 -0.208612402896822 0.0
0.188025436414112 0.586803299827974 0.0
-0.609119003025565 0.165486017483367 0.0
-0.123421859349905 -0.637746703115858 0.0
0.614719447154585 -0.146962177520097 0.0
0.127627831346973 0.586544217968452 0.0
-0.609889754147879 0.103190082481353 0.0
-0.0621210025053639 -0.638073403693757 0.0
0.615263702945488 -0.0852054304324616 0.0
0.0673230878903448 0.586485110293083 0.0
-0.610476000147172 0.0410963834191157 0.0
-0.000794628505694236 -0.638348361583819 0.0
0.615865902057404 -0.0233213015432347 0.0
0.00715896137914994 0.58673649039846 0.0
-0.610929891315527 -0.0208294279610754 0.0
0.060552539247022 -0.638561078485302 0.0
0.616513176554984 0.0387142812172454 0.0
-0.0528636059672021 0.586246700765169 0.0
-0.611291824122209 -0.0826122213539644 0.0
0.121914359891849 -0.638707051439668 0.0
0.61718377354639 0.100929304630808 0.0
-0.112886423244779 0.585834921584373 0.0
-0.611603744660328 -0.144268882916897 0.0
0.183283883110391 -0.638786730343416 0.0
0.617845321291899 0.163356735177047 0.0
-0.17285774325487 0.586937649398645 0.0
-0.611986845399815 -0.205812447307754 0.0
0.244654142344106 -0.638804556334001 0.0
0.618452870477601 0.226037171520884 0.0
-0.232475597138183 0.587753223899715 0.0
-0.612044537447171 -0.26731982276435 0.0
0.306018014244663 -0.638768418273432 0.0
0.618945150899674 0.289022718923015 0.0
-0.291622476727379 0.589008029560236 0.0
-0.612133457079494 -0.328809871415485 0.0
0.367368726599642 -0.638689703273896 0.0
0.619235013918511 0.352384688807439 0.0
-0.349971590103532 0.58858859400303 0.0
-0.612387547664157 -0.390233407380347 0.0
0.428700155967361 -0.638583959160715 0.0
0.619184092598066 0.416225377418313 0.0
-0.408035079857528 0.589000953704269 0.0
-0.612614599908814 -0.451598086092581 0.0
0.490007178899436 -0.638471986833659 0.0
0.618535501711207 0.480694409493006 0.0
-0.46585109978201 0.594064258837642 0.0
-0.612853416223554 -0.512916970545334 0.0
0.551287205083071 -0.638380846539287 0.0
0.61672570746514 0.546002950098886 0.0
-0.522616181591031 0.599032419961219 0.0
-0.613030260481715 -0.574204708465835 0.0
-0.551807417783981 -0.574411466116177 0.0
-0.551620805424429 -0.51311683004225 0.0
-0.55139364946485 -0.451786772126455 0.0
-0.551177058071936 -0.390434806932682 0.0
-0.550938825759013 -0.329061034399417 0.0
-0.550822978493093 -0.267627748693785 0.0
-0.550747749590366 -0.206090535435202 0.0
-0.550432465422032 -0.144461453556308 0.0
-0.550129667655907 -0.0827758715473453 0.0
-0.549779399021037 -0.0210111416810235 0.0
-0.549344413833683 0.0408502661995022 0.0
-0.548786397661664 0.102822609600149 0.0
-0.548056873802625 0.164916904943732 0.0
-0.547088812000966 0.227138328709088 0.0
-0.545784264709173 0.28947817203027 0.0
-0.543991995821768 0.351897963842508 0.0
-0.541460750030039 0.414297566425096 0.0
-0.537723736681844 0.476458451788639 0.0
-0.531751164558839 0.537982577544293 0.0
-0.490584579264851 -0.574587056842266 0.0
-0.490382087016602 -0.513299139612878 0.0
-0.490166771020109 -0.451980814672013 0.0
-0.489958025646587 -0.390629953724283 0.0
-0.489768986087679 -0.329228366795435 0.0
-0.489655261402132 -0.267789225142029 0.0
-0.489527148241672 -0.206318608414331 0.0
-0.489274050736983 -0.144777542294715 0.0
-0.488999020888211 -0.0831876317963831 0.0
-0.488673714279384 -0.0215497775183044 0.0
-0.488267883512632 0.0401340242448575 0.0
-0.487746368084155 0.101856472000502 0.0
-0.487063250778757 0.163601442561201 0.0
-0.486154053282407 0.225339840264045 0.0
-0.484923019804699 0.287023811801906 0.0
-0.48321972243277 0.348583573657341 0.0
-0.480793523568045 0.40993607523299 0.0
-0.477214937061905 0.471039468874553 0.0
-0.472041059278406 0.532137581948106 0.0
-0.429360850122814 -0.574808825049835 0.0
-0.429150247415372 -0.513531856183568 0.0
-0.428946372084407 -0.452228357083006 0.0
-0.428760935268549 -0.39089404403382 0.0
-0.428604962306084 -0.32952915375643 0.0
-0.428485513983109 -0.268146795217653 0.0
-0.428341680462952 -0.206742526696627 0.0
-0.428124845609812 -0.145302502302889 0.0
-0.427873171229816 -0.0838419401543624 0.0
-0.427567511864855 -0.0223705801820331 0.0
-0.427180453103452 0.0390992650072934 0.0
-0.426676878927448 0.100550060510876 0.0
-0.426009198438886 0.161957430056425 0.0
-0.42510981060885 0.223290062264294 0.0
-0.423879772886122 0.28451141143293 0.0
-0.422173271610582 0.34558789795316 0.0
-0.419788263420478 0.406509313817922 0.0
-0.416555904582817 0.467338008132685 0.0
-0.412804020347708 0.528250901078974 0.0
-0.36813680607098 -0.57508707362189 0.0
-0.367923362924757 -0.513827330732625 0.0
-0.367732922024344 -0.452549126746464 0.0
-0.36756822904203 -0.391252119184419 0.0
-0.367429877391068 -0.329940809160131 0.0
-0.367307266348942 -0.268622603686641 0.0
-0.367159544493073 -0.207296554271989 0.0
-0.366960538736253 -0.145961214006382 0.0
-0.366719219865438 -0.0846291401552105 0.0
-0.366417452493728 -0.023311833879434 0.0
-0.36602762523353 0.0379779915033202 0.0
-0.365512734658521 0.0992263272283424 0.0
-0.364822339064705 0.160419293396364 0.0
-0.363886614335711 0.22154733497888 0.0
-0.36260989015405 0.282612597244905 0.0
-0.360870368880823 0.343643821673492 0.0
-0.358558349749791 0.404722595936211 0.0
-0.355757813954837 0.466016109120998 0.0
-0.353530013950327 0.527782218812932 0.0
-0.306908763362082 -0.575419341706946 0.0
-0.306695687290634 -0.514179904267925 0.0
-0.306517013751509 -0.452931536899562 0.0
-0.306366564721322 -0.391675335649298 0.0
-0.306236442630489 -0.330415873948492 0.0
-0.306109847908417 -0.269158465033553 0.0
-0.305957591760618 -0.207904774319498 0.0
-0.305761054740439 -0.146657678974617 0.0
-0.305515304872994 -0.0854264311611597 0.0
-0.305200936608455 -0.0242193112580989 0.0
-0.304789654917362 0.0369566594382023 0.0
-0.304243841501074 0.0980972887808764 0.0
-0.303513994926596 0.159204099629073 0.0
-0.302536316704961 0.220289713107221 0.0
-0.301234502105871 0.281385404935314 0.0
-0.299538620634137 0.34255299599919 0.0
-0.297456910822029 0.403896275104228 0.0
-0.295284117154679 0.465547020437691 0.0
-0.293751532338804 0.527441547590982 0.0
-0.245671039596096 -0.575788452203152 0.0
-0.245460293457818 -0.514567429011706 0.0
-0.245290523883394 -0.453345582101832 0.0
-0.245148012900464 -0.392124060578425 0.0
-0.245019086045648 -0.330906619897783 0.0
-0.244885173256078 -0.269697168055084 0.0
-0.244723447006299 -0.208497980837316 0.0
-0.244517587009077 -0.147312131630275 0.0
-0.244256019841941 -0.0861450167953445 0.0
-0.243918494651389 -0.0250002980939893 0.0
-0.243477424772718 0.0361211065997331 0.0
-0.24289769987969 0.0972227818409915 0.0
-0.242136280482536 0.158315111941889 0.0
-0.241144228224669 0.219418734683081 0.0
-0.23987693928708 0.280567380789949 0.0
-0.238325666580238 0.341808562554386 0.0
-0.236591879603158 0.403189896445245 0.0
-0.234966798551604 0.464693014881365 0.0
-0.233640347105312 0.526134174827974 0.0
-0.184418486582801 -0.576168729118322 0.0
-0.184211896729234 -0.514960852873064 0.0
-0.184048318602339 -0.453757934947498 0.0
-0.18390847456614 -0.392560611832908 0.0
-0.183775314114675 -0.331371479425292 0.0
-0.183630267401109 -0.270193108667204 0.0
-0.183454086787241 -0.209027196696328 0.0
-0.183231282699433 -0.147875538675146 0.0
-0.182947532382974 -0.0867402725379154 0.0
-0.182582982252394 -0.0256214823989023 0.0
-0.182112440836787 0.0354836489496497 0.0
-0.181505889085017 0.096582077637169 0.0
-0.180730162505202 0.157686032935755 0.0
-0.179754550885614 0.218814351288817 0.0
-0.178565589170752 0.279991654494722 0.0
-0.17719850358362 0.341243430087527 0.0
-0.175779912131647 0.402578212994842 0.0
-0.174513983787948 0.463961611186721 0.0
-0.17360313214229 0.525392033674796 0.0
-0.123147813348579 -0.5765334399742 0.0
-0.12294745589068 -0.51533229498936 0.0
-0.122788032499654 -0.454139447784633 0.0
-0.122646911573815 -0.392954911423012 0.0
-0.122505582358281 -0.331780157816083 0.0
-0.122346300573765 -0.270616559620879 0.0
-0.122152138650347 -0.209464883555137 0.0
-0.121908317830678 -0.148325523925186 0.0
-0.121599964198549 -0.0871984044322053 0.0
-0.121208711960122 -0.0260815156210039 0.0
-0.120712904372621 0.0350295747898906 0.0
-0.120088914009452 0.096142435092361 0.0
-0.119314459578309 0.157268033733435 0.0
-0.118376304204426 0.218420696406222 0.0
-0.117285754438437 0.279615242772013 0.0
-0.11610271236897 0.340860022486757 0.0
-0.114955301912347 0.402143400000744 0.0
-0.114038881658218 0.463427195851678 0.0
-0.113614707363151 0.524641142995124 0.0
-0.0618582199598658 -0.576859895972474 0.0
-0.061666333987101 -0.515659434907397 0.0
-0.0615097689627941 -0.454468433094951 0.0
-0.0613646630875807 -0.393286452206635 0.0
-0.061212527493252 -0.33211408477004 0.0
-0.0610369301477599 -0.270951747662595 0.0
-0.0608227775425843 -0.209799325941529 0.0
-0.0605562477442513 -0.148656072479087 0.0
-0.0602231525111982 -0.0875204708945279 0.0
-0.0598073232798074 -0.026389263991586 0.0
-0.059291203766935 0.0347428259013856 0.0
-0.0586578940143215 0.0958836185100334 0.0
-0.0578954889722758 0.157043534175671 0.0
-0.0570053512004071 0.218235447259396 0.0
-0.0560155227829138 0.27947237101762 0.0
-0.0549967000268584 0.340763879980146 0.0
-0.0540731514307862 0.402112880471454 0.0
-0.0534271039594935 0.463517079315523 0.0
-0.0534443009711205 0.524980311239548 0.0
-0.00055097155726974 -0.577131759909587 0.0
-0.000369646196500395 -0.515927043537114 0.0
-0.000215161487895035 -0.454731199033144 0.0
-6.42898518300545e-05 -0.393543618251917 0.0
0.000100308078066239 -0.332364305331084 0.0
0.000293409953075349 -0.271192964697166 0.0
0.000528409195968892 -0.210028746680235 0.0
0.000817880406137727 -0.148870018738796 0.0
0.00117459884832045 -0.087714267640666 0.0
0.00161205475989338 -0.0265573759748277 0.0
0.00214335620881846 0.034606554188949 0.0
0.00277857673151097 0.0957856562730956 0.0
0.00351985652810054 0.156990300244056 0.0
0.00435339825335098 0.218232980031161 0.0
0.00523852768627955 0.279526501753194 0.0
0.00609658171908986 0.340882035272238 0.0
0.00680384932868133 0.402306911766122 0.0
0.00717782886253962 0.463801792914308 0.0
0.00703919676374614 0.525310471637551 0.0
0.0607708915518959 -0.577339343947361 0.0
0.0609400894938615 -0.516126724695296 0.0
0.0610930836045472 -0.454921090203643 0.0
0.0612509296845025 -0.393721932147846 0.0
0.0614289831916641 -0.33252891226996 0.0
0.061640119892901 -0.271341222263653 0.0
0.0618960280397276 -0.210157443174072 0.0
0.0622077820843845 -0.148975310288444 0.0
0.0625862754072809 -0.0877917031868934 0.0
0.0630419530431426 -0.0266021168808391 0.0
0.0635832074383353 0.0345993368221029 0.0
0.0642132537348072 0.0958201263678664 0.0
0.064925017276525 0.157068865239226 0.0
0.0656937870449086 0.218354510922817 0.0
0.066468446225957 0.279683534857088 0.0
0.0671639027211802 0.341056070594795 0.0
0.06765796890676 0.40245918073864 0.0
0.0678134502333635 0.463850705133519 0.0
0.0676430931658275 0.525153736190294 0.0
0.122103285320822 -0.577478840173195 0.0
0.122259643573914 -0.516255841133731 0.0
0.122411859993508 -0.4550370373957 0.0
0.122577619795453 -0.393822208712732 0.0
0.122769725855223 -0.332610836408632 0.0
0.122999009582142 -0.271401746242613 0.0
0.123275434716855 -0.210193116419893 0.0
0.12360840944906 -0.14898231694139 0.0
0.124006676992344 -0.0877660312279937 0.0
0.124477455432615 -0.026539934063934 0.0
0.125024420451973 0.0347010578819959 0.0
0.125644331312858 0.0959626367381113 0.0
0.126322094543927 0.157250201870189 0.0
0.127024493338234 0.218567551139203 0.0
0.127693829885161 0.279913730832144 0.0
0.128244380584115 0.341279524243168 0.0
0.128569274238983 0.402642825964058 0.0
0.128581154875921 0.46396935068979 0.0
0.128265597601167 0.525257175999491 0.0
0.183441501834147 -0.577551220492937 0.0
0.183585408386338 -0.516316303081862 0.0
0.183737905281957 -0.455082195235896 0.0
0.183912456624469 -0.393849024374266 0.0
0.184119015876466 -0.332616142048891 0.0
0.184366365768773 -0.271382077924135 0.0
0.184662793319117 -0.210144722081778 0.0
0.185016003511231 -0.148901276680374 0.0
0.185432529394483 -0.0876485198900144 0.0
0.185916429499531 -0.0263826725022186 0.0
0.18646700101335 0.0349001339652816 0.0
0.187075384886842 0.096203466668742 0.0
0.187720085853595 0.157529489648353 0.0
0.188361934697563 0.218877672548214 0.0
0.188939929206383 0.280242190760976 0.0
0.189371204320428 0.341609989276347 0.0
0.189561796548933 0.402960632923056 0.0
0.189430710585766 0.464275510405315 0.0
0.188929807783866 0.525552809753175 0.0
0.244780926110367 -0.577561304839386 0.0
0.244913999462324 -0.516313652823086 0.0
0.245068266710136 -0.455063013976536 0.0
0.245252512089668 -0.393809753564525 0.0
0.2454738382681 -0.332553010009336 0.0
0.245739137537875 -0.271290978391894 0.0
0.246055172582972 -0.21002126284133 0.0
0.246428045767046 -0.148740937927847 0.0
0.246862204416768 -0.087446934234076 0.0
0.247358822715352 -0.0261360490227637 0.0
0.24791337592736 0.0351944370113361 0.0
0.248512372702382 0.0965462450911309 0.0
0.249129418120563 0.157918967806613 0.0
0.249721251089226 0.219308967529557 0.0
0.250225136742729 0.280707337946195 0.0
0.250560160891344 0.342099170493993 0.0
0.250634915826828 0.403465168848186 0.0
0.250360274211826 0.46478723441329 0.0
0.249658364106987 0.526056925073134 0.0
0.306116885238858 -0.577517313646297 0.0
0.306241946018763 -0.516256722147599 0.0
0.306399817546211 -0.454988982926564 0.0
0.306594627331651 -0.393714395530936 0.0
0.306830937056811 -0.332431666813387 0.0
0.307114065107786 -0.271138498473209 0.0
0.30744950413555 -0.209832068478757 0.0
0.30784196921903 -0.148509174035194 0.0
0.308294081568023 -0.087166708140649 0.0
0.308804538136204 -0.0258017758409181 0.0
0.30936564181206 0.035587581461933 0.0
0.309960228758152 0.0970017846815416 0.0
0.310558234494478 0.15843855955006 0.0
0.311113511019897 0.219891918705782 0.0
0.311561914329212 0.281350365769214 0.0
0.311821906155556 0.342796507936744 0.0
0.311797934553248 0.404208166045275 0.0
0.31138420892358 0.4655619980569 0.0
0.310468672430092 0.526840426972696 0.0
0.367445122986529 -0.577431072100089 0.0
0.367565935200261 -0.516158002134845 0.0
0.367729304763009 -0.454873160012213 0.0
0.367935318744713 -0.393576301006352 0.0
0.368186594044205 -0.332265380663361 0.0
0.368487310769342 -0.270937338404759 0.0
0.368842020482632 -0.209588634976757 0.0
0.369254349453024 -0.148215438956847 0.0
0.369725446304093 -0.0868141618340231 0.0
0.370252024511419 -0.0253816512197029 0.0
0.370823915784839 0.0360839938640773 0.0
0.371421215629357 0.0975827254039107 0.0
0.372011263698405 0.159111295894222 0.0
0.372545912809653 0.220662151077298 0.0
0.372959547429778 0.282221497703121 0.0
0.373167914123318 0.343768486255869 0.0
0.373066372060911 0.405275166600953 0.0
0.372524878756718 0.466707992052706 0.0
0.371382902054833 0.528033801884671 0.0
0.428761899350895 -0.577318881138776 0.0
0.4288825901111 -0.516034704132268 0.0
0.429052948870786 -0.454733443858217 0.0
0.429270271162665 -0.39341375949535 0.0
0.4295360086958 -0.332072497161955 0.0
0.429853689011317 -0.270705463230007 0.0
0.430227290401836 -0.209307949042817 0.0
0.430659700105784 -0.14787490838642 0.0
0.431151011729799 -0.0864015025645727 0.0
0.431696515477415 -0.0248833267105284 0.0
0.432284328074128 0.0366827174361585 0.0
0.432892765106673 0.0982976380323024 0.0
0.433487646771767 0.159958967051806 0.0
0.434019748156397 0.221659404377636 0.0
0.434422238879788 0.283384348020664 0.0
0.434607040482419 0.345109894461374 0.0
0.434457184046491 0.406800408494124 0.0
0.433810839349751 0.468406161162547 0.0
0.432436552595396 0.529865094682373 0.0
0.490063752560344 -0.577202867636874 0.0
0.490187853891652 -0.515910270489987 0.0
0.490365747607842 -0.454594362389214 0.0
0.490593597194669 -0.393252297034852 0.0
0.490872454345026 -0.331879424573243 0.0
0.491205667115003 -0.270469970213037 0.0
0.491596999650914 -0.209017444996116 0.0
0.492048956567255 -0.14751472077305 0.0
0.492561016240499 -0.0859544963862847 0.0
0.493127637506683 -0.0243294632085805 0.0
0.493736014762279 0.0373668720889137 0.0
0.494363693795403 0.0991394408987863 0.0
0.494976163950315 0.160990209582431 0.0
0.495524372253571 0.22291662335412 0.0
0.49594139086221 0.284908425263058 0.0
0.496136050599171 0.346943756819938 0.0
0.495978691036625 0.40898243437409 0.0
0.495270463107767 0.470955083829227 0.0
0.493683071517961 0.532749638824697 0.0
0.551347696783345 -0.577112269946115 0.0
0.551476958866138 -0.515815760595442 0.0
0.551661573414891 -0.454489082864698 0.0
0.551897895299703 -0.393127429649065 0.0
0.552187253209397 -0.331724384801588 0.0
0.55253318460876 -0.270272204354092 0.0
0.552939506726158 -0.208761913273919 0.0
0.553408627797571 -0.14718314820322 0.0
0.553939793279209 -0.0855244251886536 0.0
0.554527161349247 -0.023773086935061 0.0
0.555157720316222 0.038084165498116 0.0
0.555809177935712 0.100060944263104 0.0
0.556447882516004 0.162170355419907 0.0
0.55702650795828 0.224424162030812 0.0
0.557480224511531 0.286830201550501 0.0
0.557718117862183 0.349388130168662 0.0
0.557602563416995 0.412079032210219 0.0
0.556900852336085 0.47484109899913 0.0
0.5551722919756 0.537514824766838 0.0
