-0.534313546016419 -0.680219663254929 0.0
0.703348817706566 -0.698581253199091 0.0
-0.417602920532227 0.61237245798111 0.0
0.61237245798111 0.61237245798111 0.0
-0.473172934538597 -0.682565917179413 0.0
0.70284226289795 -0.637058824653323 0.0
0.565228024284371 0.571805504627705 0.0
-0.442307205000185 0.540956617969346 0.0
-0.412051844461645 -0.684821395432446 0.0
0.702885794723342 -0.575174677829795 0.0
0.510534515642303 0.549901635371215 0.0
-0.461229788107732 0.470596547832784 0.0
-0.350992239199861 -0.687257624111409 0.0
0.703223505105505 -0.51291007111434 0.0
0.454441949867634 0.535992632903618 0.0
-0.473475867055713 0.401164439290134 0.0
-0.289962237605367 -0.690040916562907 0.0
0.703685183794173 -0.450261105131145 0.0
0.397778498591905 0.526271646848912 0.0
-0.482460614343629 0.333091399575122 0.0
-0.228898748614415 -0.693201643452697 0.0
0.704137204690945 -0.387228908702292 0.0
0.340721157771973 0.519088557240252 0.0
-0.4902399285059 0.266115950201566 0.0
-0.167718851741459 -0.696660702031018 0.0
0.704458884860772 -0.32381693381383 0.0
0.283342797418841 0.513590673207575 0.0
-0.497208272770786 0.199875419254693 0.0
-0.106335502335292 -0.700240691588006 0.0
0.704531012594146 -0.260031321772224 0.0
0.225700637985085 0.509280798681952 0.0
-0.503047721180981 0.134199354868268 0.0
-0.044675821561332 -0.703695087250762 0.0
0.704232943365884 -0.195881737491053 0.0
0.167857177649036 0.505851521190535 0.0
-0.507665501054796 0.0690731363091455 0.0
0.0173002284445027 -0.706754728109573 0.0
0.703447414485807 -0.13138132515072 0.0
0.109890597640656 0.503141610532096 0.0
-0.51125119797227 0.0045137992087479 0.0
0.0795878142239724 -0.709184228188715 0.0
0.702071889322477 -0.0665429056758099 0.0
0.0518937826090825 0.501510181643229 0.0
-0.514063599399423 -0.0594790080273121 0.0
0.14213781717471 -0.710825910304755 0.0
0.700031734008621 -0.0013707120528809 0.0
-0.00626084936264017 0.497296209456323 0.0
-0.516348681070727 -0.122922092062617 0.0
0.204870030891051 -0.711614536353724 0.0
0.697284850927574 0.0641527291561991 0.0
-0.0644911143306924 0.492934939996952 0.0
-0.518353432431462 -0.18583647518616 0.0
0.267690270010835 -0.711566154291554 0.0
0.693803741559234 0.130079785979711 0.0
-0.122846148871252 0.49206975859489 0.0
-0.520677297670588 -0.248236064141222 0.0
0.330504520231949 -0.710756141357841 0.0
0.689526826677595 0.196505264510351 0.0
-0.180352497454571 0.49012785094519 0.0
-0.521823513920662 -0.310562032654687 0.0
0.393226383700234 -0.709299701649222 0.0
0.68428584791519 0.263563811535745 0.0
-0.236577547784021 0.490709429699125 0.0
-0.523089183753805 -0.372775336246503 0.0
0.455780709273983 -0.707341052597399 0.0
0.677720404816992 0.331422037855144 0.0
-0.291236858331067 0.490893877380923 0.0
-0.525122039916758 -0.434596306048555 0.0
0.518105141633361 -0.705052351507029 0.0
0.669158680098539 0.400265624541146 0.0
-0.346314914956734 0.495048707681143 0.0
-0.527285038975706 -0.496187698700868 0.0
0.580152423050162 -0.702641554464316 0.0
0.657371411542351 0.470255624687857 0.0
-0.396310532191716 0.518243268329392 0.0
-0.529644127956042 -0.55762142125306 0.0
0.64189709587384 -0.700369404236725 0.0
0.639988591992659 0.54133030447316 0.0
-0.441415014805748 0.551788980749208 0.0
-0.531917331417356 -0.618952285039881 0.0
-0.470791689446036 -0.621270887795997 0.0
-0.468467755535932 -0.559872553887514 0.0
-0.466145143112845 -0.498335451023402 0.0
-0.464051669681196 -0.436706490158977 0.0
-0.462044850273357 -0.37499094974569 0.0
-0.460633548746538 -0.312938086053448 0.0
-0.45950627223441 -0.250434527256902 0.0
-0.457523686311516 -0.187628237653652 0.0
-0.455559156281358 -0.124555918384233 0.0
-0.453314853166642 -0.0611514283179814 0.0
-0.450554051471724 0.00262847863134317 0.0
-0.44702545033226 0.066806348461354 0.0
-0.442464414065135 0.131383519566606 0.0
-0.436693265653627 0.19632667764513 0.0
-0.429924708408178 0.261537572896128 0.0
-0.422738831921649 0.326874191820573 0.0
-0.414943148341626 0.392175838740855 0.0
-0.404711048392072 0.456987115590163 0.0
-0.388585129394268 0.519737577544428 0.0
-0.409623280622873 -0.623498403484346 0.0
-0.407250387795797 -0.562094228544083 0.0
-0.405003135642512 -0.500571703678745 0.0
-0.402977678737457 -0.438908448383265 0.0
-0.401209759207015 -0.377012827973206 0.0
-0.39987277250196 -0.314922944539717 0.0
-0.398590116665744 -0.252676600200017 0.0
-0.396880433312017 -0.190125499741745 0.0
-0.395055000712817 -0.12732757328523 0.0
-0.392931681613468 -0.0642776751428948 0.0
-0.390297702896069 -0.000969389237356916 0.0
-0.386902818751288 0.0625893059353654 0.0
-0.382458520272617 0.126353337200827 0.0
-0.376731776215374 0.190184452790376 0.0
-0.370104783794149 0.253769627462218 0.0
-0.363745052014996 0.316723304406879 0.0
-0.357680411497308 0.378815076443702 0.0
-0.349586277876772 0.439825539471002 0.0
-0.410050197413374 0.461198801490096 0.0
-0.348462304392025 -0.625980377179342 0.0
-0.346074218543823 -0.564629025996643 0.0
-0.343919750783833 -0.503165765390291 0.0
-0.342052491133461 -0.44155778122691 0.0
-0.34048817588492 -0.379793564087883 0.0
-0.3392112399143 -0.317910963615464 0.0
-0.337944844530598 -0.255885566401269 0.0
-0.336446366381946 -0.193655273418658 0.0
-0.334790792372723 -0.13124849292242 0.0
-0.332832455663567 -0.068670740319273 0.0
-0.330369955715262 -0.0059250339018419 0.0
-0.327134396499007 0.0569762178627404 0.0
-0.322745714151189 0.119986922421463 0.0
-0.316738841035811 0.182956028715254 0.0
-0.309725258793397 0.245501289422476 0.0
-0.303937455030035 0.307277880809695 0.0
-0.299211004910939 0.368569736521291 0.0
-0.361687950974182 0.379181995680767 0.0
-0.357829857214466 0.437266770134465 0.0
-0.287305337129869 -0.628836572707261 0.0
-0.284935734316348 -0.567582792890664 0.0
-0.282906299721361 -0.506242693130523 0.0
-0.281213239113792 -0.444799467428444 0.0
-0.279820072527725 -0.383257385496251 0.0
-0.27864058834201 -0.321631053729045 0.0
-0.277472634226053 -0.259903691649675 0.0
-0.27616558093169 -0.198049871634165 0.0
-0.274696065275624 -0.136079921765142 0.0
-0.272929135153734 -0.0739877460496616 0.0
-0.270662638756897 -0.0117515316914901 0.0
-0.267584987710783 0.0506679517377484 0.0
-0.263143972288347 0.113319033715602 0.0
-0.25634552537898 0.176171249442584 0.0
-0.248244133922095 0.238848229249476 0.0
-0.243227608511687 0.301082412065583 0.0
-0.30471958768571 0.308085820238693 0.0
-0.3022128724992 0.369108726150046 0.0
-0.299269536981673 0.430286216707891 0.0
-0.226124625515644 -0.632083151128286 0.0
-0.223808818260474 -0.570951206889933 0.0
-0.221924066973907 -0.509770773103121 0.0
-0.220405726526745 -0.448532307449435 0.0
-0.219174427126122 -0.387243070957 0.0
-0.21812009125629 -0.325913103288429 0.0
-0.217090367454303 -0.264536025279371 0.0
-0.215975598582542 -0.203101455083631 0.0
-0.214716568660676 -0.141606331313349 0.0
-0.213188130426804 -0.0800233617489617 0.0
-0.211191725488268 -0.0182854204458878 0.0
-0.208377222344335 0.0437418437572625 0.0
-0.203975171449375 0.106299125339211 0.0
-0.195861143072064 0.169664769592064 0.0
-0.185848034331809 0.234000083404782 0.0
-0.245105194662007 0.241220099241849 0.0
-0.243577192893531 0.303703072704978 0.0
-0.241903184101993 0.366014354309209 0.0
-0.240284893706226 0.428533297061928 0.0
-0.164873712256057 -0.635623507105639 0.0
-0.162649559881378 -0.574612297276993 0.0
-0.160923453069826 -0.513594874194332 0.0
-0.159576644935761 -0.452568086707444 0.0
-0.158501533042642 -0.391544704021386 0.0
-0.157586321386509 -0.330540687221186 0.0
-0.156715674877814 -0.269566182860116 0.0
-0.155809469960866 -0.208632344175614 0.0
-0.15481274104141 -0.147754206348743 0.0
-0.153636644202556 -0.0869351058663317 0.0
-0.152140134579258 -0.0261574123343334 0.0
-0.150051500613495 0.0346336601096075 0.0
-0.146615828025426 0.0955542930711197 0.0
-0.137550095205586 0.156493260289987 0.0
-0.18084050029825 0.179084006222942 0.0
-0.182051622060988 0.241917327440637 0.0
-0.181916057438244 0.304204753575201 0.0
-0.181457060462246 0.366159242361006 0.0
-0.180849688081175 0.427876774740857 0.0
-0.103497593924292 -0.639264099543392 0.0
-0.101404858995587 -0.578350435608242 0.0
-0.0998450867930336 -0.517473569428248 0.0
-0.098658842834758 -0.456638079631555 0.0
-0.0977246769676138 -0.39586546560546 0.0
-0.0969402019009682 -0.335185173438656 0.0
-0.0962209506021569 -0.274632805953991 0.0
-0.0955159888276664 -0.214259354286507 0.0
-0.0947991614195069 -0.154143233898666 0.0
-0.0940472030592397 -0.0944052142970708 0.0
-0.093246707211726 -0.035246444663368 0.0
-0.0923957915532525 0.0229865234917254 0.0
-0.0913186196329027 0.0797472686205482 0.0
-0.0942024650214282 0.135007247606905 0.0
-0.115250070135991 0.187477333942373 0.0
-0.118573619427617 0.247112259506986 0.0
-0.119835997182156 0.307668830312509 0.0
-0.120604028491159 0.368642744238278 0.0
-0.121585370446875 0.430046409579283 0.0
-0.0419440606163666 -0.642745793206112 0.0
-0.0400198328947894 -0.581886653210777 0.0
-0.0386246950925991 -0.521098345762338 0.0
-0.0375751167081864 -0.460390285848258 0.0
-0.0367465086191054 -0.399787545807677 0.0
-0.0360479977853395 -0.339323285360179 0.0
-0.0354145329790023 -0.279036846525963 0.0
-0.0348077941782111 -0.218976166026521 0.0
-0.0342050348367456 -0.159196970984687 0.0
-0.0335838182271139 -0.0997516397268092 0.0
-0.0329225751607001 -0.0406597783898182 0.0
-0.0322276187491182 0.0181773109153721 0.0
-0.0323847777196988 0.0772523551939423 0.0
-0.0382502712142861 0.136388642192551 0.0
-0.0515013318336959 0.192134682937074 0.0
-0.0556543133937606 0.251082985078475 0.0
-0.0579971178785305 0.310979263814652 0.0
-0.0600221533902369 0.371369764430299 0.0
-0.0627395110334536 0.431965649170142 0.0
0.0198216714026719 -0.645793073158557 0.0
0.021546035055117 -0.58493098554187 0.0
0.0227852550982525 -0.524153873931932 0.0
0.0237288792954552 -0.463470255514954 0.0
0.0244951427731508 -0.402899409984369 0.0
0.0251615711862248 -0.342463188922685 0.0
0.0257782019117812 -0.282181084548275 0.0
0.0263727684666295 -0.222065647056712 0.0
0.0269572932288238 -0.162113205152908 0.0
0.0275254572166622 -0.102285704634 0.0
0.0280096114741067 -0.0424832155543296 0.0
0.0280393558569153 0.0174940656295221 0.0
0.0262123915729766 0.0777282976105048 0.0
0.0200744361473406 0.137111840347197 0.0
0.0110146523749885 0.195005804700633 0.0
0.00659627704496649 0.254332398604638 0.0
0.00347314677564507 0.314408611971952 0.0
0.000422718709239049 0.375028087459964 0.0
-0.00382881459967163 0.436047666769358 0.0
0.0818041529145866 -0.64817326356205 0.0
0.083303070222934 -0.587249727618562 0.0
0.0843951142018115 -0.526402526430718 0.0
0.0852571714787755 -0.465636640660503 0.0
0.0859903938579755 -0.404962026452887 0.0
0.0866529404571843 -0.344385697305466 0.0
0.0872746574656358 -0.283906367844951 0.0
0.087861658224187 -0.223509448959181 0.0
0.0883940045137779 -0.163160667834856 0.0
0.0888035272683386 -0.10279854724785 0.0
0.0888889047513271 -0.0423347116018148 0.0
0.0881021154917994 0.0182821884999758 0.0
0.0853587363505413 0.0788081491864457 0.0
0.079671881187714 0.138589318371827 0.0
0.0728088827375531 0.197685329918992 0.0
0.0682789059676691 0.257514661188813 0.0
0.0644930496339519 0.3179239471652 0.0
0.0604893096369653 0.378817625237976 0.0
0.0556841705331706 0.439999038334375 0.0
0.143974610985457 -0.649739274268208 0.0
0.14522865885888 -0.588709052010039 0.0
0.146178523954074 -0.527729355398613 0.0
0.146971304636238 -0.466803802735023 0.0
0.147680785014867 -0.405936258990962 0.0
0.148339203971278 -0.345124664682922 0.0
0.148950526100527 -0.284357580319497 0.0
0.149491915305384 -0.223611957221017 0.0
0.149904017679755 -0.162852377759738 0.0
0.150058028015306 -0.102034539781793 0.0
0.149679904247393 -0.0411290362998677 0.0
0.148253436809872 0.0198037423568782 0.0
0.1450721577244 0.0805123969701606 0.0
0.139913702614884 0.140656561092602 0.0
0.134179237433437 0.200445934109279 0.0
0.12951954465103 0.260591484009619 0.0
0.12512024638665 0.321052638590817 0.0
0.120339133696995 0.381675853555004 0.0
0.115073872580603 0.442272683881147 0.0
0.206279647452937 -0.650439230398118 0.0
0.207278329295631 -0.589276819185581 0.0
0.208089564381042 -0.528130262778876 0.0
0.208817190850479 -0.467006097016504 0.0
0.209500147752348 -0.405907267895379 0.0
0.210140924128876 -0.344829505575918 0.0
0.210715677723239 -0.283760467201516 0.0
0.21117227563063 -0.222680493333001 0.0
0.211416722640662 -0.161566240794248 0.0
0.211282709422332 -0.10040096590544 0.0
0.210486663295478 -0.0392019454931882 0.0
0.20861087082848 0.0219334643911507 0.0
0.205253045443657 0.0828041629173541 0.0
0.200511727765102 0.143249415217514 0.0
0.195343862030688 0.203458358034335 0.0
0.190533033112077 0.263793141477414 0.0
0.185634567462292 0.324238295320741 0.0
0.180251489809145 0.384699281239858 0.0
0.174287723586043 0.445177345374756 0.0
0.26865431607657 -0.650300337924753 0.0
0.269399862264673 -0.588997957800962 0.0
0.270079459805042 -0.527674442092635 0.0
0.270744659401026 -0.466342660397133 0.0
0.271395735114693 -0.405008180663873 0.0
0.272004823384147 -0.343668589257828 0.0
0.272521736391093 -0.282315178012873 0.0
0.272869095242365 -0.220936037226716 0.0
0.272928716570558 -0.159522290369639 0.0
0.272520346588454 -0.0980800094294036 0.0
0.271384626636057 -0.0366516301307767 0.0
0.269213011152004 0.0246612933601187 0.0
0.265804369584857 0.0857134469268383 0.0
0.261348979708474 0.146433662411557 0.0
0.256451842354896 0.206956429273665 0.0
0.251476085938109 0.267469322734375 0.0
0.246142751933147 0.327968815037064 0.0
0.240148278442214 0.388412538441886 0.0
0.233334806456893 0.448816665604691 0.0
0.331033602073573 -0.649404797571775 0.0
0.331543701236242 -0.587966564847308 0.0
0.332105735759881 -0.526471532350724 0.0
0.332714338077039 -0.464939965013046 0.0
0.333330875935256 -0.403380931954943 0.0
0.333899194542861 -0.341794912893718 0.0
0.33434637049294 -0.280177754315575 0.0
0.334575796163854 -0.218525348258506 0.0
0.334455877578171 -0.156840814200279 0.0
0.333808876600562 -0.0951451041748627 0.0
0.332414071183269 -0.0334911786007133 0.0
0.330056175348755 0.0280296746923066 0.0
0.326649137604627 0.0893159576924864 0.0
0.322373310759284 0.150334964958319 0.0
0.317585382594397 0.211168756216797 0.0
0.312426826794523 0.271908262680835 0.0
0.306671991665101 0.332541085859532 0.0
0.300032967941017 0.393024904684152 0.0
0.292279666197137 0.45334942212657 0.0
0.393358862612418 -0.647870896055484 0.0
0.393667261201228 -0.586307563608483 0.0
0.394133696860469 -0.52465428829963 0.0
0.394695714532722 -0.462937037041157 0.0
0.395278886984833 -0.40116690568544 0.0
0.395802873525567 -0.33934622233745 0.0
0.396176809099075 -0.277474314454805 0.0
0.396291186894277 -0.215553004540894 0.0
0.396009790824341 -0.153593570282385 0.0
0.395167121465949 -0.0916249261655541 0.0
0.393583069664928 -0.0297013853912395 0.0
0.391111592447436 0.0321001742629345 0.0
0.387722835967783 0.0937073002677602 0.0
0.383550672555079 0.1550982287064 0.0
0.378781976486238 0.216309698198014 0.0
0.373426205386061 0.277367499344738 0.0
0.367253315816287 0.338230621830163 0.0
0.35994226508165 0.398827233398993 0.0
0.351162456777171 0.459100097803178 0.0
0.455581543872258 -0.645844248754283 0.0
0.455736174318305 -0.584170533810581 0.0
0.456134792112786 -0.52237538812322 0.0
0.456662807924496 -0.460486132391964 0.0
0.457216239036487 -0.39851282697493 0.0
0.457696118726598 -0.33645755381572 0.0
0.457998864420414 -0.274321249890583 0.0
0.458007754126188 -0.212109238051772 0.0
0.457588169389686 -0.14983717591493 0.0
0.456591139305274 -0.0875365108631942 0.0
0.454872542239666 -0.0252575568759629 0.0
0.45233299331721 0.0369369570179694 0.0
0.448963696873776 0.0989921535166261 0.0
0.444845503741395 0.160883996120088 0.0
0.440048760616138 0.22261065840398 0.0
0.434492858656448 0.2841454803033 0.0
0.427910338674446 0.3454040416536 0.0
0.419908386264064 0.406258353686132 0.0
0.410009020616705 0.466567657753347 0.0
0.517664582347867 -0.643499430853139 0.0
0.517722742841124 -0.581734071590212 0.0
0.518082610868518 -0.519814109530428 0.0
0.518588556760921 -0.457761776688819 0.0
0.519115898702713 -0.395582486344911 0.0
0.519553343393296 -0.333275964824611 0.0
0.519789563216894 -0.270843058547959 0.0
0.51970505773845 -0.208290439667371 0.0
0.519170383176442 -0.145634921438963 0.0
0.518053490326788 -0.0829062538048364 0.0
0.516239012896473 -0.0201471362247031 0.0
0.51365673078573 0.0425936037054007 0.0
0.510300729193134 0.105273576750582 0.0
0.506204677981682 0.167864392082461 0.0
0.501357529849442 0.230335242849513 0.0
0.495608897543541 0.292616075886776 0.0
0.488632852732899 0.354568266382948 0.0
0.479930833828089 0.415976129588635 0.0
0.468815917922593 0.476550462782899 0.0
0.579582040006007 -0.641051289403173 0.0
0.579601566964089 -0.579218722037416 0.0
0.579946694895854 -0.517189292160962 0.0
0.580438177440917 -0.454973187737513 0.0
0.580940885893523 -0.392568708013565 0.0
0.581337269417243 -0.32997257649602 0.0
0.581512213076183 -0.267185144438769 0.0
0.581346098606557 -0.204213289457572 0.0
0.580715656523561 -0.141072612401376 0.0
0.579503443808295 -0.0777877188890287 0.0
0.577615141193234 -0.0143901136994987 0.0
0.574997568091787 0.0490879986530423 0.0
0.571640061322734 0.112620345096317 0.0
0.567538720401481 0.176185051545659 0.0
0.562623896178673 0.239744142559169 0.0
0.556685282735457 0.303207915611926 0.0
0.549323495021586 0.366393818214455 0.0
0.539903151337034 0.428977088551224 0.0
0.527460813047806 0.490420991356009 0.0
0.641316064336768 -0.638777212206292 0.0
0.641341287354141 -0.576907790783693 0.0
0.64168385301505 -0.514775129101021 0.0
0.642161776578701 -0.452374532309294 0.0
0.6426387796584 -0.389699558248131 0.0
0.642995404818707 -0.326746963829031 0.0
0.643114733801276 -0.263518517160005 0.0
0.642877450726933 -0.200021670827388 0.0
0.642164996253586 -0.136269771123684 0.0
0.640870238870767 -0.072280079634542 0.0
0.638912407197719 -0.00806948422282493 0.0
0.63624711381832 0.0563525540490693 0.0
0.632856358776961 0.120989338475547 0.0
0.628706626778186 0.185854077611005 0.0
0.623681129638302 0.250951657118327 0.0
0.617508254836681 0.31624535258955 0.0
0.609692293786343 0.381601302717052 0.0
0.599411533296161 0.446678337465556 0.0
0.585329765514553 0.510683655114113 0.0
