-0.765419254686338 -0.653535308975319 0.0
0.46121872952166 -0.688811705804699 0.0
-0.750087630748749 0.61237245798111 0.0
0.61237245798111 0.61237245798111 0.0
-0.704216359166378 -0.655757559523189 0.0
0.463084940509339 -0.627457603365443 0.0
0.531057387638791 0.592191583702304 0.0
-0.734030267928393 0.541401162830626 0.0
-0.642997337178367 -0.657709645455698 0.0
0.465218918646886 -0.565946965794699 0.0
0.455250369609761 0.580913418154444 0.0
-0.729166057332248 0.47341823921297 0.0
-0.581777751696704 -0.659648988362522 0.0
0.467603366834166 -0.504267931687849 0.0
0.382915818447264 0.573499793048453 0.0
-0.727807402970978 0.407482676084005 0.0
-0.520552849380416 -0.661599851176959 0.0
0.470233442466436 -0.442411685034129 0.0
0.312766672932778 0.568263949858798 0.0
-0.728067820949703 0.342765079442236 0.0
-0.459322224724919 -0.66357843065399 0.0
0.473115637983846 -0.380369320199175 0.0
0.244082426570027 0.564463111224815 0.0
-0.729260957777797 0.278803153397553 0.0
-0.398080260306227 -0.665596051818263 0.0
0.476266948214319 -0.318129926858323 0.0
0.176428615263722 0.561708383062213 0.0
-0.731044224140815 0.215339103641549 0.0
-0.336816719721248 -0.667644681065127 0.0
0.479715083895526 -0.255679114319858 0.0
0.109513917386233 0.559765960357134 0.0
-0.733212350327605 0.152224305991309 0.0
-0.275520464987137 -0.669699104205033 0.0
0.483499468749157 -0.192997270036205 0.0
0.0431156944543768 0.558463923207001 0.0
-0.73562915768483 0.0893708741956263 0.0
-0.214183208605955 -0.671724683472694 0.0
0.487672639719597 -0.130057900719547 0.0
-0.0229658942373774 0.557600841094743 0.0
-0.738199302635927 0.0267265686211503 0.0
-0.152801510642308 -0.673685517362762 0.0
0.492301829900491 -0.0668250737980406 0.0
-0.0889326705826541 0.556588289410972 0.0
-0.74085520868137 -0.0357374890633012 0.0
-0.0913778595938332 -0.675550963431773 0.0
0.497470549690803 -0.00325065332003908 0.0
-0.153963383461288 0.558773003098047 0.0
-0.743553465674032 -0.0980330026156048 0.0
-0.0299203042879918 -0.677300050678335 0.0
0.503280604237362 0.0607298322932732 0.0
-0.218182408256955 0.561834457941392 0.0
-0.746291154130174 -0.160155814991318 0.0
0.0315583797474297 -0.678924047220085 0.0
0.509855885327564 0.125202742697241 0.0
-0.282464876794178 0.56253991039281 0.0
-0.749204060809167 -0.222089739529973 0.0
0.0930423644738842 -0.680427752808889 0.0
0.517351355517477 0.190285490243098 0.0
-0.347215394146248 0.564525935782988 0.0
-0.751309324136196 -0.283938473125878 0.0
0.154513971865936 -0.681829904277253 0.0
0.525973559873177 0.256141317105915 0.0
-0.412557746887815 0.566982398744771 0.0
-0.753585621385365 -0.345818828534812 0.0
0.215955845734018 -0.683162867231472 0.0
0.536025210351983 0.323007991010878 0.0
-0.478437326990749 0.573220615742897 0.0
-0.756289591383878 -0.407638520518443 0.0
0.277353102586465 -0.684471446508682 0.0
0.548000836063834 0.391253563493405 0.0
-0.544363637891894 0.579878178496074 0.0
-0.758773692295966 -0.469301973463717 0.0
0.338695586487213 -0.685810348921074 0.0
0.562812133214019 0.461487533678342 0.0
-0.610464123045746 0.584174729615088 0.0
-0.761203947598939 -0.530812690356089 0.0
0.399981189500824 -0.68723920368931 0.0
0.582434184747623 0.534754362716397 0.0
-0.678822403577906 0.593285054640762 0.0
-0.763284405713958 -0.592218384878922 0.0
-0.702110941250115 -0.594438787524348 0.0
-0.700000682256258 -0.533008344587321 0.0
-0.697604895250847 -0.471454686783153 0.0
-0.695134737223826 -0.409837047839555 0.0
-0.69254031657335 -0.348159310719125 0.0
-0.690265686554494 -0.286396021894219 0.0
-0.688012343920644 -0.224382558563802 0.0
-0.685138368026632 -0.162108956125736 0.0
-0.68238531648846 -0.0997519548065856 0.0
-0.679677509338189 -0.0372664192127239 0.0
-0.677025544574911 0.0253833029105871 0.0
-0.674474490142504 0.0882308282077362 0.0
-0.67209716310217 0.151314610749286 0.0
-0.670000299755952 0.214681830890049 0.0
-0.668341649378745 0.278386237492844 0.0
-0.667366424296624 0.342472627449935 0.0
-0.667491053059926 0.40691782988931 0.0
-0.669522201074669 0.471431294312293 0.0
-0.67522291995967 0.534745862028015 0.0
-0.640913249135724 -0.596383295847119 0.0
-0.638738842442602 -0.534966129543709 0.0
-0.636373704748594 -0.473428988775002 0.0
-0.633913771453145 -0.411776627267628 0.0
-0.631422260366407 -0.349973512535895 0.0
-0.629085059955054 -0.288054817894568 0.0
-0.626665783799567 -0.226026035715751 0.0
-0.62393040940447 -0.163802925698991 0.0
-0.621217396064957 -0.101432103019932 0.0
-0.618537946746695 -0.0389105985406192 0.0
-0.61592250837166 0.0237723268687914 0.0
-0.613425819463352 0.086626689183205 0.0
-0.611129561767517 0.149656137279134 0.0
-0.60915040272556 0.212848327082277 0.0
-0.607655009162788 0.276154053237282 0.0
-0.606885116527393 0.339447240511333 0.0
-0.607193347918785 0.402450293148336 0.0
-0.609024529772969 0.464610512375751 0.0
-0.611428085074354 0.525031473026471 0.0
-0.579685223321914 -0.598328582736917 0.0
-0.577479589097937 -0.536901111122995 0.0
-0.575135908636985 -0.475346708593494 0.0
-0.572718593581279 -0.413658329781208 0.0
-0.570289222359462 -0.351836490043088 0.0
-0.567899775500862 -0.28991314209777 0.0
-0.565411427707908 -0.227872892240423 0.0
-0.562749521716718 -0.1656745867461 0.0
-0.560079977231925 -0.103340617558598 0.0
-0.557440002625554 -0.0408795488444723 0.0
-0.554871073673324 0.0216994659046959 0.0
-0.55243276875129 0.0843790029916689 0.0
-0.550207332299133 0.147125663826193 0.0
-0.548304455977838 0.209880260383459 0.0
-0.54686576869051 0.272544218112598 0.0
-0.546061598154784 0.334966237568003 0.0
-0.546040124889807 0.396937617481785 0.0
-0.546544329303892 0.458229111018306 0.0
-0.545702862232289 0.518952858369889 0.0
-0.518444293179125 -0.600281043932589 0.0
-0.51622892921293 -0.538849150365601 0.0
-0.513911881453676 -0.477292155591147 0.0
-0.511535258268525 -0.415609430365457 0.0
-0.509135113911896 -0.353810223078541 0.0
-0.506716597094353 -0.291909477056957 0.0
-0.504205948762609 -0.229897700624297 0.0
-0.501587803594016 -0.167762225075458 0.0
-0.498953185932012 -0.105522017348988 0.0
-0.496344301639652 -0.0431961232503494 0.0
-0.493805505684084 0.0191905451010856 0.0
-0.491394124123169 0.0816018750053252 0.0
-0.489183523863756 0.14398526100779 0.0
-0.487263374757981 0.206266733614746 0.0
-0.485733869073303 0.268345977908859 0.0
-0.484677498256571 0.330093894569545 0.0
-0.484035340318278 0.391355146845661 0.0
-0.483192464639881 0.451999026705265 0.0
-0.479711705777349 0.511995958949606 0.0
-0.457197188734959 -0.602266317352483 0.0
-0.454984685768995 -0.540842909175274 0.0
-0.452694096791043 -0.479301881806854 0.0
-0.450348276235939 -0.417646107173555 0.0
-0.447962948492193 -0.355885063712379 0.0
-0.445529612123422 -0.294028669932197 0.0
-0.443011857441589 -0.232076549187428 0.0
-0.440415362162648 -0.170031940678758 0.0
-0.437796203330314 -0.107915767985793 0.0
-0.435193458535073 -0.0457536144963146 0.0
-0.432648296009016 0.0164218713787106 0.0
-0.430210258258343 0.078568057632277 0.0
-0.427937962365103 0.1406294631331 0.0
-0.425895039454382 0.202535519744807 0.0
-0.424134824832696 0.264197572644153 0.0
-0.422649884768776 0.325507063567575 0.0
-0.421223094011497 0.386343494148207 0.0
-0.419066120698669 0.446619250004883 0.0
-0.41499359384145 0.506553817007609 0.0
-0.395941868618494 -0.604294588651393 0.0
-0.393738740646965 -0.542887325992177 0.0
-0.391471469579253 -0.481370748292456 0.0
-0.389146904000574 -0.419749377488497 0.0
-0.386767477529341 -0.358032688367716 0.0
-0.38432243614851 -0.29623026422382 0.0
-0.381795198903012 -0.234348479772327 0.0
-0.379197490020024 -0.172398584403627 0.0
-0.376566816361599 -0.110402533138263 0.0
-0.37393581830588 -0.0483872864100929 0.0
-0.37133873444306 0.0136143586278781 0.0
-0.368813950144851 0.075562618510929 0.0
-0.366402074499305 0.137409638917305 0.0
-0.36413739536903 0.199099413280576 0.0
-0.362023783199257 0.260568517977741 0.0
-0.359972976553163 0.321753849590883 0.0
-0.357673319164913 0.382621676834161 0.0
-0.354532402897263 0.443267169009806 0.0
-0.35059417717625 0.504044232372091 0.0
-0.334671812670398 -0.606353854258106 0.0
-0.332481828864995 -0.544963210028312 0.0
-0.33023347526289 -0.483470622285235 0.0
-0.327920943224014 -0.421881528222507 0.0
-0.325538689983777 -0.360205429141305 0.0
-0.323076910965356 -0.298452438814369 0.0
-0.320528765639881 -0.236632511783551 0.0
-0.317906060693246 -0.174759790485753 0.0
-0.315234690731874 -0.112855044230313 0.0
-0.31253973425087 -0.0509428933604721 0.0
-0.309846778365624 0.0109480585455173 0.0
-0.307181810810193 0.0727850948720648 0.0
-0.304567040341183 0.134531409828057 0.0
-0.302009150525918 0.19614759971592 0.0
-0.299472044753138 0.25759529093092 0.0
-0.2968233352943 0.318849578705602 0.0
-0.293782226593213 0.379931184909881 0.0
-0.290065835091626 0.440945839389536 0.0
-0.285710347507939 0.501903927066191 0.0
-0.273379472292539 -0.608415497160475 0.0
-0.271205328063949 -0.547036539957587 0.0
-0.268970882161449 -0.485561048015744 0.0
-0.26666127033332 -0.423994921069878 0.0
-0.264266648405803 -0.362347457297833 0.0
-0.261778678380509 -0.300628860825287 0.0
-0.259194796720726 -0.238850194276812 0.0
-0.256524601518134 -0.177025592374373 0.0
-0.253785606894326 -0.115173343348426 0.0
-0.250995277701713 -0.0533144196188392 0.0
-0.24817020010677 0.00852754951499937 0.0
-0.245324266740315 0.0703265524900941 0.0
-0.242463073364857 0.132054775262412 0.0
-0.239571235013801 0.193685175697502 0.0
-0.236588380379132 0.255197351392241 0.0
-0.233378196894687 0.316593434466254 0.0
-0.229735442715781 0.377925643089364 0.0
-0.225471385088179 0.439301831414889 0.0
-0.220325730613564 0.50086260588466 0.0
-0.212058949366732 -0.610442900957141 0.0
-0.209902795205003 -0.549067574561474 0.0
-0.207677039147318 -0.487598545858446 0.0
-0.205361529545013 -0.426041963296822 0.0
-0.202944745802797 -0.36440668200428 0.0
-0.200419688653055 -0.302702438261341 0.0
-0.197785244188601 -0.240939995013606 0.0
-0.195047993768989 -0.179132292851244 0.0
-0.19221871063038 -0.117295115964845 0.0
-0.189307572293122 -0.055446408931785 0.0
-0.186322449741201 0.00639349270599808 0.0
-0.183266229296525 0.0682019060326345 0.0
-0.180130999898179 0.129953987104129 0.0
-0.176887269515788 0.19162455470757 0.0
-0.173468993410292 0.253191913281978 0.0
-0.169766595219038 0.314645981852511 0.0
-0.165652198225593 0.375991605074046 0.0
-0.161010092078995 0.43723174753116 0.0
-0.15541239544533 0.49833775074099 0.0
-0.150707334895124 -0.612399541264314 0.0
-0.148570655473477 -0.551018742569885 0.0
-0.146348346827868 -0.489544356774438 0.0
-0.144018691494117 -0.427982757148251 0.0
-0.141570444301777 -0.366342214958377 0.0
-0.138997745927739 -0.304631642739989 0.0
-0.136299447038413 -0.242860873031535 0.0
-0.133478773941616 -0.18104138328568 0.0
-0.130540496769282 -0.119186961463743 0.0
-0.127487662176924 -0.0573135895950891 0.0
-0.124319560845153 0.00455992615380742 0.0
-0.121028802952073 0.0664115481124979 0.0
-0.117596265775814 0.128215500254282 0.0
-0.11398386984388 0.189942778453321 0.0
-0.110129099557318 0.251561750950578 0.0
-0.105951952523416 0.313038303863106 0.0
-0.101382703994957 0.374328452547334 0.0
-0.0963781378429752 0.435363289514609 0.0
-0.0912606293189538 0.496164127223494 0.0
-0.0893256109961277 -0.614255178352538 0.0
-0.0872087510303841 -0.552860338065079 0.0
-0.0849846122431555 -0.491369497106449 0.0
-0.0826333127551351 -0.429789269882436 0.0
-0.0801452866428676 -0.368127217296706 0.0
-0.0775155835570035 -0.306391165111222 0.0
-0.0747421095592226 -0.244589659741824 0.0
-0.0718244179438929 -0.182732566060687 0.0
-0.0687613942544127 -0.120831816387093 0.0
-0.0655487477310043 -0.0589015932711688 0.0
-0.0621769107972581 0.00304088997361214 0.0
-0.0586282660880693 0.0649749783721459 0.0
-0.0548733798770143 0.126876262138125 0.0
-0.0508674987490856 0.18871757286922 0.0
-0.046551935199727 0.250470611543001 0.0
-0.0418679854894154 0.31210998633139 0.0
-0.0367896373302132 0.373621792297118 0.0
-0.0314395266647562 0.435043811110969 0.0
-0.0265203088320635 0.496488759562196 0.0
-0.0279184412072182 -0.61598990684731 0.0
-0.0258200462333955 -0.554574007986174 0.0
-0.0235887010210678 -0.493057495317169 0.0
-0.0212091495535473 -0.431447110044623 0.0
-0.0186743541607363 -0.369749467956732 0.0
-0.0159799364297272 -0.307970984380304 0.0
-0.01312216066308 -0.246118526093303 0.0
-0.0100965262198553 -0.184199973567908 0.0
-0.00689585473915231 -0.122224994851907 0.0
-0.00350822256339597 -0.0602052927902868 0.0
8.49890305559117e-05 0.00184469461431537 0.0
0.00391129200299104 0.0639076289791564 0.0
0.00800903023743926 0.125963351672267 0.0
0.0124269005043847 0.187990319485492 0.0
0.0172160787286335 0.249967611253986 0.0
0.0224071138578931 0.311879568500637 0.0
0.0279517731797011 0.373724794372041 0.0
0.0335862171019879 0.435515749937868 0.0
0.0387699963215282 0.497163948101197 0.0
0.0335062955266877 -0.61759646205273 0.0
0.0355896737115355 -0.556154645750504 0.0
0.0378336388897089 -0.494605758641361 0.0
0.0402469294589289 -0.43295631736924 0.0
0.0428338000524599 -0.371211611767598 0.0
0.0455985408893807 -0.309376240395126 0.0
0.0485471321624169 -0.247454930957198 0.0
0.0516884980205102 -0.185453072880348 0.0
0.0550360808255911 -0.123377464241143 0.0
0.0586095647692822 -0.0612365383061717 0.0
0.0624364654202998 0.000959003569335434 0.0
0.0665534103467768 0.0631960760259184 0.0
0.0710059632198188 0.125459137653631 0.0
0.0758442943985034 0.187730930860084 0.0
0.0811094917046954 0.249992724757 0.0
0.0868017767812087 0.31222512363705 0.0
0.0928183409016307 0.374404041784334 0.0
0.0988846775259314 0.436471376057423 0.0
0.104581119234766 0.498300934523196 0.0
0.094938674223167 -0.619081391572378 0.0
0.0970126092834301 -0.557611353632911 0.0
0.0992743419444217 -0.496026283305287 0.0
0.10172537014217 -0.434331872498371 0.0
0.104367518279489 -0.372531616156031 0.0
0.107205605871563 -0.310627880482662 0.0
0.110248382939801 -0.24862281451448 0.0
0.113509493078258 -0.186518829854084 0.0
0.117008762386355 -0.124319303488486 0.0
0.120773614027392 -0.0620287937149593 0.0
0.124840194900507 0.00034628312709402 0.0
0.129253667339685 0.0627973240668449 0.0
0.134066150855791 0.125312857785141 0.0
0.139329484973143 0.187877924277425 0.0
0.145077920048908 0.250471660226879 0.0
0.151294873072761 0.313062761344794 0.0
0.157864909252579 0.375596880935338 0.0
0.164533705142613 0.437976803157723 0.0
0.170907035290821 0.500060168918429 0.0
0.156367286692108 -0.620465445288069 0.0
0.158439008758201 -0.558967748585917 0.0
0.160722824771696 -0.497345857466484 0.0
0.163213644401733 -0.43560387434349 0.0
0.165911755695035 -0.373743054643936 0.0
0.168823192721665 -0.311763186045747 0.0
0.171959907531317 -0.249663462709688 0.0
0.175340466739157 -0.187442869908663 0.0
0.178991129344955 -0.125100823971998 0.0
0.182947010277642 -0.0626373746229927 0.0
0.187252793330957 -5.39607698917194e-05 0.0
0.191962256819781 0.0626459769824332 0.0
0.197135025870803 0.125455622856332 0.0
0.202828026104248 0.188362751915105 0.0
0.209077948866241 0.25134464082142 0.0
0.215872232655152 0.314359239619919 0.0
0.223110556214394 0.377329996335001 0.0
0.230562751058138 0.440129004921132 0.0
0.23780954109804 0.502575565868713 0.0
0.217780563055859 -0.62178330468162 0.0
0.219857906297885 -0.560261626941729 0.0
0.222166536814851 -0.498605659106784 0.0
0.224696818470251 -0.43681718431367 0.0
0.227448728282235 -0.374894933233471 0.0
0.230430146986681 -0.312835879322852 0.0
0.233656531468528 -0.250635928870488 0.0
0.23715146674494 -0.188290168425486 0.0
0.24094762302391 -0.125793388025983 0.0
0.245087769559686 -0.0631401940893753 0.0
0.249625251062655 -0.000325742122199827 0.0
0.254623186022387 0.0626535201073192 0.0
0.260151026879581 0.125798031522702 0.0
0.266276691212657 0.189102039044445 0.0
0.273052005297011 0.252546451843576 0.0
0.28048986712033 0.316086841760034 0.0
0.288530255624458 0.37963374737246 0.0
0.296982263334805 0.443027304138226 0.0
0.305397463601973 0.506017034467923 0.0
0.279167707493695 -0.623082436943156 0.0
0.281257480898433 -0.56154369001295 0.0
0.283591317110115 -0.499859943624213 0.0
0.286158053004929 -0.438030317453467 0.0
0.288958521194981 -0.376050998466837 0.0
0.292002883248012 -0.313915987727663 0.0
0.295310237934137 -0.251617610771128 0.0
0.298909129871974 -0.189146569805271 0.0
0.302838480193665 -0.126492234580126 0.0
0.307148583684859 -0.0636424928819032 0.0
0.311901601149877 -0.00058421079121209 0.0
0.317170978089995 0.0626962693535541 0.0
0.323038934979344 0.126211447530597 0.0
0.329591290805459 0.189969468195121 0.0
0.336908698917426 0.253966278733081 0.0
0.345052724583815 0.318171405156134 0.0
0.35403831191104 0.382501185888746 0.0
0.363762161397304 0.446772536147933 0.0
0.37380504710086 0.510634042006814 0.0
0.340519131710279 -0.62442054462802 0.0
0.342625158768416 -0.56287475195686 0.0
0.344981831340927 -0.501173431783568 0.0
0.347579277469389 -0.439313498342315 0.0
0.350419816021191 -0.377288543302191 0.0
0.353516124350307 -0.315089550570468 0.0
0.356890865442692 -0.25270519658792 0.0
0.360577230341438 -0.190121549546846 0.0
0.364619942736009 -0.127321913547367 0.0
0.36907638173813 -0.0642861402940098 0.0
0.374017346237487 -0.000990425807936654 0.0
0.379527205261067 0.0625930480613534 0.0
0.385703301530754 0.126495595138174 0.0
0.392655189783383 0.190750462396003 0.0
0.400504585059432 0.255387145232394 0.0
0.409386050438303 0.320418946475883 0.0
0.419439453385068 0.385812761925251 0.0
0.430754179535348 0.451416812334769 0.0
0.443131514605542 0.516795056723957 0.0
0.401827056473954 -0.625860354492629 0.0
0.403948765092935 -0.564320427452528 0.0
0.406323458574669 -0.502617676445765 0.0
0.408943002337477 -0.440745951581925 0.0
0.411811750457902 -0.378696312079335 0.0
0.414944898543367 -0.316457372709338 0.0
0.418368225434245 -0.254014950549358 0.0
0.422118800711323 -0.191351085052796 0.0
0.426246172459143 -0.128443163689914 0.0
0.430813724764124 -0.065262382296722 0.0
0.435899874267124 -0.00177241664512325 0.0
0.441599231148651 0.0620725643099241 0.0
0.44802440396931 0.126329933719516 0.0
0.45531055020419 0.191071312041237 0.0
0.46362621971289 0.256384221845569 0.0
0.473195782686934 0.322371992270638 0.0
0.484336741769166 0.389141805885404 0.0
0.497498950930003 0.45674535394964 0.0
0.51318906987408 0.524933860581501 0.0
