-0.749782983925251 -0.657665913014367 0.0
0.477571799819439 -0.696025878583424 0.0
-0.721897435188293 0.61237245798111 0.0
0.61237245798111 0.61237245798111 0.0
-0.688591077496033 -0.660117402601028 0.0
0.479513647755411 -0.634656233331803 0.0
0.534184057513392 0.589132183761935 0.0
-0.710087642329588 0.540227881367043 0.0
-0.627382753117942 -0.662302802902763 0.0
0.481760418506646 -0.573108556021979 0.0
0.460556867112833 0.575937714671122 0.0
-0.707428232449958 0.471594030382441 0.0
-0.566176279860819 -0.664484341038325 0.0
0.484276912316913 -0.511368577029439 0.0
0.38997058853304 0.567292732803431 0.0
-0.707391180177518 0.405142556704648 0.0
-0.504965456397781 -0.666694305101142 0.0
0.487046561266968 -0.449426082297332 0.0
0.321322229548061 0.56126324881849 0.0
-0.708519248951857 0.340001124361106 0.0
-0.443746453805259 -0.668949568780302 0.0
0.490066490971141 -0.387270879216904 0.0
0.253977169375129 0.556964751440883 0.0
-0.71031286689247 0.275693916541525 0.0
-0.382509527350476 -0.671256346421312 0.0
0.493344721824856 -0.324890558502433 0.0
0.187551154204847 0.553923662223914 0.0
-0.712528540089157 0.211952158616658 0.0
-0.321240520409814 -0.673597634017886 0.0
0.496899049601015 -0.262268939569289 0.0
0.121788927666618 0.551855637954466 0.0
-0.715020202485839 0.148617160365504 0.0
-0.259925276310226 -0.675937471378454 0.0
0.500756932779071 -0.19938436411452 0.0
0.0564994777141753 0.550562965121264 0.0
-0.717689647858787 0.0855920947045919 0.0
-0.198553799646713 -0.678230483040545 0.0
0.504955839405171 -0.136208131516578 0.0
-0.00848348892181674 0.549847331076206 0.0
-0.720467028781693 0.0228170110730984 0.0
-0.137122393511104 -0.680431277080711 0.0
0.509543774034328 -0.0727020582129651 0.0
-0.0733230018733288 0.549195920844489 0.0
-0.723302500029046 -0.0397434812121533 0.0
-0.0756346809207444 -0.682501667552033 0.0
0.514579767602316 -0.00881582646588751 0.0
-0.137357195973164 0.551288486799523 0.0
-0.72616552439543 -0.102106479356662 0.0
-0.0141010600646351 -0.684415395262902 0.0
0.520134688470416 0.0555170805417591 0.0
-0.200768463372108 0.554272797723732 0.0
-0.729063670492854 -0.164272149392331 0.0
0.0474623506360702 -0.686160785739343 0.0
0.526293431600501 0.120384950090832 0.0
-0.264232376901971 0.555590175278918 0.0
-0.732156955536245 -0.226226888027594 0.0
0.10903560574369 -0.687742077614859 0.0
0.53316120511235 0.185907163974951 0.0
-0.328005160195908 0.558116801422965 0.0
-0.734421302670086 -0.288099019105183 0.0
0.170596332896816 -0.68917994923421 0.0
0.540878847936198 0.252249358345725 0.0
-0.392205678249762 0.561265086745441 0.0
-0.736861242675922 -0.349994335582535 0.0
0.232122097782872 -0.690511536317688 0.0
0.549657086802003 0.319653009084359 0.0
-0.456855338430013 0.567752865459313 0.0
-0.739755428505241 -0.411809237861699 0.0
0.293592791651706 -0.691789870380576 0.0
0.559851257805144 0.388493599861864 0.0
-0.521640079449672 0.574849729596111 0.0
-0.742447973835939 -0.47346339912884 0.0
0.354993259053605 -0.693082366165743 0.0
0.572141524957571 0.459400050381737 0.0
-0.58656245135576 0.580422576840379 0.0
-0.745100040081933 -0.534963431553066 0.0
0.416317292647091 -0.694467397321502 0.0
0.588077265591507 0.533484234797074 0.0
-0.653242885353471 0.591000519612444 0.0
-0.747412254352293 -0.596358770666057 0.0
-0.686249596603453 -0.598806551106542 0.0
-0.683905888639992 -0.537383205387403 0.0
-0.68128838672967 -0.475835159554686 0.0
-0.67861305783473 -0.414221032662881 0.0
-0.675825827560738 -0.352544847104486 0.0
-0.673380003477362 -0.290766989745691 0.0
-0.670974847960619 -0.228723792006095 0.0
-0.667937533429962 -0.166416451914132 0.0
-0.665027634266507 -0.10401200678412 0.0
-0.662159493171824 -0.0414628268129409 0.0
-0.65933362941193 0.021269139494952 0.0
-0.656582292490219 0.0842194674171065 0.0
-0.653960527937461 0.147427884833475 0.0
-0.651549382908978 0.210941731643803 0.0
-0.649468271785125 0.274813226360825 0.0
-0.647903177264762 0.339083678871174 0.0
-0.647174979061704 0.403726724718902 0.0
-0.647928267955375 0.468463662844214 0.0
-0.651650664661433 0.532124295859454 0.0
-0.625059260515532 -0.600982782480576 0.0
-0.62265161079059 -0.539571402359965 0.0
-0.620067831100612 -0.478039069794607 0.0
-0.617406183684323 -0.416388757400449 0.0
-0.61473032688502 -0.354581221145524 0.0
-0.612229140636668 -0.292651214211842 0.0
-0.609658274289577 -0.23060692394292 0.0
-0.60677037269335 -0.168360692732687 0.0
-0.603908764272685 -0.105959040789409 0.0
-0.60107747891554 -0.043399101569543 0.0
-0.598297631214912 0.0193292772313121 0.0
-0.595611479859537 0.0822346266135817 0.0
-0.593083268182387 0.145317926860209 0.0
-0.590804712829591 0.208562875944953 0.0
-0.588906300843748 0.271915567430771 0.0
-0.587576930965918 0.335246974142874 0.0
-0.587092756177005 0.398285783623181 0.0
-0.587799486816863 0.460512186210299 0.0
-0.588816276878226 0.521079576753927 0.0
-0.563839607597038 -0.603172249680063 0.0
-0.561401458597539 -0.541753612273625 0.0
-0.558843520478215 -0.480207528851169 0.0
-0.556231558429826 -0.418525325653406 0.0
-0.553626797586697 -0.356706751252232 0.0
-0.551079900678094 -0.294784492905438 0.0
-0.548445267081307 -0.232743566026023 0.0
-0.545640828638792 -0.17054240394269 0.0
-0.542832069655728 -0.108204627219959 0.0
-0.540049952644173 -0.0457404978235021 0.0
-0.537327168920681 0.0168386128534036 0.0
-0.534711285654882 0.0795124640668694 0.0
-0.532267855608894 0.14224444014398 0.0
-0.530083255417694 0.204972447812121 0.0
-0.528266824948487 0.267596976102941 0.0
-0.52694571250655 0.329970869978546 0.0
-0.526218291721781 0.391898843421392 0.0
-0.525824842471677 0.453171425614178 0.0
-0.524177194263007 0.513875693731057 0.0
-0.502607050891908 -0.605387566995404 0.0
-0.50016083280256 -0.543969891958712 0.0
-0.497635391567931 -0.482427944128228 0.0
-0.495072135989047 -0.420760281991133 0.0
-0.492505095476386 -0.358976249481383 0.0
-0.489936281931145 -0.297091608847743 0.0
-0.487286281425863 -0.23509778867648 0.0
-0.484534577406569 -0.172983038806349 0.0
-0.481769595017293 -0.110768099893865 0.0
-0.479027688871104 -0.0484740332830113 0.0
-0.47634492193766 0.0138722219453272 0.0
-0.473767247837631 0.0762328761500195 0.0
-0.471352476705714 0.138554737263827 0.0
-0.469169316915703 0.200765649275795 0.0
-0.467290917368365 0.262771586190382 0.0
-0.465769177289259 0.32445704488118 0.0
-0.464529071943499 0.385689831256711 0.0
-0.463030081684445 0.446364713215941 0.0
-0.459241131965169 0.506457720139332 0.0
-0.441366395311331 -0.607653738545721 0.0
-0.438925910529729 -0.546250656390914 0.0
-0.43643362096144 -0.484732525772884 0.0
-0.433909264324682 -0.423101778257402 0.0
-0.431365011551804 -0.361368354854106 0.0
-0.428788351189417 -0.299543233815023 0.0
-0.426138026298146 -0.237627258758005 0.0
-0.42341553584618 -0.175624969357364 0.0
-0.420673591298127 -0.113558853964946 0.0
-0.417945823659881 -0.0514558353666342 0.0
-0.415265817663614 0.0106507475341141 0.0
-0.412672870055048 0.0727188178184296 0.0
-0.410212054094132 0.134695607376741 0.0
-0.407929919758991 0.196516735911997 0.0
-0.405860653230021 0.25810497378407 0.0
-0.403983078447207 0.319370360456346 0.0
-0.402098037029626 0.380218294881672 0.0
-0.399537172301088 0.440586970557225 0.0
-0.395300275418405 0.500683520307741 0.0
-0.380113072662251 -0.609974831305944 0.0
-0.377686295882665 -0.548593273144477 0.0
-0.375224550418983 -0.487106564818212 0.0
-0.372729246438905 -0.425518964324857 0.0
-0.370198060492223 -0.363840579327549 0.0
-0.367615879374548 -0.302082101239093 0.0
-0.364961917136007 -0.240251104466308 0.0
-0.362244352852309 -0.178359977701586 0.0
-0.359497347409691 -0.11643165625735 0.0
-0.356748806355666 -0.0544934993557285 0.0
-0.354026578197184 0.00742230594254547 0.0
-0.351360719978091 0.0692781197733759 0.0
-0.348781532639378 0.131030421432786 0.0
-0.346311922821106 0.192630465022313 0.0
-0.343946968514783 0.254025589675252 0.0
-0.341603134992781 0.315166431627228 0.0
-0.339012837994807 0.376031463068445 0.0
-0.335681220330992 0.436710060144927 0.0
-0.33162488130225 0.497510981850932 0.0
-0.318837990270288 -0.612329203502583 0.0
-0.316430429079521 -0.550967929183286 0.0
-0.313995242776235 -0.489510070340308 0.0
-0.311519272985738 -0.427960893841409 0.0
-0.308991462250527 -0.366330567692281 0.0
-0.306397693494133 -0.304630227918766 0.0
-0.303727586411863 -0.242870844823181 0.0
-0.300990090670556 -0.181067375261528 0.0
-0.298208326501181 -0.119241020894281 0.0
-0.295403749286294 -0.0574161292595896 0.0
-0.292597262814603 0.00437999044035434 0.0
-0.289809122691202 0.0661172684097186 0.0
-0.287055281413409 0.127763220592731 0.0
-0.284337489872217 0.189284633123531 0.0
-0.281620974330618 0.250650901058835 0.0
-0.278791673988331 0.311844732368317 0.0
-0.275616527047932 0.37288901811873 0.0
-0.271864840376239 0.433879921736495 0.0
-0.267585899551781 0.494844735313258 0.0
-0.257531484031187 -0.614677180612092 0.0
-0.255147771364378 -0.553329085554668 0.0
-0.252734504336029 -0.491890494856106 0.0
-0.250268192906384 -0.430367228561947 0.0
-0.247733240175627 -0.368769248031028 0.0
-0.245117409771333 -0.307107666767915 0.0
-0.242415407733554 -0.245394367040709 0.0
-0.239634852987988 -0.183644016566956 0.0
-0.236791459942042 -0.121874973833566 0.0
-0.233900520923562 -0.0601075903110712 0.0
-0.230976010694051 0.00163602812707273 0.0
-0.228029059008713 0.0633324826815763 0.0
-0.225063307658653 0.124957770343446 0.0
-0.222064610394144 0.186489712022019 0.0
-0.218982005089391 0.247912957744774 0.0
-0.21570417155896 0.30923227546722 0.0
-0.212068265828587 0.370495113510778 0.0
-0.207937011716681 0.431796304561421 0.0
-0.20315112413716 0.493257855523787 0.0
-0.196186338184539 -0.616971376432833 0.0
-0.193830604227862 -0.555626167353283 0.0
-0.191434355755068 -0.49419344658626 0.0
-0.188968309498274 -0.432679434935199 0.0
-0.186415507752142 -0.371093680234596 0.0
-0.183765821927757 -0.309446749263392 0.0
-0.181016409318835 -0.247750072103193 0.0
-0.178172955963795 -0.18601691415881 0.0
-0.175245695634133 -0.124262887371082 0.0
-0.172244326544452 -0.06250508809898 0.0
-0.169176398272893 -0.000762147844602874 0.0
-0.166045137882187 0.060945986441033 0.0
-0.162844830401506 0.122598370937036 0.0
-0.159552408087025 0.184174846753537 0.0
-0.156116249823682 0.245659373706542 0.0
-0.152452547609751 0.307047055425167 0.0
-0.148469841719099 0.368347326938421 0.0
-0.144103494745226 0.429570681335864 0.0
-0.139083764260371 0.490706824296332 0.0
-0.13479929215198 -0.619165916258441 0.0
-0.132474839276809 -0.557812433295749 0.0
-0.130090556396404 -0.496371224425267 0.0
-0.127615922187133 -0.434848982048736 0.0
-0.125035123022751 -0.373254759063885 0.0
-0.122340270991167 -0.311598265039248 0.0
-0.11952968455406 -0.249889888925648 0.0
-0.116606964078665 -0.188141272907253 0.0
-0.113577816240663 -0.126365842638145 0.0
-0.110446700433929 -0.0645785283863909 0.0
-0.107215059849074 -0.0027962034999857 0.0
-0.103879063369228 0.0589621323901505 0.0
-0.10042580929262 0.120675085431157 0.0
-0.0968281033219576 0.182319574855507 0.0
-0.0930412987806092 0.243871566469878 0.0
-0.089011308971588 0.305306694406271 0.0
-0.0847015951567897 0.366594789069697 0.0
-0.0801154508452518 0.427687797347903 0.0
-0.0755657551661615 0.488603107735979 0.0
-0.0733719543360527 -0.621223237412637 0.0
-0.071080559109637 -0.559851152187682 0.0
-0.0687029122379906 -0.498388196259922 0.0
-0.0662115017408087 -0.436841648843422 0.0
-0.0635935821819465 -0.375219996140611 0.0
-0.0608435651446874 -0.313531864740779 0.0
-0.0579601920137981 -0.251786285881191 0.0
-0.0549448157871463 -0.189993186427976 0.0
-0.0517989122008819 -0.128164034322569 0.0
-0.0485216825376351 -0.0663118864492908 0.0
-0.0451083812663446 -0.00445199975825622 0.0
-0.0415483296446811 0.0573979511622347 0.0
-0.0378223638690226 0.119217737750853 0.0
-0.0339008745045987 0.180985647054763 0.0
-0.0297464550622093 0.24267997462239 0.0
-0.0253277195141666 0.304282545916927 0.0
-0.0206498125017041 0.3657852974229 0.0
-0.0158493743818312 0.427219152542992 0.0
-0.0115200185905121 0.488663458420985 0.0
-0.0119104890938042 -0.623118384321828 0.0
-0.00965162222733539 -0.561719253144899 0.0
-0.00727482054602928 -0.500223595788794 0.0
-0.00475918916040222 -0.438639240664081 0.0
-0.00209635078863203 -0.376973900967611 0.0
0.000717099388327492 -0.315234817053242 0.0
0.0036825736593728 -0.253429308516083 0.0
0.00680123867789418 -0.191565294331564 0.0
0.0100759036050096 -0.129652014109307 0.0
0.0135127876193943 -0.0677001911166602 0.0
0.0171229001995692 -0.00572262260117127 0.0
0.0209234015868223 0.0562657668452245 0.0
0.0249384928613809 0.118248067301876 0.0
0.0291979771770139 0.180206740446358 0.0
0.0337292812797646 0.242125261456157 0.0
0.0385365192775116 0.303991739510364 0.0
0.0435515812748406 0.365804889145186 0.0
0.0485260949272256 0.427570610297452 0.0
0.0529746811467324 0.489214317886622 0.0
0.0495750210120536 -0.62484137168649 0.0
0.0518047892442592 -0.563409235243482 0.0
0.0541870346638734 -0.501872845500881 0.0
0.0567334016409786 -0.440240251868558 0.0
0.0594473088625254 -0.378517992523997 0.0
0.0623303407852489 -0.316711502209329 0.0
0.0653846221351481 -0.254825949355101 0.0
0.0686141704838514 -0.192866803273951 0.0
0.0720262331072211 -0.130840586604785 0.0
0.0756325402975723 -0.0687550717765018 0.0
0.0794502241150634 -0.00661985908347715 0.0
0.0835022834371677 0.0555535659504364 0.0
0.0878166198779599 0.117751789366984 0.0
0.0924214020219673 0.179960156970679 0.0
0.0973324989546177 0.242162795153361 0.0
0.102526191273175 0.304342818210192 0.0
0.107887994413014 0.366477872524239 0.0
0.113154373857357 0.428516023972934 0.0
0.117924464362515 0.490347392857151 0.0
0.111071946503696 -0.626398387569666 0.0
0.113279135968754 -0.564930156811291 0.0
0.115673351598446 -0.503348266285028 0.0
0.118255669534093 -0.441660317249437 0.0
0.121024735751771 -0.379871110263848 0.0
0.1239809394766 -0.317983794748528 0.0
0.127127690831214 -0.256000924779327 0.0
0.130472195019188 -0.193925047110001 0.0
0.134026292482951 -0.131759460228398 0.0
0.137807256801637 -0.069508441694773 0.0
0.141838184069076 -0.00717790272661863 0.0
0.146147528673296 0.0552243295276334 0.0
0.150766521971477 0.117687894929352 0.0
0.155722183236039 0.180199363192423 0.0
0.161022020607742 0.242739933399267 0.0
0.166625882555314 0.305281237565606 0.0
0.172405302933889 0.367774358954432 0.0
0.17810642193626 0.430132579749775 0.0
0.183339521490871 0.492227282687404 0.0
0.172565878495701 -0.62781233239242 0.0
0.174759710843474 -0.566308119945125 0.0
0.177172044563432 -0.504679459537663 0.0
0.179793700410659 -0.442932540195873 0.0
0.182619500408253 -0.381069803819015 0.0
0.185649472353133 -0.319091649874973 0.0
0.188888881558535 -0.256997569682182 0.0
0.192348436411068 -0.194786696172935 0.0
0.196044722337007 -0.132458535898553 0.0
0.200000625949473 -0.0700132098480877 0.0
0.204245262186583 -0.00745220519898234 0.0
0.208812794657923 0.0552210599650448 0.0
0.213738840447521 0.117999972629325 0.0
0.219052448909639 0.180872913254069 0.0
0.224760707420677 0.24381863867883 0.0
0.23082386170564 0.30679851582406 0.0
0.237121714543557 0.369743138376563 0.0
0.243414188913443 0.4325366424397 0.0
0.249282418006653 0.49501173149119 0.0
0.234042142222356 -0.629122941027812 0.0
0.236233431423078 -0.567586385434064 0.0
0.238668718514251 -0.505913369182857 0.0
0.241330675643338 -0.444107588000034 0.0
0.24421183856711 -0.382168594838473 0.0
0.247312785867644 -0.320093648214982 0.0
0.250641152024046 -0.257878738826177 0.0
0.254211410891648 -0.195519030905608 0.0
0.25804502364697 -0.133009494173772 0.0
0.262170612680384 -0.0703450697141119 0.0
0.266623606266737 -0.00752141261671649 0.0
0.271444736103518 0.0554644047669699 0.0
0.276676266165604 0.118612194866709 0.0
0.282354529162366 0.181915874071825 0.0
0.288496894369819 0.245356992252319 0.0
0.295081667084132 0.308894070304554 0.0
0.302017828135551 0.372444917682913 0.0
0.309092440029406 0.435862784944724 0.0
0.315853848743269 0.498913496758351 0.0
0.295486889215064 -0.630386382172363 0.0
0.297686123682511 -0.568824908171188 0.0
0.300146796356046 -0.507113771010747 0.0
0.302847071468106 -0.445253348099333 0.0
0.305778924393403 -0.383240018059186 0.0
0.308944293546913 -0.321067588125759 0.0
0.312353576866383 -0.258728149015872 0.0
0.316025157027548 -0.196212308426009 0.0
0.31998539878335 -0.133509581034312 0.0
0.324268727649122 -0.0706082926043782 0.0
0.328917238291332 -0.00749606308234934 0.0
0.333979352043699 0.055839711294214 0.0
0.339506806174869 0.11941026696073 0.0
0.345549372140566 0.183222539117311 0.0
0.352146437553085 0.247271961539655 0.0
0.359313949952223 0.31152959944814 0.0
0.367019284927855 0.375917819788725 0.0
0.375117551362249 0.44026741143877 0.0
0.38317379216396 0.504249709718513 0.0
0.356887589624489 -0.631673924290452 0.0
0.359102326212387 -0.570098784050132 0.0
0.361587518286213 -0.508359803504139 0.0
0.364320872199093 -0.446454000429619 0.0
0.367295147325357 -0.384374344782662 0.0
0.37051427994126 -0.322111073232042 0.0
0.373991618343379 -0.259652238004014 0.0
0.377749356052722 -0.196983517473576 0.0
0.381818527853002 -0.134088122439087 0.0
0.386239157535139 -0.0709461523658094 0.0
0.391060076868987 -0.00753442843773682 0.0
0.396338192737483 0.0561738459901091 0.0
0.402137065412166 0.120208590819219 0.0
0.408525240094429 0.18460142469157 0.0
0.415574880548472 0.24938039722306 0.0
0.423360514987264 0.314558635969377 0.0
0.431950220882594 0.38010676518449 0.0
0.441355605269434 0.445886475886879 0.0
0.451322977252796 0.511494228176591 0.0
0.418233413979111 -0.633068599726988 0.0
0.42046576358441 -0.571494662926245 0.0
0.422971116522193 -0.509743698876864 0.0
0.425728756347854 -0.447808352773827 0.0
0.428733434914765 -0.385678379181855 0.0
0.431991418848125 -0.323341193393337 0.0
0.435518782293742 -0.260781549167836 0.0
0.439340978660196 -0.19798057237814 0.0
0.443492989492275 -0.134914920826977 0.0
0.448019665374909 -0.0715552969471846 0.0
0.452975906154911 -0.00786518001324431 0.0
0.45842677729921 0.0562011088019106 0.0
0.464448086911326 0.120700414714651 0.0
0.471129091185839 0.185703489907207 0.0
0.478580037251067 0.251296846900864 0.0
0.486948659761111 0.317583371627707 0.0
0.496448144044803 0.384672691289354 0.0
0.50738658122832 0.452629242719323 0.0
0.520104685188887 0.521248774522691 0.0
