-0.740787953004831 -0.659935567945346 0.0
0.486942535890421 -0.699761705692544 0.0
-0.706413096189499 0.61237245798111 0.0
0.61237245798111 0.61237245798111 0.0
-0.679602091834148 -0.662497223877056 0.0
0.488912352727087 -0.63838337261855 0.0
0.535963787097117 0.587440544864066 0.0
-0.696896407076535 0.539638943578632 0.0
-0.618400032636817 -0.664795702381387 0.0
0.491206093902835 -0.576815549077119 0.0
0.463553932752839 0.573207469655306 0.0
-0.695416868849627 0.470645491281272 0.0
-0.55720155913974 -0.667095520682219 0.0
0.49377883830381 -0.515042751132134 0.0
0.393934318576718 0.563906119507742 0.0
-0.696082687144903 0.403900653474805 0.0
-0.49599972949077 -0.669433775173283 0.0
0.496607749287541 -0.453054057196873 0.0
0.326110929825243 0.557458981548827 0.0
-0.697666233616306 0.338516874350464 0.0
-0.434788781393848 -0.671827965373078 0.0
0.499684993070939 -0.39083859384244 0.0
0.259499215904284 0.552901454150077 0.0
-0.699769064215338 0.274012084676585 0.0
-0.373556582375945 -0.674281558796572 0.0
0.503013857490363 -0.328383127127074 0.0
0.193743730645089 0.549713177772003 0.0
-0.702201782331154 0.210111428646126 0.0
-0.312286671695739 -0.676772532076416 0.0
0.506606907976333 -0.265670467198486 0.0
0.12860955753861 0.547582441107134 0.0
-0.704850799167667 0.146650445374842 0.0
-0.250963086997795 -0.679258838118401 0.0
0.510485276469621 -0.202677781659532 0.0
0.063923206730095 0.546297946872288 0.0
-0.707638809945807 0.0835271632542231 0.0
-0.189574774535998 -0.681688989477785 0.0
0.514678441837102 -0.139375083495417 0.0
-0.000463355640426237 0.545663900527071 0.0
-0.710510044105597 0.0206772023806689 0.0
-0.128117814279311 -0.684012181693216 0.0
0.519224185249641 -0.0757228593635385 0.0
-0.0646923958760288 0.545213995301503 0.0
-0.713424478940514 -0.0419385636570769 0.0
-0.0665964077172754 -0.686185920307493 0.0
0.524168478907374 -0.0116694922403308 0.0
-0.128189657306503 0.547241501618155 0.0
-0.716358735121459 -0.104340329051367 0.0
-0.00502222789474447 -0.688180912409155 0.0
0.529565614594042 0.0528527408703959 0.0
-0.191162773687708 0.550165400561161 0.0
-0.719326229505924 -0.16653075882834 0.0
0.0565867675920663 -0.689983764797952 0.0
0.535479469312297 0.117933202949521 0.0
-0.254179207933111 0.551819222336567 0.0
-0.722500511849588 -0.228497778623345 0.0
0.118208359528819 -0.691598318380952 0.0
0.541988243799957 0.183692223302598 0.0
-0.317423835007235 0.554634429668221 0.0
-0.72483470894158 -0.290383376266346 0.0
0.179817582477148 -0.693046227601867 0.0
0.549196837054651 0.250296308414326 0.0
-0.381008937704313 0.558155086433031 0.0
-0.727347490741369 -0.352287352841935 0.0
0.241389199494673 -0.694367145011848 0.0
0.557265276819131 0.317987886902659 0.0
-0.445002367517096 0.564754773995202 0.0
-0.730329600538856 -0.414099943884828 0.0
0.302900220266556 -0.695618493947545 0.0
0.566471564904464 0.387144043620546 0.0
-0.509173576744856 0.572067026393554 0.0
-0.733120692020787 -0.475749262154845 0.0
0.36433272969636 -0.696874510851205 0.0
0.577365902375833 0.458398561112422 0.0
-0.57344869074462 0.578336473735918 0.0
-0.73587884450168 -0.537243749680968 0.0
0.425678240402435 -0.698223678284727 0.0
0.591254046509844 0.532886160218231 0.0
-0.639215384888486 0.58971141931426 0.0
-0.738303020620963 -0.59863357505083 0.0
-0.677146322241748 -0.601190486313503 0.0
-0.674689643045034 -0.539770856259113 0.0
-0.671965954819215 -0.478225539476775 0.0
-0.669193872810828 -0.41661288386043 0.0
-0.666317187082505 -0.35493696755678 0.0
-0.663794262269959 -0.293150350125864 0.0
-0.661323430419498 -0.231089776374569 0.0
-0.658214793464535 -0.16876256475891 0.0
-0.655237681919643 -0.106330340631942 0.0
-0.652300923891283 -0.043744001493133 0.0
-0.649399453553888 0.0190359180235539 0.0
-0.646558447835742 0.082046162267282 0.0
-0.643823203870617 0.145327233365889 0.0
-0.641260764826171 0.208926564857207 0.0
-0.638969787786793 0.272895335806544 0.0
-0.637104433283202 0.337272174516164 0.0
-0.63593472981168 0.402026655949856 0.0
-0.636019956297692 0.466880045905508 0.0
-0.638703676040012 0.53069722697253 0.0
-0.615960294947604 -0.603478861784191 0.0
-0.613439725647936 -0.542070293110423 0.0
-0.610751373198921 -0.480540141260611 0.0
-0.607994897321164 -0.418890377952702 0.0
-0.605234327857128 -0.357079689224303 0.0
-0.602660238524499 -0.295142587907629 0.0
-0.600023997900579 -0.233088687965029 0.0
-0.59707089114559 -0.170828348787583 0.0
-0.594146863825715 -0.108408064203139 0.0
-0.591251983322943 -0.0458249966901407 0.0
-0.588402235003757 0.0169306777798819 0.0
-0.585633070445334 0.0798666059640105 0.0
-0.58299929558237 0.142982115248952 0.0
-0.580579225453681 0.206258316809332 0.0
-0.578484053316713 0.269637884845861 0.0
-0.576874690142445 0.332988562102244 0.0
-0.575986994127144 0.396039585862077 0.0
-0.576114389005909 0.458284726132146 0.0
-0.57640652325491 0.518905396973057 0.0
-0.554745861623232 -0.605787712865546 0.0
-0.552195100580742 -0.544373581499615 0.0
-0.549534971439469 -0.482831641048427 0.0
-0.546832139133494 -0.421152308954877 0.0
-0.544147740176944 -0.359334905437577 0.0
-0.541531763238925 -0.297412515113719 0.0
-0.538834928343373 -0.23537034041935 0.0
-0.535971077136674 -0.173166575664845 0.0
-0.53310543066542 -0.11082557099301 0.0
-0.5302655220663 -0.048358583726255 0.0
-0.52747925413132 0.01422167578673 0.0
-0.524787697255035 0.07689320506319 0.0
-0.522247436310355 0.139617263501547 0.0
-0.519932386770597 0.202329591337203 0.0
-0.517934692741628 0.264929294483958 0.0
-0.516358551499093 0.327270257556588 0.0
-0.515275830186179 0.389163049124208 0.0
-0.514424155349928 0.450408457015921 0.0
-0.512357971314401 0.511085424896631 0.0
-0.493518891796527 -0.608133484812217 0.0
-0.490960855424918 -0.546723399448531 0.0
-0.488336441168232 -0.48518945245682 0.0
-0.485686820861971 -0.423529758348986 0.0
-0.483044992593473 -0.361753721239244 0.0
-0.4804112821542 -0.299877560144039 0.0
-0.477703182183934 -0.237893214870694 0.0
-0.474897329244959 -0.175789476647412 0.0
-0.472080708279891 -0.113588142910402 0.0
-0.469286466219239 -0.0513114906106633 0.0
-0.466546150433253 0.0110122693116991 0.0
-0.4638995568475 0.0733442014538803 0.0
-0.461396103868911 0.135630487518738 0.0
-0.459093210002923 0.197799578341311 0.0
-0.457049445710163 0.25976044193525 0.0
-0.455300126124155 0.321404583676186 0.0
-0.453760915306193 0.382612369735333 0.0
-0.45192804948442 0.443294061611842 0.0
-0.44798049902914 0.503434424150119 0.0
-0.432283096527789 -0.610541039662823 0.0
-0.429732230653346 -0.549149089403613 0.0
-0.427144645772126 -0.487643515296205 0.0
-0.424538480607109 -0.42602652091706 0.0
-0.421924005202957 -0.364308319400252 0.0
-0.41928651836127 -0.302500491673882 0.0
-0.416582088423622 -0.240604579260704 0.0
-0.413809891893234 -0.178625888271599 0.0
-0.411020769990099 -0.116587847038027 0.0
-0.408245351714389 -0.0545182125161328 0.0
-0.405513067705748 0.00754917460925214 0.0
-0.402857627541201 0.0695723959791137 0.0
-0.400316735577165 0.131500010008145 0.0
-0.397927644639951 0.193270869542103 0.0
-0.39571406082415 0.254813885751618 0.0
-0.393647011082385 0.316049297265655 0.0
-0.391535747592192 0.376897130195743 0.0
-0.388772773350274 0.437311322315487 0.0
-0.384454596860771 0.497494140978131 0.0
-0.37103243643568 -0.613011108219104 0.0
-0.368497501932515 -0.551643841166169 0.0
-0.365944423494913 -0.490173789792252 0.0
-0.363371689097476 -0.428605085231135 0.0
-0.360774377018394 -0.366948202638488 0.0
-0.358134962925038 -0.305214464151624 0.0
-0.355430313957115 -0.243412131737857 0.0
-0.352666616756335 -0.181554263516929 0.0
-0.349876152807557 -0.119664391539907 0.0
-0.347084191904441 -0.0577701599927197 0.0
-0.34431505160634 0.00409650559614049 0.0
-0.341594211377222 0.0658990638732673 0.0
-0.338946320556971 0.127596294810931 0.0
-0.33638803096079 0.18914336799019 0.0
-0.333909472940558 0.250493487744841 0.0
-0.331429136869119 0.311604880936269 0.0
-0.328701721194659 0.372463041160111 0.0
-0.325282427588077 0.433154899452551 0.0
-0.321173772473959 0.493964884317485 0.0
-0.309756294472249 -0.615516636119434 0.0
-0.307243746329267 -0.554171854025194 0.0
-0.304721403695966 -0.492733573960876 0.0
-0.302172083342122 -0.431206983387618 0.0
-0.299581674465619 -0.369602629562538 0.0
-0.296933643691538 -0.307932224073584 0.0
-0.294215604537452 -0.246207313819335 0.0
-0.291434871360424 -0.184443330629239 0.0
-0.288612976915576 -0.122661749438659 0.0
-0.285769327603103 -0.0608868084621529 0.0
-0.282922205881592 0.000854848177222979 0.0
-0.280088681105592 0.0625345524943655 0.0
-0.277281231456768 0.124122136193307 0.0
-0.274498813560211 0.185587725589467 0.0
-0.271707101078327 0.246904942908249 0.0
-0.268801249896095 0.308060728384717 0.0
-0.265572543272606 0.369079459129349 0.0
-0.261817203205484 0.430052653155345 0.0
-0.257590943422185 0.491016959513016 0.0
-0.248443728732339 -0.618011677345046 0.0
-0.245959267886521 -0.556681045713716 0.0
-0.243463213030957 -0.495263436298944 0.0
-0.240927297025377 -0.43376462951936 0.0
-0.238332700955456 -0.372194952604651 0.0
-0.23566497029241 -0.310566021262672 0.0
-0.232917225978749 -0.24889017491634 0.0
-0.230095912635383 -0.187182387995544 0.0
-0.227215670363933 -0.125461078586418 0.0
-0.224290515217819 -0.0637462845604795 0.0
-0.2213329096923 -0.00205931109999528 0.0
-0.218352389701947 0.0595778305191362 0.0
-0.215351428251125 0.121143169438262 0.0
-0.212316379888324 0.182617126041843 0.0
-0.209201025537731 0.243987062852031 0.0
-0.205906841185536 0.305259197881687 0.0
-0.202292871506994 0.366478499755869 0.0
-0.198248868924722 0.42773274573598 0.0
-0.193669979067327 0.489133393709388 0.0
-0.187086700120262 -0.620442714356954 0.0
-0.184635560207223 -0.559114670200583 0.0
-0.182161063869446 -0.497702763600676 0.0
-0.179628826460794 -0.436213246300723 0.0
-0.177018806850837 -0.374656035996848 0.0
-0.174319053766194 -0.313042147563783 0.0
-0.171525667182695 -0.251383374466031 0.0
-0.168643732434111 -0.189693164157169 0.0
-0.165683077223063 -0.127987044480475 0.0
-0.162653025197963 -0.0662816633304553 0.0
-0.159560834636324 -0.00459474174800369 0.0
-0.156409791709748 0.0570552420997609 0.0
-0.153195215902463 0.11864944756674 0.0
-0.149897278956532 0.180170443914161 0.0
-0.146471741177971 0.241605311844356 0.0
-0.142848043912739 0.30295213172372 0.0
-0.138953587436583 0.364223155092913 0.0
-0.134750646622034 0.425433439482779 0.0
-0.130055341962969 0.486582720509736 0.0
-0.125681683369648 -0.622758542855182 0.0
-0.123268192719696 -0.561420760167477 0.0
-0.120810314200931 -0.499998758157872 0.0
-0.118272564564201 -0.438499382436501 0.0
-0.115636493039168 -0.376932093887142 0.0
-0.112892969285127 -0.315307023065276 0.0
-0.110039890196947 -0.253634853508301 0.0
-0.107080930231175 -0.191927312975798 0.0
-0.104022174598999 -0.130197628846118 0.0
-0.100868714958359 -0.0684601592456436 0.0
-0.0976230194142796 -0.00673072530986629 0.0
-0.0942830263145578 0.0549733316911138 0.0
-0.0908390052875993 0.116633021536048 0.0
-0.0872693742201427 0.178228537925724 0.0
-0.0835387411212771 0.239740095083343 0.0
-0.0796065010363566 0.301148836786796 0.0
-0.075453554186377 0.362432379260794 0.0
-0.0711081011428703 0.423554144176216 0.0
-0.0668788864785454 0.48452944958459 0.0
-0.0642305898033459 -0.624917422050569 0.0
-0.0618573484282271 -0.563558577928275 0.0
-0.0594107481063873 -0.502111997143794 0.0
-0.0568589244976498 -0.440585290410684 0.0
-0.0541872313364622 -0.378987422956414 0.0
-0.0513895800061408 -0.317327438448598 0.0
-0.0484650212280271 -0.255614617776192 0.0
-0.0454157429302297 -0.193858910686799 0.0
-0.0422444810462192 -0.132071523473234 0.0
-0.0389521780022252 -0.0702648919372373 0.0
-0.0355365374931595 -0.00845319892105054 0.0
-0.031990455823766 0.0533475149380244 0.0
-0.0283001122335678 0.115119312766935 0.0
-0.0244438239922089 0.176843470405732 0.0
-0.0203953786718543 0.238501884024082 0.0
-0.0161378638088594 0.300080264612941 0.0
-0.011693130468418 0.361573524623063 0.0
-0.00720577528591982 0.423008505495239 0.0
-0.00321146161844414 0.484446742526003 0.0
-0.00274039338372534 -0.62689150245743 0.0
-0.000407369182204242 -0.5655023489397 0.0
0.00203394499964711 -0.504019251732079 0.0
0.00460773295651971 -0.442450594580336 0.0
0.0073232843061505 -0.380804660004602 0.0
0.0101836372693341 -0.319089115875221 0.0
0.0131890958867096 -0.257311511215902 0.0
0.0163391704649854 -0.195479772264922 0.0
0.0196344590452979 -0.133602894504934 0.0
0.0230782573164399 -0.0716910601430662 0.0
0.0266776352622126 -0.00975617044184143 0.0
0.0304443495613553 0.0521881570153189 0.0
0.0343951716263439 0.11412675422932 0.0
0.0385499251727006 0.176044198148196 0.0
0.0429234148159307 0.237926222551213 0.0
0.0475055697341954 0.299762746760089 0.0
0.052217344897874 0.361552243625371 0.0
0.0568180738685713 0.423297008047244 0.0
0.0608530722211814 0.484930262931419 0.0
0.0587776087004087 -0.628669208608479 0.0
0.0610737868853609 -0.567243166187485 0.0
0.0635165537565984 -0.505714769466593 0.0
0.0661193667735975 -0.444092864361557 0.0
0.0688853792272304 -0.382384640706938 0.0
0.071814872692592 -0.320595966802699 0.0
0.0749080387812714 -0.258732233835787 0.0
0.0781663954431381 -0.19679894161565 0.0
0.0815940020920782 -0.134802454949976 0.0
0.0851984635332593 -0.0727501863971995 0.0
0.0889914900650619 -0.0106511501121287 0.0
0.0929889234608711 0.0514840022820246 0.0
0.097209341603781 0.113642937027624 0.0
0.101669230630552 0.175812273581465 0.0
0.106370954780232 0.237977459467118 0.0
0.111277755869239 0.300122659542481 0.0
0.116268345934366 0.362226178369592 0.0
0.121084625655117 0.424239309837603 0.0
0.125336809244284 0.486061329159406 0.0
0.120309285944547 -0.630256444429822 0.0
0.122575607511824 -0.568789978383328 0.0
0.125027079544953 -0.507210966889122 0.0
0.127664782219863 -0.445528016033221 0.0
0.130485821262727 -0.383746611631132 0.0
0.133488347718341 -0.321870308937255 0.0
0.136673038339896 -0.259901866297562 0.0
0.140043777231644 -0.197843893182623 0.0
0.143608259806759 -0.135699642384249 0.0
0.147378462438586 -0.0734732484457156 0.0
0.151370636672276 -0.0111703789755123 0.0
0.155604434420381 0.0512014936709478 0.0
0.160100027239084 0.113632488621123 0.0
0.164871201587516 0.176109797004128 0.0
0.169911038460104 0.238615421957495 0.0
0.175166351003754 0.301122179284192 0.0
0.180500950518064 0.363583654087281 0.0
0.185660596588522 0.425918495099237 0.0
0.190258290835344 0.488005632495804 0.0
0.181838561328758 -0.631677199845573 0.0
0.184085293337145 -0.570170158923179 0.0
0.186552596695214 -0.508538897474816 0.0
0.189229291274142 -0.446790712470741 0.0
0.192107408118611 -0.384928668637816 0.0
0.195183880305914 -0.322953478175479 0.0
0.198460513682856 -0.260864777983735 0.0
0.201943934705087 -0.198661771757897 0.0
0.205645682324454 -0.136344016010604 0.0
0.209582237520977 -0.0739116887741637 0.0
0.213774528017834 -0.011366351138491 0.0
0.218246360469985 0.0512884946886141 0.0
0.223020609093522 0.114046172575264 0.0
0.228111407885704 0.176895105853968 0.0
0.233509782364303 0.239814421457118 0.0
0.239160842301319 0.302766740960264 0.0
0.244932773641183 0.365685804166366 0.0
0.250579074181649 0.428461591622895 0.0
0.255680436267899 0.490933849894439 0.0
0.243349036361851 -0.632973876498304 0.0
0.245588587878698 -0.571429857801365 0.0
0.248077692582176 -0.50974856073377 0.0
0.250795038930481 -0.447934701006786 0.0
0.253729286960408 -0.385988256040819 0.0
0.256877215616553 -0.323906617122537 0.0
0.260242388221216 -0.26168580269187 0.0
0.263834525624695 -0.199321008303582 0.0
0.267669222329492 -0.136807302569897 0.0
0.271767671212236 -0.0741398308774323 0.0
0.276155859369946 -0.0113145792744813 0.0
0.280862674992341 0.0516709182395328 0.0
0.285915919551502 0.114815910376905 0.0
0.291334981855314 0.178113757786496 0.0
0.297118493848607 0.241545766872849 0.0
0.303225535654498 0.305071193699883 0.0
0.309547229907188 0.368610643314924 0.0
0.315856983400018 0.432023205667816 0.0
0.321699430645914 0.495082706241309 0.0
0.30482517567512 -0.634207286418735 0.0
0.307070028874169 -0.572633974409807 0.0
0.309584476546189 -0.51090882671778 0.0
0.312341043431347 -0.449032886292514 0.0
0.315327048543083 -0.387002609124112 0.0
0.318540130154151 -0.324811671172518 0.0
0.321986141895824 -0.262452013347159 0.0
0.325678149466628 -0.199914175853716 0.0
0.329635929037377 -0.137187747174373 0.0
0.333885554114852 -0.0742613082746447 0.0
0.338458525074912 -0.0111229482287221 0.0
0.343389999406257 0.0522392289729283 0.0
0.348715467697722 0.115835511616603 0.0
0.354465332702538 0.179671716720183 0.0
0.360656547811878 0.243742239011039 0.0
0.367279835935389 0.308017796560263 0.0
0.374275543034087 0.372422303802853 0.0
0.381473740014978 0.436791838577173 0.0
0.38842707847157 0.500807946896636 0.0
0.366252839454894 -0.635455979464898 0.0
0.368512597923215 -0.573865280349144 0.0
0.371052345403441 -0.512106587561281 0.0
0.373843162635134 -0.450176949083546 0.0
0.376872765649525 -0.388068969185649 0.0
0.380140508262553 -0.325772452040001 0.0
0.383654861027715 -0.263275084128295 0.0
0.387432247724057 -0.200562305605921 0.0
0.391496502122697 -0.137617255096062 0.0
0.395878492960839 -0.0744201623305259 0.0
0.40061542890816 -0.0109482243449826 0.0
0.405749629292426 0.0528246841922432 0.0
0.411326611959577 0.116927467180947 0.0
0.417392856954256 0.181390363196631 0.0
0.423993610220136 0.24623976155825 0.0
0.431170378614231 0.311487220948466 0.0
0.438950995447135 0.377102992201402 0.0
0.447301736870406 0.442952402639311 0.0
0.455932584875333 0.508644842398277 0.0
0.427619552246873 -0.636813943524585 0.0
0.429897823519701 -0.575221780123703 0.0
0.432458766765577 -0.51344521106605 0.0
0.435274944783233 -0.451476215729628 0.0
0.438336037608875 -0.389303828307601 0.0
0.441643620319725 -0.326914793346012 0.0
0.4452086693937 -0.264293256117636 0.0
0.449050523841579 -0.201419803131965 0.0
0.453196478145006 -0.138270644601639 0.0
0.457681576577436 -0.0748161668935454 0.0
0.46254823820977 -0.0110197203039497 0.0
0.467845785661708 0.05316424810565 0.0
0.473630311051087 0.117792123232433 0.0
0.479966307852901 0.182933777219451 0.0
0.486932317295093 0.248674355532849 0.0
0.494634022424909 0.315114958940987 0.0
0.503226692832589 0.382363671322887 0.0
0.512938040198917 0.450486560424092 0.0
0.524009357985053 0.519294526412576 0.0
