-0.731059124222946 -0.662308229792358 0.0
0.497054611766084 -0.703510774276685 0.0
-0.690167850255966 0.61237245798111 0.0
0.61237245798111 0.61237245798111 0.0
-0.669879540669721 -0.664974540803377 0.0
0.499044200206045 -0.642123195584954 0.0
0.537882357208489 0.585656647598311 0.0
-0.683020765146605 0.539064061193467 0.0
-0.608684243213936 -0.66738119235649 0.0
0.50137670714193 -0.580534324077699 0.0
0.466764549500771 0.570344568348984 0.0
-0.682756809064449 0.469693160169304 0.0
-0.547494619122204 -0.669794851803421 0.0
0.503997082458701 -0.518727477220704 0.0
0.398163293999592 0.560370270337952 0.0
-0.684143925069756 0.4026344439538 0.0
-0.486302988682515 -0.672257928304382 0.0
0.50687602194129 -0.456691033645556 0.0
0.331205459846007 0.553499498588348 0.0
-0.686190580101707 0.336990380734215 0.0
-0.425101527327647 -0.674788747260115 0.0
0.510000607414145 -0.39441342520305 0.0
0.265361201716043 0.548681794482839 0.0
-0.688603399131832 0.272273253016485 0.0
-0.363875516962983 -0.677387929529614 0.0
0.5133692882475 -0.331880554146093 0.0
0.200306140042898 0.545347468403679 0.0
-0.691249525701834 0.208201839175047 0.0
-0.302605977886575 -0.680028116388009 0.0
0.516989282671323 -0.269074156663035 0.0
0.1358270318613 0.543156377603162 0.0
-0.694049423043687 0.144605481485821 0.0
-0.24127495402234 -0.682660744592142 0.0
0.520875246454123 -0.205970137269796 0.0
0.0717688425227817 0.541883412689985 0.0
-0.696947746712724 0.0813766624400197 0.0
-0.179870201520855 -0.685227768072731 0.0
0.52504846715029 -0.142537112197252 0.0
0.00800254886561645 0.541336040218433 0.0
-0.699903542394991 0.0184462283807856 0.0
-0.118387513756683 -0.687672571758734 0.0
0.529536225033397 -0.0787341125062037 0.0
-0.0555926948548328 0.541101059721672 0.0
-0.702887145811314 -0.0442289715745973 0.0
-0.0568316727285184 -0.689948035559166 0.0
0.534371049453155 -0.0145080918602802 0.0
-0.118534739346265 0.543049426810818 0.0
-0.705882741796864 -0.106672470900176 0.0
0.00478431750811179 -0.692021604383969 0.0
0.539590116592461 0.0502099932017351 0.0
-0.181052523399008 0.545895880469404 0.0
-0.708909934944391 -0.168889641187087 0.0
0.066440564237502 -0.693878020579399 0.0
0.545235514354952 0.115510645598833 0.0
-0.243601164551949 0.547904215369882 0.0
-0.712156596481433 -0.230870092714382 0.0
0.128112451930915 -0.695520654300376 0.0
0.551357308439241 0.181515096548518 0.0
-0.306298795473138 0.551016344743232 0.0
-0.714551944086548 -0.292770205632373 0.0
0.189772283447838 -0.696972128759048 0.0
0.558022761775406 0.248390454203243 0.0
-0.369247555967318 0.554922685378039 0.0
-0.717129330029427 -0.354683538909857 0.0
0.251391872624337 -0.698274671628659 0.0
0.565338540098658 0.31637936947493 0.0
-0.432568023731845 0.561620711127055 0.0
-0.720192150343349 -0.416493911364766 0.0
0.312945200029728 -0.699490231740433 0.0
0.573500833254055 0.385858778735577 0.0
-0.496107071430025 0.569138096108715 0.0
-0.723075532958091 -0.478138332535284 0.0
0.374411450293945 -0.70070009854508 0.0
0.582921502764086 0.457463138239292 0.0
-0.559703718064385 0.576134697413997 0.0
-0.72593403247539 -0.539627246847451 0.0
0.435779732239631 -0.702003236788148 0.0
0.594643949666452 0.53233969593159 0.0
-0.624518999264506 0.588336953751261 0.0
-0.728465034379065 -0.601011440836614 0.0
-0.667314530444225 -0.603671910928565 0.0
-0.664749916509902 -0.542256019890812 0.0
-0.661925671564907 -0.480713303897726 0.0
-0.659063174141823 -0.419101867401772 0.0
-0.656104086994385 -0.357425830391737 0.0
-0.653512015298061 -0.295629518238864 0.0
-0.650984545861287 -0.233550051582702 0.0
-0.647813882571453 -0.171201147931388 0.0
-0.644779415114287 -0.108738692697684 0.0
-0.641784177531308 -0.0461119711057444 0.0
-0.638817217792628 0.0167200298802803 0.0
-0.635896276416015 0.0797953454294219 0.0
-0.633056437991117 0.14315534305895 0.0
-0.630350135879116 0.206847561352711 0.0
-0.627854475757813 0.270921953184976 0.0
-0.625690777605975 0.335413798803185 0.0
-0.624077016999418 0.400286791523774 0.0
-0.623486109019731 0.465257552142367 0.0
-0.62511754498595 0.529214868221974 0.0
-0.606133128590606 -0.606067439653066 0.0
-0.603504644116208 -0.544661535664292 0.0
-0.600717376023392 -0.48313333499801 0.0
-0.597872521008421 -0.421483744285474 0.0
-0.595034577672804 -0.359669261845678 0.0
-0.59239590941183 -0.297724141012815 0.0
-0.589703483176339 -0.235659451991028 0.0
-0.586694866930636 -0.173383408053799 0.0
-0.583718679552744 -0.110942491365082 0.0
-0.580770822533721 -0.0483338754137918 0.0
-0.577861906375623 0.0144519156399031 0.0
-0.575020286038609 0.0774215541086308 0.0
-0.57229098358084 0.140572504382775 0.0
-0.569738500061494 0.203882877222631 0.0
-0.567454259476189 0.267291175458892 0.0
-0.565570673205302 0.330660628130642 0.0
-0.56428281155764 0.393719017831957 0.0
-0.563831335420577 0.455971197990708 0.0
-0.563393144501773 0.516627992504324 0.0
-0.544924510007773 -0.608491298778871 0.0
-0.542266099383147 -0.547081624368171 0.0
-0.539509535725951 -0.485543717247991 0.0
-0.53672252486023 -0.423867033139227 0.0
-0.533966173041217 -0.362050439289597 0.0
-0.531289789561258 -0.300127430867146 0.0
-0.528540279191418 -0.238083381772045 0.0
-0.525627191571351 -0.175876231853692 0.0
-0.522715444383554 -0.113531134451737 0.0
-0.519828981768185 -0.0510604346700894 0.0
-0.516990721944416 0.0115216685060974 0.0
-0.514235010673098 0.0741911754635785 0.0
-0.511609198194981 0.136906868021117 0.0
-0.509174423559799 0.199601817777091 0.0
-0.507005260565845 0.262173077046947 0.0
-0.505182517472952 0.324474760556192 0.0
-0.503751093208713 0.386322509276724 0.0
-0.50244534056573 0.447527347751627 0.0
-0.499960334430063 0.508163302380627 0.0
-0.483703984963707 -0.610964232945368 0.0
-0.481039057106176 -0.549561925284501 0.0
-0.478321583450589 -0.488036168375687 0.0
-0.475592579325727 -0.4263846135182 0.0
-0.472884010253253 -0.364616733849738 0.0
-0.470194458129966 -0.302749232328497 0.0
-0.467438189524997 -0.240774590869787 0.0
-0.464588850333725 -0.178682196816916 0.0
-0.461731906675165 -0.116495013457072 0.0
-0.458897155616559 -0.0542366673750583 0.0
-0.456111452144207 0.00806318827179481 0.0
-0.45340822030467 0.0703642642218563 0.0
-0.450828219982821 0.132611881217999 0.0
-0.448417237667767 0.194734867171706 0.0
-0.446218822929021 0.256645024705006 0.0
-0.44425115842277 0.318240902608206 0.0
-0.442419953021235 0.379415926888331 0.0
-0.440257221869883 0.440097578729695 0.0
-0.436152666206619 0.500283655480646 0.0
-0.422474094247782 -0.613511090688341 0.0
-0.419817756036623 -0.552130760098613 0.0
-0.417140973907256 -0.490638318265472 0.0
-0.414460279564247 -0.429035740253683 0.0
-0.411783980715174 -0.367333537894473 0.0
-0.409095090121425 -0.305543939065904 0.0
-0.406346869833019 -0.243669237555395 0.0
-0.403536048620383 -0.181715580115103 0.0
-0.400711497131126 -0.119707435304181 0.0
-0.397900700962679 -0.0576734999273333 0.0
-0.395128760079541 0.0043517797746346 0.0
-0.392423577921078 0.066326558932426 0.0
-0.389815214265766 0.128200685684648 0.0
-0.387331277777295 0.189916303280452 0.0
-0.384984572501339 0.251408683358686 0.0
-0.38273785252206 0.312608754417013 0.0
-0.380408249993397 0.373452138377063 0.0
-0.377448546650808 0.433910292582381 0.0
-0.373052737241178 0.494181691338467 0.0
-0.361227200158148 -0.616129113050955 0.0
-0.358589027663089 -0.554776915921624 0.0
-0.355950908636353 -0.493324477643024 0.0
-0.353308305163468 -0.431775809945627 0.0
-0.350653579104907 -0.37014178780935 0.0
-0.347966668910112 -0.308434410351018 0.0
-0.345221961389177 -0.246662680344518 0.0
-0.342423529877269 -0.18484038711251 0.0
-0.339601664971902 -0.12299172602442 0.0
-0.336778861655032 -0.0611446811010848 0.0
-0.333975739024031 0.000669051863467334 0.0
-0.331212999507868 0.0624140367128049 0.0
-0.328509406773448 0.124051419068074 0.0
-0.325875094965965 0.185540430097098 0.0
-0.323294978611671 0.246840390787854 0.0
-0.320689334527426 0.307917498554514 0.0
-0.317834924398162 0.368764775331545 0.0
-0.314336900413351 0.429467020682462 0.0
-0.310183429647469 0.49028350169202 0.0
-0.299951011312342 -0.618785479799617 0.0
-0.297338449519576 -0.557458199751601 0.0
-0.294735439318146 -0.496040763403793 0.0
-0.292120580906148 -0.434538285799448 0.0
-0.28947654490761 -0.372961721281639 0.0
-0.286784235198211 -0.311323394521896 0.0
-0.284029125580398 -0.2496354692388 0.0
-0.281216778354621 -0.187913892887646 0.0
-0.278367028356869 -0.126180449144475 0.0
-0.275497107471712 -0.0644592862797941 0.0
-0.272622535407045 -0.00277637927981377 0.0
-0.269757040187907 0.0588410404257227 0.0
-0.266909463591308 0.120365192634417 0.0
-0.264075814013747 0.181769659275295 0.0
-0.261222086324721 0.24303245194434 0.0
-0.258252550161214 0.304144952567633 0.0
-0.254982710587984 0.36513325612166 0.0
-0.251235679264913 0.426084416712952 0.0
-0.247073076573523 0.487044955857846 0.0
-0.238633166656217 -0.621427526434928 0.0
-0.236053040254703 -0.560115513582818 0.0
-0.233480885038129 -0.498720354563769 0.0
-0.230883395365609 -0.437247792114345 0.0
-0.22823833251979 -0.375708538435011 0.0
-0.22552886791441 -0.314114737464588 0.0
-0.222746408960462 -0.252479212247886 0.0
-0.219896118216029 -0.190817267653309 0.0
-0.216991462121472 -0.129147397847935 0.0
-0.214045076897411 -0.0674893303546762 0.0
-0.211067805768498 -0.0058635565005997 0.0
-0.208067486107591 0.0557093310600294 0.0
-0.205045330347377 0.117209442055321 0.0
-0.201988129622336 0.178619857442905 0.0
-0.198854379951915 0.239930713317978 0.0
-0.19555835217573 0.301149707852407 0.0
-0.191981048981178 0.362319256974485 0.0
-0.18803958171191 0.423519763132675 0.0
-0.183685205750054 0.484851364289123 0.0
-0.177264696225392 -0.623995156102977 0.0
-0.174723407769719 -0.562685488233089 0.0
-0.172177556719584 -0.501295958377015 0.0
-0.169587350325689 -0.439832845682926 0.0
-0.166929450725936 -0.378306448684385 0.0
-0.164189929936393 -0.316728246701808 0.0
-0.1613637133014 -0.255110412318124 0.0
-0.158455191502903 -0.193466586764642 0.0
-0.155473703488878 -0.131812217789244 0.0
-0.152428119220506 -0.0701634968343529 0.0
-0.149325331740248 -0.00853721123220997 0.0
-0.146168623940436 0.0530496717005735 0.0
-0.142954307587846 0.11458048041456 0.0
-0.139665778519462 0.176040610160815 0.0
-0.136266184447486 0.237420406685107 0.0
-0.132698234511423 0.298721144902797 0.0
-0.128908263561576 0.359958234139814 0.0
-0.12488584345421 0.421151855232012 0.0
-0.120536242671863 0.482312263514373 0.0
-0.115841750183269 -0.626431445721716 0.0
-0.113344722979857 -0.565110550155438 0.0
-0.11082035900983 -0.50370931051863 0.0
-0.108227887593708 -0.442234718995517 0.0
-0.105546009655055 -0.380696650279152 0.0
-0.102764210956292 -0.31910566556242 0.0
-0.0998798663601665 -0.257472750710523 0.0
-0.0968966483754412 -0.195809721286648 0.0
-0.0938209583393635 -0.134129599275155 0.0
-0.0906584670212652 -0.0724461495450301 0.0
-0.0874126265246152 -0.0107741003785909 0.0
-0.0840831228357561 0.050870933441217 0.0
-0.0806634025698917 0.112472473152759 0.0
-0.0771375348503448 0.174014153155553 0.0
-0.0734794568546238 0.235480688639963 0.0
-0.0696621716012196 0.296859108291616 0.0
-0.0656842740252338 0.358135340554244 0.0
-0.0615995456374045 0.419284866121183 0.0
-0.0577130386502412 0.480320896929232 0.0
-0.0543665324765118 -0.628690172494538 0.0
-0.0519172550074747 -0.567345665648784 0.0
-0.0494090406147456 -0.505916924900452 0.0
-0.0468053548072678 -0.444411886773304 0.0
-0.0440894583610574 -0.38283999994291 0.0
-0.0412546432782121 -0.321210731268887 0.0
-0.038300191393873 -0.259533613894081 0.0
-0.0352290714662825 -0.197818616320432 0.0
-0.0320452415859074 -0.13607666902976 0.0
-0.0287513624503278 -0.0743195585593205 0.0
-0.0253475848187499 -0.012560346770018 0.0
-0.0218304084509402 0.0491866305656817 0.0
-0.0181914274862011 0.110905828134015 0.0
-0.0144170163640934 0.172581640052513 0.0
-0.0104923670514166 0.234199709373455 0.0
-0.00641536922228399 0.295749747548727 0.0
-0.0022250784057955 0.357229596016257 0.0
0.00192543099800721 0.418661558162184 0.0
0.00555991572140159 0.480088882427787 0.0
0.00715314040996425 -0.630740377838153 0.0
0.0095541496888816 -0.569362155864561 0.0
0.0120523998760918 -0.507892927243938 0.0
0.014675648507797 -0.446341631055585 0.0
0.0174342554339579 -0.384717125798548 0.0
0.0203309810600288 -0.323027512450092 0.0
0.0233650728182898 -0.261280570326703 0.0
0.0265344133696034 -0.199484227409239 0.0
0.0298373997792506 -0.137647221698348 0.0
0.033274393091252 -0.07577917172749 0.0
0.0368484829692191 -0.0138910502722851 0.0
0.0405659393014868 0.0480048729451728 0.0
0.0444359617719138 0.109895214268123 0.0
0.0484681733439692 0.171766692949047 0.0
0.0526644312940774 0.233607279742283 0.0
0.0570000306966311 0.295408582610333 0.0
0.0613844665978036 0.357168580167653 0.0
0.0655846151983278 0.418885780789481 0.0
0.0691783850019081 0.480501762828928 0.0
0.06870469103138 -0.632568761114894 0.0
0.071060710197215 -0.571149584637023 0.0
0.0735561864372632 -0.509630282114772 0.0
0.0762066189541345 -0.448020505909068 0.0
0.0790150068929663 -0.386328108708361 0.0
0.0819803819437059 -0.324559399233585 0.0
0.0851010252688171 -0.262719993139355 0.0
0.0883759570385875 -0.200815418126639 0.0
0.09180602996259 -0.138851875347589 0.0
0.095394677874943 -0.0768364101846079 0.0
0.0991481067881469 -0.0147774453366765 0.0
0.103074867464198 0.0473151978125664 0.0
0.107184010650099 0.109430240325082 0.0
0.111480043730901 0.171555508069018 0.0
0.115951410056902 0.233677636990028 0.0
0.120547762350095 0.295781639311722 0.0
0.125140409971882 0.357846283568191 0.0
0.129476542451619 0.419826128866478 0.0
0.133178592653469 0.481630232847674 0.0
0.130272401142023 -0.634180876257264 0.0
0.132590879613978 -0.572716733834156 0.0
0.135091575380943 -0.511141455628758 0.0
0.137775724805918 -0.449464674482904 0.0
0.140638949736664 -0.38769257672114 0.0
0.143677178279564 -0.325829130889798 0.0
0.146888347830163 -0.26387730231953 0.0
0.150272997255997 -0.201839764786716 0.0
0.153834630412627 -0.139719729435326 0.0
0.157579848847133 -0.0775211986795702 0.0
0.161517938954272 -0.0152496207730161 0.0
0.165659570709542 0.0470878388423529 0.0
0.170013596444199 0.109481692064107 0.0
0.174580200437056 0.171919607748139 0.0
0.179337518558396 0.234384178976797 0.0
0.184218635603612 0.296849136666762 0.0
0.189078866258167 0.359270322342999 0.0
0.193663113791628 0.421571703684513 0.0
0.197587431945601 0.483640128998466 0.0
0.191838428612614 -0.635601799311808 0.0
0.194130698962518 -0.574092251416773 0.0
0.196644748695088 -0.51245896483131 0.0
0.199367456704234 -0.450710376256145 0.0
0.202288061928211 -0.388850188324687 0.0
0.205400382250957 -0.326879430369881 0.0
0.208702732243101 -0.264797885934171 0.0
0.212197608866383 -0.202604833244258 0.0
0.215891432711674 -0.140299890772597 0.0
0.219794171905852 -0.0778833203892177 0.0
0.22391841069764 -0.0153568079661003 0.0
0.228277375121776 0.0472759715426075 0.0
0.232880879006336 0.110008133778014 0.0
0.237727689535901 0.17282792131649 0.0
0.242792130819536 0.235714511914368 0.0
0.248003305462424 0.29863137172731 0.0
0.25321672378769 0.361514944244667 0.0
0.258178431356275 0.424260733910413 0.0
0.262468152419354 0.486715596332491 0.0
0.253384553995496 -0.636876659654926 0.0
0.255664672168977 -0.575325245341417 0.0
0.258199223112921 -0.51363594139849 0.0
0.260962871621398 -0.451814516994397 0.0
0.26394034785882 -0.389861381001064 0.0
0.267124580992427 -0.327774053068766 0.0
0.270515010118892 -0.265548574333395 0.0
0.274116535182894 -0.203180173222574 0.0
0.277938788978108 -0.140664032060166 0.0
0.281995399594086 -0.0779955370758668 0.0
0.286302721504748 -0.015171076119254 0.0
0.290877529895456 0.0478112312498632 0.0
0.295732783028017 0.110949866654514 0.0
0.300870383123043 0.174237318825649 0.0
0.306269450506005 0.237654186560578 0.0
0.311868757349841 0.301159826332415 0.0
0.317540120536024 0.364676856587531 0.0
0.323041506171401 0.428069413530281 0.0
0.327912184995895 0.491118892690244 0.0
0.314893466749029 -0.63807105148778 0.0
0.317175989715965 -0.576485711223804 0.0
0.319735740361792 -0.514746510523061 0.0
0.322539470396468 -0.452855177957037 0.0
0.325569748111395 -0.390808236338198 0.0
0.328819840864915 -0.328599212107794 0.0
0.332290988433177 -0.266219880829241 0.0
0.335990853743373 -0.203660708680313 0.0
0.339932507306725 -0.140911367074113 0.0
0.344133507358079 -0.0779607269060516 0.0
0.348614532204877 -0.0147974228497451 0.0
0.353397157018256 0.0485895898680195 0.0
0.358500176234802 0.112209403620628 0.0
0.363933982119021 0.176066313675512 0.0
0.369692171574047 0.240153050279353 0.0
0.375738914096607 0.304439061731974 0.0
0.381985599849944 0.368848530423012 0.0
0.388234496794668 0.433221238221313 0.0
0.394022477589971 0.497247505614949 0.0
0.376349345748607 -0.639271051495959 0.0
0.378646023072909 -0.577664362156754 0.0
0.38123179253133 -0.515885590160401 0.0
0.384070910165491 -0.453931801455255 0.0
0.38714593448795 -0.391795204281976 0.0
0.390451553783077 -0.329465138377538 0.0
0.393991277742851 -0.266928895986625 0.0
0.39777565695955 -0.204171657153029 0.0
0.401821184056126 -0.141176478494196 0.0
0.406149379308443 -0.0779237327957071 0.0
0.410785560550969 -0.0143910471233295 0.0
0.41575708624458 0.049446906203449 0.0
0.421090904524542 0.113617768840821 0.0
0.426810675068427 0.178149961597188 0.0
0.432933630599022 0.243067477726419 0.0
0.439466636517895 0.308379113805746 0.0
0.446394794698837 0.374052869127364 0.0
0.453635063642835 0.439954915421484 0.0
0.460854937036252 0.505704090555395 0.0
0.437738015760752 -0.640582010891696 0.0
0.440054041675467 -0.578970984777634 0.0
0.442661995208399 -0.517168085718577 0.0
0.445527509737201 -0.4551645951782 0.0
0.448635074443442 -0.392948791955278 0.0
0.451981480342426 -0.330506711932425 0.0
0.45557250831732 -0.267821849078379 0.0
0.459421258989711 -0.204874202981941 0.0
0.463547172424557 -0.141639487998081 0.0
0.46797525713781 -0.0780877351615984 0.0
0.472735134903342 -0.0141821537341921 0.0
0.477859943891325 0.0501226371973356 0.0
0.483385433897535 0.114882407685459 0.0
0.489350431802352 0.180165805927731 0.0
0.495800443214479 0.246055940533736 0.0
0.502797083744088 0.312650886525401 0.0
0.510434486514368 0.380054913922933 0.0
0.518854407892486 0.448331599551892 0.0
0.528188198730987 0.51730004224922 0.0
