-0.709643211928453 -0.667257316433343 0.0
0.519251394953081 -0.710860041727539 0.0
-0.655924794077873 0.61237245798111 0.0
0.61237245798111 0.61237245798111 0.0
-0.648476462198982 -0.670111455174506 0.0
0.521253312772771 -0.649452482358578 0.0
0.542114176922599 0.581862020176872 0.0
-0.653636438624305 0.537993431908266 0.0
-0.587295737195984 -0.672714698981954 0.0
0.523635535230424 -0.587819300227972 0.0
0.473767220833582 0.564308672007334 0.0
-0.65586582507133 0.46783068738635 0.0
-0.526125832785244 -0.675337482936615 0.0
0.526321831154716 -0.525941511233002 0.0
0.40732293981189 0.552968489210495 0.0
-0.658724428976761 0.400094722833327 0.0
-0.464957632271615 -0.678034187391753 0.0
0.529269547772913 -0.463806146918748 0.0
0.342187276662661 0.545254723410274 0.0
-0.661702438225111 0.333885734674188 0.0
-0.403778870400529 -0.680825362987834 0.0
0.532455363478971 -0.401400236586932 0.0
0.277952802127932 0.539929067176699 0.0
-0.664724856855657 0.268707228521358 0.0
-0.342569146387064 -0.683705711136793 0.0
0.535867869438813 -0.33870787121138 0.0
0.214363029402298 0.536316722042544 0.0
-0.667777425429586 0.204264788382567 0.0
-0.281303874273023 -0.686636395756428 0.0
0.53950339586832 -0.275708485080221 0.0
0.151251214851107 0.534018457695084 0.0
-0.67085235202444 0.140374351125179 0.0
-0.219960606681979 -0.689554714186805 0.0
0.54336339640203 -0.21237523465525 0.0
0.088501281474393 0.532781486971754 0.0
-0.673940680484128 0.0769163045001233 0.0
-0.158524364261429 -0.692388358254011 0.0
0.547452429692556 -0.148673659090729 0.0
0.0260237096848494 0.532422224779544 0.0
-0.67703281776133 0.0138110735855233 0.0
-0.0969901948105437 -0.695068085031408 0.0
0.551776281405695 -0.0845595472686073 0.0
-0.0362581401219973 0.532656179304038 0.0
-0.680121072808408 -0.0489932783173489 0.0
-0.0353640432612446 -0.697536735255688 0.0
0.556339878230732 -0.0199766458210236 0.0
-0.098057618058022 0.534401285098663 0.0
-0.683205713887826 -0.111527585345544 0.0
0.0263382819187925 -0.699754671674966 0.0
0.561145094857986 0.0451470381799891 0.0
-0.159630594142505 0.537035566659174 0.0
-0.686319514075174 -0.173803173868074 0.0
0.088092776273351 -0.701702555435286 0.0
0.566188805619286 0.11090445202496 0.0
-0.221198710565001 0.539801783582556 0.0
-0.689680808350948 -0.235813460895916 0.0
0.149869728457537 -0.703382634588428 0.0
0.571462263109554 0.17741846009117 0.0
-0.282768361369471 0.543522326976207 0.0
-0.692168741395692 -0.297745214077556 0.0
0.211635641752652 -0.704819436224052 0.0
0.576953441302483 0.244856491371142 0.0
-0.344408069532701 0.548228484659103 0.0
-0.694846879457659 -0.359678985743251 0.0
0.273356083778809 -0.706060446519661 0.0
0.582655750132307 0.313459225993607 0.0
-0.406364602573534 0.55507093789386 0.0
-0.698045115171287 -0.421485269691729 0.0
0.334998635821257 -0.707176934615294 0.0
0.588590528592224 0.383597371375302 0.0
-0.468613936270916 0.562947374761711 0.0
-0.701089660870655 -0.483119939501845 0.0
0.396536366698853 -0.708264775666161 0.0
0.594871712292941 0.455891970265051 0.0
-0.530784522636478 0.571465339401813 0.0
-0.704126761552863 -0.544597899334299 0.0
0.457953309538628 -0.709444693589291 0.0
0.60196976020099 0.531476298323358 0.0
-0.593622888647943 0.58537728344373 0.0
-0.706851017581342 -0.605970777487516 0.0
-0.645713185451479 -0.60881673473534 0.0
-0.642952842886903 -0.547408151270163 0.0
-0.639949248144866 -0.485870072378077 0.0
-0.636929521483322 -0.424260203232962 0.0
-0.633831181093798 -0.362582696081598 0.0
-0.631128569246569 -0.300764493004171 0.0
-0.628518449005913 -0.238643381653338 0.0
-0.625255533952986 -0.176246451741757 0.0
-0.622139691449305 -0.113717303694342 0.0
-0.619061764641166 -0.0510016315495168 0.0
-0.615998342080183 0.0119450291065082 0.0
-0.612951464826465 0.0751636295887146 0.0
-0.609934760548379 0.138697528830685 0.0
-0.606970146781394 0.202594518609326 0.0
-0.604090042770709 0.266901566361851 0.0
-0.60134835408454 0.33164526759354 0.0
-0.598857785221964 0.396771941689119 0.0
-0.596920565358538 0.46197427952549 0.0
-0.596460766423004 0.526151973438894 0.0
-0.584541601893836 -0.611406592702838 0.0
-0.581717346285063 -0.550005362375942 0.0
-0.578754036807916 -0.488480207029919 0.0
-0.575756295856009 -0.426829747171131 0.0
-0.572789818456554 -0.365005838278609 0.0
-0.570050721865333 -0.303042166806908 0.0
-0.567277024350476 -0.240952741179382 0.0
-0.564190120499079 -0.178641073052978 0.0
-0.561143970067799 -0.116153666575986 0.0
-0.55812569509212 -0.0534876592240987 0.0
-0.555134630639934 0.00936568022607628 0.0
-0.552184355364767 0.0724108306185019 0.0
-0.549299694648757 0.135640940666994 0.0
-0.546516902711972 0.199026925230646 0.0
-0.543887407746499 0.262496709949246 0.0
-0.54148666052424 0.325900571081345 0.0
-0.539429286561501 0.388957037866347 0.0
-0.537853094100262 0.451184716235116 0.0
-0.535980573162273 0.511855349679605 0.0
-0.523345966568216 -0.614042061701548 0.0
-0.520492194579803 -0.552640880816457 0.0
-0.517564773027524 -0.491110475527559 0.0
-0.514633863106364 -0.429438256075399 0.0
-0.511760667617503 -0.367622130384603 0.0
-0.508993130888806 -0.305696437352973 0.0
-0.506170292207493 -0.24364684252064 0.0
-0.503192690836532 -0.181430751898706 0.0
-0.500224506442675 -0.119075128471876 0.0
-0.49728217933254 -0.0565947443722032 0.0
-0.494378293706783 0.00599280617574739 0.0
-0.491533378654861 0.0686588588220045 0.0
-0.488775972244639 0.131356215806666 0.0
-0.48614138683523 0.19401111976092 0.0
-0.483668920077917 0.256514467269468 0.0
-0.481392713005842 0.318718254377254 0.0
-0.479304218672419 0.380445554662909 0.0
-0.477130515385667 0.441527110963184 0.0
-0.473836075995083 0.502036502323474 0.0
-0.462140446559397 -0.616753761629225 0.0
-0.459281556619936 -0.555367195780323 0.0
-0.456400345067776 -0.4938580180305 0.0
-0.453537745393364 -0.432222916217294 0.0
-0.450723676877247 -0.370471531036555 0.0
-0.447953121528996 -0.308621602528283 0.0
-0.445133635106971 -0.246666779433153 0.0
-0.442232577351357 -0.18459779945945 0.0
-0.439332204023266 -0.122440258689176 0.0
-0.43645534356409 -0.0602208531459989 0.0
-0.433619165483925 0.00202740143608891 0.0
-0.430844028878543 0.0642609130809903 0.0
-0.428153024100391 0.126422592035871 0.0
-0.425568263743445 0.188441312972833 0.0
-0.423102748706347 0.250233980851883 0.0
-0.420739742403082 0.311713113834528 0.0
-0.418363866361147 0.372799314885012 0.0
-0.415574396435978 0.433459068773747 0.0
-0.411174168762052 0.493729006435704 0.0
-0.400925056415212 -0.619566895016881 0.0
-0.398077513535334 -0.55821076613551 0.0
-0.395245160075475 -0.496745787471522 0.0
-0.392441328457884 -0.435173490118668 0.0
-0.389670277223001 -0.373505060068651 0.0
-0.386910243612947 -0.311754136765093 0.0
-0.384108601400987 -0.249924664454337 0.0
-0.381256916114405 -0.188024674726781 0.0
-0.378399910496511 -0.126080988498509 0.0
-0.37555851552113 -0.0641244691421439 0.0
-0.372748859937179 -0.00219106027137713 0.0
-0.369986876654217 0.0596772965532819 0.0
-0.367286906920428 0.121432901462718 0.0
-0.364656740738965 0.183024578526609 0.0
-0.362086713143479 0.244400810226874 0.0
-0.359522131685798 0.305515047847336 0.0
-0.3567941165035 0.366336461270658 0.0
-0.353471482638715 0.426876151929681 0.0
-0.34893990971484 0.487328367041401 0.0
-0.339688633561348 -0.622471352947649 0.0
-0.336863710261211 -0.561151015798452 0.0
-0.334078800384516 -0.499735993896134 0.0
-0.331323090877613 -0.438230094411127 0.0
-0.328583245482442 -0.376645081988011 0.0
-0.325833846285559 -0.314994430555232 0.0
-0.323044024826626 -0.2532887631773 0.0
-0.320213363535003 -0.191543494225469 0.0
-0.317367938909586 -0.129784320636573 0.0
-0.314524425641107 -0.0680400511044233 0.0
-0.311695741771916 -0.00634201100095797 0.0
-0.308892698061639 0.0552765760482966 0.0
-0.306121914269109 0.116781723313741 0.0
-0.30338008649242 0.178141100901043 0.0
-0.300641258221297 0.239326800872532 0.0
-0.297828650185194 0.300321764913887 0.0
-0.29476163275625 0.361135163840294 0.0
-0.291142486269562 0.42184831119811 0.0
-0.286929680540452 0.482668644357069 0.0
-0.278415138122802 -0.625421877315543 0.0
-0.275622359671115 -0.564131926558432 0.0
-0.272881773517319 -0.502759178701518 0.0
-0.270163101662473 -0.441308634559406 0.0
-0.267442191018224 -0.379792136710674 0.0
-0.264694479382963 -0.318223329908815 0.0
-0.261900854649325 -0.256615711673025 0.0
-0.259063113173187 -0.194986363672727 0.0
-0.256197459331426 -0.1333577789568 0.0
-0.253316527988266 -0.0717539810646494 0.0
-0.250430056865631 -0.0101996113314959 0.0
-0.247544836577043 0.0512810292562604 0.0
-0.244662196181874 0.112665063876305 0.0
-0.241772029839281 0.173933185037212 0.0
-0.23884072197836 0.235072455873877 0.0
-0.235790189799889 0.296083505931009 0.0
-0.232482944648076 0.356996367914824 0.0
-0.228794267777716 0.417889869690538 0.0
-0.224794616797928 0.47883151995471 0.0
-0.217088986763414 -0.628351213905057 0.0
-0.214337559714914 -0.56707915135461 0.0
-0.211637433895224 -0.505732439126522 0.0
-0.20894460384648 -0.444316757487261 0.0
-0.206229516791423 -0.382843635245689 0.0
-0.203470222747222 -0.321326333691806 0.0
-0.200654397793533 -0.259778706101022 0.0
-0.197784391854364 -0.198216778118231 0.0
-0.194871107693791 -0.136659243702577 0.0
-0.191924213696065 -0.0751252333587525 0.0
-0.188951120804372 -0.013633608492279 0.0
-0.185956103962317 0.0477978993223817 0.0
-0.182937730439993 0.10915359465801 0.0
-0.179883572176042 0.170421900496441 0.0
-0.176761396487741 0.231598472456767 0.0
-0.173510601482448 0.292693842153805 0.0
-0.170055328590147 0.35374500076648 0.0
-0.166366878973882 0.414816712780279 0.0
-0.162510830534338 0.475984382948998 0.0
-0.155699053192335 -0.631184961796538 0.0
-0.152997878962513 -0.569914922004177 0.0
-0.150334035798174 -0.50857395812483 0.0
-0.147656173112207 -0.44716839698652 0.0
-0.144933837822728 -0.38570932045916 0.0
-0.142148769693418 -0.324209171166947 0.0
-0.139293257176382 -0.26268091602161 0.0
-0.136370075809652 -0.201138615781188 0.0
-0.133387397394107 -0.139597578861451 0.0
-0.130353015064597 -0.0780730859470452 0.0
-0.127272946527111 -0.0165800367021639 0.0
-0.124150356702369 0.0448676698117564 0.0
-0.120983462786435 0.106257782062286 0.0
-0.117762022312172 0.16758148690333 0.0
-0.114463743289372 0.228835914614446 0.0
-0.11105737744393 0.290029226903723 0.0
-0.10752640318357 0.351184099942231 0.0
-0.103914604141491 0.412332671342146 0.0
-0.100311514029805 0.473507526577811 0.0
-0.0942406732249341 -0.633853780527213 0.0
-0.0915975380678716 -0.572569499328465 0.0
-0.0889654387257865 -0.511213614487751 0.0
-0.0862922330731431 -0.449793389965293 0.0
-0.0835503984674053 -0.388319533403094 0.0
-0.080726294007379 -0.326803484167033 0.0
-0.0778159923870422 -0.265256849797266 0.0
-0.0748229661707067 -0.203691631323894 0.0
-0.0717540900765496 -0.142120434617216 0.0
-0.0686160603867875 -0.0805558075879069 0.0
-0.0654141938306162 -0.0190102253005998 0.0
-0.0621516038518391 0.0425042737489189 0.0
-0.0588280531199433 0.103976445378401 0.0
-0.055438870776704 0.165397161091332 0.0
-0.0519765415772845 0.226760728646653 0.0
-0.0484410931532937 0.288066889384093 0.0
-0.044866435181206 0.34931955386077 0.0
-0.0413582685593049 0.410519702091289 0.0
-0.0382154658307743 0.471676306718142 0.0
-0.0327166054697354 -0.636301732903112 0.0
-0.0301369412497393 -0.574988546191533 0.0
-0.027531289592948 -0.513599129456316 0.0
-0.0248529870443885 -0.452142045974922 0.0
-0.0220806169028967 -0.390627711336333 0.0
-0.0192059166084775 -0.329066447418595 0.0
-0.0162284137843336 -0.267468297762865 0.0
-0.0131524808916288 -0.205843264300486 0.0
-0.00998440002197919 -0.144201704530727 0.0
-0.0067301808377571 -0.0825540591944419 0.0
-0.00339482061971066 -0.0209110652458088 0.0
1.79694118147902e-05 0.0407164809772537 0.0
0.00350569948374717 0.102318003282594 0.0
0.00706574805239196 0.163884372361759 0.0
0.0106898924013036 0.225408977198328 0.0
0.0143502334589008 0.286889646274693 0.0
0.017972542470813 0.348329677512695 0.0
0.0213856244929507 0.409740870762719 0.0
0.0242341644430415 0.471129258828878 0.0
0.0288635636277142 -0.638491120605594 0.0
0.031377996505409 -0.577137090918896 0.0
0.0339637423521044 -0.51569889858378 0.0
0.0366564276286505 -0.454186578554486 0.0
0.0394689722273531 -0.392610147177764 0.0
0.0424038341332656 -0.330978581322814 0.0
0.0454583120022105 -0.26930012573025 0.0
0.048627145544249 -0.207582708194319 0.0
0.0519044039127854 -0.145834537130788 0.0
0.0552846127044876 -0.0840640769340891 0.0
0.0587628819611426 -0.0222804065397459 0.0
0.0623344171061367 0.0395069370100162 0.0
0.0659930880581392 0.101288149690994 0.0
0.0697278007650555 0.163054164185848 0.0
0.0735140127325811 0.224797170521075 0.0
0.0772969606774093 0.286511576682425 0.0
0.0809620800307678 0.348193464082744 0.0
0.0842904854407399 0.409833317009795 0.0
0.0869302246424837 0.471390989703765 0.0
0.0904845266870486 -0.640404868302167 0.0
0.09293672237261 -0.579001343050196 0.0
0.0955106463329334 -0.51750306031118 0.0
0.0982264807866587 -0.455921293912383 0.0
0.10108723423185 -0.394265241977014 0.0
0.104089615644174 -0.332542111002559 0.0
0.107228192245998 -0.270757977297926 0.0
0.110497052461816 -0.208918433630403 0.0
0.113890661746509 -0.14702936535712 0.0
0.117404092706039 -0.0850971049769289 0.0
0.121032462005985 -0.0231289378176964 0.0
0.124769572721912 0.0388668799632633 0.0
0.128605136705921 0.100880990995194 0.0
0.132519243467693 0.162903289652492 0.0
0.136471758218685 0.224922220140524 0.0
0.14038399355417 0.286923701424295 0.0
0.144110846567215 0.348886697952211 0.0
0.147409356481066 0.410772233561443 0.0
0.149929737466637 0.472510675171338 0.0
0.152127168877798 -0.642047665733342 0.0
0.154525457461141 -0.580589604123925 0.0
0.157097058082339 -0.519024056921747 0.0
0.159843948393275 -0.4573627507804 0.0
0.16275897754436 -0.395613307189759 0.0
0.165833723548804 -0.33378054443507 0.0
0.169060695315341 -0.271867861076571 0.0
0.172433759223257 -0.209878085074656 0.0
0.175948018319253 -0.147814387622131 0.0
0.179599258669159 -0.0856805832609939 0.0
0.183382703522566 -0.0234818137064328 0.0
0.187290830290592 0.0387751469002517 0.0
0.191309479454582 0.101081233847803 0.0
0.195411021334571 0.163424510448726 0.0
0.19954269269829 0.225787946754802 0.0
0.203608501800031 0.288146097873997 0.0
0.207444628033011 0.350458305486426 0.0
0.210792701372846 0.412658661749313 0.0
0.213275883132181 0.474650681800252 0.0
0.213769875385182 -0.643446733293822 0.0
0.216127751345607 -0.581933053978708 0.0
0.218707239895229 -0.520297330524396 0.0
0.2214915567763 -0.458550348845554 0.0
0.224464421083616 -0.396697125946697 0.0
0.227613438980323 -0.334739345093404 0.0
0.230929942514605 -0.272677102081138 0.0
0.234408147775443 -0.210509859304019 0.0
0.238044182692812 -0.148237427317744 0.0
0.241834882680703 -0.0858603583802531 0.0
0.245775963910476 -0.023380796065453 0.0
0.249859198126502 0.0391969007700195 0.0
0.254067803886927 0.101864900911206 0.0
0.258369028299177 0.164610288413247 0.0
0.26270247853825 0.227411209728727 0.0
0.266963158646586 0.290231326357823 0.0
0.270978362226264 0.353010749966222 0.0
0.27447615756261 0.415654492944645 0.0
0.277032515488232 0.478023287772613 0.0
0.275390548215871 -0.644652764025488 0.0
0.277725469087603 -0.583086837589965 0.0
0.280322440134355 -0.521382413203441 0.0
0.283148064595384 -0.459547447614596 0.0
0.286179154828047 -0.397583235055483 0.0
0.289400895278076 -0.335487551975407 0.0
0.292804436397885 -0.27325649015475 0.0
0.296384980739606 -0.210885374399787 0.0
0.300140146878188 -0.148369690740588 0.0
0.304068285672587 -0.0857054563817651 0.0
0.3081662531065 -0.0228901260164095 0.0
0.312426230053319 0.0400765711109967 0.0
0.31683089456409 0.103190881086708 0.0
0.321346195838861 0.16644246881042 0.0
0.32591061826673 0.229808921476773 0.0
0.330419766265184 0.293247555188707 0.0
0.334703063843674 0.356682107958115 0.0
0.33848245034481 0.419983563943324 0.0
0.34128100345753 0.482946115851429 0.0
0.336968122431729 -0.645741189529093 0.0
0.339298976866838 -0.584131443118946 0.0
0.341920550898259 -0.52236426196435 0.0
0.344787810875096 -0.460442799606707 0.0
0.347873671597085 -0.398363693494697 0.0
0.351162569524207 -0.336120137108175 0.0
0.354646445715511 -0.273703553177139 0.0
0.358322071044598 -0.211104267248237 0.0
0.362188977410353 -0.14831217410129 0.0
0.366247498601531 -0.0853168641151526 0.0
0.370496372721999 -0.0221083370753802 0.0
0.374929550422104 0.0413222590040552 0.0
0.379531701658911 0.104980794560855 0.0
0.384272012858765 0.168867174196082 0.0
0.389095458105321 0.232968691882812 0.0
0.393910063180622 0.297249078738177 0.0
0.398564488377547 0.361628477852469 0.0
0.402797764080211 0.425948031382617 0.0
0.406104570196061 0.489909300721136 0.0
0.398483267868653 -0.646813644543534 0.0
0.400826331811832 -0.585174020145535 0.0
0.403475144228359 -0.523354418291027 0.0
0.406379908751782 -0.461351917712756 0.0
0.409512670433839 -0.399157868420328 0.0
0.412858670852023 -0.336760612964638 0.0
0.416411398736578 -0.274146597074153 0.0
0.420169536081559 -0.21130044209974 0.0
0.424134719539063 -0.148205038995424 0.0
0.428309517441194 -0.0848411154259591 0.0
0.432695085776497 -0.0211873573519881 0.0
0.437288280826464 0.0427795400659351 0.0
0.442078003796861 0.10708388179484 0.0
0.44704083808525 0.171749014670345 0.0
0.452135721473321 0.23679169991025 0.0
0.457296631740945 0.302211176941977 0.0
0.462417276480743 0.367964397225059 0.0
0.467305633501471 0.433908981309926 0.0
0.471526280755941 0.49966854622384 0.0
0.459918329921137 -0.647999078099003 0.0
0.462282194883581 -0.586348841153465 0.0
0.464954984266643 -0.524491719814285 0.0
0.467888043777687 -0.462417536322842 0.0
0.471055268732018 -0.400112986288919 0.0
0.47444374148082 -0.337562605586266 0.0
0.478048714601683 -0.274748487257029 0.0
0.481870638253783 -0.211649344159075 0.0
0.485913001834823 -0.148239783776146 0.0
0.49018039576441 -0.084489038245244 0.0
0.494676339856803 -0.0203600290197578 0.0
0.49940084025685 0.0441921080141884 0.0
0.504347787548849 0.109221402206519 0.0
0.509502845778083 0.174792938008214 0.0
0.514842587994148 0.240983564991654 0.0
0.520335955411644 0.307881186894721 0.0
0.525947280161973 0.375574692085558 0.0
0.531632769143074 0.444107963835611 0.0
0.537275985173801 0.51328953168459 0.0
