-0.698111053622774 -0.669781578659681 0.0
0.531178130659236 -0.714378582713965 0.0
-0.638204166293144 0.61237245798111 0.0
0.61237245798111 0.61237245798111 0.0
-0.636950656511108 -0.672717354579788 0.0
0.533172088199261 -0.652960395876684 0.0
0.54441352047338 0.579878703029158 0.0
-0.638351205816012 0.537511114031166 0.0
-0.575777496543731 -0.6754073628732 0.0
0.53556454782264 -0.591304187943558 0.0
0.4775239712128 0.56118109938747 0.0
-0.641836808016285 0.466942656899518 0.0
-0.514618141423838 -0.678123640390684 0.0
0.538268371970122 -0.529389889434454 0.0
0.412199024023355 0.549161693572296 0.0
-0.645433223613628 0.398850197455625 0.0
-0.453462787552448 -0.680927116303103 0.0
0.541234108470283 -0.467203895266723 0.0
0.348003429131362 0.541038668974928 0.0
-0.648871546573249 0.332342062337905 0.0
-0.392296831340758 -0.683839710459901 0.0
0.544433175788527 -0.40473253941943 0.0
0.284596772818263 0.535472336870488 0.0
-0.652188288157015 0.266918921496312 0.0
-0.331096825620295 -0.68685308618768 0.0
0.547849201293181 -0.341958982353198 0.0
0.221758722738515 0.531732711315658 0.0
-0.655430302690604 0.20227973898342 0.0
-0.26983514696802 -0.689922345500185 0.0
0.551473040281109 -0.27886145211071 0.0
0.159346843073873 0.529390372859705 0.0
-0.658626917622375 0.138233398877835 0.0
-0.208486891924964 -0.692977268982152 0.0
0.555299506029359 -0.215411645904112 0.0
0.097265134324744 0.528178959857658 0.0
-0.661793226129232 0.0746538607364059 0.0
-0.147035565118815 -0.695937960694707 0.0
0.559324734204126 -0.151573450851691 0.0
0.0354441695095919 0.527920612631925 0.0
-0.664935916884244 0.0114559982125547 0.0
-0.0854757709243293 -0.69872847118872 0.0
0.563543668853536 -0.087300898078798 0.0
-0.0261701143859944 0.528407892526294 0.0
-0.668058723212571 -0.0514168087163494 0.0
-0.0238140381464263 -0.701286323131434 0.0
0.567947275019853 -0.0225359832918493 0.0
-0.0873934521480737 0.530028100969128 0.0
-0.671170288340003 -0.113999291768203 0.0
0.0379323632404051 -0.703568133554339 0.0
0.572519494664587 0.042794893445361 0.0
-0.148485638522453 0.532525070743805 0.0
-0.674310243135119 -0.176305974313935 0.0
0.0997372758735223 -0.705552397325571 0.0
0.577234097020606 0.108785968615984 0.0
-0.209549092696339 0.535692418876264 0.0
-0.677712773208225 -0.238332371428941 0.0
0.161568322582615 -0.707240736834264 0.0
0.582052061611238 0.175560828188106 0.0
-0.2705490051812 0.539719576420576 0.0
-0.680231390825854 -0.300280939542233 0.0
0.223388980594345 -0.708658614578624 0.0
0.586920238665483 0.243286606489459 0.0
-0.331529021444495 0.544834622815559 0.0
-0.682944833604252 -0.362225586047154 0.0
0.285161568805363 -0.709856173028696 0.0
0.591772884464049 0.312201738309398 0.0
-0.392810204917217 0.551719114406972 0.0
-0.686196590178563 -0.424030023749489 0.0
0.346850351403815 -0.710909417366505 0.0
0.596539461378862 0.382670646528368 0.0
-0.454417242246171 0.559740416427672 0.0
-0.689308623562407 -0.485659929187047 0.0
0.408425237607316 -0.711921656430058 0.0
0.601176492759822 0.455299516202467 0.0
-0.515853081922298 0.569040780266354 0.0
-0.692422467413845 -0.547132622474662 0.0
0.469867644001973 -0.713024736971098 0.0
0.60584892912847 0.531191894704155 0.0
-0.577686257804648 0.583817586782379 0.0
-0.695231548562662 -0.60849994902942 0.0
-0.634099989553092 -0.611426313032058 0.0
-0.631253485028412 -0.550021189453011 0.0
-0.628172621543127 -0.488485077960196 0.0
-0.625087431751875 -0.426875526526462 0.0
-0.621933445863515 -0.36519667500289 0.0
-0.619190368713548 -0.303366476247967 0.0
-0.616554911936762 -0.241223025457717 0.0
-0.613262584749999 -0.178800250376353 0.0
-0.610123428060425 -0.116235312083003 0.0
-0.607022009207074 -0.0534719580527494 0.0
-0.603928459137009 0.00953615084426305 0.0
-0.600836696557458 0.0728315697037939 0.0
-0.597749292809153 0.136458772527856 0.0
-0.594672525220194 0.200465704352315 0.0
-0.591616075112616 0.264897602182233 0.0
-0.588599914104916 0.329775783841315 0.0
-0.585684681119224 0.395035158937741 0.0
-0.583090704265407 0.460349179331946 0.0
-0.581616723523318 0.524604209712961 0.0
-0.572933397472129 -0.614101711593536 0.0
-0.570022930067269 -0.552702406942235 0.0
-0.566983996514109 -0.491178288921153 0.0
-0.563923064634163 -0.429526777641364 0.0
-0.560906532528006 -0.36769731878032 0.0
-0.558132425967588 -0.305723298374557 0.0
-0.555334313558275 -0.243620178479449 0.0
-0.552225299438186 -0.18128896053537 0.0
-0.549161937715096 -0.118776183050604 0.0
-0.546126822550603 -0.0560789362380748 0.0
-0.543113498462338 0.00681112138925008 0.0
-0.54012800987243 0.0698972680972674 0.0
-0.537184973750126 0.133170233665192 0.0
-0.534306513119402 0.196596788585338 0.0
-0.531524295191562 0.260098519136154 0.0
-0.528886059152702 0.323517331774739 0.0
-0.52646801335129 0.386563990897961 0.0
-0.524359847931363 0.448759652445871 0.0
-0.521803432203389 0.509406674758135 0.0
-0.511744676262092 -0.616831972075757 0.0
-0.508804846551208 -0.555434712189714 0.0
-0.505804466483376 -0.493907679822573 0.0
-0.502815074983934 -0.432237221393975 0.0
-0.499897986668649 -0.370420749786976 0.0
-0.49710046318757 -0.308493029995349 0.0
-0.49425757519602 -0.246439847515405 0.0
-0.491265234630843 -0.184218339195361 0.0
-0.488287188314684 -0.121856462389978 0.0
-0.485336041623503 -0.0593703111793067 0.0
-0.48241914310529 0.00322063745514258 0.0
-0.479550087479239 0.0658850837076526 0.0
-0.4767480601835 0.128572367785181 0.0
-0.474035650381697 0.191204615974445 0.0
-0.471434928732562 0.253668660637319 0.0
-0.468957448684048 0.315814158208572 0.0
-0.466569103093431 0.377466474000394 0.0
-0.463993648796373 0.438465564441567 0.0
-0.460322242070649 0.498888970422935 0.0
-0.450547420285185 -0.619653196959669 0.0
-0.447603118368318 -0.558274415973868 0.0
-0.444652641995576 -0.496773450886778 0.0
-0.441736984017649 -0.435146500186329 0.0
-0.43888505706395 -0.373403304638776 0.0
-0.436090015991892 -0.31156215109257 0.0
-0.433256000542757 -0.249617307033091 0.0
-0.430347140840557 -0.18756025809628 0.0
-0.42744403742377 -0.125418048673081 0.0
-0.424565981904417 -0.0632190712135653 0.0
-0.42172526733528 -0.000998234692821294 0.0
-0.418935720599906 0.0611989496411081 0.0
-0.41621164326937 0.123313870501245 0.0
-0.413563411154325 0.18527508969919 0.0
-0.410988904800008 0.247001768765534 0.0
-0.408454101267651 0.30841327738074 0.0
-0.405832917262915 0.369444134704345 0.0
-0.402755695631567 0.430082206764986 0.0
-0.398223240419659 0.490389406794821 0.0
-0.389340313198173 -0.622590941183468 0.0
-0.386408693873902 -0.561247137892108 0.0
-0.383511323327607 -0.499796213971625 0.0
-0.380659954323525 -0.438239492123868 0.0
-0.377856786306995 -0.376588531453251 0.0
-0.375077609839241 -0.314857726976395 0.0
-0.372266777915763 -0.253051910137579 0.0
-0.369413198197481 -0.191180143071519 0.0
-0.366559467611194 -0.129270538717846 0.0
-0.363723187882378 -0.0673551651841562 0.0
-0.360915960302076 -0.00547083684436101 0.0
-0.358147705167788 0.0563403504787423 0.0
-0.355424891017534 0.11803186209477 0.0
-0.352745392685339 0.179555888431084 0.0
-0.35008828881876 0.240867687446999 0.0
-0.347390007413972 0.301932378626584 0.0
-0.344487789431342 0.362736774573341 0.0
-0.341005120617077 0.423313608589718 0.0
-0.336419330768546 0.483856578194724 0.0
-0.328110299037657 -0.625631281713552 0.0
-0.325203506031954 -0.564327404162549 0.0
-0.322358144038753 -0.502931813574633 0.0
-0.319560191937973 -0.441448237250473 0.0
-0.316793376934318 -0.379888924956947 0.0
-0.314029512506188 -0.318268137764464 0.0
-0.311235011884005 -0.256597365241191 0.0
-0.308407133872977 -0.194892900808412 0.0
-0.305569788026515 -0.133181263016701 0.0
-0.302736681735658 -0.0714917308965995 0.0
-0.299916834564908 -0.00985548091366609 0.0
-0.297116077734946 0.0516953668513838 0.0
-0.294334943173164 0.113129303156899 0.0
-0.29156340795241 0.174418317531291 0.0
-0.288770060110939 0.235541047871641 0.0
-0.285879365623684 0.296489031386523 0.0
-0.282730930408036 0.35727981150602 0.0
-0.279073195799967 0.417993198446219 0.0
-0.274849143469416 0.478810432613984 0.0
-0.266839297403813 -0.628722376801224 0.0
-0.263967932263243 -0.567451864340843 0.0
-0.26117167541486 -0.506102512529366 0.0
-0.258415653931102 -0.444679284631377 0.0
-0.255672167645893 -0.383194498740516 0.0
-0.25291380511115 -0.321662496044982 0.0
-0.250119060719566 -0.260097479146846 0.0
-0.247287767231789 -0.198517136622545 0.0
-0.24443425111228 -0.136944352409166 0.0
-0.241568795246507 -0.0754031111904516 0.0
-0.238698208264598 -0.0139173956609364 0.0
-0.235825796438647 0.0474899659834277 0.0
-0.232949143311303 0.108798569146496 0.0
-0.230055110635591 0.169992688478492 0.0
-0.227110237318779 0.231063940072776 0.0
-0.224044894200469 0.292017617684483 0.0
-0.220743955549785 0.352885852116793 0.0
-0.21710731974014 0.413743746266035 0.0
-0.213207693266185 0.474669754312675 0.0
-0.205509950930525 -0.631789212432962 0.0
-0.202684460828272 -0.570538056696005 0.0
-0.199933640086594 -0.509216843219206 0.0
-0.197207908298338 -0.447831230965348 0.0
-0.194473884164854 -0.386393174860973 0.0
-0.191706924340863 -0.324916516317811 0.0
-0.188892734836611 -0.263415646339393 0.0
-0.186032179756107 -0.201906974296125 0.0
-0.183134819990776 -0.140409315773871 0.0
-0.18020879463792 -0.0789415204127264 0.0
-0.177259772841813 -0.0175216510458305 0.0
-0.174290248071817 0.0438339694658288 0.0
-0.171297488627 0.105111704652353 0.0
-0.168269476029194 0.166302577047551 0.0
-0.165178526058108 0.227404879052404 0.0
-0.161976199287732 0.28843037636153 0.0
-0.158607412480158 0.349413115861067 0.0
-0.155069609930697 0.410409611543667 0.0
-0.151485132972861 0.471481975694347 0.0
-0.144109929706086 -0.634749780565859 0.0
-0.141340526479097 -0.573500557605338 0.0
-0.138631156571346 -0.512185267614063 0.0
-0.135924418048445 -0.450810260130893 0.0
-0.133186107104623 -0.38938701447556 0.0
-0.130395658137462 -0.327928465197406 0.0
-0.127543938092864 -0.266447989016205 0.0
-0.12463283852103 -0.204959870714465 0.0
-0.121669890374442 -0.143479363566115 0.0
-0.11866230630885 -0.0820213066511201 0.0
-0.115615641390406 -0.0205996700864567 0.0
-0.11253299366731 0.0407731648439223 0.0
-0.109413529667402 0.102087139121291 0.0
-0.106250143439434 0.163336326335221 0.0
-0.103027633077698 0.22452128195882 0.0
-0.0997273053869259 0.285653770074035 0.0
-0.0963504409661698 0.346760519721885 0.0
-0.0929670304077393 0.407880497504726 0.0
-0.0897597929113576 0.469058029300104 0.0
-0.0826340928957742 -0.637528152501369 0.0
-0.0799298111903144 -0.576263178214328 0.0
-0.0772575057534634 -0.514931382984989 0.0
-0.0745590522594753 -0.453540156662507 0.0
-0.0718036168286566 -0.392100621241773 0.0
-0.0689758585375678 -0.33062465856345 0.0
-0.0660711012709909 -0.269124193093236 0.0
-0.063092645250763 -0.207611325562409 0.0
-0.0600475461380616 -0.146098459348694 0.0
-0.0569429698543676 -0.0845975352536242 0.0
-0.0537851341712932 -0.0231198954502672 0.0
-0.0505788430141624 0.03832423028941 0.0
-0.0473269856663539 0.0997262635655422 0.0
-0.0440304417841523 0.161080797485129 0.0
-0.0406907800709051 0.222387140810711 0.0
-0.0373212041064976 0.283651758454748 0.0
-0.0339728700909452 0.344888102763802 0.0
-0.0307772213263655 0.40611039640078 0.0
-0.0280305155111935 0.467325497223478 0.0
-0.0210854648702604 -0.640063252327132 0.0
-0.018452773982777 -0.578766664854366 0.0
-0.0158122751094603 -0.517398268381316 0.0
-0.0131119423110465 -0.455966925259692 0.0
-0.0103278290261422 -0.394483529661294 0.0
-0.00745076957562026 -0.332958831791986 0.0
-0.00448032602549986 -0.271403133347907 0.0
-0.00142150638706368 -0.209826455818448 0.0
0.00171829783511081 -0.148238870629714 0.0
0.00493144450926592 -0.0866501411152849 0.0
0.00821054525954719 -0.0250698296725923 0.0
0.011548307638964 0.0364930596083565 0.0
0.0149368194270472 0.0980304699282983 0.0
0.0183653772434496 0.159536553687632 0.0
0.0218143095374104 0.22100860202444 0.0
0.0252407709756676 0.282448442126597 0.0
0.028552905399403 0.3438617699318 0.0
0.0315700838277242 0.405254392583186 0.0
0.0339973995259017 0.466613766509861 0.0
0.0405254460798946 -0.642313822911264 0.0
0.0430841073428049 -0.580972725368569 0.0
0.0456995033319474 -0.519551297826956 0.0
0.0484114735292762 -0.458060110833144 0.0
0.0512343873284785 -0.396509757503295 0.0
0.0541706594179386 -0.334909655460685 0.0
0.0572166896412845 -0.273268286801778 0.0
0.0603657041431287 -0.211593584663793 0.0
0.0636096551757272 -0.149893498711372 0.0
0.0669401886622343 -0.088175923839532 0.0
0.0703484535484776 -0.0264490042850109 0.0
0.0738241418889798 0.0352790648746074 0.0
0.0773534683089494 0.0970002171519765 0.0
0.0809149771253348 0.158707381635814 0.0
0.0844708885389126 0.220394639409282 0.0
0.0879512785404243 0.282057411073292 0.0
0.0912292016840605 0.343690308625465 0.0
0.0940923215964114 0.40527961816893 0.0
0.0962258006468864 0.466795064975001 0.0
0.10218189681913 -0.644260787161613 0.0
0.1046693381621 -0.582865787752669 0.0
0.107268152510479 -0.52137910503266 0.0
0.110001103434754 -0.459812819849632 0.0
0.112871340908703 -0.398176807943493 0.0
0.115874497585744 -0.33647873278485 0.0
0.119003344540943 -0.274724911270528 0.0
0.122249553167986 -0.212920982677852 0.0
0.125604436904182 -0.151072695165468 0.0
0.129058923008395 -0.0891860573029723 0.0
0.132602611574618 -0.0272678387707265 0.0
0.136221950492607 0.0346743986470122 0.0
0.139896985101203 0.096632111762555 0.0
0.143595562354793 0.158595992196352 0.0
0.147263132903464 0.220555029733886 0.0
0.150806503019187 0.282495128427563 0.0
0.154071680288774 0.344394921298959 0.0
0.156820144492052 0.406218543296268 0.0
0.158717568616806 0.467907800645096 0.0
0.163862984538302 -0.645908343554177 0.0
0.166287954626497 -0.584453858656763 0.0
0.168880440784798 -0.522894072380231 0.0
0.171642974911912 -0.461241768154081 0.0
0.17456711609334 -0.399505298108891 0.0
0.177642327389441 -0.337689918729759 0.0
0.180858449990563 -0.275799261412012 0.0
0.184206055201652 -0.213836255008429 0.0
0.187676084016153 -0.15180408819663 0.0
0.191258950461048 -0.0897065411289227 0.0
0.194942877925848 -0.0275486964180377 0.0
0.198711270174251 0.0346627201989996 0.0
0.202538459431109 0.0969186299824486 0.0
0.206382837912574 0.159206959385764 0.0
0.210175955046204 0.221510402514186 0.0
0.213806715735135 0.283803345493312 0.0
0.217100791784249 0.346046256772453 0.0
0.219797367976437 0.408177858142526 0.0
0.221523641514405 0.470110254128 0.0
0.2255451128666 -0.647284767950755 0.0
0.227922190811287 -0.585769367877596 0.0
0.230519615268038 -0.524133091222155 0.0
0.233318882566063 -0.462387922629197 0.0
0.236301003966079 -0.400539553861412 0.0
0.23945051609449 -0.338590009483841 0.0
0.242755294310992 -0.276539559752199 0.0
0.246205450047081 -0.214387789063537 0.0
0.24979200205589 -0.152134654041935 0.0
0.253505257125449 -0.0897809335933552 0.0
0.25733253283957 -0.0273291292411297 0.0
0.261254897107313 0.0352158581015127 0.0
0.265242254184073 0.0978454208561859 0.0
0.26924596840633 0.160545618437356 0.0
0.273187934338736 0.223293452186383 0.0
0.276945356384283 0.286051835968413 0.0
0.280330202502348 0.348761678278713 0.0
0.283060098721332 0.411331715062467 0.0
0.284708160942793 0.473629166125729 0.0
0.287204155831309 -0.648443558441951 0.0
0.289552532288608 -0.586870503494703 0.0
0.292165743326639 -0.525158921608562 0.0
0.295006391485564 -0.463317895423399 0.0
0.298047339990054 -0.401349175341014 0.0
0.301269917763941 -0.339250674189923 0.0
0.30466115675193 -0.277018522851392 0.0
0.308211442775637 -0.21464812303572 0.0
0.311912423398441 -0.152135166407711 0.0
0.315754848919692 -0.0894760786584874 0.0
0.319725860822651 -0.026669001372276 0.0
0.323805358591659 0.0362852856798513 0.0
0.327960838654221 0.0993815272007711 0.0
0.33214009588898 0.162607391756659 0.0
0.336260850288965 0.225938094117091 0.0
0.340196230574361 0.289328690249659 0.0
0.343752937285425 0.35270180800677 0.0
0.346632569493429 0.415929864301956 0.0
0.348347282248306 0.478811765668732 0.0
0.348817101257033 -0.649465137709726 0.0
0.351157892239513 -0.587843080096766 0.0
0.353795258583954 -0.526062024159874 0.0
0.35667822138069 -0.464125860962216 0.0
0.35977484525563 -0.402031283684685 0.0
0.363065155087043 -0.339771314101134 0.0
0.366536461843474 -0.277337200697739 0.0
0.370180117801919 -0.214719216469965 0.0
0.373988917512969 -0.15190741158965 0.0
0.377954615322921 -0.0888918223415341 0.0
0.382065004620821 -0.0256632865328099 0.0
0.386300220561733 0.0377856842763748 0.0
0.390627793589015 0.101458906080819 0.0
0.394996073303799 0.16535337248005 0.0
0.399325202051994 0.22945253331164 0.0
0.403494130688794 0.293715535057322 0.0
0.407318331013156 0.358057944297983 0.0
0.410501951351155 0.42231803609223 0.0
0.412513376035616 0.486198916783037 0.0
0.410362825846931 -0.6504590644098 0.0
0.412714655341355 -0.58880262877753 0.0
0.415379753082396 -0.526962424039572 0.0
0.418301180645446 -0.464935532259452 0.0
0.421445686531331 -0.402712855087792 0.0
0.424793784597613 -0.340282217206257 0.0
0.428333964467989 -0.277629626820192 0.0
0.432058991748158 -0.214739421252503 0.0
0.435963094905911 -0.15159442237183 0.0
0.440039382458829 -0.0881755845017493 0.0
0.444276929980193 -0.0244622378912691 0.0
0.448657300332008 0.0395676802018974 0.0
0.453150234616688 0.103936379004981 0.0
0.457708462552729 0.168663915458678 0.0
0.462261153057331 0.233762149390676 0.0
0.466704704886347 0.299223384542075 0.0
0.470885045510218 0.364995461951312 0.0
0.474551597852437 0.430925889362537 0.0
0.477209452622992 0.496632016888503 0.0
0.471821935701937 -0.651566354706226 0.0
0.474195180324073 -0.589895953980824 0.0
0.476885046556905 -0.528011189349566 0.0
0.479835609509839 -0.46590113854512 0.0
0.48301542164081 -0.403551685829589 0.0
0.486406696180383 -0.340946591768589 0.0
0.48999941769091 -0.278067216002685 0.0
0.493787708583147 -0.214891588342664 0.0
0.497767075480755 -0.151393722356115 0.0
0.501931878369472 -0.0875424234389496 0.0
0.506272532374415 -0.023300481839662 0.0
0.51077235481913 0.0413766082027526 0.0
0.515404050695265 0.106541737796483 0.0
0.520126213942027 0.172257635010451 0.0
0.524880083165808 0.238596889471289 0.0
0.529586775389488 0.305640154879405 0.0
0.534143129607079 0.373464457219331 0.0
0.538407631963216 0.442095632888768 0.0
0.542128876404167 0.511320931824207 0.0
