-0.686151045481986 -0.672305905016164 0.0
0.543533770067908 -0.717746446956038 0.0
-0.620274062454701 0.61237245798111 0.0
0.61237245798111 0.61237245798111 0.0
-0.624996833044243 -0.67531452937882 0.0
0.545510408994405 -0.656317292542715 0.0
0.546823308766569 0.577858855391355 0.0
-0.622827226511762 0.53706964490903 0.0
-0.563831258978568 -0.678082912736783 0.0
0.547903329366455 -0.594637641332299 0.0
0.481423263620847 0.55801258809022 0.0
-0.627561852666267 0.466094747743875 0.0
-0.50268268349596 -0.680884507471098 0.0
0.550614373736247 -0.532686390651043 0.0
0.417230985420507 0.545324662253959 0.0
-0.63188975401526 0.39763880864073 0.0
-0.441540641486488 -0.68378707310714 0.0
0.553587258451238 -0.470449328583382 0.0
0.353983118308968 0.536806441431972 0.0
-0.635780086567381 0.330824403645215 0.0
-0.38038814093898 -0.686814039023262 0.0
0.556788138153848 -0.407912105215832 0.0
0.291409512154244 0.53101232405448 0.0
-0.639381235782667 0.265150546725045 0.0
-0.31919859053321 -0.689954000275421 0.0
0.560195685707254 -0.345056945253989 0.0
0.229326914921791 0.527155776061364 0.0
-0.64280174173336 0.200309705134043 0.0
-0.257941212890415 -0.693155840642989 0.0
0.563795298890063 -0.281860849052283 0.0
0.167617506063539 0.524777062539392 0.0
-0.646108488390072 0.136103589139961 0.0
-0.196588542369772 -0.696341606585062 0.0
0.567575174710261 -0.218294016761485 0.0
0.1062054547614 0.523596601732332 0.0
-0.649340925998816 0.0723995657961109 0.0
-0.13512249350149 -0.699423597556429 0.0
0.571523055136587 -0.15431862945629 0.0
0.0450413841915095 0.523443069751868 0.0
-0.652522242267571 0.00910680221550397 0.0
-0.0735371938263553 -0.702318978731171 0.0
0.575623071727843 -0.0898868922778575 0.0
-0.0159059371282424 0.52419554814275 0.0
-0.655667753378919 -0.0538361397431696 0.0
-0.0118397600286584 -0.70495982620594 0.0
0.579852242565043 -0.0249389738724527 0.0
-0.0765571278646443 0.525675210081283 0.0
-0.658794598541211 -0.116468005736423 0.0
0.0499510448163566 -0.70729892912797 0.0
0.584176546528992 0.0406004019341857 0.0
-0.137168599745239 0.528012654199262 0.0
-0.661949363284252 -0.178806622725213 0.0
0.111806862539104 -0.709312569197458 0.0
0.58854651838622 0.106826792276814 0.0
-0.197723110641163 0.531594590197941 0.0
-0.665382296608924 -0.240849712369439 0.0
0.173692595510611 -0.711001719588724 0.0
0.592892550044599 0.173864435675019 0.0
-0.258156779564331 0.535926843499459 0.0
-0.667921210248679 -0.302815541138458 0.0
0.23556864030369 -0.712392769433706 0.0
0.59711973416764 0.241879868871852 0.0
-0.318482008508544 0.541453458961095 0.0
-0.670659851519021 -0.364771360485882 0.0
0.297394017147278 -0.713538519677322 0.0
0.601101994699529 0.311108437014375 0.0
-0.379102030038201 0.548358351532666 0.0
-0.67395537978555 -0.426574105409521 0.0
0.359129631715974 -0.714519725275423 0.0
0.604674766403369 0.381906111097771 0.0
-0.440078284670936 0.556496287283169 0.0
-0.677125711634646 -0.48819938449082 0.0
0.420742204510826 -0.715447159199389 0.0
0.607633119325377 0.454858497383292 0.0
-0.500773582309487 0.566586030990634 0.0
-0.680307366382106 -0.549667025065987 0.0
0.482210521373033 -0.716463852754579 0.0
0.609827840633569 0.531022799518287 0.0
-0.56160408543283 0.582223206298622 0.0
-0.683192744344359 -0.611028957540541 0.0
-0.622067290811071 -0.614026914100402 0.0
-0.619143105550256 -0.552625056253061 0.0
-0.61599381935225 -0.491090640103184 0.0
-0.612852372866338 -0.429481085216993 0.0
-0.609652378182504 -0.367800499530311 0.0
-0.606878826845791 -0.305957758747619 0.0
-0.604228614278428 -0.243791256096944 0.0
-0.600917982197054 -0.181341767794574 0.0
-0.597766967783951 -0.118739899378123 0.0
-0.594653821773652 -0.0559273756875724 0.0
-0.591542144822016 0.00714409369540831 0.0
-0.588417648018818 0.0705187466370295 0.0
-0.585271755135307 0.13424224111283 0.0
-0.582095024654179 0.198362695769771 0.0
-0.578874393018021 0.26292348507781 0.0
-0.575596145141032 0.327940094555724 0.0
-0.572269924380669 0.393334354849001 0.0
-0.569037854414857 0.458755927739764 0.0
-0.566585053989985 0.523065940910716 0.0
-0.56090561196913 -0.616779419062587 0.0
-0.557917401292235 -0.55538172613522 0.0
-0.55481167175994 -0.493858298200703 0.0
-0.551696798572784 -0.432205332744386 0.0
-0.548639935195392 -0.370369837855955 0.0
-0.545841005469069 -0.308384894678878 0.0
-0.543029197466868 -0.246267391447558 0.0
-0.539909294176566 -0.183915744760229 0.0
-0.536840357594542 -0.121376544695663 0.0
-0.533800419706752 -0.0586468158546429 0.0
-0.530777206116558 0.00428138650622097 0.0
-0.527769225155505 0.0674100856276159 0.0
-0.524780942974194 0.130727447716459 0.0
-0.521820534756162 0.194195784232198 0.0
-0.518900349012426 0.257729717877823 0.0
-0.516041374457195 0.321161632516588 0.0
-0.513283338334955 0.38419257978983 0.0
-0.510671185237165 0.446343521154156 0.0
-0.507464902188568 0.506947120862564 0.0
-0.499723905473119 -0.619596316503634 0.0
-0.496706459546018 -0.558202697159314 0.0
-0.493641974283331 -0.49667873413833 0.0
-0.490603440952421 -0.435009697179636 0.0
-0.487652317841277 -0.373192502141212 0.0
-0.484835186630473 -0.311262339808988 0.0
-0.481983173265214 -0.249205098843699 0.0
-0.478987540075351 -0.186977651126933 0.0
-0.476011565330927 -0.124608998682071 0.0
-0.47306401734038 -0.0621166160345487 0.0
-0.470147037058272 0.000478034069533076 0.0
-0.467267367915205 0.0631408436062672 0.0
-0.464435018935216 0.125817415636994 0.0
-0.46166018454175 0.188425342579112 0.0
-0.458948274769093 0.250846793599787 0.0
-0.456289171454685 0.312928289855542 0.0
-0.453624539850556 0.374496567816518 0.0
-0.450675508925592 0.435400257830142 0.0
-0.446653767850808 0.495723134141827 0.0
-0.438535198359616 -0.62251947280787 0.0
-0.435513894792699 -0.561148307189959 0.0
-0.432503060950616 -0.499655390706431 0.0
-0.429543803932255 -0.43803643511907 0.0
-0.426664044936638 -0.3763012932801 0.0
-0.423855112364239 -0.314468813607414 0.0
-0.421017732128633 -0.252533900827384 0.0
-0.418112790678135 -0.190488830462792 0.0
-0.415219226371539 -0.128362167770005 0.0
-0.412352812845476 -0.0661840898423823 0.0
-0.409521019204594 -0.00399151631960392 0.0
-0.40673124222029 0.0581679714626984 0.0
-0.403989164768901 0.120234059503244 0.0
-0.401293683073497 0.182134798969692 0.0
-0.398627914468629 0.243791423445947 0.0
-0.395940981422057 0.305130039287627 0.0
-0.393096284472703 0.36609918501491 0.0
-0.389753416630419 0.426709051021931 0.0
-0.38510305342105 0.487050134871515 0.0
-0.377336815925627 -0.62557489413366 0.0
-0.37432950248466 -0.564243394216558 0.0
-0.371376092209674 -0.502806551083131 0.0
-0.368486778831179 -0.441265492591179 0.0
-0.365661698175667 -0.379632172838188 0.0
-0.362874183233465 -0.317921768715149 0.0
-0.360065554771177 -0.256140031107801 0.0
-0.357222050519861 -0.194297099793393 0.0
-0.354384142290539 -0.132422440563574 0.0
-0.351566121951558 -0.0705493890416516 0.0
-0.348775108522235 -0.00871569343768712 0.0
-0.34601508867623 0.053036341145133 0.0
-0.343284777500205 0.11466131224326 0.0
-0.340572296484959 0.176114783999918 0.0
-0.337845654585146 0.237358859018823 0.0
-0.335032498550732 0.298370488527094 0.0
-0.331975674372244 0.359154486506111 0.0
-0.32835059832153 0.419766029959876 0.0
-0.323721999041355 0.48039911731935 0.0
-0.316113746852342 -0.628744781944081 0.0
-0.313133447444329 -0.567457487132511 0.0
-0.310236685912852 -0.506081546054052 0.0
-0.307406213854498 -0.444620623960208 0.0
-0.304622794620006 -0.383087478594696 0.0
-0.301855447177646 -0.321497183104337 0.0
-0.299067844036725 -0.259862120891488 0.0
-0.296254905119982 -0.198199496955702 0.0
-0.293438371445459 -0.136536685482234 0.0
-0.290628997068412 -0.0749034626735354 0.0
-0.287831939104902 -0.0133308725010126 0.0
-0.285048114386259 0.0481500664978836 0.0
-0.282272066584746 0.109510337678316 0.0
-0.279487184780356 0.170726280230787 0.0
-0.276656722755752 0.23178311388397 0.0
-0.273706318835584 0.29268099995984 0.0
-0.27049497069153 0.353445876484586 0.0
-0.266815153976014 0.414156080270041 0.0
-0.262593849952935 0.474966758728731 0.0
-0.254845786453758 -0.63197053358419 0.0
-0.251904193593024 -0.570719699046382 0.0
-0.24906139254504 -0.509394120148909 0.0
-0.246277857990324 -0.447998737788892 0.0
-0.243522293298321 -0.386546362042943 0.0
-0.240764398059737 -0.325052046943761 0.0
-0.237980242587327 -0.263530716652023 0.0
-0.235167677297871 -0.202000684227081 0.0
-0.232339146556078 -0.140485240930957 0.0
-0.229502593153607 -0.0790083443717371 0.0
-0.226661930856679 -0.0175933267039343 0.0
-0.22381704443774 0.0437384490545856 0.0
-0.22096186478003 0.104969037185359 0.0
-0.218080326753364 0.16608626579947 0.0
-0.21513916185221 0.227086251055663 0.0
-0.212076924748857 0.287978882988031 0.0
-0.20879988655189 0.348798387268721 0.0
-0.205231227921191 0.409616402810981 0.0
-0.201444058276999 0.470522508501305 0.0
-0.193513719209086 -0.635169149792217 0.0
-0.190622541678411 -0.573939216791097 0.0
-0.187830224888699 -0.512643988418759 0.0
-0.185081524576632 -0.451289110796866 0.0
-0.182339163629016 -0.389886972831752 0.0
-0.179575755459835 -0.328452003972159 0.0
-0.176775000408434 -0.266999141615168 0.0
-0.173936255619844 -0.20554518941289 0.0
-0.171067733928303 -0.144109097016957 0.0
-0.168176055146436 -0.0827094480536197 0.0
-0.165265177508537 -0.0213635283858937 0.0
-0.162335867906162 0.0399137121061784 0.0
-0.159384169040188 0.101110635134029 0.0
-0.156398532117064 0.162220762613704 0.0
-0.15335577182838 0.223244870563091 0.0
-0.150219265998836 0.284195756338428 0.0
-0.146953968504539 0.345104311195915 0.0
-0.143582440717134 0.406018507972862 0.0
-0.140282609185058 0.466986634270738 0.0
-0.132103946963078 -0.63825080091124 0.0
-0.12927473380139 -0.577022748135742 0.0
-0.126529110851942 -0.51573367909245 0.0
-0.123803513729748 -0.454389966777045 0.0
-0.121059908516027 -0.393003488520337 0.0
-0.118275368230974 -0.331587673034437 0.0
-0.115439299596762 -0.270156311537296 0.0
-0.112552686207746 -0.20872392091617 0.0
-0.10962240739033 -0.147305711309523 0.0
-0.106655097635599 -0.0859160971912514 0.0
-0.103655866015726 -0.0245681440130751 0.0
-0.100627772120415 0.0367272486043873 0.0
-0.0975709568855241 0.0979621650096082 0.0
-0.0944814281283709 0.159133508213168 0.0
-0.0913509100056835 0.220245217862421 0.0
-0.0881728416831453 0.281312702357518 0.0
-0.0849655724798819 0.342366975012853 0.0
-0.0818242880274483 0.403454379502299 0.0
-0.079024361685017 0.464631328547054 0.0
-0.0706108177788822 -0.641132799241871 0.0
-0.0678538823266477 -0.579887491453325 0.0
-0.0651507265380118 -0.518580352965374 0.0
-0.0624371200877811 -0.457218893568922 0.0
-0.0596788324798549 -0.395814645396755 0.0
-0.0568587640833632 -0.334379931896713 0.0
-0.0539714492071943 -0.272926996973104 0.0
-0.0510199877650033 -0.211468046917432 0.0
-0.0480115981106577 -0.150015291491311 0.0
-0.0449539054304765 -0.088580075810571 0.0
-0.0418540242720548 -0.0271726225115022 0.0
-0.0387184443558768 0.0341986345577633 0.0
-0.0355531580032785 0.0955277776456151 0.0
-0.0323645137979249 0.156813140244674 0.0
-0.0291629667310844 0.218059106039176 0.0
-0.0259745407988213 0.279279032784402 0.0
-0.0228671526904326 0.340496186101233 0.0
-0.0199974849279757 0.401738220495627 0.0
-0.0176593855630462 0.463009874963906 0.0
-0.00903761812752945 -0.643748811284316 0.0
-0.00636049785037986 -0.582469166468115 0.0
-0.00369460000178142 -0.521122346476651 0.0
-0.000982408462066117 -0.459717502564046 0.0
0.00180263870879432 -0.398266001543279 0.0
0.0046706684882272 -0.336779020471012 0.0
0.00762212606778996 -0.275267121323081 0.0
0.0106513998476616 -0.213740350175438 0.0
0.0137500150252234 -0.152208499730618 0.0
0.016908719974268 -0.0906806650836066 0.0
0.0201177579132033 -0.0291652448263567 0.0
0.0233662839599372 0.032330536923742 0.0
0.0266410119612815 0.0938011281760332 0.0
0.0299232457170635 0.155243941721042 0.0
0.0331820120154107 0.216660126241689 0.0
0.0363597127291403 0.278055390144881 0.0
0.0393470449688084 0.339437524940561 0.0
0.0419538342852432 0.400805835925138 0.0
0.0439448564147561 0.462129423837383 0.0
0.0526042007340917 -0.646053947283083 0.0
0.0551983605839496 -0.584726093727755 0.0
0.0578338548197954 -0.523321953409037 0.0
0.0605548596778293 -0.461852621746479 0.0
0.0633772743808903 -0.400329264392548 0.0
0.0663035251103039 -0.338761740507666 0.0
0.0693291543395976 -0.277158774196054 0.0
0.0724459099648423 -0.215528312206612 0.0
0.0756436607870056 -0.15387805789815 0.0
0.0789112076147119 -0.0922153548606993 0.0
0.0822357772945012 -0.0305474400031115 0.0
0.0856015972422264 0.0311187904666157 0.0
0.0889872933339039 0.0927769367766984 0.0
0.0923611388600431 0.154421804846137 0.0
0.0956722234217325 0.216049166122172 0.0
0.0988355399965634 0.277655138556131 0.0
0.101711673364618 0.339232482408994 0.0
0.104094379414215 0.400763182750676 0.0
0.105706966588716 0.462227280002956 0.0
0.114296422735734 -0.648027086905802 0.0
0.116810224866113 -0.586640881897196 0.0
0.119424265214294 -0.525166269765837 0.0
0.122164001262781 -0.463616131385447 0.0
0.125032795118945 -0.402001020566239 0.0
0.128025252436144 -0.340329063067604 0.0
0.131132388729386 -0.27860682605317 0.0
0.134343497169977 -0.216840010455152 0.0
0.137646780565024 -0.155034250215423 0.0
0.141029068298946 -0.0931952648603665 0.0
0.144474501444071 -0.0313293619205099 0.0
0.147962244800305 0.0305565083787587 0.0
0.151462766692962 0.092454489035008 0.0
0.154931770357339 0.1543558749842 0.0
0.15830036221489 0.216249923732793 0.0
0.161460781257739 0.278122176018113 0.0
0.164249787214971 0.339950615446117 0.0
0.166432916815484 0.401702350208362 0.0
0.167692231861945 0.46333107390171 0.0
0.176016312519473 -0.649671915433356 0.0
0.178458909625316 -0.588221220859754 0.0
0.181062500619286 -0.526667597144838 0.0
0.18383026613443 -0.465024884919381 0.0
0.186752532773935 -0.403302173317629 0.0
0.189816691602002 -0.341505167114219 0.0
0.193009956163592 -0.279637745486829 0.0
0.196319645963255 -0.217702960773284 0.0
0.199732590803911 -0.155704053477548 0.0
0.203233895136393 -0.0936448214334945 0.0
0.206804860934399 -0.0315303666845089 0.0
0.210419915423337 0.0306325158683345 0.0
0.214041993763915 0.0928345602504698 0.0
0.217615609409163 0.155063308147688 0.0
0.221056640291516 0.217300840908852 0.0
0.224238684624557 0.279520954488922 0.0
0.226976396705443 0.341684769308882 0.0
0.22900599003814 0.403735242487688 0.0
0.229958996110198 0.465593121563034 0.0
0.237738247576598 -0.651017753318969 0.0
0.240125299073358 -0.589500777019556 0.0
0.242730765194635 -0.527864261417865 0.0
0.245534492507971 -0.466121399274656 0.0
0.248514826890316 -0.404278567846444 0.0
0.251653272274321 -0.342338145526707 0.0
0.254934287838214 -0.280300594780325 0.0
0.258343929137614 -0.218165649420829 0.0
0.261868166921117 -0.155933454715596 0.0
0.265490857162021 -0.0936050815469221 0.0
0.269191017149077 -0.0311834883882093 0.0
0.272939129165914 0.0313257337437118 0.0
0.276691908229676 0.0939129829282501 0.0
0.28038492630831 0.156562979595372 0.0
0.283922331648565 0.219251138238852 0.0
0.287163240953847 0.281939022912089 0.0
0.28990367033163 0.344567568440892 0.0
0.291849949794661 0.407048403682069 0.0
0.292571689600097 0.46925475211552 0.0
0.299436035991051 -0.652120900979018 0.0
0.301788473443386 -0.590540776495605 0.0
0.304407925941214 -0.528822244806209 0.0
0.307253034050976 -0.466975530557266 0.0
0.310292738948498 -0.40500285097501 0.0
0.31350454609066 -0.34290226588077 0.0
0.316871410771294 -0.28066996154199 0.0
0.320378956455954 -0.218301443858727 0.0
0.324012930272538 -0.155792654927945 0.0
0.327756572775313 -0.0931405005870733 0.0
0.33158742451482 -0.030343921898947 0.0
0.335473235750493 0.0325950764191953 0.0
0.339366452448699 0.0956694710847887 0.0
0.343196797137803 0.158864532489949 0.0
0.346861170349281 0.222152506135557 0.0
0.350209909038525 0.285485320714693 0.0
0.353026269674256 0.348783290044667 0.0
0.354990224659416 0.411918752232535 0.0
0.355601194512582 0.474693899008357 0.0
0.361084694067335 -0.653066780291753 0.0
0.363425882173869 -0.59143236981884 0.0
0.366068951468779 -0.529637523886551 0.0
0.368956982434134 -0.4676868867066 0.0
0.372053203952886 -0.405577211721288 0.0
0.375333258542825 -0.343301353472868 0.0
0.37877987017829 -0.280850396319867 0.0
0.382379030716195 -0.21821458134683 0.0
0.386116873863271 -0.155384152005572 0.0
0.389976672946567 -0.0923496564972951 0.0
0.393935397719186 -0.0291028824135529 0.0
0.397959504288716 0.0343621097391039 0.0
0.401999512691732 0.0980467793887005 0.0
0.405983011062369 0.161944724634373 0.0
0.409805255553367 0.226034785776176 0.0
0.413315821023812 0.290270335645082 0.0
0.416296231601814 0.354560561840313 0.0
0.418414094671254 0.418738272643278 0.0
0.41910837940809 0.482504900425816 0.0
0.422661303016443 -0.653972901729512 0.0
0.425012248056938 -0.592299505428827 0.0
0.427683463450164 -0.530438648556665 0.0
0.43061084467323 -0.468387420613355 0.0
0.433755851771737 -0.406136271701514 0.0
0.437094297941982 -0.343672505937107 0.0
0.440609715467496 -0.280981694446918 0.0
0.444289010651574 -0.218047897058654 0.0
0.448119079141947 -0.154853884994987 0.0
0.45208366573312 -0.0913808806154196 0.0
0.456159880887964 -0.0276089421998475 0.0
0.460314117993218 0.0364825921968321 0.0
0.464497065866618 0.100913549008942 0.0
0.468637649787178 0.165700192698466 0.0
0.47263519846638 0.230848619370556 0.0
0.47634824125425 0.296342731248877 0.0
0.479574194786856 0.362118772302891 0.0
0.482002144334349 0.428009959243836 0.0
0.483073426590357 0.493620812987491 0.0
0.484144756061738 -0.654992418111901 0.0
0.486517658996871 -0.593301599932833 0.0
0.489214360080943 -0.531388986876504 0.0
0.492171634104713 -0.469242913474655 0.0
0.495352695284008 -0.406848450420757 0.0
0.498734909361051 -0.344188576949393 0.0
0.502303027053624 -0.281243908657499 0.0
0.506044890098124 -0.217991777845516 0.0
0.509948084152241 -0.154405589579095 0.0
0.513996815286091 -0.0904537162931123 0.0
0.518168479380383 -0.0260988356121488 0.0
0.522429782487899 0.0387031268964821 0.0
0.526732281696221 0.104003744933595 0.0
0.531007449822577 0.169863013136922 0.0
0.535160985631908 0.236348516777321 0.0
0.539065727587435 0.303532214514608 0.0
0.54255013240897 0.371476427068113 0.0
0.545373108031254 0.440183190648048 0.0
0.547143467514092 0.509406697067219 0.0
