-0.673864847152684 -0.674807451352192 0.0
0.556215364700099 -0.720933741143943 0.0
-0.602280376851559 0.61237245798111 0.0
0.61237245798111 0.61237245798111 0.0
-0.612716564043241 -0.67787988723844 0.0
0.558165574357243 -0.659493353466392 0.0
0.549332106167634 0.575820615133002 0.0
-0.607187410232396 0.536670762651187 0.0
-0.551558472863255 -0.680717911315981 0.0
0.560549374298351 -0.597789974929708 0.0
0.485440768836754 0.554829307215026 0.0
-0.613154039591136 0.465292872781048 0.0
-0.490420729126765 -0.683596221973874 0.0
0.563257548850968 -0.53580152708867 0.0
0.422383532039655 0.54148897593475 0.0
-0.618201537849701 0.396470267221346 0.0
-0.429292233679819 -0.686589615021716 0.0
0.566226989429406 -0.473513224176234 0.0
0.360082016415732 0.532593343008051 0.0
-0.622532284998086 0.329345602657673 0.0
-0.368153578386619 -0.689723142533493 0.0
0.569418608685171 -0.410910049158475 0.0
0.298339007141141 0.526586728505998 0.0
-0.626406020248098 0.263417475553628 0.0
-0.306974961798177 -0.692982318362549 0.0
0.572806157173577 -0.347973294487901 0.0
0.237008789841229 0.522624991661207 0.0
-0.629993046547243 0.198372074916274 0.0
-0.245722369535207 -0.696309700679802 0.0
0.576369619082898 -0.284678723715106 0.0
0.175998140304148 0.520218180926687 0.0
-0.633397933930345 0.134003902296159 0.0
-0.184365696776486 -0.69961945136936 0.0
0.580090634104069 -0.220995017787142 0.0
0.115251246155685 0.519073970843572 0.0
-0.636684592807523 0.0701736392105236 0.0
-0.122885215115087 -0.702815920399446 0.0
0.583948627318463 -0.156882616086694 0.0
0.0547385382938153 0.519028320223018 0.0
-0.639892784461824 0.00678464935235407 0.0
-0.0612745534600369 -0.705809275794609 0.0
0.587917011337777 -0.0922918496019312 0.0
-0.00554810879510866 0.520057031208714 0.0
-0.643049463030421 -0.0562294104681953 0.0
0.000458577691669182 -0.708526074586647 0.0
0.591958957753297 -0.0271610040466765 0.0
-0.065636315777083 0.521380700080073 0.0
-0.646180306401901 -0.11891137650678 0.0
0.062293897383999 -0.710915238247297 0.0
0.596022565116975 0.038586923805836 0.0
-0.12577125219237 0.523535638457132 0.0
-0.649338886459859 -0.181282452805962 0.0
0.124200812793721 -0.712950816655686 0.0
0.600035152604968 0.105048829149097 0.0
-0.18581645222938 0.527544593159669 0.0
-0.652791578552303 -0.243342656791016 0.0
0.186141470803497 -0.714633125031865 0.0
0.603896406472383 0.172349527011642 0.0
-0.245692690573242 0.532178096160811 0.0
-0.655340650078662 -0.305326029858962 0.0
0.248073156482473 -0.715989472033355 0.0
0.607469297273969 0.240654656014643 0.0
-0.305374004327633 0.538116485457692 0.0
-0.658094569933146 -0.367293221772701 0.0
0.309951568274126 -0.717075307205277 0.0
0.610566632838648 0.310195639295238 0.0
-0.365353805638801 0.545019954965809 0.0
-0.661424130619846 -0.429094450488067 0.0
0.371734240766033 -0.717976121234581 0.0
0.612928319937733 0.381317840395662 0.0
-0.425717755970315 0.55324329661921 0.0
-0.664643434518277 -0.490715292470157 0.0
0.433384706327253 -0.71881013364734 0.0
0.614185230003901 0.454580520098358 0.0
-0.485673321322949 0.564123969635104 0.0
-0.667883748450905 -0.552178146243268 0.0
0.494879134744611 -0.719731545694427 0.0
0.613868757170959 0.530977453962865 0.0
-0.545514015788294 0.580609111886793 0.0
-0.670836587153804 -0.61353490383569 0.0
-0.609716984392812 -0.616595399699662 0.0
-0.606723924190788 -0.555196565559203 0.0
-0.60351529624473 -0.493663545991281 0.0
-0.600326920605153 -0.432053660737476 0.0
-0.597090567037273 -0.370370966944662 0.0
-0.594296395602911 -0.308515258501519 0.0
-0.591641704427568 -0.246325220424138 0.0
-0.588323571724235 -0.183848419947749 0.0
-0.585171775136317 -0.121208859082847 0.0
-0.582058265513894 -0.0583461837542435 0.0
-0.578940100401177 0.00478990539026264 0.0
-0.575794771254042 0.0682453920954144 0.0
-0.572602559090852 0.132067177109866 0.0
-0.569338356139977 0.196303574453927 0.0
-0.565966533307924 0.260995988507227 0.0
-0.562440215501499 0.326153589170674 0.0
-0.558719579780531 0.391683628103154 0.0
-0.554873118292648 0.457207820130405 0.0
-0.55148611163962 0.521551111771182 0.0
-0.548560046421627 -0.619416244718951 0.0
-0.545502890768398 -0.55801982439937 0.0
-0.542339420680047 -0.496496725822001 0.0
-0.539179957903591 -0.434841914108058 0.0
-0.536092449677924 -0.372999955112993 0.0
-0.53327868733521 -0.311003626606724 0.0
-0.530463579511677 -0.248871203903408 0.0
-0.527343630917862 -0.186498467861321 0.0
-0.524280307075495 -0.123932079353059 0.0
-0.521247086193005 -0.0611689804773797 0.0
-0.518225900681834 0.00179837352881031 0.0
-0.51520778991339 0.0649707093333629 0.0
-0.5121872195448 0.128333511724232 0.0
-0.509158730205873 0.191844366085969 0.0
-0.506115984261592 0.255410385780749 0.0
-0.503054472951623 0.31885340258046 0.0
-0.499979843346349 0.381862992479979 0.0
-0.496896400201914 0.443957418114573 0.0
-0.493081907664719 0.504499187514637 0.0
-0.487385318737939 -0.622311188167989 0.0
-0.484299034054156 -0.560920885469547 0.0
-0.481179505833963 -0.499399652837347 0.0
-0.478101230397209 -0.437731681420302 0.0
-0.475125833482434 -0.375913394271275 0.0
-0.472299221664936 -0.313980405908188 0.0
-0.469448631825929 -0.251918691739781 0.0
-0.466460696649519 -0.189684865858186 0.0
-0.463498198323731 -0.127309017140506 0.0
-0.460566104316177 -0.0648100469455992 0.0
-0.457661428332979 -0.00221148827585219 0.0
-0.45478421505897 0.0604495973020684 0.0
-0.451935568938734 0.123114839150086 0.0
-0.449113753011176 0.185696929886972 0.0
-0.44630827606248 0.248072841776799 0.0
-0.443488538114682 0.310085240776078 0.0
-0.440573673049272 0.371561382873284 0.0
-0.437283235896672 0.432358001879649 0.0
-0.432943063021002 0.49256690248395 0.0
-0.426205270826332 -0.625328073056368 0.0
-0.423115716543061 -0.563964270289706 0.0
-0.420053613784842 -0.502479153527287 0.0
-0.417060227798884 -0.440867955954432 0.0
-0.414162506367334 -0.379140655051938 0.0
-0.411349965386376 -0.317316672063276 0.0
-0.408519948711905 -0.255391562610798 0.0
-0.405630116506724 -0.193358427232134 0.0
-0.402757758017953 -0.131247410967224 0.0
-0.399915185792053 -0.0690905462911944 0.0
-0.397105149626449 -0.00692685925790076 0.0
-0.394328787997197 0.0551938737950143 0.0
-0.391583429799417 0.117209483743385 0.0
-0.388856877634743 0.179047341423399 0.0
-0.386118015190603 0.240630587343735 0.0
-0.383299759646342 0.301891942661862 0.0
-0.380255405508246 0.362793992133591 0.0
-0.376672004403004 0.423369937317448 0.0
-0.371920647408224 0.483741541963744 0.0
-0.365015856004543 -0.628493439341264 0.0
-0.361941572775297 -0.567174088681055 0.0
-0.358941249551979 -0.505751205243128 0.0
-0.356023546059771 -0.444225738291098 0.0
-0.353186543673956 -0.382610056396951 0.0
-0.350401127337543 -0.320920138428106 0.0
-0.347605602560643 -0.259162678734141 0.0
-0.344783553099933 -0.197348931255649 0.0
-0.341973351921967 -0.135509761219408 0.0
-0.339186038410888 -0.0736798187820061 0.0
-0.336424345351353 -0.0118978330494691 0.0
-0.333686471711848 0.0497936406829168 0.0
-0.330963586811119 0.111350307237372 0.0
-0.328234335345582 0.172731106445629 0.0
-0.32545598502878 0.23390502304191 0.0
-0.322547650485457 0.29486092206851 0.0
-0.319357350686625 0.355621802519081 0.0
-0.315609449975009 0.416265763181161 0.0
-0.310950916675855 0.476987741758156 0.0
-0.303800066361438 -0.631785576913438 0.0
-0.300754962098203 -0.57051480886196 0.0
-0.297815969717772 -0.509158527600721 0.0
-0.294962615179233 -0.447720355393278 0.0
-0.292172694132345 -0.386213576856049 0.0
-0.289412430476995 -0.324654094905523 0.0
-0.286642761437303 -0.263055205257863 0.0
-0.283856279623707 -0.201435046877095 0.0
-0.281072583507517 -0.139821872526013 0.0
-0.278299524459341 -0.0782459724717544 0.0
-0.275538480758111 -0.0167382678941533 0.0
-0.272785580776324 0.0446713227987673 0.0
-0.270029555997776 0.105956280760161 0.0
-0.267247430222578 0.167097298366862 0.0
-0.264397341032372 0.228086160693202 0.0
-0.261406093087208 0.288931591670656 0.0
-0.25815117967084 0.349667810493789 0.0
-0.254466693623316 0.410371602660459 0.0
-0.250263058723398 0.471172335040832 0.0
-0.242535512237937 -0.635138999688993 0.0
-0.239532377603799 -0.573907866047207 0.0
-0.236652241084828 -0.512606179846542 0.0
-0.233850903458511 -0.451238875455625 0.0
-0.231093453467902 -0.389819267213096 0.0
-0.228346690365187 -0.328363131725031 0.0
-0.225584256974617 -0.266886123728021 0.0
-0.222802028236177 -0.205407190903486 0.0
-0.220010589275547 -0.143950041885217 0.0
-0.217215588309873 -0.0825386155278602 0.0
-0.214418120206243 -0.0211956029941504 0.0
-0.211614761884831 0.0400590814893918 0.0
-0.208795943802273 0.1012099185903 0.0
-0.205942842061076 0.162248228099386 0.0
-0.203022468122133 0.223174522770517 0.0
-0.199981289668529 0.284003152722881 0.0
-0.196745902150726 0.34477036796125 0.0
-0.193261229019672 0.405544595277614 0.0
-0.189598698797113 0.466426622359497 0.0
-0.181201057180593 -0.63846256781259 0.0
-0.17825287393564 -0.577253933439676 0.0
-0.175428307810657 -0.515984887372806 0.0
-0.172666409611178 -0.454661071946867 0.0
-0.169925975470987 -0.393295314334567 0.0
-0.167176855104648 -0.331902634686885 0.0
-0.164400733197179 -0.270498520238051 0.0
-0.16159546226689 -0.209100175305667 0.0
-0.158767925307234 -0.147726694053623 0.0
-0.155923261447736 -0.0863964107061467 0.0
-0.153063782436896 -0.0251258629425283 0.0
-0.150188621657446 0.0360713220167673 0.0
-0.147292709650793 0.0971854189539695 0.0
-0.14436506165227 0.158212312451569 0.0
-0.141386953434877 0.219155059257573 0.0
-0.138333197198614 0.280027228544354 0.0
-0.135187929978928 0.340856300995735 0.0
-0.131997564643233 0.401681411726871 0.0
-0.128993811903208 0.462536558796702 0.0
-0.119781786929039 -0.641658488370561 0.0
-0.11690145703049 -0.580451711190512 0.0
-0.114128867237533 -0.519189107770201 0.0
-0.111394235010605 -0.457877075883098 0.0
-0.108655655387435 -0.396527888637455 0.0
-0.10588781241834 -0.335155467441163 0.0
-0.103078636761984 -0.273774019639176 0.0
-0.100228200102518 -0.212398300888729 0.0
-0.0973427393072302 -0.151043491430461 0.0
-0.0944283347197596 -0.0897236033027267 0.0
-0.0914896894824684 -0.0284508326278752 0.0
-0.0885298767356887 0.0327653491282176 0.0
-0.0855500563130267 0.0939190944725046 0.0
-0.0825493342377133 0.155010042391579 0.0
-0.079526177739898 0.216045430364675 0.0
-0.0764856732533163 0.277044304265145 0.0
-0.0734623761865099 0.338042150683364 0.0
-0.0705753965406601 0.399093210963484 0.0
-0.0681913698395198 0.460266305609198 0.0
-0.0582715144317322 -0.644637210229814 0.0
-0.0554706487718211 -0.583411687211368 0.0
-0.0527459742049801 -0.522129474661781 0.0
-0.0500270888034854 -0.460798196580994 0.0
-0.0472763174225385 -0.39942978876129 0.0
-0.0444747684832118 -0.338037012918344 0.0
-0.0416161647040282 -0.276632433501204 0.0
-0.0387033931213062 -0.215228368760208 0.0
-0.0357438305304552 -0.15383684702095 0.0
-0.0327455644901803 -0.0924686362552812 0.0
-0.0297166140571805 -0.0311328650234236 0.0
-0.0266651580537325 0.030163797378583 0.0
-0.0236002674167443 0.0914180620145143 0.0
-0.0205336610324543 0.152631985122515 0.0
-0.0174844394882677 0.21381505188168 0.0
-0.0144910117619844 0.274987622136145 0.0
-0.0116374365668095 0.336182967663179 0.0
-0.00910489761203691 0.397442253945027 0.0
-0.00718494514936261 0.458768076206508 0.0
0.00332621194312899 -0.647327077797283 0.0
0.00603898755728888 -0.586064496837411 0.0
0.00872089806175976 -0.524739531154281 0.0
0.0114350213754232 -0.463361610086317 0.0
0.0142105871937926 -0.401942565033758 0.0
0.0170587213349112 -0.34049399681781 0.0
0.0199799044245725 -0.279026729600224 0.0
0.0229679434577608 -0.217550840962645 0.0
0.0260132994173703 -0.156075856863352 0.0
0.0291051298368367 -0.0946102215635091 0.0
0.0322313324795603 -0.0331611935292188 0.0
0.0353775469788872 0.0282657518007362 0.0
0.038525182785539 0.089667525996831 0.0
0.0416476807923975 0.151044745137906 0.0
0.0447029818045956 0.212402324951213 0.0
0.0476190321502551 0.273749682481671 0.0
0.0502694049244521 0.335096346827861 0.0
0.0524543690526985 0.396434606352544 0.0
0.0539971746326823 0.457715548674911 0.0
0.064998979910718 -0.649679535378512 0.0
0.067619794059791 -0.58836504454581 0.0
0.0702659344370218 -0.5269784670829 0.0
0.0729859884852264 -0.465531410623196 0.0
0.075797439400918 -0.404035606906905 0.0
0.0787027653722776 -0.342501356419417 0.0
0.0816966854124497 -0.280937630616313 0.0
0.0847695011049957 -0.219352400966445 0.0
0.0879090318370182 -0.157753142356855 0.0
0.0911012734541242 -0.0961466739119616 0.0
0.0943295828799172 -0.0345393652984694 0.0
0.0975727963567005 0.0270631252597976 0.0
0.100802058983223 0.0886559701219808 0.0
0.103975528025745 0.150235702546617 0.0
0.107029361373696 0.211799549129991 0.0
0.109863664773342 0.273343976674735 0.0
0.112326573590083 0.334859495079117 0.0
0.114217438959788 0.396323699704856 0.0
0.115298463900738 0.457727345658667 0.0
0.126727071881205 -0.651671404369245 0.0
0.129258302582436 -0.590294106010637 0.0
0.131878040513699 -0.52883182905625 0.0
0.134614511540143 -0.467298243966775 0.0
0.137471343516714 -0.405704580741604 0.0
0.140442157557265 -0.344059432318025 0.0
0.143516253103891 -0.282369627307427 0.0
0.146680587296344 -0.220640946898703 0.0
0.149920302352389 -0.158878939417616 0.0
0.15321819312858 -0.0970890783693378 0.0
0.156553025538081 -0.035277273749719 0.0
0.159896794552324 0.0265500385768168 0.0
0.163210541969897 0.0883855422322875 0.0
0.166438011829653 0.150220921980444 0.0
0.169496147677685 0.212045406255741 0.0
0.172262683864988 0.273843809433152 0.0
0.174564860753655 0.335593134582106 0.0
0.176171860213699 0.397263286367028 0.0
0.176782943096552 0.458820222956144 0.0
0.188485888134023 -0.653305848184105 0.0
0.190937077874785 -0.591859043579376 0.0
0.193542161159233 -0.530311825571929 0.0
0.196305038720702 -0.468679087620564 0.0
0.199214855771917 -0.406970660110997 0.0
0.202256975214354 -0.345192706566579 0.0
0.205416028388403 -0.283349371184484 0.0
0.208676136445048 -0.22144385628277 0.0
0.212020085531312 -0.159479493928658 0.0
0.215427759045657 -0.0974601586481501 0.0
0.218873655058401 -0.0353910589647864 0.0
0.22232337800521 0.0267208137737312 0.0
0.225728656182927 0.0888658229968176 0.0
0.229020328407842 0.151030868546746 0.0
0.232098745833637 0.213197074873596 0.0
0.234822134753075 0.275337217412353 0.0
0.23699373207517 0.337412566924737 0.0
0.238346291209034 0.399369855424106 0.0
0.238515956586669 0.461138434493851 0.0
0.25024775103613 -0.654613221192111 0.0
0.252635630198022 -0.593094745022502 0.0
0.255239437684666 -0.531458198128116 0.0
0.258037434455065 -0.469717985380915 0.0
0.261005347827159 -0.407881179095137 0.0
0.264121694071455 -0.345950525609983 0.0
0.267367568078756 -0.283926700640147 0.0
0.270725034805018 -0.221809619132077 0.0
0.274175102527638 -0.159599662589412 0.0
0.277695289850297 -0.0972982647578745 0.0
0.281256463015623 -0.03490894574241 0.0
0.284818707914823 0.027561860124473 0.0
0.288325771175444 0.0901033350824218 0.0
0.291697646838616 0.152698545269212 0.0
0.294820855278412 0.215320877050005 0.0
0.297536309062314 0.27792993683655 0.0
0.299623615660302 0.340465885737442 0.0
0.300777089462803 0.402842338300766 0.0
0.300562231238889 0.464937915341629 0.0
0.311984381861598 -0.655652609769011 0.0
0.314331620201172 -0.594065453485465 0.0
0.316947527083607 -0.532340127332953 0.0
0.319786832724768 -0.470488009632464 0.0
0.322814597600393 -0.408511795929615 0.0
0.326004550023814 -0.34640970706148 0.0
0.329335626960829 -0.284178005478331 0.0
0.332788766012672 -0.221812333425164 0.0
0.336343915703328 -0.159308933028121 0.0
0.339976942033592 -0.0966652663154494 0.0
0.34365596001631 -0.0338811897746984 0.0
0.34733678713092 0.0290398911058315 0.0
0.350957062185556 0.0920889202621674 0.0
0.354428662641752 0.155248373797999 0.0
0.357627797667443 0.218486939176929 0.0
0.36038191981041 0.281752553547235 0.0
0.36245038151127 0.344961992383667 0.0
0.363490514942276 0.407985926012722 0.0
0.36298736117518 0.470628225955935 0.0
0.373668818746431 -0.656514413010016 0.0
0.376001035722454 -0.594867631979236 0.0
0.378639938724612 -0.533059083355157 0.0
0.381522701624523 -0.471094178928129 0.0
0.38460775355091 -0.408969740900485 0.0
0.387866402413474 -0.34667846668517 0.0
0.391276848665132 -0.284211292573631 0.0
0.39481980865869 -0.221558454020117 0.0
0.398474869062042 -0.158710430640609 0.0
0.402216972556864 -0.0956583524424723 0.0
0.406012457754696 -0.032395070522096 0.0
0.409814334471158 0.0310836214993953 0.0
0.413556369348507 0.0947765303272789 0.0
0.417145632425761 0.158673385890165 0.0
0.420452659331129 0.222747670440428 0.0
0.423297637763224 0.286945810265438 0.0
0.425427769298627 0.351168809274674 0.0
0.426472949682053 0.415241340647704 0.0
0.42584007721783 0.47885969890464 0.0
0.435276362744125 -0.657324069211393 0.0
0.437616963635885 -0.595633626758566 0.0
0.440284350644178 -0.53375212594397 0.0
0.443207269166871 -0.471676672361652 0.0
0.446341923976509 -0.409397268623874 0.0
0.449659475522169 -0.346900703156412 0.0
0.453138563653986 -0.284172117767952 0.0
0.456760322929536 -0.22119530820755 0.0
0.46050443364757 -0.157953019683416 0.0
0.464345431113948 -0.0944267888720786 0.0
0.468248655091061 -0.0305974882678047 0.0
0.472165559551751 0.033553986387613 0.0
0.476028030150684 0.0980448000489921 0.0
0.479741425705593 0.162886939268367 0.0
0.483175419968243 0.22807990105638 0.0
0.486150743946885 0.293597754256764 0.0
0.488416106472596 0.359362685200345 0.0
0.489599284076912 0.425189401764886 0.0
0.489074721126358 0.490662730752978 0.0
0.496784239447092 -0.658246854221255 0.0
0.499147274066475 -0.596535460885474 0.0
0.501840788247877 -0.534594911072452 0.0
0.504794267968778 -0.472412805890305 0.0
0.507965619429803 -0.409973408501514 0.0
0.511327404518694 -0.347258919089395 0.0
0.514859199416019 -0.284249207391761 0.0
0.518542645455239 -0.220920903237576 0.0
0.522357514751933 -0.157246798482063 0.0
0.526277998337224 -0.0931948357596099 0.0
0.530268642327727 -0.0287276059516024 0.0
0.534279731087854 0.0361984582854193 0.0
0.538241860470361 0.101633439051227 0.0
0.542059531721501 0.167634237161286 0.0
0.545602977257706 0.234262721612883 0.0
0.548696713984851 0.301580762143484 0.0
0.551100588839949 0.369633195484901 0.0
0.552473260763782 0.438392532812486 0.0
0.552281270620383 0.507567848871326 0.0
