-0.661359760325337 -0.677265277688984 0.0
0.569114133974869 -0.723913917813559 0.0
-0.584368380904198 0.61237245798111 0.0
0.61237245798111 0.61237245798111 0.0
-0.600217069112614 -0.680392304075441 0.0
0.571029144009496 -0.66246211555608 0.0
0.551925818366403 0.573784451216419 0.0
-0.591557067870293 0.536314680721947 0.0
-0.539066237728795 -0.683290947544872 0.0
0.573394527741859 -0.600734874294246 0.0
0.489549008661522 0.551659434139417 0.0
-0.598729599035156 0.464541167526001 0.0
-0.477939201844919 -0.68623700404491 0.0
0.576090051315875 -0.538709202354194 0.0
0.427618066063515 0.537687601957289 0.0
-0.604479616046242 0.395352450505964 0.0
-0.416824256900235 -0.689312432697027 0.0
0.579045828737903 -0.476369776245319 0.0
0.366252465263572 0.528435463945066 0.0
-0.609236161577089 0.327916661751569 0.0
-0.355699573653802 -0.692543992579683 0.0
0.582217579590992 -0.413700934013592 0.0
0.305329952589153 0.52223350168939 0.0
-0.613368978168729 0.261733239777916 0.0
-0.294532107866602 -0.695914121894336 0.0
0.585574188144263 -0.3506830484104 0.0
0.244742312191021 0.518179221572278 0.0
-0.617109731714404 0.196482398572026 0.0
-0.233284560584809 -0.69935899819339 0.0
0.589090295724699 -0.287290650039341 0.0
0.184420562924521 0.515752779883333 0.0
-0.620600507740481 0.131951479521504 0.0
-0.171924142018011 -0.70278481959538 0.0
0.592741078249733 -0.223490895202831 0.0
0.124328520712028 0.514649696975405 0.0
-0.623929579535693 0.0679944567877447 0.0
-0.110429450564443 -0.706087917553881 0.0
0.596497767174778 -0.159242465912939 0.0
0.0644559897046603 0.514713854731897 0.0
-0.627153216497517 0.00450885278144726 0.0
-0.0487936067201445 -0.709171420787401 0.0
0.600323212391683 -0.0944937931842554 0.0
0.00481829957156835 0.516028650685122 0.0
-0.630309964413144 -0.0585766188316359 0.0
0.0129750779350394 -0.711956351980658 0.0
0.604166923359435 -0.0291812472715211 0.0
-0.0547209478273748 0.517181335141881 0.0
-0.633434005876968 -0.121308920859888 0.0
0.074854787786272 -0.714387767560759 0.0
0.607959312204556 0.0367739305868392 0.0
-0.114387418115557 0.519130262601263 0.0
-0.636585867155708 -0.183712673705997 0.0
0.136812677004518 -0.716437494726551 0.0
0.611604649281839 0.103469972471032 0.0
-0.173926705605684 0.52357751569075 0.0
-0.640047966976232 -0.245790258949946 0.0
0.198808123170526 -0.718105195855096 0.0
0.614971996673997 0.171032182539994 0.0
-0.233259364171428 0.528506042090812 0.0
-0.642597390291866 -0.307791304308265 0.0
0.260795294351685 -0.71941909260809 0.0
0.617882116898546 0.239625001269249 0.0
-0.292313193212476 0.534853822213729 0.0
-0.645356933198443 -0.369769978207333 0.0
0.322726572194756 -0.720437259995344 0.0
0.620086332403568 0.309475116257773 0.0
-0.351679729056409 0.541734500879865 0.0
-0.648710877223259 -0.431569897102534 0.0
0.384556137373763 -0.721249881064639 0.0
0.621228211158939 0.380915175020745 0.0
-0.411456153084272 0.550009687397046 0.0
-0.651969759558257 -0.493186546564829 0.0
0.446244364817971 -0.721982554442873 0.0
0.620773056323227 0.454472414163143 0.0
-0.470679154612846 0.561677527088545 0.0
-0.65525942759497 -0.554644932093776 0.0
0.507764851520296 -0.722800557838694 0.0
0.617931284231531 0.531060177729094 0.0
-0.529552786119251 0.57899072361295 0.0
-0.658270641756451 -0.615996795543235 0.0
-0.597156553894711 -0.619110602506675 0.0
-0.594103691335141 -0.557714502164959 0.0
-0.590844973300378 -0.496182553395479 0.0
-0.587619047500404 -0.43457200464134 0.0
-0.584355920407556 -0.372886844563518 0.0
-0.581550768394976 -0.311017863099581 0.0
-0.578901487484443 -0.248804031808199 0.0
-0.575586250300159 -0.186299584838234 0.0
-0.572444255185605 -0.123621944319281 0.0
-0.56934122428583 -0.0607086413561437 0.0
-0.566227717147572 0.00249266990669539 0.0
-0.563073064450663 0.0660297645979315 0.0
-0.559846501491586 0.129950832866084 0.0
-0.556507431125166 0.194304405457841 0.0
-0.552998010369378 0.259129834170116 0.0
-0.549238979130963 0.324429569873373 0.0
-0.545142959785208 0.390094987174865 0.0
-0.540710055715626 0.455716193653943 0.0
-0.536440974480129 0.52007229056208 0.0
-0.536004096378731 -0.62199074729677 0.0
-0.53288706604622 -0.56059523699891 0.0
-0.529675074397035 -0.499072094655782 0.0
-0.526480405733649 -0.437415056235091 0.0
-0.523371825495734 -0.37556626336577 0.0
-0.520552944698064 -0.313558198567869 0.0
-0.517744520035356 -0.251410474313475 0.0
-0.514634889235856 -0.189016207955973 0.0
-0.511587804435224 -0.126422153308188 0.0
-0.50857223910637 -0.063625155221704 0.0
-0.505564408924709 -0.000618068752501511 0.0
-0.502548015304695 0.0625985077176378 0.0
-0.499507757356945 0.126007288186826 0.0
-0.496424968151858 0.189560917551529 0.0
-0.493275416855483 0.253158544494284 0.0
-0.490030586192755 0.316610567979758 0.0
-0.486664804508701 0.379593561033427 0.0
-0.483146399415094 0.441620916554554 0.0
-0.47877154541887 0.502084524388108 0.0
-0.474836179436365 -0.624954765109364 0.0
-0.471690111698288 -0.563567413116139 0.0
-0.468524747552161 -0.502048537581137 0.0
-0.465416118864556 -0.440381260263487 0.0
-0.462426034666194 -0.378561521748813 0.0
-0.459599733677047 -0.316625356932954 0.0
-0.456760647516923 -0.25455881183153 0.0
-0.45379083877623 -0.192318251984282 0.0
-0.45085257500923 -0.129934886895942 0.0
-0.447947094475759 -0.0674290783461895 0.0
-0.445066410873413 -0.00482649402859506 0.0
-0.442204083850784 0.0578327358519877 0.0
-0.439352667256773 0.120486073927593 0.0
-0.436499069475872 0.183041007109786 0.0
-0.433617816321109 0.245368856181017 0.0
-0.430659237102281 0.307307809957256 0.0
-0.427521921391119 0.368684895866401 0.0
-0.423925232834503 0.429364397289194 0.0
-0.419302834599588 0.489447453150374 0.0
-0.413664728577431 -0.628056616059891 0.0
-0.41051595720475 -0.566699840822358 0.0
-0.407411790025565 -0.505222190072511 0.0
-0.404393683286188 -0.443618432001804 0.0
-0.401487632104975 -0.381898681487369 0.0
-0.398681366381514 -0.320082940109833 0.0
-0.395868906736942 -0.258167422429899 0.0
-0.393004733729429 -0.19614608114732 0.0
-0.390164519040812 -0.13405068527736 0.0
-0.387357205069073 -0.0719151745425202 0.0
-0.384580972521226 -0.00978075345720629 0.0
-0.381830933654179 0.0523005103666909 0.0
-0.379096408875775 0.114264472804405 0.0
-0.376354602200626 0.176037687862723 0.0
-0.373560839142349 0.237545064310412 0.0
-0.370632666756493 0.298725819224425 0.0
-0.367413887994741 0.359556546743439 0.0
-0.363617327441954 0.420093889156477 0.0
-0.358784084083434 0.480492855205352 0.0
-0.352484325334684 -0.63132343929411 0.0
-0.349352080018572 -0.570015950641519 0.0
-0.346314052911563 -0.508606757091194 0.0
-0.343377399513608 -0.447096647834092 0.0
-0.340538169343623 -0.385498422353968 0.0
-0.337764828404671 -0.323828874734055 0.0
-0.334992710236161 -0.262095657664048 0.0
-0.33220278649942 -0.200311164125112 0.0
-0.329431380546341 -0.138507690131359 0.0
-0.326686370199482 -0.0767212306261257 0.0
-0.32396624239292 -0.0149915255911265 0.0
-0.321263612413215 0.0466385937400055 0.0
-0.318562387781636 0.108125923690895 0.0
-0.315832112463103 0.169432777727157 0.0
-0.313019765996632 0.230535030418852 0.0
-0.310036318954375 0.29143346397166 0.0
-0.306734634911542 0.35216927223212 0.0
-0.302884924895888 0.412843609489806 0.0
-0.298210543932086 0.473652735850695 0.0
-0.29127594554832 -0.63472960419995 0.0
-0.288175016331864 -0.573475125384066 0.0
-0.285203008483125 -0.512138303291044 0.0
-0.282336245545954 -0.450722736781125 0.0
-0.279549574899383 -0.389242251511953 0.0
-0.276806449335505 -0.327713589944242 0.0
-0.274065102259019 -0.266150968982402 0.0
-0.271315835215241 -0.204573473117298 0.0
-0.268576154737521 -0.143010245018718 0.0
-0.265851092466374 -0.0814920955844285 0.0
-0.263138372929072 -0.0200498258737017 0.0
-0.260429514691966 0.041287745354249 0.0
-0.257707679276957 0.10249659296414 0.0
-0.254943827645237 0.163561740698223 0.0
-0.252091285305491 0.224481472800609 0.0
-0.249078084066825 0.285272929090975 0.0
-0.245799300486069 0.345978367261048 0.0
-0.242128034729776 0.406672836187446 0.0
-0.237957590117576 0.467460424759078 0.0
-0.230014978596346 -0.638202677302316 0.0
-0.226959253491092 -0.576991047914899 0.0
-0.224051000671121 -0.515713113168743 0.0
-0.221241362437671 -0.454373816586704 0.0
-0.21849182597481 -0.392986984187489 0.0
-0.215766306396931 -0.33156911766589 0.0
-0.213036041099847 -0.270136603378038 0.0
-0.210294959878128 -0.20870902595062 0.0
-0.207551835556254 -0.147310514748668 0.0
-0.204810096593346 -0.0859649944023351 0.0
-0.202068131012904 -0.0246945256038041 0.0
-0.199319365073833 0.0364824019871477 0.0
-0.196550931661101 0.0975526455657779 0.0
-0.19374146984017 0.158510924872518 0.0
-0.190858402782348 0.219362000273451 0.0
-0.187855848845325 0.280124484343927 0.0
-0.18467958968013 0.340836518735606 0.0
-0.181294610193441 0.401563554357748 0.0
-0.177768409470725 0.46241757566189 0.0
-0.168678327561043 -0.641643297383797 0.0
-0.165682062569405 -0.580455794736738 0.0
-0.162834467557346 -0.519212835063871 0.0
-0.160068896282265 -0.457920065754306 0.0
-0.15734022364522 -0.396590752411222 0.0
-0.154615543881737 -0.33524050291753 0.0
-0.151874540054496 -0.27388535219937 0.0
-0.149113583735178 -0.212542907111908 0.0
-0.146338267784263 -0.151232414371256 0.0
-0.143552313767971 -0.089971976519574 0.0
-0.140756479894959 -0.0287774179521324 0.0
-0.137948391097049 0.0323388936859178 0.0
-0.135122012501191 0.0933690397329686 0.0
-0.132267046436483 0.154311098669834 0.0
-0.129369204261249 0.215170161404097 0.0
-0.12641432693449 0.275960258239437 0.0
-0.123404800819511 0.33670516400387 0.0
-0.120409440988474 0.397434872784589 0.0
-0.117711394390293 0.458168694903336 0.0
-0.107249732450632 -0.64494564325759 0.0
-0.104327186675187 -0.583759997181852 0.0
-0.101536852375872 -0.522523798373873 0.0
-0.09880272970835 -0.461243470552643 0.0
-0.0960790402904045 -0.399931677157231 0.0
-0.093338079241778 -0.338602826775101 0.0
-0.0905663066615208 -0.277271541095101 0.0
-0.0877628963912328 -0.215952819340154 0.0
-0.0849334692094643 -0.154661825709081 0.0
-0.0820835935414668 -0.0934121961624399 0.0
-0.0792176259666161 -0.0322153018580144 0.0
-0.0763387240378861 0.0289207451545357 0.0
-0.0734491263256139 0.0899920672199206 0.0
-0.0705510268379437 0.151000913584456 0.0
-0.0676494390642577 0.21195769180746 0.0
-0.0647605663268266 0.272885031521649 0.0
-0.061934211492257 0.333823035737158 0.0
-0.059311931677445 0.394834324616748 0.0
-0.057349455302741 0.456000418736787 0.0
-0.0457224581215107 -0.648013264521705 0.0
-0.0428865470583421 -0.586807402464185 0.0
-0.0401495825958796 -0.525550084916329 0.0
-0.0374349847820773 -0.464249043961386 0.0
-0.0347016231582756 -0.402916609945789 0.0
-0.0319288054690449 -0.341565976663615 0.0
-0.0291094382592108 -0.280210028396339 0.0
-0.0262461966179359 -0.21886120171871 0.0
-0.0233466232199599 -0.157531358237627 0.0
-0.0204192818083458 -0.0962307133253855 0.0
-0.0174731126645972 -0.0349673375682705 0.0
-0.0145179920754681 0.0262538162780502 0.0
-0.0115660426256983 0.0874320318221797 0.0
-0.00863423898250018 0.14857303628658 0.0
-0.0057500507159902 0.209691396896954 0.0
-0.00296377198761578 0.27081452369639 0.0
-0.000374877916011753 0.331985804371349 0.0
0.00181188316899235 0.393259880512453 0.0
0.00330723568439145 0.454637143226577 0.0
0.0158996820089869 -0.65076917431205 0.0
0.0186392348746333 -0.589523556735893 0.0
0.0213279143119433 -0.528220443886752 0.0
0.0240343748349351 -0.466869531216183 0.0
0.0267905332562777 -0.405483104186843 0.0
0.0296085322412823 -0.344073182193442 0.0
0.0324889036097842 -0.282650852772894 0.0
0.0354248871062182 -0.221226233100559 0.0
0.0384058933005216 -0.159808598059901 0.0
0.041419505274243 -0.0984057654608652 0.0
0.0444513004529885 -0.0370238886600167 0.0
0.0474834494303633 0.0243332573443936 0.0
0.0504921479117408 0.0856649823079866 0.0
0.0534431421284751 0.146975015690966 0.0
0.0562835647099119 0.208271907401586 0.0
0.058927296771966 0.269568560071769 0.0
0.0612312375397874 0.33087583409637 0.0
0.0629861812688505 0.392178485646958 0.0
0.0640721947425815 0.453410028958545 0.0
0.0776033004498921 -0.653161157988705 0.0
0.0802418862973797 -0.591859957394958 0.0
0.08288940321584 -0.530490972134024 0.0
0.0855988747190284 -0.469066306975652 0.0
0.0883893962638927 -0.407598250633852 0.0
0.0912635254475374 -0.346097543084085 0.0
0.0942151852186728 -0.284573408531947 0.0
0.0972332608150783 -0.223033856171541 0.0
0.100303558110643 -0.161486154455734 0.0
0.103409314991337 -0.0999366318877994 0.0
0.106530084648285 -0.0383908415690764 0.0
0.109639410358407 0.0231467204268647 0.0
0.112701104615327 0.0846726841023616 0.0
0.115663424737309 0.146185135919756 0.0
0.118449882678585 0.207682495133616 0.0
0.120946004443497 0.269161205374186 0.0
0.122987603393046 0.330609121059051 0.0
0.124379102038115 0.39199937278113 0.0
0.124922040363744 0.453333774992894 0.0
0.139367159294588 -0.655163989516476 0.0
0.141906918580593 -0.593795556950956 0.0
0.144523046290738 -0.532345675781731 0.0
0.147246573179234 -0.470828791628762 0.0
0.150081430059846 -0.4092568058946 0.0
0.153020290194308 -0.347638782411854 0.0
0.156050776327211 -0.285981823024126 0.0
0.159157556186346 -0.224291810080604 0.0
0.162322770797737 -0.162574238939105 0.0
0.165525260131935 -0.100834386132824 0.0
0.168738524893045 -0.0390778369692008 0.0
0.17192754334773 0.0226893793571426 0.0
0.17504413972406 0.0844603293561279 0.0
0.178020365076805 0.146226861891312 0.0
0.180759288315244 0.20797787027255 0.0
0.183124324252665 0.269697076198505 0.0
0.184933018686069 0.331360167952934 0.0
0.185957773722302 0.392939635806834 0.0
0.185915717488802 0.454413996476363 0.0
0.201164776790064 -0.65678031400782 0.0
0.203615627642642 -0.595337389624756 0.0
0.206212845179901 -0.533796665645704 0.0
0.208961099002211 -0.472174078551056 0.0
0.211848398540989 -0.410480201383417 0.0
0.214858124233585 -0.348721666378849 0.0
0.217972376921716 -0.286902901229608 0.0
0.221172143593934 -0.225027287210364 0.0
0.224436251108951 -0.163098291205318 0.0
0.22773947589295 -0.101119927789423 0.0
0.231049667363303 -0.0390976039331388 0.0
0.234323815068502 0.022961360404718 0.0
0.237502705810415 0.0850467711725943 0.0
0.24050380834819 0.147144629004528 0.0
0.243212218060168 0.209234761558023 0.0
0.245470866057578 0.27128849835669 0.0
0.247071298208253 0.33326674818986 0.0
0.247742378941925 0.395119505513238 0.0
0.247125127143912 0.456784594399118 0.0
0.262966408083814 -0.658041508278897 0.0
0.265346137112486 -0.596521546537768 0.0
0.267938867336962 -0.534885075041945 0.0
0.27072133368226 -0.4731477086568 0.0
0.273666697478586 -0.411317222333095 0.0
0.276750541444464 -0.349396745180488 0.0
0.279950660122503 -0.287387189323509 0.0
0.283245209822032 -0.225288685342518 0.0
0.286610345680379 -0.163101901528652 0.0
0.290017396696797 -0.100828707986803 0.0
0.293429275917962 -0.0384732927970517 0.0
0.296795929389554 0.0239569136320789 0.0
0.30004844727474 0.0864496604334448 0.0
0.303091579713774 0.148986053863376 0.0
0.305794488395061 0.211537025964315 0.0
0.307979943677666 0.274059632036711 0.0
0.309410877755326 0.336492456592475 0.0
0.309769039924823 0.398750147106792 0.0
0.308615305478959 0.460716014306706 0.0
0.324741684997522 -0.659009413523604 0.0
0.327074686320489 -0.597415249845037 0.0
0.329677560631493 -0.53568324024015 0.0
0.332501193760644 -0.473825923183831 0.0
0.335506822602429 -0.411846484093809 0.0
0.338664459707024 -0.349743321461483 0.0
0.34194909893732 -0.287512798182737 0.0
0.345337090320106 -0.225150728419099 0.0
0.348802715784087 -0.162653706683249 0.0
0.352314644200422 -0.100019828663963 0.0
0.355831798967394 -0.0372499813603355 0.0
0.359298360952044 0.0256508578629921 0.0
0.362637511850667 0.0886713459768265 0.0
0.365743651953469 0.151790787326134 0.0
0.368472609180028 0.214973749662242 0.0
0.370629089698587 0.278163345629024 0.0
0.37194836585718 0.341271609572574 0.0
0.372064440157395 0.404165935265096 0.0
0.37044658616637 0.466650153048231 0.0
0.386461679134891 -0.659779352559913 0.0
0.388775817080764 -0.598120217183346 0.0
0.391400993914122 -0.536298066513269 0.0
0.394268542130912 -0.474319092503759 0.0
0.397332150237025 -0.412180198057733 0.0
0.400558858469171 -0.349873938658568 0.0
0.403922427795606 -0.287391123755113 0.0
0.407398410100484 -0.224722013986719 0.0
0.410959994424635 -0.161857371345531 0.0
0.414573992472823 -0.0987889788597879 0.0
0.418196371587045 -0.0355108628899474 0.0
0.421767019203064 0.027979272923914 0.0
0.425203327608256 0.091677301752572 0.0
0.428392255094837 0.155568639321953 0.0
0.431180000663887 0.219620701860803 0.0
0.433357649363136 0.283771850596022 0.0
0.434638112208137 0.347913160942732 0.0
0.434612952931206 0.411858533034887 0.0
0.432654952213437 0.475295553144318 0.0
0.448099944477261 -0.660484613773352 0.0
0.450421021733789 -0.59877711562543 0.0
0.453074945594206 -0.536875050282833 0.0
0.455983369670502 -0.474775552358268 0.0
0.45909730323077 -0.412468188110249 0.0
0.462383323361997 -0.3499392425498 0.0
0.465815265544768 -0.287173442931959 0.0
0.469368609704457 -0.224154340713627 0.0
0.473015978492874 -0.160864685050742 0.0
0.476722907079104 -0.0972863765725903 0.0
0.480443233742914 -0.0334011879256605 0.0
0.484113803890386 0.0308082771119585 0.0
0.487648084574582 0.0953562599605454 0.0
0.490928289656079 0.160250015523439 0.0
0.493794877149121 0.22548165908398 0.0
0.496031215364014 0.291014074382367 0.0
0.497337659863634 0.35675304027712 0.0
0.497280579412841 0.4224906568751 0.0
0.495165706475256 0.487785176607643 0.0
0.509632102326949 -0.661302496380717 0.0
0.511976026757134 -0.599570479790623 0.0
0.514656642633048 -0.53760203850178 0.0
0.517596202193319 -0.475384058478897 0.0
0.520747360844304 -0.412900009772836 0.0
0.524077942893266 -0.350131324277779 0.0
0.527562434397283 -0.287057133118395 0.0
0.531176388975739 -0.223653368503727 0.0
0.534891916439646 -0.159892214570839 0.0
0.538673391220361 -0.0957411968819919 0.0
0.54247275938775 -0.0311628525002502 0.0
0.546224180659794 0.033885801649317 0.0
0.549837620650436 0.0994531906761308 0.0
0.553190955567845 0.165592786810229 0.0
0.556119302797715 0.232360082941098 0.0
0.558399229202311 0.29980555920769 0.0
0.559722419115622 0.367953946258939 0.0
0.559647841821536 0.436742747523756 0.0
0.557499778087253 0.505824106344707 0.0
