-0.648746586020189 -0.679660477492843 0.0
0.582117472222539 -0.726663333426801 0.0
-0.566682696342468 0.61237245798111 0.0
0.61237245798111 0.61237245798111 0.0
-0.587609074129912 -0.682832670482847 0.0
0.583988904970725 -0.665200030546544 0.0
0.554587150969366 0.571773072809395 0.0
-0.576063233066298 0.536000386219363 0.0
-0.526465169901405 -0.685782621294964 0.0
0.586326903201614 -0.603448959537835 0.0
0.493717123207057 0.548533134466357 0.0
-0.584406966675601 0.463842222391298 0.0
-0.465348554616865 -0.688787090710982 0.0
0.589000338349301 -0.541386283453373 0.0
0.432892741085135 0.533954893949853 0.0
-0.590837487733825 0.394291567761005 0.0
-0.404246945807991 -0.691935242752303 0.0
0.591932638894042 -0.478996180543277 0.0
0.372443748279638 0.524369685514817 0.0
-0.596002393296623 0.326546852938926 0.0
-0.343136110365475 -0.695255596731236 0.0
0.595074410278553 -0.416262371709521 0.0
0.312324181119808 0.517990847117721 0.0
-0.600379271789797 0.260109598284794 0.0
-0.281979762542936 -0.698727539513991 0.0
0.598389752522582 -0.353164331840667 0.0
0.252462778287316 0.513857114757342 0.0
-0.604260279268903 0.19465441784974 0.0
-0.220737308114277 -0.702280867604204 0.0
0.601848063348021 -0.28967537585798 0.0
0.192814119959494 0.511419305382464 0.0
-0.60782454859685 0.129961621113027 0.0
-0.159373259179342 -0.705813810328732 0.0
0.60541818377052 -0.225761147513626 0.0
0.133361030439947 0.510361479286955 0.0
-0.611184420837281 0.0658785236040283 0.0
-0.0978645341904635 -0.70921468988072 0.0
0.609063321533968 -0.161378577086774 0.0
0.0741120721066016 0.51053592663265 0.0
-0.614412471259408 0.00229682783038009 0.0
-0.0362037475267381 -0.712379624490717 0.0
0.612735982217812 -0.0964741942177297 0.0
0.0151065029712089 0.512145074460975 0.0
-0.617558692621639 -0.0608596845249332 0.0
0.025600180215519 -0.715224144618801 0.0
0.616372280433051 -0.0309824474879902 0.0
-0.0439023058624458 0.513112531456533 0.0
-0.62066566461629 -0.123642097694604 0.0
0.0875238912810455 -0.717689486096258 0.0
0.619885246696011 0.0351771795805744 0.0
-0.103112016429542 0.514831730345837 0.0
-0.62380077561052 -0.186078453149251 0.0
0.149532285616935 -0.71974528914649 0.0
0.623156418724165 0.102104231331491 0.0
-0.162152396857948 0.519727178787278 0.0
-0.627262265453017 -0.248173543585979 0.0
0.211581980516439 -0.7213905809613 0.0
0.626024520935198 0.169924397213879 0.0
-0.220960054083131 0.524942046873839 0.0
-0.629802582515358 -0.310192245568432 0.0
0.273624048330634 -0.722654488745583 0.0
0.62826831302564 0.238800616728456 0.0
-0.279407976873129 0.531694055556356 0.0
-0.632558371600259 -0.372182432975667 0.0
0.33560758820181 -0.723597674902871 0.0
0.629577702284329 0.308954052032227 0.0
-0.338193460392687 0.53853168729702 0.0
-0.635927161685233 -0.433981289581512 0.0
0.397483474604974 -0.724314940177147 0.0
0.629499841853534 0.38070260576705 0.0
-0.397412745677325 0.546823626405119 0.0
-0.639216174976833 -0.495594056039451 0.0
0.459208985986052 -0.724939142404151 0.0
0.627334549188924 0.45453603284545 0.0
-0.455916557377195 0.559269561242279 0.0
-0.642545744620152 -0.557048352306249 0.0
0.520755217527233 -0.72564646024573 0.0
0.62197344235344 0.531270892552831 0.0
-0.513855404788992 0.577383799683845 0.0
-0.645605989054531 -0.618395670125182 0.0
-0.584497005366188 -0.621553371361035 0.0
-0.581393688140238 -0.560159667273545 0.0
-0.578094296258457 -0.498628434103805 0.0
-0.574840238778819 -0.437016879575254 0.0
-0.571559840773291 -0.375328907781283 0.0
-0.568753119097184 -0.313446464299438 0.0
-0.566118730817446 -0.251208799231091 0.0
-0.562816339853263 -0.188676624859798 0.0
-0.559694196442678 -0.125960881317471 0.0
-0.556611915092177 -0.0629969693384389 0.0
-0.553513657073056 0.000269520375816168 0.0
-0.550360718402055 0.0638881811001729 0.0
-0.547111473450537 0.127908525232835 0.0
-0.54371013036406 0.1923793198514 0.0
-0.540077145177611 0.25733780739205 0.0
-0.536101872230499 0.322779404003654 0.0
-0.531651612564499 0.388578539179308 0.0
-0.526663816401961 0.454290630565996 0.0
-0.521570810674331 0.518640768422842 0.0
-0.523348687162361 -0.624483500065362 0.0
-0.52018112953003 -0.563088516104235 0.0
-0.516929993197642 -0.501564945279684 0.0
-0.513709522624349 -0.43990531133011 0.0
-0.510589314016238 -0.378049371771067 0.0
-0.507774737448805 -0.316029329436223 0.0
-0.504982544572935 -0.253866073613814 0.0
-0.501893079819804 -0.191450052177577 0.0
-0.498872257686272 -0.128828137937473 0.0
-0.495884633109509 -0.0659970661989439 0.0
-0.492900827898517 -0.00295008831846004 0.0
-0.4898973940505 0.0603108574180614 0.0
-0.486849572148621 0.123765655207995 0.0
-0.483726012517349 0.187361852628511 0.0
-0.480485516581367 0.250990279686812 0.0
-0.477077231888578 0.314449192296905 0.0
-0.473447194461238 0.377400907352624 0.0
-0.46953281025496 0.43935217245643 0.0
-0.464650271496787 0.499723911189623 0.0
-0.46218728965182 -0.627507245556154 0.0
-0.458990774798538 -0.566122438965328 0.0
-0.455788919999558 -0.504605514884201 0.0
-0.452659304281109 -0.442938546181671 0.0
-0.449663929744002 -0.381117007379772 0.0
-0.446847377861796 -0.319177349711418 0.0
-0.444029382294618 -0.257105673323951 0.0
-0.441087531116425 -0.194858105243945 0.0
-0.438183568102138 -0.132467000704758 0.0
-0.435315105060609 -0.0699542017633124 0.0
-0.432469323445136 -0.00734755344535264 0.0
-0.429633563216354 0.0553096635567388 0.0
-0.426792249418283 0.117950600618376 0.0
-0.423921604054962 0.180477300870705 0.0
-0.420982213817075 0.242755069894502 0.0
-0.417906919500425 0.304617112334076 0.0
-0.414575976238519 0.365889606272429 0.0
-0.410710229128354 0.426443881661315 0.0
-0.405845137782264 0.486391226504594 0.0
-0.401024210263392 -0.630684748394136 0.0
-0.397825537001319 -0.569334584947115 0.0
-0.394688617601976 -0.507863984067297 0.0
-0.391655123477249 -0.446267267812939 0.0
-0.388750121666474 -0.384554701191521 0.0
-0.385959594678429 -0.322746869602735 0.0
-0.383174322285548 -0.260840647963659 0.0
-0.380345678362741 -0.198830858947483 0.0
-0.377547764838405 -0.136750923970615 0.0
-0.374786273748808 -0.0746367214942684 0.0
-0.372055004960254 -0.0125316808176495 0.0
-0.369343326190601 0.0495097741467096 0.0
-0.366632960829163 0.111421440065514 0.0
-0.36389109856018 0.173128954385138 0.0
-0.361060302293271 0.234558885891108 0.0
-0.358043740448295 0.295656836275098 0.0
-0.354676526923623 0.356413313888945 0.0
-0.350695743879107 0.416908571919175 0.0
-0.345801478391416 0.477332081774377 0.0
-0.339852672042996 -0.634043793507428 0.0
-0.336671751307416 -0.572747748461046 0.0
-0.333605300966782 -0.511351828695573 0.0
-0.330659008575494 -0.449856683539826 0.0
-0.327826928347514 -0.388275556164733 0.0
-0.325075154865292 -0.326626061543388 0.0
-0.322336116425034 -0.264916815361893 0.0
-0.319588237231826 -0.203161361727889 0.0
-0.316865859808737 -0.141393442660752 0.0
-0.31417381942389 -0.0796504104781162 0.0
-0.311506534286472 -0.0179730280829251 0.0
-0.30885128807281 0.043595587393508 0.0
-0.306185074029681 0.105013317376394 0.0
-0.303468795336518 0.166245842671469 0.0
-0.300639704088961 0.227275905147917 0.0
-0.297601142105926 0.288116128592224 0.0
-0.294210608490968 0.348825737506489 0.0
-0.290281041882203 0.40952872685669 0.0
-0.28560583004923 0.470422783169621 0.0
-0.278651636769086 -0.63755484878949 0.0
-0.275504132894034 -0.576316241992117 0.0
-0.272508358041521 -0.514998469959888 0.0
-0.269637479504327 -0.453605127365685 0.0
-0.266863439168177 -0.392150589585099 0.0
-0.264146965759061 -0.330652439720945 0.0
-0.261443643760306 -0.269125814332039 0.0
-0.258741541332641 -0.207590743460819 0.0
-0.256056144417898 -0.146077258968392 0.0
-0.253389774749247 -0.0846166883508982 0.0
-0.250736662379656 -0.0232397080577951 0.0
-0.248083938245114 0.0380259632460897 0.0
-0.245409491144148 0.0991587808479833 0.0
-0.242678588603935 0.160148053346102 0.0
-0.239840122775198 0.220998450386864 0.0
-0.23682347847067 0.281735300467648 0.0
-0.233540416148995 0.342408536418652 0.0
-0.229900323269193 0.403091186171462 0.0
-0.225778854077726 0.463862741845287 0.0
-0.217394262598544 -0.64113853048582 0.0
-0.214295151912659 -0.579945991345559 0.0
-0.21136799581652 -0.518691408816936 0.0
-0.208559331453754 -0.457379750047757 0.0
-0.20582708847865 -0.396025354558819 0.0
-0.203132340127038 -0.334645443820011 0.0
-0.2004439633637 -0.273257128353364 0.0
-0.197753993357188 -0.211880623783835 0.0
-0.195069457479968 -0.150540476552609 0.0
-0.192391663320183 -0.0892605975266824 0.0
-0.189716433209008 -0.0280624278952184 0.0
-0.187034235019633 0.0330369361040041 0.0
-0.184329147788118 0.0940266627618935 0.0
-0.181577538904725 0.154904753406395 0.0
-0.178747413110318 0.215680027000729 0.0
-0.175800292526956 0.276375107432443 0.0
-0.172699975731229 0.337029840926781 0.0
-0.169429742940078 0.397706920507013 0.0
-0.16605083116761 0.458529420830514 0.0
-0.156055477152893 -0.644687252806791 0.0
-0.153020280965326 -0.583520475395022 0.0
-0.150158831736521 -0.522303217163569 0.0
-0.147398843629328 -0.461041138146984 0.0
-0.144691311801982 -0.39974793776896 0.0
-0.142000610192297 -0.338439802515937 0.0
-0.139304455751929 -0.277133306825462 0.0
-0.136597780843896 -0.215846456976184 0.0
-0.133884945227823 -0.154598657314915 0.0
-0.131168335527806 -0.093407796743212 0.0
-0.128447271454889 -0.0322890260440194 0.0
-0.125718019143017 0.0287464730201826 0.0
-0.122973750538266 0.0896924638596663 0.0
-0.120205000326142 0.150549023233031 0.0
-0.117401901180761 0.211322993303437 0.0
-0.114560906393865 0.272028512619207 0.0
-0.111701669361939 0.332685320989075 0.0
-0.108913828498526 0.393313964311003 0.0
-0.10652915821639 0.453918733523127 0.0
-0.0946176642811898 -0.648087180157391 0.0
-0.0916619915053292 -0.586922275349809 0.0
-0.0888630488923831 -0.525712119962893 0.0
-0.0861386769538224 -0.464463163717851 0.0
-0.0834392592613372 -0.403188451113137 0.0
-0.0807347278466091 -0.341902867866531 0.0
-0.078010096514156 -0.280621444275109 0.0
-0.0752636700908547 -0.219359425437396 0.0
-0.0725004929584745 -0.15813197312215 0.0
-0.0697256774276555 -0.0969523765648626 0.0
-0.0669433067747301 -0.0358312335538479 0.0
-0.0641567070605066 0.0252246218262661 0.0
-0.0613692654768537 0.0862131638835793 0.0
-0.0585862566407308 0.147139098533766 0.0
-0.0558190333379089 0.208015838998812 0.0
-0.0530943551575951 0.268869500950749 0.0
-0.0504762489261374 0.329744898333886 0.0
-0.0481270883384506 0.390713458853026 0.0
-0.0465888424544411 0.451869658420686 0.0
-0.0330735392146892 -0.65123499677431 0.0
-0.0302116051298886 -0.590048435834173 0.0
-0.0274714520360417 -0.528815689314366 0.0
-0.0247703745890673 -0.46754458997886 0.0
-0.0220638125910706 -0.406247850408739 0.0
-0.0193292869348717 -0.344939086884152 0.0
-0.0165588981931444 -0.283631500350501 0.0
-0.0137551209040789 -0.222337651264017 0.0
-0.0109256792454182 -0.161069250725022 0.0
-0.00807963372446336 -0.0998359907125285 0.0
-0.00522686741133176 -0.038644928796888 0.0
-0.00237896372600933 0.0225006363568641 0.0
0.000448935251373678 0.0836024828482281 0.0
0.00323472888079484 0.144669925580619 0.0
0.0059428851013959 0.205722550040756 0.0
0.00851177442055749 0.266794802689168 0.0
0.0108273137122904 0.327940209762554 0.0
0.0126622878412983 0.389226736717539 0.0
0.0137297516591035 0.450652462280392 0.0
0.028572813537452 -0.65404843058727 0.0
0.0313301892507337 -0.592819461781938 0.0
0.0340165638475947 -0.53153792969797 0.0
0.0367061270645034 -0.470213781955613 0.0
0.0394334706342665 -0.408859744437304 0.0
0.0422117545875097 -0.34748824719231 0.0
0.0450415679813124 -0.286110640801521 0.0
0.0479155921156878 -0.224737090375688 0.0
0.0508221987725895 -0.163376637883133 0.0
0.0537474137879362 -0.102036504551824 0.0
0.0566745244239132 -0.040721783048208 0.0
0.0595822903399492 0.0205653892300579 0.0
0.0624418059560611 0.0818266336097499 0.0
0.0652113273758844 0.143068673709051 0.0
0.0678275132146034 0.204303522678687 0.0
0.0701906523320548 0.265547301087066 0.0
0.0721415331147992 0.326811755273094 0.0
0.0734616424451404 0.388073602616355 0.0
0.0740857923080348 0.449249299035297 0.0
0.0903070219661653 -0.656471654523373 0.0
0.0929544901706093 -0.595183489349431 0.0
0.0955943261238741 -0.533831889577401 0.0
0.0982839658019217 -0.472429438815103 0.0
0.101044121220925 -0.410988970243024 0.0
0.103877445806956 -0.349521659099813 0.0
0.106777089944052 -0.288036986782257 0.0
0.109730552958232 -0.226543013981951 0.0
0.112721667512607 -0.165046827461135 0.0
0.115730969635573 -0.103554304071345 0.0
0.118734290720635 -0.0420702391471224 0.0
0.121700004772273 0.0194019458699256 0.0
0.124584779179762 0.0808602086203719 0.0
0.127327245382318 0.14230399591849 0.0
0.12983863654263 0.203732638161801 0.0
0.131990311065127 0.265142171239362 0.0
0.133605991695707 0.326517394051834 0.0
0.134494635327947 0.387826912584561 0.0
0.134497236096168 0.449083879911562 0.0
0.152106320164575 -0.658477430503143 0.0
0.154645775359655 -0.597117679932984 0.0
0.157249237150928 -0.535680062918257 0.0
0.159950541344207 -0.474179781005756 0.0
0.162753944702592 -0.412629398428899 0.0
0.165651205844498 -0.351038451493664 0.0
0.168628312502984 -0.289414326498259 0.0
0.171667696150629 -0.227763028692707 0.0
0.17474856733386 -0.166090035311684 0.0
0.177845908435208 -0.1044004785438 0.0
0.180928091517714 -0.04269969685625 0.0
0.183953270414615 0.0190065734336305 0.0
0.186864316752916 0.0807116177011319 0.0
0.18958193230019 0.142407218829536 0.0
0.191995701237937 0.204081629966238 0.0
0.193955023742507 0.265717122618558 0.0
0.195267679768696 0.327287744093764 0.0
0.195708869183956 0.388768331927131 0.0
0.195014095524179 0.450150160326051 0.0
0.213942342213796 -0.66006789980427 0.0
0.216384063598661 -0.598628747928849 0.0
0.218964344804164 -0.537094464853307 0.0
0.221688652678192 -0.475482013909912 0.0
0.224543903377868 -0.413802708377167 0.0
0.227511544882956 -0.352063657537737 0.0
0.230571207648618 -0.290269590938393 0.0
0.233700821198588 -0.228424098579944 0.0
0.236875355572358 -0.166530826701176 0.0
0.240064620319307 -0.104593994711172 0.0
0.243230008454862 -0.042619300997514 0.0
0.246320154459563 0.0193854741099875 0.0
0.24926524039859 0.0814093956917116 0.0
0.251969764857067 0.14343731674491 0.0
0.254303960395142 0.205447444208489 0.0
0.256095683003273 0.267409255733349 0.0
0.257124652932409 0.329282792410298 0.0
0.257115498270495 0.391020763686015 0.0
0.25571436149405 0.452569245958683 0.0
0.27578328213896 -0.661275447948256 0.0
0.278146091706631 -0.599753965703964 0.0
0.280718641579051 -0.538117590665628 0.0
0.283476198470438 -0.476383138402581 0.0
0.286389418546215 -0.414559091051603 0.0
0.289431016582837 -0.352648974845276 0.0
0.292575564690088 -0.290653962202778 0.0
0.295797410428959 -0.228574434825775 0.0
0.299067989580238 -0.166411398880355 0.0
0.302352623071825 -0.10416723373892 0.0
0.305606515270709 -0.0418468990587429 0.0
0.308769792848501 0.0205410323250402 0.0
0.311761287464453 0.0829826714028996 0.0
0.314470953341179 0.145456879478044 0.0
0.316751009693796 0.207931737791081 0.0
0.31840632786567 0.270361191670982 0.0
0.319183103340159 0.332681471238594 0.0
0.318750171585815 0.394807293515976 0.0
0.316663394145776 0.456625880317713 0.0
0.337596698869909 -0.662164623479175 0.0
0.339906689382708 -0.600563477946077 0.0
0.342487378581896 -0.538824869259841 0.0
0.345285891532426 -0.476962496224668 0.0
0.348259717123204 -0.414980044804619 0.0
0.351375230907568 -0.352876109344297 0.0
0.354603577391078 -0.290647179636173 0.0
0.357916639998998 -0.228289279056931 0.0
0.361283196138716 -0.165799407302468 0.0
0.364664935855291 -0.103176369403998 0.0
0.368011880522929 -0.0404221925543811 0.0
0.371256945828646 0.0224564139640603 0.0
0.374309307339439 0.0854455856197958 0.0
0.377046390598883 0.148521109097342 0.0
0.379304130262006 0.211642916885583 0.0
0.380864856658817 0.27474852405682 0.0
0.381439884200745 0.337744085624675 0.0
0.380639559068661 0.400492152426178 0.0
0.377916335631718 0.462794751431653 0.0
0.399351728016254 -0.662835586039259 0.0
0.401638981926745 -0.601164162719369 0.0
0.404241216379204 -0.539328544378105 0.0
0.407084022692988 -0.477335712930734 0.0
0.410116433741901 -0.41518266667851 0.0
0.413301310454904 -0.352861838710872 0.0
0.416608080247162 -0.290363937097059 0.0
0.420007268153987 -0.227679281712564 0.0
0.42346585003546 -0.164798964567655 0.0
0.426942753490816 -0.101715491493324 0.0
0.430383898406707 -0.038424169798234 0.0
0.433716459764648 0.0250752234038048 0.0
0.436841950334305 0.0887753717754382 0.0
0.439627779366828 0.152656972218307 0.0
0.441896406065267 0.21668073108179 0.0
0.443410391922882 0.2807759187469 0.0
0.443848805909866 0.344822060459589 0.0
0.442764848417293 0.408619779685742 0.0
0.439495856943922 0.471844434736469 0.0
0.461020227244141 -0.663429340034226 0.0
0.463312923935352 -0.601704870639937 0.0
0.465944095284015 -0.539782414658434 0.0
0.468828407558364 -0.477659152371639 0.0
0.471911763684981 -0.415324231611144 0.0
0.475156250306821 -0.352763453334983 0.0
0.478531010950971 -0.289961151603657 0.0
0.482006017853244 -0.226900659109725 0.0
0.485547033006725 -0.16356476320379 0.0
0.489110853617638 -0.0999357798114976 0.0
0.492640156877971 -0.0359964646250626 0.0
0.496057606120722 0.0282687314345427 0.0
0.49925876376024 0.0928708889542325 0.0
0.502103297342509 0.157812123379652 0.0
0.504403136299142 0.223076463702946 0.0
0.505905082368946 0.288614383042668 0.0
0.506262045428838 0.354313099304874 0.0
0.504979782757403 0.419938288490411 0.0
0.501294925756304 0.485015044656805 0.0
0.522576294087368 -0.664135018901824 0.0
0.524892192790832 -0.602382459864238 0.0
0.527550543490731 -0.540386331983429 0.0
0.530466467000765 -0.478132832867108 0.0
0.533587454957008 -0.415604662356241 0.0
0.53687668503461 -0.352782503419429 0.0
0.540303664002739 -0.289644765015868 0.0
0.543838003109528 -0.226166696576301 0.0
0.547444344205048 -0.162319890394667 0.0
0.551077501213099 -0.0980714773681439 0.0
0.554677147123669 -0.0333839804241616 0.0
0.558161717656452 0.0317849218439307 0.0
0.561421019466428 0.0974818443316504 0.0
0.564306843534523 0.163756529613964 0.0
0.566619818631183 0.230657504937207 0.0
0.568089346269044 0.298222693881321 0.0
0.568340068871785 0.366454347038302 0.0
0.566833054666047 0.435249936327762 0.0
0.562752877412152 0.504193654659011 0.0
