-0.636137816475452 -0.68197608054342 0.0
0.595110736636254 -0.729161017638063 0.0
-0.549367225170135 0.61237245798111 0.0
0.61237245798111 0.61237245798111 0.0
-0.575004999500005 -0.685183815351311 0.0
0.596930636825203 -0.667686234524212 0.0
0.557295103459565 0.569810958010296 0.0
-0.560834221660597 0.535725875467504 0.0
-0.513867584285645 -0.688175459386525 0.0
0.599232620692501 -0.605911556901621 0.0
0.497910666254097 0.545482200344117 0.0
-0.570306117098525 0.463197255501586 0.0
-0.452760945581238 -0.691228629433396 0.0
0.601874875898336 -0.543812376497383 0.0
0.438162552228522 0.530326288770223 0.0
-0.57739026948526 0.393292280138815 0.0
-0.391672250229955 -0.69443965809449 0.0
0.604774285782876 -0.481372416505758 0.0
0.378602396580884 0.52043341056271 0.0
-0.582943331417314 0.325243803902852 0.0
-0.330574900463435 -0.697838849036252 0.0
0.607876454045522 -0.418574814324774 0.0
0.319261123725924 0.513896976402118 0.0
-0.587547788401494 0.258556601999362 0.0
-0.269429404248225 -0.701402582924817 0.0
0.611140807641966 -0.355398178363416 0.0
0.2601033896245 0.509696888236389 0.0
-0.591554939288626 0.192900117750349 0.0
-0.208191898715106 -0.705054331860452 0.0
0.614531630628654 -0.291814638952948 0.0
0.201106345399087 0.507255410599346 0.0
-0.595180196255721 0.128047829971699 0.0
-0.146824217786746 -0.708684427807825 0.0
0.618011595207745 -0.227788357619714 0.0
0.142270992280202 0.50624593434847 0.0
-0.598559474610826 0.0638405124242647 0.0
-0.085301616670238 -0.712173272520119 0.0
0.621536103038305 -0.163274541023722 0.0
0.08362386922479 0.506529434268249 0.0
-0.60178131671964 0.000164127663963352 0.0
-0.0236162172326156 -0.715410073476461 0.0
0.625047596632397 -0.0982178422442859 0.0
0.0252287952433519 0.508439169111948 0.0
-0.604906920662388 -0.0630624142938013 0.0
0.0382224436888249 -0.718304967342611 0.0
0.628469146665704 -0.0325508108885512 0.0
-0.033272213501441 0.509208284739771 0.0
-0.60798708370146 -0.125894272834584 0.0
0.100189469674105 -0.720795453872009 0.0
0.63169681919798 0.0338087995919407 0.0
-0.0920402526702215 0.510674268756636 0.0
-0.611095905683528 -0.188362880518607 0.0
0.1622475240399 -0.722849046657375 0.0
0.634589888466443 0.100961793339848 0.0
-0.150592208217504 0.516026076908432 0.0
-0.614547092103635 -0.250475466128152 0.0
0.22435049726505 -0.724464165797393 0.0
0.636957240842207 0.169034120224442 0.0
-0.208897862396647 0.521516076783508 0.0
-0.617069170986792 -0.312511673913149 0.0
0.286446415397289 -0.725670833619408 0.0
0.638536145756003 0.238186910602128 0.0
-0.266766232094338 0.528664116764381 0.0
-0.619812084768524 -0.374513335846637 0.0
0.348481159720772 -0.726532244728238 0.0
0.638955634351734 0.308635040862844 0.0
-0.325007400506149 0.53544023711844 0.0
-0.623186273686547 -0.436311421424466 0.0
0.410402377276745 -0.727147709150821 0.0
0.637667153169327 0.380679754513947 0.0
-0.383704838139294 0.543713263645746 0.0
-0.626495893369836 -0.49792067887803 0.0
0.472164341001472 -0.727657168743061 0.0
0.633806638606718 0.454768225302849 0.0
-0.441508967610048 0.556922736625892 0.0
-0.629855743881851 -0.559371322093241 0.0
0.53373574171465 -0.728247442016273 0.0
0.625952866625096 0.531605093529212 0.0
-0.498554494877254 0.575804286746998 0.0
-0.632955403044632 -0.620714506546593 0.0
-0.571851042321439 -0.623906493030252 0.0
-0.568706906510442 -0.562514797683167 0.0
-0.56537644402661 -0.500983894574461 0.0
-0.562103735244104 -0.43937098149706 0.0
-0.55881550674624 -0.377679863834177 0.0
-0.556016419199401 -0.315783881017816 0.0
-0.553406021883065 -0.253522550131624 0.0
-0.550125995090049 -0.190962810004404 0.0
-0.547033230742655 -0.128209290892436 0.0
-0.543981403808728 -0.06519526776419 0.0
-0.540908429484549 -0.00186427187126683 0.0
-0.537767760413254 0.0618351154678072 0.0
-0.534507180257115 0.125953746975842 0.0
-0.531056111779575 0.190540643099134 0.0
-0.527313977657461 0.255630906897325 0.0
-0.523139953256981 0.321212698982696 0.0
-0.518358520761148 0.387142689488187 0.0
-0.512850535063614 0.452939164055627 0.0
-0.506996494625339 0.517266674354431 0.0
-0.510706450826103 -0.626877000389445 0.0
-0.507498005571341 -0.565482135043099 0.0
-0.504217280432619 -0.503957737705755 0.0
-0.500980453579609 -0.442295149574038 0.0
-0.497857952465593 -0.380431805119247 0.0
-0.495056833229108 -0.31839964989154 0.0
-0.492290006982357 -0.256220779724793 0.0
-0.489230056594777 -0.193782987640586 0.0
-0.486244929214972 -0.131133295516202 0.0
-0.483294882068178 -0.0682683191248991 0.0
-0.48034510898532 -0.00518169895469359 0.0
-0.477365254085279 0.0581232862558828 0.0
-0.474321474179631 0.121623664104208 0.0
-0.471170346723406 0.185261789906801 0.0
-0.46785473898818 0.24891993140795 0.0
-0.46430327313204 0.31238367853474 0.0
-0.46043688977909 0.375300139835288 0.0
-0.456167351093558 0.437168070996762 0.0
-0.45083337058357 0.497437266627031 0.0
-0.449551168636903 -0.629950735754972 0.0
-0.446313838938043 -0.568568027684812 0.0
-0.44308499691895 -0.507052616096255 0.0
-0.439943758478182 -0.445385555906377 0.0
-0.436952322265648 -0.383561877299895 0.0
-0.434154625652752 -0.321618442581228 0.0
-0.431366833487878 -0.25954138869036 0.0
-0.428462188113786 -0.197286613783456 0.0
-0.425601908688618 -0.134887634462022 0.0
-0.422780110713171 -0.0723677780203654 0.0
-0.419979346294261 -0.00975708586335515 0.0
-0.417181044667218 0.0528979650063703 0.0
-0.414361979294874 0.115526122945076 0.0
-0.411488425931332 0.178023823390683 0.0
-0.408508170136702 0.240250092586111 0.0
-0.405338268501214 0.302032770038958 0.0
-0.401843002506721 0.363196705154532 0.0
-0.39774660011412 0.423619846469611 0.0
-0.392680710244494 0.483423986208385 0.0
-0.388396083523647 -0.633194010875353 0.0
-0.385157120863211 -0.571849961840008 0.0
-0.381996887453198 -0.510385912405258 0.0
-0.378957283888776 -0.448795761771455 0.0
-0.376062477016066 -0.387089936889467 0.0
-0.37329675143293 -0.325289605496675 0.0
-0.370547750143737 -0.263392296654416 0.0
-0.367763836772749 -0.201393710166703 0.0
-0.365017604716482 -0.139328931283348 0.0
-0.362311639532545 -0.0772357868723593 0.0
-0.359635579885442 -0.0151599499496437 0.0
-0.356973370920855 0.0468417673022156 0.0
-0.354299603578661 0.108701055492469 0.0
-0.351572108633538 0.170342573657 0.0
-0.348721577838357 0.231694472780621 0.0
-0.345637919003441 0.292708634149332 0.0
-0.342148523426494 0.353389325586813 0.0
-0.3380134193166 0.413840319614197 0.0
-0.333080304185114 0.474285973823068 0.0
-0.327233086198177 -0.636635286336582 0.0
-0.324013069780618 -0.575350135289757 0.0
-0.320927564588867 -0.513966928351736 0.0
-0.317980832324547 -0.452486195827798 0.0
-0.315164981686526 -0.390921632611527 0.0
-0.312443800256694 -0.329291671594471 0.0
-0.309746899178941 -0.26760588490435 0.0
-0.307050239699135 -0.205878966066015 0.0
-0.30438626816413 -0.144146101372073 0.0
-0.301756919298158 -0.0824459948626843 0.0
-0.299152749756713 -0.0208204263456835 0.0
-0.296556003024907 0.0406872064302387 0.0
-0.29393715789404 0.102035871413284 0.0
-0.291249006342514 0.163194603456285 0.0
-0.288419724666654 0.224152955214145 0.0
-0.285345653476679 0.284935233895662 0.0
-0.281888840205361 0.34561835495073 0.0
-0.27790188043719 0.406348593628291 0.0
-0.273241496312892 0.467324885800021 0.0
-0.266039148496566 -0.640241177775024 0.0
-0.262854602181291 -0.579017847509933 0.0
-0.259844355501349 -0.517718510999071 0.0
-0.256978488240976 -0.456346776358827 0.0
-0.254226102077309 -0.394917570801565 0.0
-0.251545270109696 -0.333449309589282 0.0
-0.248889003885028 -0.271958036298599 0.0
-0.246243214292322 -0.210464714548973 0.0
-0.243621454766761 -0.149000252435621 0.0
-0.24102346871951 -0.0875964796286061 0.0
-0.238440178699432 -0.0262839369617989 0.0
-0.235854585562411 0.0349107572928836 0.0
-0.23323964728998 0.0959685150615056 0.0
-0.230555362078271 0.156882857641341 0.0
-0.227746629034889 0.21766467933542 0.0
-0.224744369214909 0.27834719399811 0.0
-0.221476154263876 0.338987537041773 0.0
-0.217884884998305 0.399656350003019 0.0
-0.21382810517124 0.460409387407148 0.0
-0.204785213499025 -0.643925412047228 0.0
-0.201652184070406 -0.582751335101791 0.0
-0.198715342507361 -0.521519452617331 0.0
-0.195916711876596 -0.460234767437653 0.0
-0.193210738249279 -0.398912127885411 0.0
-0.190555719360308 -0.337569461401431 0.0
-0.187918237181447 -0.276224586297806 0.0
-0.185288499788632 -0.214898334790616 0.0
-0.182671871776653 -0.153615659694089 0.0
-0.180067657565807 -0.0924004545611275 0.0
-0.177469277735946 -0.0312735525696491 0.0
-0.174864461286655 0.0297493056779903 0.0
-0.172234508436855 0.0906595196573871 0.0
-0.169553813494696 0.151458229943398 0.0
-0.166791161860032 0.212158090364405 0.0
-0.16391524767943 0.272785440359622 0.0
-0.160906706564994 0.333381600168824 0.0
-0.157765305509997 0.394006707238622 0.0
-0.154543682900283 0.454794730101427 0.0
-0.143444243680857 -0.647572255402333 0.0
-0.140379498169797 -0.586425562691838 0.0
-0.137513331955924 -0.525233339414419 0.0
-0.134767926379633 -0.464001263463382 0.0
-0.132090472916235 -0.402743457932951 0.0
-0.129442685297295 -0.341476672114779 0.0
-0.126800368666192 -0.280218005367586 0.0
-0.124157072585174 -0.218985855000782 0.0
-0.121515993923007 -0.157799784753893 0.0
-0.118878281343778 -0.0966774876664128 0.0
-0.116241947227341 -0.0356334843412164 0.0
-0.113602066041549 0.0253221469043213 0.0
-0.110951206233198 0.0861847123667034 0.0
-0.108280894532696 0.14695606998262 0.0
-0.10558567739159 0.207644502087719 0.0
-0.102872197604953 0.268263871317201 0.0
-0.10017636452291 0.328829530392936 0.0
-0.0976069753922513 0.389352274970971 0.0
-0.09554124910701 0.449821115432335 0.0
-0.0819972759435588 -0.651059951723504 0.0
-0.0790177539038331 -0.589915160852757 0.0
-0.0762192589203751 -0.52873039759429 0.0
-0.0735135856199618 -0.467512135561425 0.0
-0.0708473509817915 -0.406273786543216 0.0
-0.0681881733064971 -0.345030698278398 0.0
-0.0655196602736609 -0.283798299539505 0.0
-0.0628392878453423 -0.22259208057885 0.0
-0.0601515729348563 -0.161427213395305 0.0
-0.0574612365324819 -0.100316671789901 0.0
-0.0547721705279981 -0.0392703374276678 0.0
-0.0520879610729045 0.021706141791166 0.0
-0.0494132183833568 0.0826124580154599 0.0
-0.046756289079858 0.143455596877906 0.0
-0.0441346484030742 0.204251781224598 0.0
-0.0415850302000897 0.265030474715537 0.0
-0.0391846200070674 0.325841246411742 0.0
-0.0371148709778599 0.386764694517936 0.0
-0.0360005481018086 0.447908454551467 0.0
-0.020436485468982 -0.654278423216676 0.0
-0.0175576852257428 -0.593110577558549 0.0
-0.0148233207630281 -0.531901797591705 0.0
-0.012144671746271 -0.470660007113898 0.0
-0.00947380802679801 -0.409398284727016 0.0
-0.00678649752543864 -0.348130655644221 0.0
-0.00407405690543086 -0.286870631254006 0.0
-0.00133877860365808 -0.225630899919004 0.0
0.00141141163045675 -0.164423039041844 0.0
0.0041669330693201 -0.103256249917783 0.0
0.00691693754195819 -0.042136629379426 0.0
0.0096481275924696 0.0189341030612106 0.0
0.0123423819996181 0.0799601223773049 0.0
0.0149726203534882 0.140954218590833 0.0
0.0174955814621859 0.20194088879909 0.0
0.019838891048949 0.262961539642571 0.0
0.0218747309678388 0.324079768058407 0.0
0.0233546471953109 0.385376591814706 0.0
0.0239941508052092 0.446847614420178 0.0
0.0412337640505329 -0.657140212639692 0.0
0.0439999387613926 -0.595927375821495 0.0
0.0466751031981556 -0.534666896567183 0.0
0.0493388865616944 -0.473368957848992 0.0
0.0520285142058142 -0.412046708506786 0.0
0.0547581492415275 -0.350712977911992 0.0
0.0575284372161733 -0.289379377125703 0.0
0.0603315077427165 -0.228056126885355 0.0
0.0631547065233368 -0.166752055839369 0.0
0.0659825233311363 -0.105473822686421 0.0
0.0687959935484437 -0.0442255115969403 0.0
0.0715705382390374 0.0169923022778194 0.0
0.0742722861308481 0.078183446603938 0.0
0.0768522436378676 0.139357493994598 0.0
0.0792369824995483 0.200529716474811 0.0
0.0813137483051747 0.261719147510636 0.0
0.0829078842386963 0.322937947065103 0.0
0.0837918183543496 0.384154309971574 0.0
0.0839526604586921 0.445268210477983 0.0
0.10299811293188 -0.659585964606534 0.0
0.105645577691674 -0.598310411318428 0.0
0.108268887598364 -0.536975770922548 0.0
0.110929821347736 -0.475595083484156 0.0
0.113650690544051 -0.414181709954408 0.0
0.116434252805407 -0.352747253381433 0.0
0.119272908506346 -0.291301454924492 0.0
0.122152804929313 -0.229852440188731 0.0
0.125055849084808 -0.168407140330302 0.0
0.127959942730971 -0.10697102292892 0.0
0.130837295212678 -0.0455481901636595 0.0
0.133651261632866 0.0158589150547575 0.0
0.13635159096264 0.0772494367707862 0.0
0.138867619000629 0.138623976791889 0.0
0.141098744662521 0.199982485041768 0.0
0.142902670760604 0.26132020507377 0.0
0.144091363566726 0.32261849932916 0.0
0.144477779363839 0.383841409873585 0.0
0.143942143674117 0.445013632722815 0.0
0.164832272107124 -0.661586486902797 0.0
0.167362671072621 -0.600235106573907 0.0
0.169944665115948 -0.538809448253892 0.0
0.1726148618474 -0.477325444432287 0.0
0.175377855767158 -0.415796308900662 0.0
0.178224523600359 -0.354232048873265 0.0
0.181139264962856 -0.292640344593403 0.0
0.184102337448945 -0.231027345389463 0.0
0.187090105442425 -0.16939854561746 0.0
0.190073810303827 -0.107758987016072 0.0
0.193016859577041 -0.0461138408775257 0.0
0.195870813834242 0.0155313337340863 0.0
0.198569911281537 0.0771698766227375 0.0
0.201023922006194 0.138793278299203 0.0
0.203109432475597 0.200388858286313 0.0
0.20466225073101 0.261937102002296 0.0
0.205480430590029 0.323410110230305 0.0
0.205341565311117 0.384784810975537 0.0
0.203999867931309 0.446065329722677 0.0
0.226706006294469 -0.6631434402846 0.0
0.229129964044177 -0.601707871469402 0.0
0.231684528552042 -0.54017985483684 0.0
0.234375975269813 -0.478577357030954 0.0
0.237190169793834 -0.41691242423967 0.0
0.240106685002625 -0.35519264835474 0.0
0.243102752257562 -0.29342307765875 0.0
0.246153335128709 -0.231607539778176 0.0
0.249229669074579 -0.16974990396628 0.0
0.252296763595234 -0.107854657800471 0.0
0.255309784343202 -0.0459278811990327 0.0
0.25820932076749 0.0160220589567402 0.0
0.260915354799651 0.0779833138898393 0.0
0.263319905169554 0.139939358476499 0.0
0.265278851789276 0.201866482567117 0.0
0.266605338927546 0.263731939967642 0.0
0.26706727568443 0.32549442316447 0.0
0.266384806651955 0.387108793715652 0.0
0.26420943994744 0.448529080182835 0.0
0.288585473868716 -0.66429020101075 0.0
0.290922820034679 -0.602767131587334 0.0
0.293466405263016 -0.541130810399639 0.0
0.296190087812154 -0.479399236174232 0.0
0.299062091264928 -0.417581598629772 0.0
0.30205234265154 -0.355681833790252 0.0
0.305132286040374 -0.293701397566014 0.0
0.308272580016157 -0.231640957459082 0.0
0.311440100167288 -0.169501906778474 0.0
0.31459437456926 -0.107287203300726 0.0
0.317683188796483 -0.0450026748223258 0.0
0.320637231383218 0.0173418292391855 0.0
0.323363554755371 0.0797305967250792 0.0
0.325737873213175 0.142139989839123 0.0
0.327596021655772 0.204534886391981 0.0
0.328725396468486 0.266865617391159 0.0
0.328855609322015 0.329065334137736 0.0
0.327642456131792 0.391047886598482 0.0
0.324636557932686 0.452703593922259 0.0
0.350436197531454 -0.665093959122761 0.0
0.352714685001106 -0.603485877270308 0.0
0.35526437418398 -0.541740751352841 0.0
0.358028734591038 -0.479873433289865 0.0
0.360961604711889 -0.417888118341812 0.0
0.364025822311936 -0.355783615374576 0.0
0.367188797055934 -0.293556568423529 0.0
0.370418090865738 -0.231203247426252 0.0
0.373677169151424 -0.168721108226773 0.0
0.376921001474042 -0.106109735930838 0.0
0.380091050134279 -0.0433723977882421 0.0
0.383109408266987 0.0194823222260358 0.0
0.385871791487088 0.0824378318971066 0.0
0.388239280649925 0.145466098381869 0.0
0.390028576654228 0.208521967806009 0.0
0.391000233734773 0.271536672210179 0.0
0.390842033041375 0.334409456087106 0.0
0.3891407227347 0.396996566782763 0.0
0.385331283061754 0.459096507440932 0.0
0.412225426673728 -0.66565958841961 0.0
0.414477311598922 -0.603976014066765 0.0
0.417047733896929 -0.542127122679742 0.0
0.419856682967148 -0.480120692231269 0.0
0.422848650596346 -0.417953833088672 0.0
0.425982431073007 -0.35561887904712 0.0
0.429223248127321 -0.293106465552037 0.0
0.432536765235832 -0.230407007701044 0.0
0.43588396446785 -0.167511974778013 0.0
0.439216182081346 -0.104414661073903 0.0
0.442469675253429 -0.0411117504680064 0.0
0.445559397896469 0.0223947624558842 0.0
0.448371587584327 0.086094149803986 0.0
0.450754815945297 0.149962040653322 0.0
0.452508603946244 0.213951874440388 0.0
0.453367855258668 0.277982934638526 0.0
0.452978657121005 0.341921759087739 0.0
0.450856414896326 0.405553428098813 0.0
0.446302485498165 0.468537767768271 0.0
0.473923390730417 -0.666135616028175 0.0
0.476179188667087 -0.604394375377882 0.0
0.47877866570858 -0.542451826041145 0.0
0.481629655642565 -0.480305213800317 0.0
0.48467307717057 -0.417943292428908 0.0
0.487866645808007 -0.355351404946437 0.0
0.491174951743398 -0.292513519765801 0.0
0.494562637211726 -0.229412781445154 0.0
0.497988839633669 -0.166032053092268 0.0
0.501401931745153 -0.102354117352843 0.0
0.50473383822971 -0.0383627901586919 0.0
0.507893558149451 0.0259555070321957 0.0
0.510759386679542 0.0906084890733086 0.0
0.513169213502355 0.155592783513172 0.0
0.514907365775883 0.220883730708888 0.0
0.515685223640757 0.286418337901246 0.0
0.515109695426465 0.352063387310831 0.0
0.512627599962398 0.4175547561711 0.0
0.507407527372728 0.482378404465059 0.0
0.535502760014509 -0.666722726910361 0.0
0.53778205869716 -0.604949857291191 0.0
0.540409123700202 -0.542926438357433 0.0
0.543292098299715 -0.480638014624753 0.0
0.546373430654172 -0.418066547220179 0.0
0.549611770313615 -0.355191998275915 0.0
0.552971783856546 -0.291992080392321 0.0
0.556417319342585 -0.228441385188359 0.0
0.559905788186015 -0.164510939519645 0.0
0.563382756628541 -0.100167511727639 0.0
0.566776026871034 -0.0353736568022974 0.0
0.569988812172044 0.0299122084474489 0.0
0.572891368471007 0.0957347505954637 0.0
0.575310131201676 0.162139722427331 0.0
0.577012138270547 0.229168183035663 0.0
0.577680817351285 0.296844503978428 0.0
0.576875546517298 0.365146416415565 0.0
0.573962462059524 0.433927002771906 0.0
0.567991405336937 0.502692813440967 0.0
