-0.611382662027803 -0.686309823458805 0.0
0.620607117881716 -0.733331296723742 0.0
-0.516402322053909 0.61237245798111 0.0
0.61237245798111 0.61237245798111 0.0
-0.550257535433889 -0.689558748356143 0.0
0.622301938445919 -0.671834092018525 0.0
0.562746842136651 0.566135476605473 0.0
-0.531677782619557 0.535285394714366 0.0
-0.489131432410745 -0.692603619748251 0.0
0.62450743526393 -0.610013739408116 0.0
0.506218369840129 0.539736841164988 0.0
-0.543247129976391 0.462069277864803 0.0
-0.428042884178464 -0.695723481454588 0.0
0.627061432754431 -0.547844337007005 0.0
0.448493492521812 0.523524310730106 0.0
-0.55154011317813 0.391491013847731 0.0
-0.366978030316376 -0.699028572389005 0.0
0.6298683591423 -0.485308844791515 0.0
0.390597147451224 0.513097763726873 0.0
-0.557798703388763 0.322861534567573 0.0
-0.305905745330653 -0.702552724959769 0.0
0.632864304446087 -0.422389358693647 0.0
0.332712813375904 0.506304976291193 0.0
-0.562803515123581 0.255695190987168 0.0
-0.244780364469245 -0.706266532532567 0.0
0.635999815869717 -0.359062887209424 0.0
0.274872070887549 0.502009614526399 0.0
-0.567018337523808 0.189652498986026 0.0
-0.183551716567423 -0.710081224315777 0.0
0.63922947781075 -0.295299340718799 0.0
0.21709319174746 0.49958019054529 0.0
-0.570727716357031 0.124494124697305 0.0
-0.122176470854064 -0.713871862707528 0.0
0.642504283894684 -0.231060081463957 0.0
0.159410335633129 0.498671481929087 0.0
-0.57411249126118 0.0600483548568321 0.0
-0.0606266973853914 -0.717503592640666 0.0
0.645764877028724 -0.166297045657548 0.0
0.101883076686164 0.499161565355802 0.0
-0.577291612591581 -0.00380987038273841 0.0
0.0011063862310624 -0.720852376902016 0.0
0.648934676622631 -0.100951317105614 0.0
0.0446269476125847 0.501680742682448 0.0
-0.580347602748948 -0.0671710182375423 0.0
0.0630119992242658 -0.723818074784558 0.0
0.651912060887138 -0.034951838505778 0.0
-0.0129405356655064 0.502020552695893 0.0
-0.58334688918682 -0.130098103941376 0.0
0.125062230413321 -0.726331115415923 0.0
0.654560880165162 0.0317868843032193 0.0
-0.0708824119948993 0.50291349309521 0.0
-0.586376327676077 -0.192629121174104 0.0
0.187215406015401 -0.728355025707893 0.0
0.656697925016347 0.0993678941370466 0.0
-0.128502017013411 0.509193139479701 0.0
-0.589778989292719 -0.254776162485465 0.0
0.249420167721712 -0.729887125391299 0.0
0.65807480341679 0.167917193178236 0.0
-0.185888155798969 0.515189467860803 0.0
-0.592238335802269 -0.316846419418649 0.0
0.311618714869877 -0.730959172056716 0.0
0.65834865668918 0.237591353043353 0.0
-0.24269307603189 0.523091442637262 0.0
-0.594929003369835 -0.37887064973485 0.0
0.373750811068811 -0.731639179134452 0.0
0.657030405255794 0.308590572782196 0.0
-0.299969328208234 0.529698736322371 0.0
-0.598285894084724 -0.440668248222397 0.0
0.435758008985717 -0.732035002864691 0.0
0.653385578137584 0.381177708325545 0.0
-0.357743737850257 0.537829514265974 0.0
-0.601607740693696 -0.502271874904985 0.0
0.497588959396758 -0.73229999367041 0.0
0.646233494569662 0.45570163391054 0.0
-0.414230164939035 0.552499101458405 0.0
-0.604998498198249 -0.563716762673928 0.0
0.559207932918426 -0.732641110798609 0.0
0.633559582600202 0.532605323728215 0.0
-0.469646159004998 0.572788946927315 0.0
-0.608146909808834 -0.625053181677145 0.0
-0.54705010816297 -0.628283947790309 0.0
-0.543854533282176 -0.566894925359488 0.0
-0.540491596028893 -0.505363412565079 0.0
-0.537210383058638 -0.443746688123136 0.0
-0.533934684745298 -0.382048325134889 0.0
-0.531177796027083 -0.320125470987976 0.0
-0.528641311057619 -0.257818117349426 0.0
-0.525432994669793 -0.195204663815463 0.0
-0.522425649014506 -0.132377924663486 0.0
-0.519461745568588 -0.0692670152014467 0.0
-0.516467356907717 -0.00581144265640955 0.0
-0.513381062078762 0.0580438046358113 0.0
-0.510130586745619 0.122352250581996 0.0
-0.506617425636107 0.187163456367905 0.0
-0.502701482409859 0.252508257522283 0.0
-0.498185875521975 0.318360028323027 0.0
-0.492817681413658 0.384538547165845 0.0
-0.486383048715427 0.450483231609766 0.0
-0.479206853598398 0.514724785456378 0.0
-0.485911495979985 -0.63130513632317 0.0
-0.482651487812172 -0.56990920513075 0.0
-0.479341075040525 -0.508381921297886 0.0
-0.476100151143147 -0.446712402180405 0.0
-0.473000770277642 -0.384833699883394 0.0
-0.470253104698045 -0.322777339209783 0.0
-0.467562935974589 -0.260567579110908 0.0
-0.464588235720902 -0.19808702395879 0.0
-0.461700609939205 -0.135383100784646 0.0
-0.458852205495003 -0.0724521659636062 0.0
-0.455998008463006 -0.00928860337594975 0.0
-0.453094751258009 0.0541016816054607 0.0
-0.450091763385547 0.117690052471314 0.0
-0.446923559058006 0.181408450403037 0.0
-0.443504512797473 0.245121752788917 0.0
-0.439727875020294 0.308589447241734 0.0
-0.435474109791352 0.371426647189539 0.0
-0.430619429623074 0.433113857184787 0.0
-0.424557943715851 0.493159057437242 0.0
-0.424766853670271 -0.63444801617639 0.0
-0.421478085382316 -0.573068016936481 0.0
-0.418224513295294 -0.511554201019319 0.0
-0.415088228660201 -0.449885721636986 0.0
-0.412131817897041 -0.388056804850507 0.0
-0.409397984304708 -0.326105114063369 0.0
-0.40669621933767 -0.264016801562747 0.0
-0.403891581367509 -0.201747331504158 0.0
-0.401144263798255 -0.139332551328454 0.0
-0.398441868599337 -0.0767987119628934 0.0
-0.395758406192439 -0.0141802065577688 0.0
-0.393064536233735 0.0484701090120535 0.0
-0.390323304882415 0.111072125551588 0.0
-0.387483479906435 0.173510888922413 0.0
-0.384470839002903 0.235632503067064 0.0
-0.38117616688089 0.297253476220189 0.0
-0.377439043990001 0.35819517060941 0.0
-0.372996649248556 0.418347882743095 0.0
-0.367658402050986 0.477853939185717 0.0
-0.363626108281897 -0.63779092296035 0.0
-0.36033668483555 -0.576457308246427 0.0
-0.357158736064661 -0.515004567957091 0.0
-0.354134638312054 -0.453425841379946 0.0
-0.351286861489023 -0.391731908669366 0.0
-0.348596485768702 -0.329945075781963 0.0
-0.3459452692135 -0.268064127569458 0.0
-0.343275925353025 -0.20608649357306 0.0
-0.340658252959781 -0.144050550692706 0.0
-0.338089126293672 -0.0819979614946832 0.0
-0.335550607248653 -0.019978830198041 0.0
-0.333016866818289 0.0419452944882181 0.0
-0.330449756470587 0.103701902778654 0.0
-0.327790526096307 0.165213662816816 0.0
-0.324949025719406 0.226411772729319 0.0
-0.32179230078487 0.287260372772313 0.0
-0.318135662194062 0.347790546512398 0.0
-0.313782007023188 0.408151831782965 0.0
-0.308840074149696 0.468636522412584 0.0
-0.302478611163303 -0.641363695251727 0.0
-0.299210386332582 -0.580098190748154 0.0
-0.296115311201416 -0.518738189538695 0.0
-0.293194957403337 -0.457284045658941 0.0
-0.290437748009415 -0.395750359426671 0.0
-0.287803113775287 -0.334157153517245 0.0
-0.285215369784295 -0.272515845685783 0.0
-0.282645869701662 -0.210843366050134 0.0
-0.280123566038521 -0.149177716043827 0.0
-0.277645082104512 -0.0875602140749622 0.0
-0.275193954124996 -0.0260345861895829 0.0
-0.272743323308831 0.0353552797831482 0.0
-0.270251976162293 0.09657055098981 0.0
-0.267658255071167 0.157586889365707 0.0
-0.26487438522209 0.218407150270469 0.0
-0.261784913807322 0.2790782003748 0.0
-0.258261172431618 0.339710648715007 0.0
-0.254226368912744 0.400492373788765 0.0
-0.249643388273792 0.461623238087688 0.0
-0.24129751263114 -0.645125519753499 0.0
-0.23806865548816 -0.583930285449871 0.0
-0.235057609171979 -0.522665210269652 0.0
-0.232228583333681 -0.461333971545696 0.0
-0.229545284809031 -0.399952577163877 0.0
-0.226960760087885 -0.338541041000245 0.0
-0.224423175114576 -0.277117137162792 0.0
-0.221914411989511 -0.215703612501824 0.0
-0.219444469682845 -0.154333041557671 0.0
-0.217008387877501 -0.0930381767361561 0.0
-0.214591107676193 -0.0318492333047087 0.0
-0.212168232640298 0.0292093661197905 0.0
-0.209703997147513 0.0901233288849083 0.0
-0.207149268377089 0.150894283159822 0.0
-0.204442432942692 0.21154491644467 0.0
-0.201518192370903 0.272123041246952 0.0
-0.19833327641581 0.332698434992547 0.0
-0.194889378222651 0.393335668669036 0.0
-0.19100692783243 0.454046262749868 0.0
-0.180049480093836 -0.648976789908309 0.0
-0.176878088401711 -0.587836951232002 0.0
-0.173949607909069 -0.526647570810118 0.0
-0.171197461426956 -0.465413744793057 0.0
-0.168569466231232 -0.40415129631034 0.0
-0.166018656471465 -0.342879488154614 0.0
-0.163507289008502 -0.281617469117433 0.0
-0.161022170750333 -0.22038722805316 0.0
-0.158565630008136 -0.159214471541123 0.0
-0.156133364174151 -0.0981230330728191 0.0
-0.153714535266133 -0.0371325664476974 0.0
-0.151292112841125 0.023743762060867 0.0
-0.148842728820929 0.0845015258713547 0.0
-0.146337789384539 0.145147641332658 0.0
-0.14374828916158 0.205701659488355 0.0
-0.14105661086514 0.266196344897641 0.0
-0.138273577949686 0.326675169789549 0.0
-0.13542656940966 0.387193719511413 0.0
-0.13254446146542 0.447906825933236 0.0
-0.118703679038633 -0.652786029471456 0.0
-0.115608910009215 -0.591676714827495 0.0
-0.112760619102001 -0.530531520796167 0.0
-0.110070438704811 -0.469356162462357 0.0
-0.107478313750287 -0.408165555327517 0.0
-0.104940906991628 -0.346977499042394 0.0
-0.102430423472999 -0.285810072759076 0.0
-0.0999378566025419 -0.224682408893963 0.0
-0.0974643180757234 -0.163614380748282 0.0
-0.0950088002086668 -0.102623338896754 0.0
-0.0925671222925817 -0.0417226824957247 0.0
-0.0901325021495652 0.0190794470557428 0.0
-0.0876968879750373 0.0797809870745742 0.0
-0.0852542736533762 0.140386656050868 0.0
-0.0828079978878381 0.200906624766163 0.0
-0.0803837962189946 0.261352998675176 0.0
-0.0780470340811248 0.321731283902145 0.0
-0.0759397253724673 0.382031953170913 0.0
-0.0745194317049708 0.442212974460534 0.0
-0.0572385577775469 -0.656416241189848 0.0
-0.0542399083362248 -0.595308924152363 0.0
-0.051469191178897 -0.534171929331854 0.0
-0.0488266700852637 -0.473011758710236 0.0
-0.0462517790460115 -0.411842496999725 0.0
-0.0437077386779375 -0.350680348809046 0.0
-0.0411755128965249 -0.289541490186064 0.0
-0.0386510668789667 -0.228441885211562 0.0
-0.0361380242857116 -0.167396757013729 0.0
-0.0336405266511609 -0.106418544323472 0.0
-0.0311623318508807 -0.0455158815789676 0.0
-0.0287078149654302 0.0153076533888489 0.0
-0.0262842359521307 0.0760547423853986 0.0
-0.0239060236862382 0.136736334603916 0.0
-0.0216021998140716 0.197373590920434 0.0
-0.0194276534223808 0.258002121846561 0.0
-0.0174826428384751 0.318680933923307 0.0
-0.015981394377527 0.379509719496937 0.0
-0.0157020661396302 0.440622739886674 0.0
0.00435471851969304 -0.659744403770099 0.0
0.00723928038297268 -0.598611414868023 0.0
0.00993560673397389 -0.537447742502612 0.0
0.0125438939936019 -0.476261450457728 0.0
0.0151185070665566 -0.415066282639031 0.0
0.0176870159870496 -0.353877023328949 0.0
0.0202595746897761 -0.292707771379649 0.0
0.0228341896786617 -0.231571473697676 0.0
0.0254024745444903 -0.170479488706939 0.0
0.0279537499116141 -0.109440142158269 0.0
0.0304751929571287 -0.0484577870350204 0.0
0.032950094158291 0.0124687519612077 0.0
0.0353545509716204 0.0733480864747893 0.0
0.0376520395191709 0.134199517081733 0.0
0.0397849380737247 0.195056884586388 0.0
0.0416612716681022 0.255975039729056 0.0
0.043128532503942 0.317037144457625 0.0
0.0438998247792003 0.378349027065019 0.0
0.0436961599088808 0.439900624114799 0.0
0.0660712011191761 -0.662673194289457 0.0
0.0688276804227122 -0.601490357658156 0.0
0.0714543665389489 -0.540269495927279 0.0
0.0740412748272651 -0.479021196861661 0.0
0.0766306706382848 -0.417759384617434 0.0
0.0792386364875669 -0.35649763665758 0.0
0.0818659180942947 -0.295248064985069 0.0
0.0845035712487157 -0.234021018058123 0.0
0.0871369503614191 -0.172824957334261 0.0
0.0897475724648653 -0.111665528522581 0.0
0.0923121357799034 -0.050544977657139 0.0
0.0947996752655934 0.0105389801011839 0.0
0.0971668998041353 0.0715942103276621 0.0
0.0993511824207044 0.132635464977055 0.0
0.101260279099165 0.193683815893592 0.0
0.102757261087321 0.254763101564287 0.0
0.10363892610603 0.315884855984473 0.0
0.103660622887609 0.376998956688611 0.0
0.102905440686789 0.437974349999075 0.0
0.127893576963265 -0.665136590769685 0.0
0.130514462941682 -0.603884416379964 0.0
0.133079026845129 -0.542581665054745 0.0
0.135657354359985 -0.48124220220968 0.0
0.138274835576192 -0.419880373959 0.0
0.140934445462559 -0.358508599937975 0.0
0.143627164461653 -0.29713713677535 0.0
0.146336567939822 -0.235774273413958 0.0
0.149040899190595 -0.17442670680901 0.0
0.151713056401515 -0.113099217788115 0.0
0.154318388485561 -0.0517947273712762 0.0
0.15681077992741 0.00948597265827872 0.0
0.159126981897965 0.0707439543189076 0.0
0.161178944952727 0.131981497309804 0.0
0.162844019457049 0.193198924264627 0.0
0.163954495628043 0.254388806858231 0.0
0.164300217678392 0.315524642827494 0.0
0.16370061131659 0.376561344601391 0.0
0.162112309807598 0.43754696285871 0.0
0.189794582503341 -0.667101743412319 0.0
0.192281017763046 -0.605765760717874 0.0
0.194794683474067 -0.544362539845018 0.0
0.197377515242975 -0.482909372896903 0.0
0.200034790537122 -0.421420709814576 0.0
0.202755735421343 -0.359907477573246 0.0
0.205521750564923 -0.298377960358274 0.0
0.208308985161364 -0.236838650080936 0.0
0.211088432062528 -0.175295173892236 0.0
0.213824289156211 -0.113752547434097 0.0
0.216470644456793 -0.0522158379796742 0.0
0.218966721834012 0.00930941785790301 0.0
0.221230658393391 0.0708162041479862 0.0
0.223151888805901 0.132294802900326 0.0
0.224582821604759 0.193729884633416 0.0
0.225333788417917 0.255097502575836 0.0
0.225183966908545 0.316365091866802 0.0
0.223914662345297 0.377512966390569 0.0
0.221317772378168 0.438570775744582 0.0
0.251740362160402 -0.668569445086347 0.0
0.254103606433857 -0.60714025392006 0.0
0.256581557559063 -0.54562389814449 0.0
0.25918209404341 -0.484040245922053 0.0
0.261889127343984 -0.422402762635071 0.0
0.264678698304713 -0.360720005352822 0.0
0.26752351392096 -0.298997698030419 0.0
0.270392953094271 -0.237240218490413 0.0
0.27325123832852 -0.175451998843401 0.0
0.276054393544616 -0.113638232923411 0.0
0.278745964187862 -0.0518060035257837 0.0
0.281251572586561 0.0100348186843545 0.0
0.283472267198408 0.0718701132478751 0.0
0.285276909272469 0.133680021880849 0.0
0.286494636132462 0.195436274358721 0.0
0.286910807012786 0.257100762693983 0.0
0.286270365545348 0.318628224857848 0.0
0.284284210141251 0.379976178826719 0.0
0.280615294200433 0.441113399925557 0.0
0.313693161803773 -0.669574971456312 0.0
0.315954944815969 -0.60804850983433 0.0
0.318415523848446 -0.546412055863797 0.0
0.321046148553463 -0.484685883340175 0.0
0.323810460817533 -0.42288057618298 0.0
0.326673127344957 -0.361000915376111 0.0
0.329599699587559 -0.299048983637831 0.0
0.33255390817926 -0.237026112054905 0.0
0.335494094923515 -0.174934597195037 0.0
0.338368984792506 -0.112778730391516 0.0
0.341112570848059 -0.0505663164566991 0.0
0.343638037238551 0.0116899160365474 0.0
0.345830614240155 0.073970169974034 0.0
0.347539598634822 0.136245217914993 0.0
0.348570256058637 0.198472711305636 0.0
0.348676994833924 0.260594546032495 0.0
0.347557571332377 0.322535886353923 0.0
0.344842261291317 0.384206328813164 0.0
0.340071274792046 0.445500006960347 0.0
0.375614624860359 -0.670190513568115 0.0
0.377805848771765 -0.608568887557883 0.0
0.380268442899683 -0.546811110927915 0.0
0.382938989650272 -0.484934284893473 0.0
0.385764426655097 -0.422943636525845 0.0
0.388700911090096 -0.360838456178154 0.0
0.391708822869696 -0.298615775498702 0.0
0.394747622101371 -0.236272461508691 0.0
0.397770854130343 -0.173807016701642 0.0
0.400720980806786 -0.111220763416601 0.0
0.403523577984529 -0.0485196883120223 0.0
0.406080685780137 0.014283544980719 0.0
0.40826308681429 0.077166423735944 0.0
0.40990152913436 0.14009260257064 0.0
0.410776856786185 0.203005740421121 0.0
0.410608731194611 0.26582291985613 0.0
0.409040302255919 0.328427088997646 0.0
0.405612831429962 0.390658224330106 0.0
0.399726119561667 0.45230320465786 0.0
0.437468454765481 -0.670529851044396 0.0
0.439625515291753 -0.608822782330217 0.0
0.442107085785695 -0.54694832522484 0.0
0.444822547871288 -0.484915848039396 0.0
0.447707791664459 -0.422722738951937 0.0
0.450713928830492 -0.360361212581665 0.0
0.453798273454593 -0.297821853641205 0.0
0.456917380271888 -0.235095376935832 0.0
0.460021044187327 -0.172174137398043 0.0
0.463046476028149 -0.109053173699864 0.0
0.465911992388825 -0.0457321506340529 0.0
0.468509881455043 0.0177821757014409 0.0
0.470698045890704 0.0814717652716121 0.0
0.472290062049305 0.145301350370321 0.0
0.47304273187473 0.209208612962595 0.0
0.472639299185373 0.273090856099763 0.0
0.470663997945311 0.336785338377107 0.0
0.466560620744192 0.400040661072596 0.0
0.459560124112006 0.462477309661852 0.0
0.499221894589659 -0.670755726837255 0.0
0.501379776163455 -0.608982123187843 0.0
0.50389042215835 -0.547000935097791 0.0
0.506648689260402 -0.484809607785788 0.0
0.509586044720193 -0.422396203424315 0.0
0.512651940413168 -0.359745252574889 0.0
0.515802392557574 -0.296840097204817 0.0
0.518992046802998 -0.233663614405071 0.0
0.522167657941163 -0.170198939404784 0.0
0.525261890943133 -0.106429934761413 0.0
0.528186651258428 -0.0423427330088574 0.0
0.530825506204512 0.0220720164824322 0.0
0.533024590221297 0.0868148462063349 0.0
0.534581175479977 0.151870659055803 0.0
0.535228051375523 0.217196124890935 0.0
0.534610474802744 0.282699025942258 0.0
0.532249635499445 0.348201121012121 0.0
0.52748265623025 0.413371022216204 0.0
0.519350537199248 0.477602307448103 0.0
0.560845105790414 -0.671090692341894 0.0
0.56302691891799 -0.609278618385155 0.0
0.565565727071951 -0.547202733743116 0.0
0.568356407499948 -0.484847415638937 0.0
0.571331834226335 -0.422193276783121 0.0
0.574442081442839 -0.359218957002347 0.0
0.577642678536208 -0.295900890894919 0.0
0.580886628459047 -0.232212469539121 0.0
0.584117771270495 -0.168123709501778 0.0
0.587264342300332 -0.10360078782028 0.0
0.590231903955944 -0.0386064854598448 0.0
0.59289512168396 0.0268990842611687 0.0
0.595087506825102 0.0929563513993421 0.0
0.596587710806177 0.159602504223445 0.0
0.59709933459424 0.226862577502448 0.0
0.596218989554939 0.294731699148261 0.0
0.593383303030498 0.363134148801544 0.0
0.587781654734872 0.431824689424861 0.0
0.578217552124137 0.500133028743097 0.0
