-0.5994571172039 -0.688302793392487 0.0
0.632883011698191 -0.73497731815686 0.0
-0.501019716262817 0.61237245798111 0.0
0.61237245798111 0.61237245798111 0.0
-0.53833488688987 -0.691556879592396 0.0
0.634505354052154 -0.673469433660288 0.0
0.565429181874291 0.564470009962929 0.0
-0.517997893715094 0.535113052703327 0.0
-0.477213467608929 -0.694612677461685 0.0
0.636651193967084 -0.611627495418971 0.0
0.51024680047584 0.537105627393785 0.0
-0.530522801057104 0.461584255134627 0.0
-0.41613281865877 -0.697749808687293 0.0
0.639148868476113 -0.549425093572349 0.0
0.453452220253678 0.520419795341169 0.0
-0.539362608824005 0.390692600706596 0.0
-0.355078599512239 -0.70108510047081 0.0
0.641897010607315 -0.486844889198256 0.0
0.396317726087209 0.509769060714136 0.0
-0.545933801589647 0.321790941107107 0.0
-0.294017561252692 -0.704654079932783 0.0
0.644827282935567 -0.423868532651594 0.0
0.339100916036525 0.502877122083928 0.0
-0.551108909690725 0.254399628513995 0.0
-0.232901137022993 -0.708424607720127 0.0
0.647886100479672 -0.36047231796037 0.0
0.281863609285673 0.498551210175526 0.0
-0.555404230611079 0.188175439711084 0.0
-0.171676188079066 -0.71230211412849 0.0
0.651023537810228 -0.296625147279696 0.0
0.224642225594719 0.496135173277136 0.0
-0.559136626693853 0.12287315755849 0.0
-0.110296960395577 -0.716154443565869 0.0
0.65418516547435 -0.232287101856264 0.0
0.167485644932487 0.49527601173847 0.0
-0.562507933134139 0.0583152329789709 0.0
-0.0487340443734774 -0.719839559102477 0.0
0.657304779391502 -0.16740861625017 0.0
0.110468264070428 0.495859565704789 0.0
-0.565651300523926 -0.00562857617833546 0.0
0.0130217381666829 -0.723227221552301 0.0
0.660296973227187 -0.101929135378003 0.0
0.0537330424420892 0.498681235776675 0.0
-0.568659201945559 -0.0690531565136039 0.0
0.0749589881236029 -0.726212506154604 0.0
0.663048652636906 -0.0357759548484926 0.0
-0.00341458378330534 0.498794734333289 0.0
-0.571605354687613 -0.13202523143052 0.0
0.137048348203358 -0.728722573398224 0.0
0.665408653861281 0.0311378727977379 0.0
-0.0609771331990837 0.499371766201635 0.0
-0.574582560156693 -0.194585903853565 0.0
0.199246088965239 -0.730719125432248 0.0
0.667173876065327 0.0989163089790265 0.0
-0.118159032311763 0.506116583682463 0.0
-0.577947556458622 -0.256749655108297 0.0
0.26149838454368 -0.732198996746175 0.0
0.668068956370141 0.167685106295642 0.0
-0.175134238396489 0.512339083834948 0.0
-0.580362959266548 -0.318836203066696 0.0
0.323744713714729 -0.733194767352533 0.0
0.667713092209658 0.237598096253641 0.0
-0.231462371881977 0.520591592090945 0.0
-0.583014679430673 -0.380871388463996 0.0
0.385922002081502 -0.733776692138485 0.0
0.665561042350943 0.308847223825017 0.0
-0.288322611433301 0.527097470274676 0.0
-0.58634899850196 -0.442669343091609 0.0
0.447968995625967 -0.734056586188372 0.0
0.660789893612597 0.381674091029976 0.0
-0.345700929111397 0.535109179218838 0.0
-0.589662278969545 -0.504270962692206 0.0
0.509831782651347 -0.734194003654673 0.0
0.652069417667364 0.456373324323598 0.0
-0.401580596719019 0.550462682987736 0.0
-0.593053289000622 -0.56571385459899 0.0
0.571472659579132 -0.73440522411172 0.0
0.63711108443154 0.533243143346346 0.0
-0.456274835507445 0.571381976468211 0.0
-0.59621046056929 -0.62704775897158 0.0
-0.535116497021149 -0.630282559664725 0.0
-0.531910907321913 -0.568894126258794 0.0
-0.528546967068686 -0.507361632775285 0.0
-0.525276061065263 -0.445742452116476 0.0
-0.5220206523289 -0.38404002732961 0.0
-0.519297993718821 -0.322104064375724 0.0
-0.516810774957118 -0.25977474935751 0.0
-0.513651057750848 -0.197135606317676 0.0
-0.51069883974886 -0.134274075245457 0.0
-0.507791407545401 -0.0711172748871045 0.0
-0.504849325279762 -0.00760278789007378 0.0
-0.501804251411689 0.0563261259090621 0.0
-0.498574588250483 0.120724289271115 0.0
-0.495048879091227 0.185641541284267 0.0
-0.491068789888377 0.251106639882697 0.0
-0.486411854301384 0.317085628141846 0.0
-0.48079080334364 0.383379710716284 0.0
-0.473953454256861 0.449387979170723 0.0
-0.46621876464874 0.513571195686842 0.0
-0.473980051902679 -0.633313469386886 0.0
-0.470709974220099 -0.571916325995971 0.0
-0.467399843431608 -0.510386976965567 0.0
-0.46417129949425 -0.448713522496544 0.0
-0.461097177292897 -0.386826993236682 0.0
-0.458389062040597 -0.324758761152109 0.0
-0.455749476874254 -0.262534022936072 0.0
-0.452829647134338 -0.200032885920826 0.0
-0.450002792724505 -0.137303039611336 0.0
-0.44721730183675 -0.0743407043843574 0.0
-0.444423445719287 -0.011140611048893 0.0
-0.441572028507587 0.052290077431994 0.0
-0.438604722743851 0.115919983358111 0.0
-0.43544614359121 0.179675957915839 0.0
-0.43199818177508 0.243414292275784 0.0
-0.428139247361985 0.306881451984186 0.0
-0.423734256217551 0.369676410555237 0.0
-0.418649047933136 0.431270247457593 0.0
-0.41231150339672 0.491200618956053 0.0
-0.412839789493317 -0.636474758385275 0.0
-0.409540999585013 -0.57509531041913 0.0
-0.406290018639554 -0.513581539624913 0.0
-0.403170346274363 -0.45191173433778 0.0
-0.400244755247159 -0.390079768645349 0.0
-0.397555366774689 -0.328123691716776 0.0
-0.394908605419269 -0.266029630314109 0.0
-0.392165746984574 -0.203752839475074 0.0
-0.389486490785549 -0.141330315013661 0.0
-0.38685545589585 -0.078789713627089 0.0
-0.384242779833812 -0.0161675322132865 0.0
-0.381614304107724 0.046480270344389 0.0
-0.378927037708508 0.109069248355645 0.0
-0.376122215959759 0.171478833200099 0.0
-0.373116416867049 0.233548709761929 0.0
-0.369789900090542 0.29508969609418 0.0
-0.365973408170756 0.355921292626428 0.0
-0.361413686517007 0.415939723244134 0.0
-0.356002825837149 0.475296743547734 0.0
-0.35170518609258 -0.639850480796371 0.0
-0.348406180189655 -0.578521054727073 0.0
-0.345234093069086 -0.517072947693682 0.0
-0.342231539327913 -0.455498968033365 0.0
-0.33942020367626 -0.393810082256795 0.0
-0.336779680757705 -0.332029139564074 0.0
-0.334189015936608 -0.27015550834729 0.0
-0.331588317629446 -0.208187446379222 0.0
-0.329046109678448 -0.146164921702966 0.0
-0.326556684279761 -0.0841314375998251 0.0
-0.324098713719361 -0.022139227764238 0.0
-0.321642045516483 0.0397478798153066 0.0
-0.319142955553192 0.101455356579759 0.0
-0.316535509064434 0.162904929502465 0.0
-0.313720633050233 0.224029308287239 0.0
-0.31055583766574 0.284798599207507 0.0
-0.306852211286314 0.345256799274316 0.0
-0.302432997735745 0.4055752020631 0.0
-0.297520743873426 0.466077686962773 0.0
-0.29056440746455 -0.643471151573494 0.0
-0.287287632306362 -0.58221417989666 0.0
-0.284202219777485 -0.520864436082844 0.0
-0.281308497974061 -0.459422214442254 0.0
-0.278593178233575 -0.39790255616001 0.0
-0.276013671508202 -0.33632623590559 0.0
-0.273491846873323 -0.27470553607463 0.0
-0.270996939054862 -0.213058444925972 0.0
-0.268556315830749 -0.151424300609492 0.0
-0.266164208629029 -0.089845648962162 0.0
-0.263801018032459 -0.0283671127928904 0.0
-0.261435852154643 0.0329672339760423 0.0
-0.259022357665987 0.0941196748234645 0.0
-0.256492590121835 0.155069113360441 0.0
-0.253751970206709 0.215824809084911 0.0
-0.250680355285468 0.276444328917847 0.0
-0.247153990942925 0.337053961895882 0.0
-0.243127356195555 0.397860340273893 0.0
-0.238606323133413 0.459062592737949 0.0
-0.229388813489043 -0.647292447871243 0.0
-0.226153207968105 -0.586109731775995 0.0
-0.223155919409797 -0.524860141480594 0.0
-0.220358425455365 -0.463547402611877 0.0
-0.217721922151361 -0.402188035821479 0.0
-0.215197121462978 -0.340802800626514 0.0
-0.212729947626578 -0.279410271868374 0.0
-0.210300432638067 -0.218034022677379 0.0
-0.207916966728604 -0.156707395493258 0.0
-0.205572480313656 -0.0954635463110339 0.0
-0.203249259702639 -0.0343324929106717 0.0
-0.200919664137067 0.0266624303136677 0.0
-0.198544162078939 0.0875092421199364 0.0
-0.196069789031211 0.148213411591112 0.0
-0.193432443459102 0.208803111819875 0.0
-0.190569106969703 0.269332756748151 0.0
-0.187449923658522 0.329877439631367 0.0
-0.184101993832073 0.390498025519878 0.0
-0.180327073509767 0.451185864853173 0.0
-0.168143062798085 -0.651208451645428 0.0
-0.16496768664653 -0.590084029830389 0.0
-0.162057244010814 -0.528914032045561 0.0
-0.159341148282236 -0.46770360286513 0.0
-0.156764127228309 -0.406469016098236 0.0
-0.154276766674782 -0.345230146121339 0.0
-0.151839321535831 -0.284006746798946 0.0
-0.14943704190869 -0.222821331160647 0.0
-0.147070892799899 -0.161699940725294 0.0
-0.144734977472985 -0.100666359874707 0.0
-0.142416610442319 -0.0397396726825285 0.0
-0.14009674852368 0.0210681622517184 0.0
-0.137750138400569 0.0817546403349184 0.0
-0.135347168866588 0.142329285344946 0.0
-0.132860254037457 0.202814677186704 0.0
-0.130278291290296 0.263246259550293 0.0
-0.127625500582895 0.323668166909561 0.0
-0.124940498833015 0.384133977289871 0.0
-0.122237440021628 0.44480833775262 0.0
-0.106794538847296 -0.655080252139228 0.0
-0.103699672640425 -0.593987844805502 0.0
-0.100873870643933 -0.532864184356695 0.0
-0.0982238446627047 -0.471714996278857 0.0
-0.0956861589782422 -0.410555551809753 0.0
-0.0932151247297262 -0.349404124050428 0.0
-0.090781282052284 -0.288279233960365 0.0
-0.0883744625339406 -0.227200347145987 0.0
-0.0859948597669651 -0.166187479378643 0.0
-0.0836405485936606 -0.1052578312549 0.0
-0.0813064598955945 -0.0444243118876977 0.0
-0.0789851385228259 0.0163057654788654 0.0
-0.0766685002804196 0.0769314184562924 0.0
-0.0743519891194231 0.137458437787689 0.0
-0.0720432920534345 0.197897441656947 0.0
-0.0697770291150047 0.258259068370261 0.0
-0.0676317753577182 0.318543404346123 0.0
-0.0657636367116926 0.378730439855217 0.0
-0.0646648116797015 0.438762558933154 0.0
-0.0453204851672234 -0.658763685733684 0.0
-0.0423268299507734 -0.597673347102433 0.0
-0.0395832441960044 -0.53655826449208 0.0
-0.0369846117758872 -0.47542493614294 0.0
-0.0344670127341522 -0.414287741453683 0.0
-0.031991618195736 -0.353163268505043 0.0
-0.0295381708983151 -0.292068031999464 0.0
-0.0271019585161597 -0.231018216651326 0.0
-0.0246862357442036 -0.170029081215317 0.0
-0.0222949479521641 -0.109112842990936 0.0
-0.0199318972158685 -0.0482776074362454 0.0
-0.0176019676194038 0.0124739250713348 0.0
-0.0153138183091122 0.0731456965820849 0.0
-0.0130848542639469 0.133750321672838 0.0
-0.0109494885176394 0.194311059501328 0.0
-0.00897077613251044 0.25486626552472 0.0
-0.00725890782017619 0.315479524618484 0.0
-0.00604182227503672 0.376260247033618 0.0
-0.00616755939501611 0.437355943124285 0.0
0.0162883853315915 -0.662129677672081 0.0
0.0191616969587157 -0.601012480699666 0.0
0.0218260690594705 -0.539869515361031 0.0
0.0243870544875118 -0.47870888628915 0.0
0.0269020266701816 -0.417544626725573 0.0
0.0294001146259906 -0.356391861242582 0.0
0.0318921512331592 -0.295264957373374 0.0
0.0343762635848623 -0.234176986624258 0.0
0.0368438173826101 -0.173139219137134 0.0
0.0392835716828558 -0.112159596876423 0.0
0.0416817171334065 -0.0512416962633876 0.0
0.0440198766872706 0.00961695933914609 0.0
0.0462713843617221 0.0704269953090939 0.0
0.0483952983920398 0.13121070304835 0.0
0.0503274134422867 0.192006280688009 0.0
0.0519669421995804 0.252874940200733 0.0
0.0531504663311899 0.31390914799433 0.0
0.0535739963871578 0.375226255604339 0.0
0.0529616598933904 0.436812914992207 0.0
0.0780268201952575 -0.665076318643207 0.0
0.0807648048384235 -0.603907054495825 0.0
0.0833546146161706 -0.542704380673821 0.0
0.0858911170020489 -0.481479045221693 0.0
0.0884189396722034 -0.420245314487923 0.0
0.0909550671255041 -0.359017105303346 0.0
0.0935002913564699 -0.297806762646738 0.0
0.0960451589442452 -0.236624702082014 0.0
0.098574079361045 -0.175479229288307 0.0
0.101067159864981 -0.114375541609733 0.0
0.103499048300992 -0.0533150627514014 0.0
0.105835777306715 0.00770577571790755 0.0
0.108029659730528 0.0686966482476996 0.0
0.110011758738548 0.129674605272312 0.0
0.111681194122249 0.190663221893822 0.0
0.112890023291021 0.251688200215867 0.0
0.1134220915926 0.312760058005105 0.0
0.113024862566439 0.37381902496696 0.0
0.111824594294558 0.434719608366655 0.0
0.139876559864615 -0.667534509019459 0.0
0.142471028462377 -0.606292876426085 0.0
0.144993858329867 -0.545004756336584 0.0
0.147519024025911 -0.483684371451087 0.0
0.150073367908475 -0.422346513783557 0.0
0.152659977903863 -0.361003981898019 0.0
0.155269178681218 -0.299667280404194 0.0
0.157883348685752 -0.238344791084465 0.0
0.160479023473161 -0.177043128741081 0.0
0.163026770140741 -0.115766795197967 0.0
0.165488747831926 -0.0545182237517379 0.0
0.167814451584957 0.00670246521158711 0.0
0.169934633353731 0.0678970858359953 0.0
0.171753257048291 0.1290684492557 0.0
0.173137589717578 0.190216659955255 0.0
0.173908326971464 0.251332477415707 0.0
0.173845127670274 0.31238508580029 0.0
0.17276995589305 0.373324912187558 0.0
0.1706759311992 0.43421162651024 0.0
0.201808921103318 -0.669469726601196 0.0
0.204260769362856 -0.608140629138897 0.0
0.206728147673165 -0.546747683154664 0.0
0.209255499750931 -0.485308794189401 0.0
0.211848443011181 -0.423838985456652 0.0
0.214495450118594 -0.362349622110051 0.0
0.217176536910842 -0.300849289695542 0.0
0.219865951225653 -0.239344671071318 0.0
0.222532200985597 -0.177841501531368 0.0
0.22513623121262 -0.116344852381488 0.0
0.227627836745471 -0.0548598424210571 0.0
0.229940576046706 0.00660785441668971 0.0
0.231985217489584 0.0680508402689363 0.0
0.233641917676506 0.129458527437888 0.0
0.234752064456646 0.190813944319032 0.0
0.2351143053603 0.252090599789138 0.0
0.234498893245069 0.313253310485503 0.0
0.232688545735522 0.3742836988736 0.0
0.229493755398467 0.435223843968525 0.0
0.263788336670024 -0.670882382017064 0.0
0.266109107975235 -0.609455935937613 0.0
0.268536810586956 -0.547944878205199 0.0
0.271080103426483 -0.48636995608547 0.0
0.273722012531827 -0.424745306743185 0.0
0.276436952776094 -0.36307995898596 0.0
0.27919554302534 -0.301379984531985 0.0
0.281964586065394 -0.239650064228758 0.0
0.284705075860455 -0.177894958135847 0.0
0.287368910673391 -0.116120281751344 0.0
0.289894316784277 -0.0543337153860328 0.0
0.292200086325566 0.00745398829132987 0.0
0.294178650120036 0.0692274031267819 0.0
0.295688339656558 0.130964791342669 0.0
0.296546094839923 0.192635343618122 0.0
0.296524453836375 0.254197942764742 0.0
0.295357504936725 0.31560485179007 0.0
0.292751625794407 0.376814163229636 0.0
0.288375837895615 0.43780135602554 0.0
0.325775218102093 -0.67180864000633 0.0
0.327987516885798 -0.610280423664319 0.0
0.330394759908081 -0.548643804610131 0.0
0.332967021107733 -0.486920127022863 0.0
0.335665834647207 -0.425120647915958 0.0
0.338453439671219 -0.363250574384147 0.0
0.34129266981436 -0.301312324364409 0.0
0.344144067464239 -0.239307596686011 0.0
0.34696205886124 -0.177239189359205 0.0
0.349690427880626 -0.115112126612107 0.0
0.352256878599812 -0.0529352884692267 0.0
0.35456663452109 0.00927704413859493 0.0
0.356495017108312 0.0715028858264463 0.0
0.357879320121214 0.133710023643333 0.0
0.358510857757451 0.195852230875102 0.0
0.358128839174563 0.25786677232698 0.0
0.356416149836593 0.319674131625583 0.0
0.352991037957922 0.381180746521376 0.0
0.347388927646174 0.442281595813022 0.0
0.387729407547511 -0.672323004219772 0.0
0.389865595951084 -0.610694924250104 0.0
0.392272836746966 -0.548931161334507 0.0
0.394884544444777 -0.487049892691892 0.0
0.39764446797255 -0.425056858914493 0.0
0.400505677906559 -0.362951612855894 0.0
0.403425313554722 -0.300731415003226 0.0
0.406359112124398 -0.238393474974846 0.0
0.409256076234227 -0.175936871411099 0.0
0.412052958512098 -0.11336385939461 0.0
0.414668103458259 -0.0506818655189273 0.0
0.416994441557115 0.0120943030785668 0.0
0.418891438072347 0.0749390343049969 0.0
0.420176059031028 0.137811628811837 0.0
0.420612805013221 0.200649847016326 0.0
0.419902603669736 0.263363191023332 0.0
0.417668029573635 0.325825609763531 0.0
0.413429161893703 0.387867594349605 0.0
0.406568950036641 0.449268402441754 0.0
0.449612986058043 -0.672543364598173 0.0
0.451711387380336 -0.610825207948016 0.0
0.454136674995846 -0.548938734973618 0.0
0.456793322698835 -0.486894095698443 0.0
0.459613236485437 -0.424688843668457 0.0
0.462543975650366 -0.362315176458387 0.0
0.46553920809812 -0.299763702281226 0.0
0.4685513045838 -0.237025337878251 0.0
0.47152493901581 -0.174092936933177 0.0
0.474390875406503 -0.110962473338389 0.0
0.477059261087637 -0.0476351783231439 0.0
0.479412077980276 0.0158797125751327 0.0
0.481294349988513 0.0795603645747645 0.0
0.482503738226943 0.143365849896193 0.0
0.482777595664087 0.207225624083821 0.0
0.481775626463164 0.271025402155303 0.0
0.479053855738052 0.334586760636017 0.0
0.474023247967073 0.397638249218276 0.0
0.465881784516787 0.459777683536344 0.0
0.511391868475508 -0.672639028783088 0.0
0.513489558399762 -0.610850178947053 0.0
0.515943824114781 -0.548850852334194 0.0
0.518643497727542 -0.486638630364327 0.0
0.521515662569728 -0.424201287824731 0.0
0.524505945601528 -0.361523011829303 0.0
0.527566406567325 -0.298586893044147 0.0
0.530647093514133 -0.235375735560758 0.0
0.533689083589534 -0.171872872030418 0.0
0.536617856730114 -0.108062770186363 0.0
0.539336175556769 -0.0439327951589958 0.0
0.541715999991863 0.0205241970218508 0.0
0.543588783051772 0.0853050184208676 0.0
0.544733244624599 0.150388507203131 0.0
0.54485863602539 0.21572164969268 0.0
0.543580075141862 0.281196979426579 0.0
0.540379862690114 0.346612539676388 0.0
0.534545662815132 0.411600963323361 0.0
0.52506109581969 0.475505009032119 0.0
0.573035157380242 -0.67284266574209 0.0
0.57515690798503 -0.611012112499857 0.0
0.577639497803954 -0.548911596001186 0.0
0.580371637603583 -0.486524994753187 0.0
0.583281754716082 -0.423832328444685 0.0
0.58631594634241 -0.360811652373342 0.0
0.589425513924862 -0.2974388373398 0.0
0.592558454938263 -0.23368675066398 0.0
0.595652359496743 -0.16952498324372 0.0
0.598627492787077 -0.104919500121237 0.0
0.60137919307264 -0.0398332850382578 0.0
0.603768990766568 0.0257725993382079 0.0
0.605613459882268 0.0919363393299141 0.0
0.606669177148291 0.158690660136675 0.0
0.606610396491519 0.226052278907038 0.0
0.6049936092657 0.294001116926786 0.0
0.601199041145494 0.362433510029872 0.0
0.594335970554755 0.431052366231521 0.0
0.583099335394705 0.499092697740563 0.0
