-0.577043307186117 -0.691889303553941 0.0
0.655938541960362 -0.737358006733175 0.0
-0.473075520992279 0.61237245798111 0.0
0.61237245798111 0.61237245798111 0.0
-0.515924827901635 -0.695122273160953 0.0
0.657399549702328 -0.675830518935053 0.0
0.570533289489029 0.561580082147812 0.0
-0.493020736958053 0.534846623057569 0.0
-0.45481061849137 -0.698167754389822 0.0
0.659406041881114 -0.613949210568268 0.0
0.517823356226782 0.532463648181886 0.0
-0.507239697896391 0.460762313187188 0.0
-0.393743119150472 -0.701306225852254 0.0
0.661769247177627 -0.551686966320632 0.0
0.46269364839659 0.514954898743472 0.0
-0.517038866752347 0.389302140710986 0.0
-0.332707093387805 -0.704666634694117 0.0
0.664377370818086 -0.489026036621078 0.0
0.406917280234274 0.503943716039564 0.0
-0.524144164978434 0.319903902203848 0.0
-0.271665418757954 -0.708287662925372 0.0
0.667154106279723 -0.425947359058338 0.0
0.350891694522006 0.496908643162216 0.0
-0.529594677153455 0.252101333832835 0.0
-0.210564241420613 -0.712132161399437 0.0
0.670038422539394 -0.362426012066003 0.0
0.294731288527648 0.492550462211955 0.0
-0.53400228802022 0.185545091079874 0.0
-0.149345026173886 -0.716094905632595 0.0
0.6729722616766 -0.298429145220177 0.0
0.238503375444044 0.4901695963283 0.0
-0.53774273110138 0.119979404263613 0.0
-0.0879576327150522 -0.720030508680417 0.0
0.675891412557237 -0.233914595143155 0.0
0.182282198238461 0.489400943913534 0.0
-0.541056069974453 0.0552160926116483 0.0
-0.0263700067356594 -0.723783823345271 0.0
0.678717318668632 -0.16883016042257 0.0
0.126167979004023 0.490142572410774 0.0
-0.54410128970251 -0.00888457567540808 0.0
0.0354276850877887 -0.727213345173472 0.0
0.681348639727833 -0.103112418472389 0.0
0.070361683027134 0.49354572751563 0.0
-0.546988954886563 -0.0724255967166356 0.0
0.097422851355942 -0.730205506372073 0.0
0.683651532451693 -0.0366858159443809 0.0
0.0139489790701176 0.493199169251444 0.0
-0.549806032500038 -0.13548050944075 0.0
0.159583449927467 -0.732681597887943 0.0
0.685447595398819 0.030539025184766 0.0
-0.0429332137519278 0.493103469687036 0.0
-0.552656125257902 -0.198096157835662 0.0
0.221861983328182 -0.734600071503485 0.0
0.686497484029674 0.0986673880912577 0.0
-0.099311821272588 0.500758966052512 0.0
-0.555920738486925 -0.26029162494655 0.0
0.284200141074811 -0.735956920042264 0.0
0.686476434407913 0.167823931211718 0.0
-0.155575257369286 0.507368753050178 0.0
-0.558224903521183 -0.322408625707547 0.0
0.346532492156068 -0.736786217594497 0.0
0.6849337841833 0.238156220332122 0.0
-0.211073691495564 0.516250228309123 0.0
-0.560774611655187 -0.384464647483666 0.0
0.408790874045084 -0.737162242091355 0.0
0.681220514328027 0.309838436957129 0.0
-0.267239905488586 0.522536225824104 0.0
-0.564036775936624 -0.446264579888142 0.0
0.470909037965051 -0.737203897134993 0.0
0.674350315027466 0.383067255751246 0.0
-0.323962621282751 0.530234595913739 0.0
-0.567303698872183 -0.507863977649643 0.0
0.532828561292664 -0.737081842568561 0.0
0.662718934955331 0.458023488326111 0.0
-0.378760301478311 0.54682851447263 0.0
-0.570664506655308 -0.569304811676709 0.0
0.594508342779701 -0.737029058241118 0.0
0.643548470680702 0.534703314350859 0.0
-0.432225615307802 0.568832521585007 0.0
-0.573807219820877 -0.630635622715552 0.0
-0.512716909403816 -0.63384727179261 0.0
-0.50952350798579 -0.572458423604527 0.0
-0.506188385987781 -0.510922604137136 0.0
-0.502967012306469 -0.449297484914122 0.0
-0.499779518350562 -0.387586228174659 0.0
-0.497150255162316 -0.325625294736956 0.0
-0.494784149225578 -0.26325514507116 0.0
-0.491744926433881 -0.200568102120577 0.0
-0.488925251045338 -0.137642200946446 0.0
-0.486153055905969 -0.0744008211710445 0.0
-0.483338914701386 -0.0107779641877479 0.0
-0.480401926254995 0.0532863398144352 0.0
-0.477243586036662 0.117849362324874 0.0
-0.473728995945706 0.182961492094681 0.0
-0.4696669472213 0.248647573030968 0.0
-0.464789304641634 0.314859619775631 0.0
-0.45874912454245 0.381362867121651 0.0
-0.451234106958703 0.447477523127422 0.0
-0.442586392626987 0.511526311995154 0.0
-0.451583062033899 -0.636865646620263 0.0
-0.448325076054109 -0.575464722026519 0.0
-0.4450460571233 -0.513930061998971 0.0
-0.441870834838587 -0.45224797393721 0.0
-0.438873713501748 -0.390345871032585 0.0
-0.436268771840561 -0.328254948972854 0.0
-0.433752719881013 -0.266001949480768 0.0
-0.430964659708418 -0.203462270337701 0.0
-0.428280561100035 -0.140684249614669 0.0
-0.425642005658977 -0.0776638287328642 0.0
-0.422990752762208 -0.0143963622817267 0.0
-0.420266961393569 0.0491086556347425 0.0
-0.417398669854095 0.112814713471127 0.0
-0.414293104694318 0.176639049305901 0.0
-0.410830746776207 0.240421611218418 0.0
-0.406865730943927 0.303883914882872 0.0
-0.402240247609858 0.366593918463419 0.0
-0.396811902910502 0.428004989131986 0.0
-0.390088430277034 0.487715388877266 0.0
-0.390449478637521 -0.640030323131385 0.0
-0.387162829877627 -0.578650300806396 0.0
-0.383947119232302 -0.517135102815849 0.0
-0.38088844275027 -0.455461499853761 0.0
-0.378049926698991 -0.393622774857742 0.0
-0.375472619591437 -0.331657701755883 0.0
-0.37295744985902 -0.269552278961194 0.0
-0.370358876742525 -0.207261347721218 0.0
-0.367835649568174 -0.144824107612727 0.0
-0.365367032503737 -0.0822708296906739 0.0
-0.362916278676582 -0.0196419411745639 0.0
-0.360440777475487 0.0430007703816809 0.0
-0.357887131885355 0.105564674259631 0.0
-0.355183896927431 0.167918561823995 0.0
-0.352232662453403 0.229889927238729 0.0
-0.348897421839845 0.291278823930513 0.0
-0.344997448633921 0.351901446539007 0.0
-0.340303944131926 0.411665775280148 0.0
-0.334863821383002 0.47073980434555 0.0
-0.329324792872383 -0.643435917010081 0.0
-0.326038660119929 -0.582112577276663 0.0
-0.322907731938448 -0.520671485995707 0.0
-0.319975092807064 -0.459104896823258 0.0
-0.31726101746389 -0.397424150752964 0.0
-0.314742414774132 -0.335653096062207 0.0
-0.312293449712411 -0.273792133752801 0.0
-0.309849534792604 -0.211841043210722 0.0
-0.307476896931433 -0.149842771404044 0.0
-0.305165240719044 -0.0878442320941417 0.0
-0.302887282519369 -0.0259016024122059 0.0
-0.300605363774785 0.035917076027956 0.0
-0.298266193954989 0.0975335753784623 0.0
-0.295791655310186 0.158867997814395 0.0
-0.293067773420062 0.219856112135309 0.0
-0.289936701155893 0.280479503760295 0.0
-0.286204707173291 0.340806543801217 0.0
-0.281734242409566 0.401048584389373 0.0
-0.276943499200485 0.461584744591897 0.0
-0.268195015585442 -0.647114229646387 0.0
-0.264932906003006 -0.585871311465512 0.0
-0.261895496836584 -0.524538933528237 0.0
-0.259080892951633 -0.463117315946489 0.0
-0.256472716026358 -0.401622322196529 0.0
-0.254024725590637 -0.340076094075923 0.0
-0.251654377062584 -0.278492467000587 0.0
-0.249327086463012 -0.216891355151358 0.0
-0.247067387783906 -0.155314546761375 0.0
-0.244865275309851 -0.0938068024728198 0.0
-0.242695647056488 -0.0324143171766774 0.0
-0.240520600376798 0.0288186191182387 0.0
-0.238284936142761 0.0898565348780219 0.0
-0.235910036654573 0.150684553522922 0.0
-0.233290083504369 0.211323981401562 0.0
-0.230298013810301 0.271852156816378 0.0
-0.226820637118467 0.332423643532969 0.0
-0.222867604577871 0.393277355706411 0.0
-0.21851182322133 0.454608058294363 0.0
-0.207028261548394 -0.651014506568379 0.0
-0.203810506644693 -0.589853158891168 0.0
-0.200868600773539 -0.528630556842669 0.0
-0.198159092653923 -0.467350527110092 0.0
-0.195638635494621 -0.406030519118877 0.0
-0.193253713224717 -0.34469262560655 0.0
-0.190946194916267 -0.283356840767492 0.0
-0.188692778088064 -0.222048206815258 0.0
-0.186498983597391 -0.160801423200203 0.0
-0.184354019792818 -0.0996503059208585 0.0
-0.18223554438298 -0.0386244037772502 0.0
-0.180110340369317 0.0222550715758622 0.0
-0.177932529269053 0.0829805033781948 0.0
-0.175642922530249 0.143564473131685 0.0
-0.173173916460751 0.204045105513905 0.0
-0.170467752936741 0.264488403453356 0.0
-0.16751911145375 0.324977938862824 0.0
-0.16439833677552 0.385566044808648 0.0
-0.160870621365999 0.446208421532485 0.0
-0.145785550161537 -0.655019244730936 0.0
-0.142632960320216 -0.593921524296673 0.0
-0.139785623578169 -0.532785700080837 0.0
-0.137165702408189 -0.471616991240551 0.0
-0.134712325599386 -0.410432461512487 0.0
-0.132371637406099 -0.349253054569882 0.0
-0.130100266297488 -0.288099574651485 0.0
-0.127880661305773 -0.226995440728155 0.0
-0.125711372334174 -0.165967255310334 0.0
-0.12358372687089 -0.105038656891244 0.0
-0.121481890574361 -0.044227639348864 0.0
-0.119383493607427 0.0164560660580688 0.0
-0.117260347176044 0.0770134234424011 0.0
-0.115081657105232 0.13745855948404 0.0
-0.11282316924016 0.197819235696078 0.0
-0.110486040533682 0.258135194094004 0.0
-0.10811797692048 0.318451134537034 0.0
-0.105775364645595 0.378817171113929 0.0
-0.103438951310076 0.439415991099263 0.0
-0.0844310475156845 -0.65897592059745 0.0
-0.0813659555845742 -0.597912990797388 0.0
-0.0786113113945532 -0.53682750377218 0.0
-0.0760649191087052 -0.47572516532701 0.0
-0.0736572088040705 -0.414621845754105 0.0
-0.0713382194211159 -0.353536628922684 0.0
-0.0690754733766056 -0.292488793650747 0.0
-0.0668567200556796 -0.231498378656635 0.0
-0.0646805513004261 -0.170585641976725 0.0
-0.0625434991326178 -0.109767516741502 0.0
-0.0604390866205617 -0.0490560696920031 0.0
-0.0583589509715869 0.0115427640597125 0.0
-0.0562953921439237 0.0720297034905255 0.0
-0.0542470423652862 0.132412004768006 0.0
-0.0522300237754337 0.192700275972633 0.0
-0.0502952786423965 0.252901216885105 0.0
-0.0485447698806496 0.313003361407903 0.0
-0.0471580063714605 0.372965523817917 0.0
-0.0466853644140507 0.432699394166449 0.0
-0.0229398463844273 -0.662727303871387 0.0
-0.0199851591429347 -0.601666657333806 0.0
-0.0173211584717687 -0.540590534119512 0.0
-0.0148329822021259 -0.479505367434148 0.0
-0.0124506159449763 -0.418426015974901 0.0
-0.0101314995596606 -0.357369717808762 0.0
-0.00785315783455143 -0.296353570625939 0.0
-0.0056096695189449 -0.235394147406397 0.0
-0.00340367414548441 -0.174506782507375 0.0
-0.00123886239133519 -0.113703332144866 0.0
0.00088072170669269 -0.0529910272366997 0.0
0.00294903926410101 0.00762887400844667 0.0
0.00495460297369855 0.0681623646682469 0.0
0.00687432325872201 0.128624751263974 0.0
0.00866389279208612 0.189042721704784 0.0
0.0102457959075731 0.249459371843088 0.0
0.0114930673359945 0.309946900917895 0.0
0.0121554068724045 0.370633866521684 0.0
0.0112599832967973 0.431693389504164 0.0
0.0386981077619735 -0.666133336454435 0.0
0.0415211197554827 -0.605043789644138 0.0
0.0440971183153892 -0.54393770988216 0.0
0.0465413694398313 -0.482823204219305 0.0
0.0489167259593803 -0.421714773430852 0.0
0.0512551684331244 -0.360628119822766 0.0
0.0535687744040742 -0.299578076842393 0.0
0.0558558839891002 -0.238577938974 0.0
0.0581073825797775 -0.177638831233129 0.0
0.0603109490503667 -0.116768033007885 0.0
0.0624508884464672 -0.0559677663238831 0.0
0.0645056726302764 0.00476673161081989 0.0
0.0664434914748128 0.0654496536065258 0.0
0.0682153162909373 0.126108647847983 0.0
0.0697451005761434 0.186789824115818 0.0
0.0709165022367141 0.247566094128422 0.0
0.0715471949649951 0.308547102794124 0.0
0.0713034006095633 0.369870937262795 0.0
0.0699162934314044 0.431516714844964 0.0
0.100476949841277 -0.669083831325353 0.0
0.103151482643688 -0.60793833062407 0.0
0.105643913156624 -0.546768102451147 0.0
0.108057923367171 -0.485584107784644 0.0
0.110442462519303 -0.424401180693472 0.0
0.112816187055296 -0.36323382317828 0.0
0.11517999903804 -0.302094790891609 0.0
0.117523533543815 -0.240994624999169 0.0
0.119829482200093 -0.179941366605082 0.0
0.122075374065906 -0.118939432279396 0.0
0.124232101132336 -0.0579888050228983 0.0
0.126260206426425 0.00291633391986144 0.0
0.128104001332084 0.0637888168807839 0.0
0.129683137164874 0.124649655987103 0.0
0.130881231198986 0.185526590492561 0.0
0.131530723320685 0.246447980566302 0.0
0.131392507200997 0.307421104820753 0.0
0.130199905869865 0.368366499745676 0.0
0.128154980119832 0.429112303326827 0.0
0.162376645081814 -0.671504166463746 0.0
0.164893249342035 -0.610280965938102 0.0
0.167309772201943 -0.549018986133897 0.0
0.169707278417343 -0.487733023854136 0.0
0.172115297171914 -0.426438639635333 0.0
0.174537169735357 -0.36514930454517 0.0
0.176962070806955 -0.303875977453078 0.0
0.179370238236798 -0.242627230042877 0.0
0.181735133285023 -0.181409568058941 0.0
0.184023114261891 -0.120227052031312 0.0
0.186190577139535 -0.059081334104986 0.0
0.188179095526272 0.00202851548256437 0.0
0.189908624784719 0.0631053820340461 0.0
0.191268813178717 0.124152591807862 0.0
0.192108938159081 0.185169145864808 0.0
0.192229080499882 0.246141494429964 0.0
0.19139068165116 0.307029834291688 0.0
0.189419633145067 0.367776054208363 0.0
0.186376921432095 0.428462403061786 0.0
0.224365891269999 -0.673356839867344 0.0
0.226724982370991 -0.612039726146539 0.0
0.22907763998527 -0.550665175260227 0.0
0.231472921983783 -0.489252147459358 0.0
0.23391713142178 -0.42781668717401 0.0
0.236397435114195 -0.366370962232271 0.0
0.238891390349173 -0.304924133375066 0.0
0.241369846597604 -0.243483279468607 0.0
0.243796858726087 -0.182054408194954 0.0
0.246127538545949 -0.120642805883671 0.0
0.248303987962289 -0.0592538552790459 0.0
0.250249632716762 0.00210626627676227 0.0
0.251862098400556 0.0634290943807276 0.0
0.253005042914523 0.124701934577293 0.0
0.253500288819097 0.185904139135003 0.0
0.25312565207395 0.247003794609438 0.0
0.251635086934873 0.307960231293177 0.0
0.248813518309611 0.368757022217218 0.0
0.244507159787519 0.429459809735549 0.0
0.286405995495635 -0.674641593912097 0.0
0.288619596678027 -0.613219808428147 0.0
0.290925205480124 -0.551718272499106 0.0
0.293332991902831 -0.4901592980052 0.0
0.295824460171003 -0.428558249869513 0.0
0.298371148082507 -0.366925046414615 0.0
0.300939954784098 -0.305266445283838 0.0
0.3034930832551 -0.243587756997627 0.0
0.305985760785214 -0.181894449809076 0.0
0.308362523074999 -0.120193063751491 0.0
0.31055212053172 -0.0584925868065501 0.0
0.312461205327563 0.00319431872068377 0.0
0.313966926806722 0.0648494398430235 0.0
0.314908967552426 0.12644708421773 0.0
0.315082621742937 0.187951154723642 0.0
0.314237468447264 0.249314241542856 0.0
0.312087815263055 0.310483078952306 0.0
0.308331767173247 0.37141570627547 0.0
0.302651059460236 0.432099555038285 0.0
0.348454049458656 -0.675396186736085 0.0
0.350546316713649 -0.613864635397269 0.0
0.352825651011159 -0.552227761273805 0.0
0.355260116588971 -0.490508857143244 0.0
0.357807520132746 -0.428720438998588 0.0
0.360425779366148 -0.366868544316786 0.0
0.363072880207453 -0.304956277118839 0.0
0.36570367780459 -0.242986108818742 0.0
0.368265621122693 -0.180961890827029 0.0
0.370693704460921 -0.11889017348175 0.0
0.37290446820268 -0.0567820552439173 0.0
0.374789034362696 0.005345005379802 0.0
0.376205198368827 0.0674645725498499 0.0
0.376969021396106 0.129538384946343 0.0
0.37684706186332 0.191512344318024 0.0
0.375551375967869 0.253314176419621 0.0
0.372738073250132 0.314854319680267 0.0
0.368003781599693 0.376031588190199 0.0
0.360876019762941 0.436741083970738 0.0
0.410466668872008 -0.675699245037195 0.0
0.412472581001765 -0.614059428470951 0.0
0.414748022467685 -0.552284944681904 0.0
0.417220800855186 -0.490395969566462 0.0
0.419828981733473 -0.428399237013188 0.0
0.422520125148303 -0.366294850134431 0.0
0.425245586094752 -0.304080577659034 0.0
0.42795446448554 -0.241754372705592 0.0
0.43058767828915 -0.179316523227528 0.0
0.433071839974717 -0.116771200490841 0.0
0.435312476502156 -0.0541287512323475 0.0
0.437186398893191 0.00859170493742279 0.0
0.438533065368782 0.0713583493253636 0.0
0.439145070721356 0.134121775284527 0.0
0.438757964475486 0.196807909001586 0.0
0.437039401180226 0.259310894249754 0.0
0.433575327570066 0.321486100685312 0.0
0.427847998486998 0.383143803180321 0.0
0.419209958137013 0.444046003475851 0.0
0.472403075384055 -0.675675987437242 0.0
0.474364431571648 -0.61393774794868 0.0
0.476655996649258 -0.552029662059242 0.0
0.479173479544575 -0.489963377827924 0.0
0.481841657501259 -0.427736824485687 0.0
0.484601736203558 -0.36534225069371 0.0
0.487400869931594 -0.30277040569988 0.0
0.490183967778086 -0.240012698641175 0.0
0.492886588915938 -0.177063056731201 0.0
0.495428045032699 -0.113919383240796 0.0
0.497703996186513 -0.0505860789797854 0.0
0.499578170318661 0.0129226535038129 0.0
0.500872796382588 0.0765774153701926 0.0
0.501357370908315 0.1403260120332 0.0
0.500734836118948 0.204081491915189 0.0
0.498623295913612 0.26770633579153 0.0
0.494529035408576 0.33099039013073 0.0
0.487805144636899 0.39362101304534 0.0
0.47759088371119 0.455148137348711 0.0
0.534226917786459 -0.675507446791931 0.0
0.536184588598413 -0.613690962415474 0.0
0.53850472259503 -0.551658917305754 0.0
0.541065341435149 -0.489409235867589 0.0
0.543785667360592 -0.426929253685855 0.0
0.546604474741994 -0.364202618074972 0.0
0.549466743946927 -0.30121205799387 0.0
0.552314309633936 -0.237940360885079 0.0
0.555078123425936 -0.174371369513227 0.0
0.557670870733422 -0.110490859292046 0.0
0.55997905125418 -0.0462887325084864 0.0
0.561853989262468 0.0182377062121975 0.0
0.563101039294281 0.0830778430499547 0.0
0.5634659442776 0.148198461519124 0.0
0.562616161624439 0.213527309025099 0.0
0.560113479411681 0.278926556830733 0.0
0.555371866489329 0.344146814620798 0.0
0.547593009512609 0.408748181817581 0.0
0.535662026567777 0.471969396693626 0.0
0.595905608315926 -0.675444414877426 0.0
0.597887410427855 -0.61358029610788 0.0
0.600235936436434 -0.551435238044891 0.0
0.602828813148226 -0.488992323732625 0.0
0.605586480640991 -0.426230586001806 0.0
0.608447894284014 -0.363127101781626 0.0
0.611356767312561 -0.299656803298271 0.0
0.614252121939921 -0.23579170319681 0.0
0.617060352420708 -0.171500738391795 0.0
0.619687455232655 -0.106749647159231 0.0
0.622010463360786 -0.0415020056422331 0.0
0.623867368775725 0.0242790639785848 0.0
0.625044343685387 0.0906271462477069 0.0
0.625258269857287 0.157565995486027 0.0
0.624130581238094 0.22509574088284 0.0
0.621145677735071 0.293166043563007 0.0
0.615583108300895 0.361617592094781 0.0
0.606411455053037 0.430049768211184 0.0
0.592141588308634 0.497507631171664 0.0
