-0.566759018328144 -0.693466325644884 0.0
0.666506156308025 -0.738096547304059 0.0
-0.460740411281586 0.61237245798111 0.0
0.61237245798111 0.61237245798111 0.0
-0.505641391812259 -0.696673322852753 0.0
0.667880225783197 -0.676560411650359 0.0
0.572883150874867 0.560380019291567 0.0
-0.481939418808281 0.534745086737574 0.0
-0.444529688356692 -0.699697801666454 0.0
0.66980866432128 -0.614661838859025 0.0
0.521278760234128 0.530494613443451 0.0
-0.49688572009474 0.460419823135738 0.0
-0.383467378326279 -0.702820494789967 0.0
0.6720952593517 -0.552373525543807 0.0
0.466873738176877 0.512641797105358 0.0
-0.507090514845798 0.388708372378038 0.0
-0.322438812196613 -0.706175771970395 0.0
0.674623699792637 -0.489677616874918 0.0
0.41168637187933 0.501494797465533 0.0
-0.5144135617152 0.319089584901247 0.0
-0.261405151755087 -0.709803751067142 0.0
0.677314228889013 -0.426554791936615 0.0
0.356178057903166 0.494414021964649 0.0
-0.519967460417345 0.251104078084096 0.0
-0.20031021139264 -0.713665064328483 0.0
0.680102585473091 -0.362979641357525 0.0
0.300485148867908 0.490051757161095 0.0
-0.524406431075842 0.184400041215315 0.0
-0.139093084633465 -0.71764974759642 0.0
0.682927174575857 -0.298918589417641 0.0
0.244687641981029 0.48769028711097 0.0
-0.528132283605007 0.118717074104187 0.0
-0.0777017153620929 -0.72160653868152 0.0
0.685719521730612 -0.234328534316182 0.0
0.188870390127166 0.486960323473018 0.0
-0.531402002235184 0.0538622713237755 0.0
-0.0161029104234185 -0.72537449085476 0.0
0.688395677477482 -0.169156171427659 0.0
0.133144511911903 0.487763827235125 0.0
-0.53438599796601 -0.0103083326076905 0.0
0.0457134211675327 -0.728807138399213 0.0
0.690847331893882 -0.103336885543792 0.0
0.0777410855493678 0.491437312034878 0.0
-0.537202833569682 -0.0739013577741447 0.0
0.107734134289544 -0.731787124507743 0.0
0.692931543345062 -0.0367939596361426 0.0
0.0216404850190852 0.490864993152664 0.0
-0.539945333636429 -0.136993394231429 0.0
0.169925984744518 -0.734233178805933 0.0
0.694457924585594 0.0305629269530703 0.0
-0.0349443575361767 0.490423596759701 0.0
-0.542721874021774 -0.199633870817585 0.0
0.232239809707333 -0.736102340911072 0.0
0.695171108558546 0.09883944150804 0.0
-0.0909636068129959 0.498512588223833 0.0
-0.545924863777685 -0.261844049009401 0.0
0.294615333885949 -0.737390238422124 0.0
0.694724374840479 0.168159419668672 0.0
-0.146929416875962 0.505280164073603 0.0
-0.548162881666818 -0.323974926654253 0.0
0.356984990714174 -0.738131587706145 0.0
0.692635847741719 0.238667019776993 0.0
-0.202078939869639 0.514432683819954 0.0
-0.550650588314204 -0.386040626717206 0.0
0.419278419425666 -0.738402396857603 0.0
0.688209966278296 0.310527258621942 0.0
-0.257966818601449 0.520607375380012 0.0
-0.553863978925004 -0.447842147544463 0.0
0.481427229712456 -0.738324620877286 0.0
0.680387151742355 0.38391403943106 0.0
-0.314429715860267 0.528123956265019 0.0
-0.557093677057049 -0.509441341085575 0.0
0.543371086945999 -0.738073708222294 0.0
0.667441317548061 0.45895099526255 0.0
-0.368762706753538 0.545259299573357 0.0
-0.560424435868318 -0.570882126174636 0.0
0.605067485848275 -0.73788985605613 0.0
0.646382737269204 0.535483864255833 0.0
-0.421728430193088 0.567711176752736 0.0
-0.563544188119143 -0.63221238416125 0.0
-0.502454692840031 -0.635397173439394 0.0
-0.499283258043365 -0.574007333088729 0.0
-0.495977562957962 -0.512469212064149 0.0
-0.492794822122077 -0.450840684823006 0.0
-0.489654186378098 -0.389124765098263 0.0
-0.487083100803898 -0.327152225382336 0.0
-0.484787609346079 -0.264763596623922 0.0
-0.481819025274237 -0.20205479995383 0.0
-0.479075395480424 -0.139099924479527 0.0
-0.476380552030161 -0.0758206397738982 0.0
-0.47364065997526 -0.0121493239636814 0.0
-0.470769270444436 0.0519754614995391 0.0
-0.467660416555171 0.11661211189583 0.0
-0.464168871991476 0.181811283255738 0.0
-0.460088996125235 0.247596039224047 0.0
-0.455132784592183 0.31391190898274 0.0
-0.448928008369973 0.380507318477166 0.0
-0.441139722972485 0.446665331973761 0.0
-0.432134608561329 0.510643434293669 0.0
-0.441321298685588 -0.638393551208241 0.0
-0.438085235525054 -0.57699010014585 0.0
-0.434836626262568 -0.515452260917908 0.0
-0.431701716668531 -0.453765581833871 0.0
-0.428755493581851 -0.39185591029027 0.0
-0.426213100935094 -0.329754418291374 0.0
-0.423768736975756 -0.26748844071267 0.0
-0.421056223247101 -0.204931199118228 0.0
-0.418452642699545 -0.142131412228308 0.0
-0.415896571462365 -0.0790848788206837 0.0
-0.413326021089616 -0.0157872206154548 0.0
-0.410676486857206 0.0477510248131356 0.0
-0.407870082489947 0.111491020487977 0.0
-0.404806579758614 0.175345614273586 0.0
-0.401357504280638 0.239147239601423 0.0
-0.397367358646998 0.302605885999983 0.0
-0.39267058544947 0.365275199657298 0.0
-0.387125677368974 0.426600754430707 0.0
-0.380285513826064 0.486211262169164 0.0
-0.380190008038412 -0.641543334683727 0.0
-0.376925273825813 -0.580162202004154 0.0
-0.373741774575831 -0.518645568963254 0.0
-0.370726776796505 -0.456969566055054 0.0
-0.367943576284032 -0.395127239040792 0.0
-0.365432741342304 -0.333157691391418 0.0
-0.362992812591663 -0.271046815113967 0.0
-0.360475264188583 -0.208749242550144 0.0
-0.358038385771771 -0.146305202269811 0.0
-0.35565908905394 -0.0837461391369494 0.0
-0.353297633179465 -0.0211142533717434 0.0
-0.350907780124398 0.0415260238785824 0.0
-0.348431747850445 0.104078334512604 0.0
-0.345792883001596 0.166406613527462 0.0
-0.342886846097746 0.228332799876653 0.0
-0.33957161194033 0.289652111701872 0.0
-0.335663323207276 0.350179499027834 0.0
-0.33094736804729 0.409828841664383 0.0
-0.325542903149471 0.468774770042756 0.0
-0.31906906349845 -0.644945888595665 0.0
-0.315805115946159 -0.583624403515771 0.0
-0.312708948841093 -0.522185660700657 0.0
-0.309823881612216 -0.46062169122373 0.0
-0.307169580315814 -0.398944015312792 0.0
-0.304721775083725 -0.337176921953699 0.0
-0.302352497306469 -0.275321244107488 0.0
-0.299995095376139 -0.213377430883078 0.0
-0.297714772968072 -0.15138977947968 0.0
-0.295499234299663 -0.089406728369154 0.0
-0.293318629975377 -0.0274862143940265 0.0
-0.291132109597416 0.0343018478702045 0.0
-0.288882368656353 0.0958776104705374 0.0
-0.286486248524065 0.157160533889343 0.0
-0.283823726497722 0.218087927824713 0.0
-0.28073102196782 0.278646792823319 0.0
-0.277013654996727 0.338916718869483 0.0
-0.272552953265253 0.399126886160789 0.0
-0.267849422950492 0.459679079390903 0.0
-0.257943524095725 -0.648633619157205 0.0
-0.254704322789432 -0.587396109827701 0.0
-0.251704636988691 -0.526070717726567 0.0
-0.248941619929982 -0.464657642357408 0.0
-0.246397544637912 -0.40317311385833 0.0
-0.244024566787835 -0.341639869522528 0.0
-0.241738202303032 -0.280072411401882 0.0
-0.239502183914168 -0.218491496014273 0.0
-0.237339796375802 -0.156939995262376 0.0
-0.235239189780756 -0.0954636298411071 0.0
-0.233172893729391 -0.0341092497416148 0.0
-0.23110002204673 0.0270788298819837 0.0
-0.228961657889159 0.088066243133155 0.0
-0.226674775624675 0.148841024701113 0.0
-0.224129082338262 0.20942999608204 0.0
-0.221195216435312 0.269919366238096 0.0
-0.217765574347345 0.330476020741542 0.0
-0.213873841312398 0.391352094562035 0.0
-0.209617691815772 0.45273879810888 0.0
-0.196780083688264 -0.652552923962629 0.0
-0.193586566617624 -0.59140025504382 0.0
-0.190685580883145 -0.530188954157392 0.0
-0.188031530162286 -0.468922891167425 0.0
-0.185579076271441 -0.40761991571625 0.0
-0.183272840950389 -0.346302689916309 0.0
-0.181052903683753 -0.284991808570205 0.0
-0.178894488739912 -0.22371293934359 0.0
-0.176801855891048 -0.162501356020273 0.0
-0.174762598344344 -0.101391124203461 0.0
-0.172752393808392 -0.0404115265611436 0.0
-0.170735680318182 0.0204172376649257 0.0
-0.16866397349065 0.081089562095232 0.0
-0.166475646942526 0.14162123605058 0.0
-0.164102005680312 0.202054773539969 0.0
-0.161488163311819 0.262461101363558 0.0
-0.158639845616227 0.322926965058616 0.0
-0.155645367250927 0.38350007529085 0.0
-0.152252491637445 0.444120954310764 0.0
-0.135538173293649 -0.65658115264541 0.0
-0.132411921798503 -0.595494507818756 0.0
-0.129608858708177 -0.534373219051151 0.0
-0.127047976107444 -0.473222521851603 0.0
-0.124665941747689 -0.412059805754871 0.0
-0.122406938472808 -0.350906458135955 0.0
-0.120225989309786 -0.289783716101228 0.0
-0.118104304619059 -0.228715370274413 0.0
-0.116039377752888 -0.167728242911617 0.0
-0.114021344332634 -0.106845875729955 0.0
-0.112033050782546 -0.0460857493105691 0.0
-0.110050783477174 0.0145434109733695 0.0
-0.108045255175825 0.0750440984356419 0.0
-0.105985432412867 0.135432420585505 0.0
-0.103848873284656 0.195738291598122 0.0
-0.101642382114547 0.256003102943404 0.0
-0.099423749308141 0.316271521771317 0.0
-0.0972560862454909 0.376592222943457 0.0
-0.0951023632180813 0.437155980794421 0.0
-0.0741805620136826 -0.660559744719667 0.0
-0.0711448187008507 -0.599509165430464 0.0
-0.0684379583666778 -0.538440041986737 0.0
-0.0659538813719144 -0.477358041588664 0.0
-0.0636203154076281 -0.416279267280653 0.0
-0.0613854076000761 -0.355223129641498 0.0
-0.059215340020472 -0.294209214279929 0.0
-0.0570969402257558 -0.233257792208856 0.0
-0.0550281045204446 -0.17238921561396 0.0
-0.0530047196706118 -0.111620296640081 0.0
-0.0510197590283492 -0.0509627467466811 0.0
-0.0490645801666569 0.00957805485859974 0.0
-0.0471318346461653 0.070003463532126 0.0
-0.045221804164838 0.130321164007017 0.0
-0.0433545914117846 0.190541378506526 0.0
-0.0415884814861338 0.25066846306041 0.0
-0.0400355804892561 0.310685014507797 0.0
-0.0388848325613904 0.37053943132164 0.0
-0.0387103337312323 0.430128630786925 0.0
-0.0126814211800747 -0.664325696485247 0.0
-0.00976007478078107 -0.603277558047479 0.0
-0.00714755070530983 -0.542218215806206 0.0
-0.00472470780153505 -0.481154034422092 0.0
-0.0024188396052216 -0.420100048475446 0.0
-0.000185726488297316 -0.359073753626166 0.0
0.00199809910130578 -0.298092483726276 0.0
0.00413909883992922 -0.237172972139914 0.0
0.00623489839231904 -0.176330586916948 0.0
0.0082818931529742 -0.115577039143792 0.0
0.0102758788722465 -0.054919208598089 0.0
0.0122102210211099 0.00564221826646102 0.0
0.0140720676917132 0.0661140350640948 0.0
0.0158356965846181 0.126512586961574 0.0
0.017452369779848 0.186865899989589 0.0
0.0188383134759392 0.247219044821922 0.0
0.0198596671066678 0.307648152102861 0.0
0.0202573107513338 0.368290911630999 0.0
0.0190039739559918 0.429332417816793 0.0
0.048969612933319 -0.667734117376207 0.0
0.0517543367098884 -0.606656257705611 0.0
0.0542749865175435 -0.545566126152089 0.0
0.056651102298201 -0.484471784496416 0.0
0.0589479674181315 -0.42338790352531 0.0
0.0611988420768322 -0.362330414597007 0.0
0.0634163740658653 -0.301314340777047 0.0
0.0655990125900569 -0.240353068528371 0.0
0.0677374361623262 -0.179457661318569 0.0
0.0698188384274355 -0.118635117457567 0.0
0.0718266674805147 -0.0578870823013567 0.0
0.0737379637768543 0.00279218510165849 0.0
0.0755185986906047 0.0634184150312612 0.0
0.0771159429991629 0.124021587997283 0.0
0.0784487570754043 0.184651303039447 0.0
0.0793939997945148 0.245385693524578 0.0
0.0797613583397796 0.306342094078856 0.0
0.0792043988414282 0.367667614265066 0.0
0.0774582154235765 0.429337207721433 0.0
0.110766378218677 -0.67067119376147 0.0
0.113396857731611 -0.609535762831298 0.0
0.115829949492304 -0.548379618201187 0.0
0.118173227326828 -0.487213765726808 0.0
0.120477572305007 -0.426053256061877 0.0
0.12276240965899 -0.364912828224792 0.0
0.125028719704884 -0.303805407945209 0.0
0.127265760104059 -0.242741588901451 0.0
0.129455482292749 -0.181729299556514 0.0
0.131574287193019 -0.120772622995937 0.0
0.133591410398274 -0.0598709262727479 0.0
0.135464967228148 0.000982569486431977 0.0
0.137135735064689 0.0618020350027101 0.0
0.138518346553271 0.122610134042682 0.0
0.139489645924204 0.183436265018459 0.0
0.139873570175289 0.244309619342731 0.0
0.139421125607606 0.305235393108798 0.0
0.137859506871055 0.366124406463547 0.0
0.135423199585995 0.426793067536711 0.0
0.17268803711327 -0.673059893833554 0.0
0.175154249544864 -0.611844523460917 0.0
0.177507454703774 -0.550593949960309 0.0
0.179831867516367 -0.489323176562399 0.0
0.182158241325044 -0.428048075399632 0.0
0.184490070157115 -0.36678240087932 0.0
0.18681605975259 -0.305537309220729 0.0
0.18911553800358 -0.244321461432085 0.0
0.191360640340399 -0.183141329490573 0.0
0.19351589569201 -0.122000804980499 0.0
0.195535184205886 -0.0609012388301191 0.0
0.19735661620166 0.000158689291357456 0.0
0.198895431209701 0.0611822155228514 0.0
0.200035043388032 0.122172692701653 0.0
0.2006169317163 0.183128318637016 0.0
0.200432277610931 0.244033189319924 0.0
0.199234631047527 0.304843029894176 0.0
0.196851388767381 0.365495810690013 0.0
0.1933742787527 0.426084493421918 0.0
0.234702123121083 -0.674861418294329 0.0
0.237004251048659 -0.613549412283235 0.0
0.239289815099457 -0.552182961988743 0.0
0.24160995358513 -0.490781454353869 0.0
0.243971324781309 -0.42936136781459 0.0
0.246360569915278 -0.367935222346311 0.0
0.248754208583515 -0.306512441241093 0.0
0.251121635650103 -0.245100297052677 0.0
0.253424986259469 -0.18370494876524 0.0
0.255616847559257 -0.122331825511368 0.0
0.257635986119414 -0.06098649927361 0.0
0.259401434958694 0.000324520983838286 0.0
0.260805131381815 0.0615921389499912 0.0
0.261703610410695 0.122802503045147 0.0
0.261910263137748 0.183933046914326 0.0
0.261193899096988 0.244949127782199 0.0
0.259301284510642 0.30580735633994 0.0
0.256018245135338 0.366492009486961 0.0
0.251207718022266 0.427079607862865 0.0
0.296768568460838 -0.676075212960716 0.0
0.298918822685017 -0.614655428161427 0.0
0.301153998649982 -0.55315818918716 0.0
0.303485001994141 -0.49160647394941 0.0
0.305892731293578 -0.430016186910798 0.0
0.308347514255246 -0.368397650258627 0.0
0.310814664376445 -0.306757946479895 0.0
0.313254410948582 -0.245102697744664 0.0
0.315619498096501 -0.183437733383223 0.0
0.317851286032571 -0.121770070011365 0.0
0.319874437735551 -0.0601093685921533 0.0
0.321590373894006 0.00153073388199686 0.0
0.322869668736846 0.0631306179565721 0.0
0.323543988662269 0.124662618808608 0.0
0.323399307447082 0.186088025540877 0.0
0.322175241070963 0.247356311928232 0.0
0.319577398706255 0.308411348513945 0.0
0.315300316608686 0.369210707458154 0.0
0.309032266434301 0.429747059098361 0.0
0.358843018422454 -0.676739710505721 0.0
0.360866213070993 -0.615206745754323 0.0
0.363072443303816 -0.553569956310361 0.0
0.365428977962332 -0.491853489859022 0.0
0.367892055376965 -0.430070431408006 0.0
0.370417753001757 -0.368227209293547 0.0
0.37296198115646 -0.306327264943244 0.0
0.375477152286506 -0.244373457918655 0.0
0.377907713972216 -0.18237016842465 0.0
0.380184878358065 -0.120324706752885 0.0
0.382220384976149 -0.0582492667574778 0.0
0.383899298211224 0.00383713589618559 0.0
0.385071891783345 0.0659058984429765 0.0
0.385545112217071 0.127915827604302 0.0
0.385074862372209 0.189809008691339 0.0
0.383361447417672 0.25150849562898 0.0
0.380049334792625 0.312919666284911 0.0
0.37472584647875 0.37393721892377 0.0
0.366915603135309 0.434455813057974 0.0
0.420880698848115 -0.676935296601438 0.0
0.422812941057639 -0.615290449830769 0.0
0.425013441734976 -0.553511514792053 0.0
0.427407641744775 -0.491619566406594 0.0
0.429931181436901 -0.429621804685322 0.0
0.432529260520561 -0.367518610716336 0.0
0.435150751175203 -0.305308021971165 0.0
0.437741900390081 -0.242988377259155 0.0
0.44024014952634 -0.180560574269304 0.0
0.442567751695941 -0.118029731744283 0.0
0.444624727773181 -0.0554076224586444 0.0
0.446280970403806 0.0072845452240857 0.0
0.44736735554965 0.0700119624691388 0.0
0.44766602056938 0.132721038491724 0.0
0.446900076776061 0.195332006461648 0.0
0.444722862009013 0.257731576704727 0.0
0.440704561494466 0.319766015505185 0.0
0.434311175704424 0.381235493976 0.0
0.424882219811659 0.441893102602743 0.0
0.482839622035285 -0.676790328666002 0.0
0.484724223544007 -0.615043431592852 0.0
0.486939871443027 -0.553126144754376 0.0
0.489378519376969 -0.491050814648259 0.0
0.49196188257126 -0.428815574712466 0.0
0.494628436035287 -0.366412738710117 0.0
0.497322532531889 -0.303833168650235 0.0
0.499985869945562 -0.241068554201329 0.0
0.50255008473406 -0.178113378688625 0.0
0.504929561866919 -0.114966507413116 0.0
0.507013733184639 -0.0516338917483716 0.0
0.508658483759316 0.0118678618243834 0.0
0.509676252344189 0.0755057160755589 0.0
0.509824441785559 0.139222072610402 0.0
0.508791228078878 0.202922111280949 0.0
0.506176899972871 0.266457142022424 0.0
0.501466522829428 0.329601677382328 0.0
0.493988572845943 0.39202298848614 0.0
0.482857258293387 0.453247264663138 0.0
0.544682515465669 -0.67649088121999 0.0
0.54656201257112 -0.614662421543779 0.0
0.548805921073873 -0.552616305642053 0.0
0.551287597600082 -0.490350659900658 0.0
0.553922876446869 -0.427852672050571 0.0
0.5566475791807 -0.365105798252327 0.0
0.559403633847383 -0.302092660277884 0.0
0.56212933187493 -0.238796101001231 0.0
0.564751256377201 -0.175200268087338 0.0
0.567176573549158 -0.111291620447913 0.0
0.569284768901416 -0.0470613273779466 0.0
0.570918266340881 0.0174911328029394 0.0
0.571871161720565 0.0823515598402513 0.0
0.571874972932116 0.147480950532307 0.0
0.570579152594359 0.212797840282923 0.0
0.567522605286513 0.278149865200512 0.0
0.562090215810998 0.343264893795334 0.0
0.553447557816776 0.407668126603609 0.0
0.540439153944326 0.47054786181433 0.0
0.606376164402169 -0.676295573769895 0.0
0.608279727361297 -0.614416838306278 0.0
0.610551934914314 -0.552252496279191 0.0
0.613065619436197 -0.48978534264535 0.0
0.615737770955958 -0.426994027693632 0.0
0.618504258317233 -0.363855245997695 0.0
0.621305511082702 -0.30034356644157 0.0
0.624076663360897 -0.23643068177401 0.0
0.626739256132714 -0.172085309848671 0.0
0.629193096561881 -0.107273178693348 0.0
0.631307270174727 -0.0419582480147308 0.0
0.632909534562741 0.0238952769577181 0.0
0.633772817708164 0.0903186896585771 0.0
0.633596674119172 0.157331377379955 0.0
0.631979456918284 0.224925477773158 0.0
0.628374110423784 0.293036142241062 0.0
0.622016545016011 0.361477429551297 0.0
0.611815382246676 0.429799226389615 0.0
0.596206157861942 0.496955859559192 0.0
