-0.520482915461627 -0.686623048774258 0.0
0.717633551981661 -0.703529999193684 0.0
-0.428884828090668 0.61237245798111 0.0
0.61237245798111 0.61237245798111 0.0
-0.459341766611804 -0.688870969854334 0.0
0.716622131739744 -0.64194240899477 0.0
0.563567559686016 0.570756352012781 0.0
-0.445483270152386 0.53706308958182 0.0
-0.398224844121207 -0.690976476310065 0.0
0.716199890440906 -0.579911499411741 0.0
0.508076500574708 0.546694101768591 0.0
-0.460708136658825 0.464994007105574 0.0
-0.33717828143017 -0.693221782755928 0.0
0.716021724422341 -0.517430249787275 0.0
0.451302885343618 0.530534120862379 0.0
-0.470524214431921 0.394613547092163 0.0
-0.276182769525298 -0.695774237148635 0.0
0.715856647621632 -0.454510549384493 0.0
0.394072026910224 0.518635729004343 0.0
-0.476957036774547 0.325922364744367 0.0
-0.215192851879308 -0.698698793315967 0.0
0.715518439313169 -0.391174022946452 0.0
0.336574985642407 0.509365724214613 0.0
-0.48174164014726 0.258683923655037 0.0
-0.154142639736282 -0.701984097668836 0.0
0.714837932832589 -0.327451139752574 0.0
0.278893359099315 0.501867585106784 0.0
-0.485915732060652 0.192554821120552 0.0
-0.0929540444636233 -0.705547207043461 0.0
0.71365766564707 -0.263382646896326 0.0
0.221095212416463 0.495637196215281 0.0
-0.489909562422953 0.127217244111356 0.0
-0.0315444117980717 -0.7092392765796 0.0
0.711845330832941 -0.199018042279166 0.0
0.16326177162218 0.490363535724007 0.0
-0.493686079806086 0.0624558321247898 0.0
0.0301652534272968 -0.712837967768808 0.0
0.709322953319258 -0.134406566179163 0.0
0.105502264032876 0.485898425703025 0.0
-0.497047477911947 -0.00182724867027899 0.0
0.0922353155560376 -0.716043988197502 0.0
0.706098594920661 -0.0695770146430134 0.0
0.0479485241610873 0.482630035435318 0.0
-0.499904066644192 -0.0656544421718045 0.0
0.154681210871258 -0.718530491928773 0.0
0.702271140147739 -0.00451269845174424 0.0
-0.00898397683129416 0.476483343897798 0.0
-0.502314499507695 -0.12902161416848 0.0
0.217454310968148 -0.720035995571708 0.0
0.697977189852441 0.0608630899256348 0.0
-0.0658448929939816 0.470804781576227 0.0
-0.504448231892222 -0.191920132503227 0.0
0.280448854498481 -0.720432477150236 0.0
0.693288879293222 0.126676594103017 0.0
-0.122958082583922 0.472092923699481 0.0
-0.506850395006371 -0.254339525990974 0.0
0.343529750254487 -0.719732774401969 0.0
0.688126609970905 0.193077644799597 0.0
-0.179168585444924 0.473238226089518 0.0
-0.50803699634004 -0.316667798225833 0.0
0.406560195633863 -0.718058054335232 0.0
0.682234301051779 0.260221689908865 0.0
-0.23402163780063 0.479072178492927 0.0
-0.509376966352244 -0.378907027557451 0.0
0.469419300098105 -0.715600275222857 0.0
0.675176859220131 0.328271275260953 0.0
-0.288964583138311 0.483857014808852 0.0
-0.511493823199786 -0.440800958625702 0.0
0.532009510340987 -0.71259928418304 0.0
0.666280620481043 0.397404926303798 0.0
-0.344643437223567 0.491795769865359 0.0
-0.513684805784108 -0.502462330942667 0.0
0.594259795970744 -0.709339270677871 0.0
0.654442940449959 0.467811706847633 0.0
-0.395751343792126 0.515029061022575 0.0
-0.516027450224407 -0.563955084375459 0.0
0.656131719715887 -0.706165214068194 0.0
0.637670397095582 0.539598868884817 0.0
-0.443028681577941 0.548205982313122 0.0
-0.518200486928713 -0.625327031842575 0.0
-0.457085500283431 -0.627549867473024 0.0
-0.454854727866337 -0.566113069110767 0.0
-0.452540844918109 -0.504519327159871 0.0
-0.450413205252271 -0.442832684245804 0.0
-0.448351884809074 -0.38105829894982 0.0
-0.446895443955999 -0.31897846021953 0.0
-0.445685747714599 -0.256450548436407 0.0
-0.443573248546026 -0.193593545997049 0.0
-0.44145481263315 -0.13048763540846 0.0
-0.439050058097728 -0.06706637739038 0.0
-0.436201808260907 -0.00328617974054644 0.0
-0.432863167900215 0.0608763580719358 0.0
-0.429168023562997 0.125426388453742 0.0
-0.425384620133105 0.190367333934232 0.0
-0.421593928087308 0.255726368209468 0.0
-0.417402325026753 0.321516761318704 0.0
-0.411915678408823 0.38761293547234 0.0
-0.403725750606834 0.453524059634304 0.0
-0.390754120830619 0.517711233051287 0.0
-0.395931142778955 -0.629622794593923 0.0
-0.393630477727071 -0.568171512488536 0.0
-0.391381321221256 -0.506588975756812 0.0
-0.389314903316187 -0.444858370573114 0.0
-0.387487280875863 -0.382891215184331 0.0
-0.386082933412905 -0.320724804828793 0.0
-0.384701403518197 -0.258387076477263 0.0
-0.382848601187312 -0.195726716058029 0.0
-0.380840124191276 -0.132800487008736 0.0
-0.378509073024903 -0.0696026439377412 0.0
-0.375715609635999 -0.00613607985013145 0.0
-0.372420843055616 0.0575575424783286 0.0
-0.368830213963506 0.121371971047498 0.0
-0.365370417623914 0.185158914209319 0.0
-0.362224079402623 0.248780871943681 0.0
-0.359039285479157 0.312064018802976 0.0
-0.355046431102914 0.374706445276925 0.0
-0.348646466500712 0.436238868351931 0.0
-0.408818429802797 0.457874371793438 0.0
-0.33478651348995 -0.631900929720531 0.0
-0.332446727692838 -0.570485085002814 0.0
-0.330272417353675 -0.508941681116293 0.0
-0.328352727357781 -0.447238847719277 0.0
-0.326721504042882 -0.385361542336211 0.0
-0.325364331178492 -0.323343281189361 0.0
-0.323985778118271 -0.261152603156681 0.0
-0.322327990889035 -0.1987213348501 0.0
-0.320456135343686 -0.136077697300481 0.0
-0.318224183656134 -0.0732375964857595 0.0
-0.31547487557471 -0.0102397450334231 0.0
-0.312137916235478 0.0528176251396878 0.0
-0.308520179862101 0.115740321433919 0.0
-0.305323196547231 0.17830582605265 0.0
-0.302796197731509 0.240408643232384 0.0
-0.300444096057396 0.302025352609707 0.0
-0.297394026593593 0.363182462300097 0.0
-0.35986007906644 0.375215065804993 0.0
-0.356635093143734 0.43334497608255 0.0
-0.273654395574281 -0.634511180123042 0.0
-0.271302844983725 -0.573172864127782 0.0
-0.269232597770367 -0.511726125798282 0.0
-0.267477223186588 -0.450149596347647 0.0
-0.266012866199285 -0.388439869170863 0.0
-0.264747018100117 -0.326603637193437 0.0
-0.263457986210934 -0.264616179169832 0.0
-0.261972725189847 -0.202448183748097 0.0
-0.260240499907143 -0.140115528925605 0.0
-0.258093278723896 -0.0776363205724344 0.0
-0.255310065047647 -0.0150528748701382 0.0
-0.25171988941772 0.0475245657408339 0.0
-0.247799787664006 0.109852821219221 0.0
-0.244747533313488 0.171698706442854 0.0
-0.242773156545869 0.233135326875324 0.0
-0.241094209939599 0.294383015911067 0.0
-0.30324985527262 0.302106261910466 0.0
-0.301470080942708 0.362422799896526 0.0
-0.298441085760659 0.422741890651784 0.0
-0.212515636754003 -0.637510867670308 0.0
-0.210181214843695 -0.576278262576902 0.0
-0.208237272545709 -0.514963715823447 0.0
-0.206653371607229 -0.453546421934761 0.0
-0.205353898634054 -0.392020152954578 0.0
-0.20421432550435 -0.330381353417301 0.0
-0.20305643569941 -0.268610867535895 0.0
-0.20173515295578 -0.206689389272373 0.0
-0.200136944023162 -0.144614086027267 0.0
-0.198046832293578 -0.0823791908486679 0.0
-0.195126606126456 -0.0199922096905021 0.0
-0.19098312342303 0.0424622761565076 0.0
-0.186421353455556 0.104669702234061 0.0
-0.183576695632009 0.166349750864053 0.0
-0.182315921906373 0.227803956952354 0.0
-0.243852327921671 0.23328626882557 0.0
-0.243331239776483 0.294334955882021 0.0
-0.241981773377234 0.355462687691 0.0
-0.239671247315759 0.417047522767588 0.0
-0.151334402512353 -0.64087766572405 0.0
-0.149053536608634 -0.579759497198658 0.0
-0.147260306167419 -0.518585193945672 0.0
-0.145858671445344 -0.457331965601611 0.0
-0.144732679678852 -0.395990246862515 0.0
-0.143746220681777 -0.334550206656406 0.0
-0.142747141410012 -0.272990514008549 0.0
-0.141599324637938 -0.211282715845138 0.0
-0.140150660337749 -0.149391374931017 0.0
-0.138125956090959 -0.0872584815685503 0.0
-0.135007107144951 -0.0248109257498746 0.0
-0.129914618971804 0.0379451332715333 0.0
-0.124279973901125 0.100578718889258 0.0
-0.122016569563143 0.162694896318159 0.0
-0.182825651302313 0.166841110188913 0.0
-0.183090596094055 0.228209180492044 0.0
-0.183100961229436 0.289425459131501 0.0
-0.182609668872444 0.350554641852389 0.0
-0.181411541811399 0.411619219016826 0.0
-0.090066923765598 -0.644519073595617 0.0
-0.0878887002157389 -0.583511158982483 0.0
-0.0862752553942047 -0.522475279912383 0.0
-0.0850708939103651 -0.461389980903072 0.0
-0.0841337678046555 -0.400246068662077 0.0
-0.0833295005129243 -0.339031986522328 0.0
-0.0825276881436734 -0.277722925344063 0.0
-0.0816019546242056 -0.216275036446109 0.0
-0.0803825510871246 -0.154611027149653 0.0
-0.0785392026248734 -0.0925887956022031 0.0
-0.0753136278467247 -0.0299678445087197 0.0
-0.0687114681142901 0.0335123562507699 0.0
-0.061331502528093 0.0977913994980447 0.0
-0.120430752111687 0.10239792431188 0.0
-0.121081536563604 0.164538999401363 0.0
-0.12188645397869 0.226241221989896 0.0
-0.12246625222138 0.287588852455571 0.0
-0.122795060465982 0.348757546955475 0.0
-0.123053017054277 0.410069939889557 0.0
-0.0286663749615515 -0.648277899418486 0.0
-0.0266502058286391 -0.587370166620332 0.0
-0.0252463080367006 -0.526473443880032 0.0
-0.0242544968645616 -0.46557670703972 0.0
-0.0235248313656316 -0.404683516123785 0.0
-0.0229394571993397 -0.343799401109157 0.0
-0.0223999934603105 -0.282923841539838 0.0
-0.021813697106542 -0.222043807137032 0.0
-0.021046329353181 -0.161118803715338 0.0
-0.0198045867782755 -0.10004806138104 0.0
-0.017227328870986 -0.0386197622660319 0.0
-0.00893769606078211 0.0232433443322779 0.0
-0.0542193671660593 0.0420497178149453 0.0
-0.0570166395390914 0.104581679575875 0.0
-0.0587269819763555 0.166468816000636 0.0
-0.0601468667249587 0.227812839761631 0.0
-0.0614323640248061 0.288815784828412 0.0
-0.062833871835425 0.349606485556231 0.0
-0.0650108337866525 0.410202135543751 0.0
0.0329162578037962 -0.651920190272206 0.0
0.0347114571136399 -0.591092230149289 0.0
0.035887154715819 -0.530326931980794 0.0
0.0366662788258515 -0.46963375636375 0.0
0.0371895068615164 -0.409045223042166 0.0
0.037544852385649 -0.348613447026736 0.0
0.0377831695751716 -0.28841849967793 0.0
0.0379254219046651 -0.228591967130171 0.0
0.0379722164915683 -0.169362888928595 0.0
0.037916359374761 -0.11113960316218 0.0
0.0379294137156485 -0.054603416032336 0.0
0.0332971431958501 -0.000334602861761102 0.0
0.0115250056032001 0.0518787763467287 0.0
0.00686990129138899 0.111312468003509 0.0
0.00416087446752719 0.171579377850807 0.0
0.00198696927193456 0.232149586242248 0.0
-0.000100658742807272 0.292947868288388 0.0
-0.00256720607113314 0.354042957706731 0.0
-0.00677443872309266 0.415525192652937 0.0
0.0947277957583935 -0.655129786028157 0.0
0.0962578730771215 -0.594331407609266 0.0
0.0972123581890134 -0.533635947272474 0.0
0.0978163801321849 -0.473064555457429 0.0
0.0981956709092594 -0.412658838644792 0.0
0.0984187682412028 -0.352474295018334 0.0
0.0985211988449023 -0.292577126011198 0.0
0.0985215220799485 -0.233036188721784 0.0
0.0984349430714065 -0.173892782209381 0.0
0.0982589509299659 -0.115067905842561 0.0
0.0970654267012059 -0.0560778802747557 0.0
0.0897401516784092 0.00276350800820142 0.0
0.0756311097699196 0.0582674737474431 0.0
0.07037266172335 0.117093657265404 0.0
0.0669248379199388 0.176909298850876 0.0
0.063999084559646 0.237303114157208 0.0
0.0610105572724917 0.298173493467465 0.0
0.0573287197535881 0.359509161454451 0.0
0.0522251960251924 0.421078320400876 0.0
0.156790937194003 -0.657568519371927 0.0
0.158029282096055 -0.596720117430504 0.0
0.158786300001791 -0.535978792188141 0.0
0.159267257996757 -0.475361668149317 0.0
0.159574603267502 -0.414893898016219 0.0
0.159755755358083 -0.35459683479789 0.0
0.159826391798171 -0.294475984951866 0.0
0.159774360541451 -0.234502717714497 0.0
0.159525676335411 -0.174584510322143 0.0
0.158697381889799 -0.11452485938904 0.0
0.155834613335243 -0.0542655021516607 0.0
0.148527347278259 0.00498087660389067 0.0
0.138617967687961 0.0627605434121821 0.0
0.133276504672045 0.121999672512923 0.0
0.129306959153954 0.181956087269691 0.0
0.125677830947688 0.242389411744272 0.0
0.121784231179818 0.303164090865624 0.0
0.117095191771943 0.364090847349592 0.0
0.111516114062302 0.424876151920155 0.0
0.219082009829085 -0.658980605177185 0.0
0.220013269962149 -0.598003279661711 0.0
0.220592993609821 -0.537101934105783 0.0
0.220982217082771 -0.476286305446092 0.0
0.221245176494404 -0.415563395259406 0.0
0.221393985840155 -0.354927155823283 0.0
0.221403140654128 -0.29435035255843 0.0
0.221194513928964 -0.233777375990572 0.0
0.220556617614617 -0.173125215586979 0.0
0.218928801918251 -0.112354115009093 0.0
0.215230283190922 -0.0517465078518786 0.0
0.208582414475125 0.00801221517171797 0.0
0.200962156988466 0.0670691469222148 0.0
0.195711141137305 0.126810463520821 0.0
0.191356826333692 0.187017834207798 0.0
0.187123118687893 0.247536118937344 0.0
0.182479811858413 0.308225793825029 0.0
0.17704203469041 0.368930750052259 0.0
0.170648956583827 0.429607555399576 0.0
0.281532539205073 -0.659257448737484 0.0
0.282151060769821 -0.598100897255897 0.0
0.282564659351443 -0.53697063417779 0.0
0.282869565742818 -0.475875817522246 0.0
0.283079752565683 -0.414816259771729 0.0
0.283163207679959 -0.353777532679603 0.0
0.283046394876224 -0.292730260802438 0.0
0.282587161647952 -0.231635224172833 0.0
0.281502917977905 -0.170470015847641 0.0
0.279281103996854 -0.109309983882664 0.0
0.275254421725081 -0.0484294729754788 0.0
0.269313394289141 0.0118307018272631 0.0
0.262973388445358 0.0717237246259736 0.0
0.257835158732342 0.131943722977448 0.0
0.253185458775302 0.192442812331539 0.0
0.248448416614352 0.2531154143621 0.0
0.243171757836392 0.313846141366182 0.0
0.236997002135583 0.374532482882007 0.0
0.229685949782828 0.435127454006787 0.0
0.344051331217698 -0.658432813203179 0.0
0.344366470782348 -0.597080990531751 0.0
0.344624148342905 -0.535702141161327 0.0
0.344843337902041 -0.474311941134969 0.0
0.344983206975757 -0.412911871434513 0.0
0.344967791491212 -0.351490627092338 0.0
0.344681973317786 -0.290029742676981 0.0
0.343945204210658 -0.228516404490418 0.0
0.34247166491604 -0.166973500368968 0.0
0.339863390606801 -0.105506973821111 0.0
0.335777651975423 -0.0443234722971331 0.0
0.330416632292145 0.0164312063530707 0.0
0.324816068901177 0.0769755842545579 0.0
0.319763910992209 0.137672893646491 0.0
0.314876693992783 0.198520663379255 0.0
0.309711645617362 0.259437059697337 0.0
0.30386113322344 0.320317883667693 0.0
0.296959693079067 0.381058951583754 0.0
0.288701051755312 0.441582738331101 0.0
0.406546839299223 -0.656642032255142 0.0
0.406588505506852 -0.595103877365449 0.0
0.406707736111161 -0.533489313691294 0.0
0.406842629304884 -0.471822784785519 0.0
0.406900084769494 -0.410110154861481 0.0
0.406766500247737 -0.348346308392922 0.0
0.406297901820883 -0.286525039304628 0.0
0.405301033987073 -0.224653653113711 0.0
0.403521679514691 -0.162775649465731 0.0
0.400684253374089 -0.100992077429218 0.0
0.396657841923569 -0.039439898850499 0.0
0.391727314220893 0.0218322325251206 0.0
0.386565739171725 0.0829823972469379 0.0
0.381564997397969 0.144203053089399 0.0
0.376480058068492 0.205490029590926 0.0
0.370945037156781 0.266762887209614 0.0
0.364570734701073 0.327907026133487 0.0
0.356961264990019 0.388793057779604 0.0
0.347727955319863 0.449299231309094 0.0
0.468941461951732 -0.654083883677285 0.0
0.468761236147962 -0.592382328460392 0.0
0.468768957365629 -0.530560309628155 0.0
0.468826908372917 -0.468647735278519 0.0
0.468797951322054 -0.406652845353743 0.0
0.468540481506918 -0.344575238177919 0.0
0.467894772476279 -0.282417650848815 0.0
0.466672454928332 -0.220198690478449 0.0
0.46466493442373 -0.157966837869139 0.0
0.461699883961019 -0.0958039595096971 0.0
0.457767560311463 -0.0337927194460569 0.0
0.453139307059313 0.0280616782996812 0.0
0.44824258894164 0.0898639391119066 0.0
0.443265469303266 0.151711084718844 0.0
0.438015386035401 0.213580378524832 0.0
0.43216327249856 0.275377735671376 0.0
0.425314854318187 0.336962558751107 0.0
0.417020810654968 0.398158835271882 0.0
0.406775768545717 0.458769955005623 0.0
0.531177427026432 -0.651001774591343 0.0
0.53084403106014 -0.589167445875835 0.0
0.530772847355519 -0.527170341664065 0.0
0.53076454053522 -0.465038094111441 0.0
0.530650523179438 -0.402777219524676 0.0
0.530271892126916 -0.340389564770941 0.0
0.529463843949361 -0.277883434167307 0.0
0.52805276869092 -0.215282520116723 0.0
0.525876289312198 -0.15263178304814 0.0
0.522838698692775 -0.0899908094031555 0.0
0.518991851027654 -0.0274039386345047 0.0
0.514564242414806 0.0351421179284411 0.0
0.509825643536939 0.0977145392743223 0.0
0.504852575480523 0.160356685578079 0.0
0.49946543612199 0.223027538593446 0.0
0.493344023612953 0.285615943115395 0.0
0.486069018598737 0.347946343712578 0.0
0.477114667924056 0.409771740787564 0.0
0.465812999662717 0.470764721128392 0.0
0.593217377189881 -0.647686318681867 0.0
0.592805796300483 -0.585755846588597 0.0
0.592685943632028 -0.52361175519441 0.0
0.592620554361187 -0.461269700769933 0.0
0.592424695813547 -0.398732024530486 0.0
0.591931828892077 -0.336002679900125 0.0
0.590979030072009 -0.273094999278436 0.0
0.589410495119554 -0.210035591905963 0.0
0.587103057931215 -0.146863431054877 0.0
0.584013005534631 -0.0836182228877652 0.0
0.58022017122946 -0.0203172046805551 0.0
0.57591066465764 0.0430644276228833 0.0
0.57125638335435 0.106577162032216 0.0
0.566267800637275 0.170245517905206 0.0
0.560757982393845 0.234030522873928 0.0
0.554395309098031 0.297824281429483 0.0
0.546718546377965 0.361431750192099 0.0
0.537103616117985 0.424526034326663 0.0
0.524674346195077 0.486571472671149 0.0
0.655040330225448 -0.644500397991721 0.0
0.654612913352071 -0.582514109417153 0.0
0.6544622659692 -0.520230616717105 0.0
0.654344367830086 -0.457651663886879 0.0
0.654071193688513 -0.394780450179436 0.0
0.653474739500414 -0.331628694112367 0.0
0.652396128433741 -0.268219049256169 0.0
0.650694669173406 -0.204584174284184 0.0
0.64827569587721 -0.140760762111937 0.0
0.645128239845952 -0.0767750667324519 0.0
0.641344333529365 -0.0126240974852177 0.0
0.637079059186629 0.0517336771531872 0.0
0.632444285669409 0.116361729726214 0.0
0.62740430669953 0.181312080453869 0.0
0.621748560898826 0.246600521714394 0.0
0.615112708958554 0.31219187324136 0.0
0.606968134856214 0.377963153838227 0.0
0.596550910051654 0.44361141615019 0.0
0.582708511361008 0.508434502164632 0.0
