-0.540747408140724 -0.697257881830992 0.0
0.693169930804383 -0.738673906713043 0.0
-0.43144828081131 0.61237245798111 0.0
0.61237245798111 0.61237245798111 0.0
-0.479628707424854 -0.700333264085695 0.0
0.694274647497395 -0.677117860644203 0.0
0.578729624708252 0.55779511912444 0.0
-0.455441847710995 0.534521612769206 0.0
-0.418520508134311 -0.703239029063541 0.0
0.695950629086797 -0.615179888559726 0.0
0.529803686103243 0.526130682352366 0.0
-0.472031217288575 0.459625263992738 0.0
-0.357468459308809 -0.706255799651318 0.0
0.697984686360825 -0.552832785085642 0.0
0.477101896167571 0.507545744455148 0.0
-0.483121751301371 0.387310023299675 0.0
-0.296455860336263 -0.709531161736772 0.0
0.700250347317433 -0.490058785399196 0.0
0.423294957954959 0.496165220209027 0.0
-0.49088442911415 0.317159827217823 0.0
-0.235439792169481 -0.713108916913751 0.0
0.702660128984241 -0.426838204043468 0.0
0.369000698305894 0.489036366097452 0.0
-0.496606509659883 0.248733347831841 0.0
-0.174358577729991 -0.716944547888309 0.0
0.705142508082778 -0.363144688055392 0.0
0.3144030770736 0.484695481770695 0.0
-0.501043019526622 0.181673078694991 0.0
-0.113145765580941 -0.720916855831717 0.0
0.707627870840021 -0.298943151640755 0.0
0.25960970056838 0.482387938864747 0.0
-0.504657823427552 0.115707433424928 0.0
-0.0517448547507274 -0.724860622100253 0.0
0.710037993185708 -0.234188495579428 0.0
0.204729348796088 0.481739696583605 0.0
-0.507748142629858 0.0506320423744211 0.0
0.0098799519110811 -0.728601146236384 0.0
0.712276501622875 -0.168825062470208 0.0
0.149897630976 0.482654841136829 0.0
-0.510511554260195 -0.0137073412808194 0.0
0.0717392833754119 -0.731980225540393 0.0
0.714218927586767 -0.10278572623797 0.0
0.0954330045490874 0.487001971207518 0.0
-0.513085651514074 -0.0774261454911667 0.0
0.13381865062596 -0.734871554503842 0.0
0.715701106273732 -0.0359914078155941 0.0
0.0400390050403189 0.485824548359013 0.0
-0.515577215376091 -0.140608397147505 0.0
0.196081982176723 -0.737187807204023 0.0
0.716504507937323 0.0316499244102518 0.0
-0.0158446828224091 0.484405231010803 0.0
-0.518105991237042 -0.203309891853236 0.0
0.258476248552545 -0.738882647249181 0.0
0.716335867352509 0.10024410264597 0.0
-0.0709951383508222 0.493611862006303 0.0
-0.521090158462371 -0.265557710166306 0.0
0.320936656049064 -0.739950734724468 0.0
0.714796111310269 0.169911837106315 0.0
-0.126306705417747 0.500700965711009 0.0
-0.523099806883023 -0.32772306065481 0.0
0.383390767029934 -0.740428108126613 0.0
0.711328345853551 0.240787130049855 0.0
-0.180684275418113 0.510457863560337 0.0
-0.525369404968814 -0.389813445387875 0.0
0.445763244426617 -0.740394557855694 0.0
0.705124440793229 0.313009157929896 0.0
-0.235994772215098 0.516332388269545 0.0
-0.528396304309214 -0.45162152927402 0.0
0.507980891039659 -0.739978819103761 0.0
0.694947268291165 0.386688890030524 0.0
-0.29193159622792 0.523300073887642 0.0
-0.531467548728409 -0.513223356176096 0.0
0.569979137710086 -0.739367087613844 0.0
0.678777822089327 0.461793525554128 0.0
-0.345227627179967 0.541661337563505 0.0
-0.534656931286148 -0.574667543505782 0.0
0.631712470203839 -0.738815893043662 0.0
0.653131955366924 0.537761594044252 0.0
-0.397161005079101 0.565064455228128 0.0
-0.537652673918858 -0.635999813774623 0.0
-0.476562053389415 -0.639050947502792 0.0
-0.473512290941788 -0.577655489706347 0.0
-0.470346399899099 -0.516108559813662 0.0
-0.467325472847129 -0.45446882794367 0.0
-0.464366631388021 -0.392738845153453 0.0
-0.462004522736678 -0.330736593949885 0.0
-0.459948444497706 -0.268302502282811 0.0
-0.45722067488671 -0.205539808222016 0.0
-0.454731153510223 -0.142514100670598 0.0
-0.452294070419744 -0.0791427347804817 0.0
-0.4498051017655 -0.0153540586113193 0.0
-0.447164575707775 0.0489170293099227 0.0
-0.44424876335509 0.113731776526585 0.0
-0.440887916563695 0.179141629348764 0.0
-0.436842267473081 0.245165411591954 0.0
-0.431777255663892 0.311732664879299 0.0
-0.42526306716837 0.378549730767709 0.0
-0.416920538057499 0.444805835781352 0.0
-0.407210468184213 0.508593031379985 0.0
-0.415427221267868 -0.641926169109922 0.0
-0.412312685464272 -0.580513224002491 0.0
-0.409206022909225 -0.518964485823641 0.0
-0.406236911641838 -0.457263838157865 0.0
-0.403482171456966 -0.395333543157732 0.0
-0.401159360560206 -0.333204917053914 0.0
-0.398956975694384 -0.270906309990184 0.0
-0.39649662416006 -0.208305352668891 0.0
-0.394157575368683 -0.14545204167979 0.0
-0.391871207557804 -0.0823417252389767 0.0
-0.389566582308512 -0.0189705781902446 0.0
-0.387168117512755 0.0446484084363515 0.0
-0.384583985980283 0.108470791939075 0.0
-0.381696686192912 0.172398698055172 0.0
-0.378357580095104 0.236246041670733 0.0
-0.374390882119177 0.299694259826177 0.0
-0.36961835357531 0.362261665373539 0.0
-0.363912494443475 0.423376011726309 0.0
-0.356968373256509 0.482750498587027 0.0
-0.354299120540274 -0.644972017675933 0.0
-0.35115568628723 -0.583584740818637 0.0
-0.348118176065397 -0.52206147329214 0.0
-0.345276805773456 -0.460376944168464 0.0
-0.342695393063489 -0.398523712374044 0.0
-0.340413368861806 -0.33654167265033 0.0
-0.338223784873944 -0.274416223315362 0.0
-0.33597111320848 -0.212101345020967 0.0
-0.333812312352448 -0.149639887159361 0.0
-0.331718637740278 -0.0870660804601407 0.0
-0.329643238855084 -0.0244263685597995 0.0
-0.327531392466262 0.0382084355821276 0.0
-0.325315277211433 0.100732931077489 0.0
-0.322906680797994 0.162999261366009 0.0
-0.320188725442721 0.224815974734358 0.0
-0.317007834973385 0.285967033998305 0.0
-0.313177549541213 0.34626577909956 0.0
-0.308527089539697 0.405643229616307 0.0
-0.303364688811217 0.464287928408415 0.0
-0.293184964470594 -0.648299559604714 0.0
-0.290042614131013 -0.586979066459089 0.0
-0.287098157465506 -0.525542907823812 0.0
-0.284395675278712 -0.46398265586654 0.0
-0.281953502236396 -0.402310277627317 0.0
-0.27974461966664 -0.340551063969391 0.0
-0.277636075188865 -0.278706725007909 0.0
-0.275556304663399 -0.216779232120255 0.0
-0.273567938609735 -0.154816164809394 0.0
-0.271653875651527 -0.0928695749445221 0.0
-0.269778203473017 -0.0310015529426143 0.0
-0.267892658222407 0.0307135991254281 0.0
-0.265930785386864 0.0921923425388052 0.0
-0.263798172270822 0.1533529749958 0.0
-0.261361689914237 0.214137173953802 0.0
-0.258445710655827 0.274545939016364 0.0
-0.254858223048267 0.334686812136768 0.0
-0.250531731066589 0.394830982099126 0.0
-0.246152059814285 0.45542542480349 0.0
-0.232067552092386 -0.65194289848322 0.0
-0.228951214496158 -0.590714987643189 0.0
-0.226109880009674 -0.529403490226083 0.0
-0.223538663936321 -0.468008569487641 0.0
-0.221216749530951 -0.40654729771377 0.0
-0.219092526435597 -0.345043748282305 0.0
-0.217076917976449 -0.283513883437119 0.0
-0.21512960211756 -0.221980383804225 0.0
-0.213270787231096 -0.160488664171737 0.0
-0.211484189396005 -0.0990866226983035 0.0
-0.209736741761761 -0.0378224963551145 0.0
-0.207980632737178 0.0232595986020268 0.0
-0.206148486943724 0.0841283003403612 0.0
-0.204147524952483 0.144779059183179 0.0
-0.201858118972731 0.205252333112982 0.0
-0.199147682525156 0.265655663166782 0.0
-0.195925029622953 0.32618431957078 0.0
-0.19228088744097 0.387117847459215 0.0
-0.188357373591534 0.448633864335569 0.0
-0.170910281355139 -0.655841795861301 0.0
-0.167842270284202 -0.594706704370426 0.0
-0.165106819395321 -0.533519874788132 0.0
-0.162653463153251 -0.472285228655364 0.0
-0.16043223220625 -0.411021485023113 0.0
-0.158383340785587 -0.349752544996941 0.0
-0.156442582227821 -0.288500296597761 0.0
-0.154581598294935 -0.227291781551078 0.0
-0.152801555893898 -0.166163532828592 0.0
-0.151086165106126 -0.105150052192254 0.0
-0.149406444755081 -0.0442797856971947 0.0
-0.147721453075851 0.0164297167285216 0.0
-0.14597693124902 0.0769778810752311 0.0
-0.144106213863172 0.137388310206312 0.0
-0.142039221095708 0.197713903297364 0.0
-0.139729478059546 0.258036653819914 0.0
-0.137209748035815 0.318449073024291 0.0
-0.134607915277952 0.37898548223559 0.0
-0.131625877538 0.439552889386699 0.0
-0.109668931203805 -0.659861416351138 0.0
-0.106672631039109 -0.598798297600548 0.0
-0.104042682137577 -0.537709508724511 0.0
-0.101690759065637 -0.476600210348746 0.0
-0.0995477550333863 -0.415488438678595 0.0
-0.0975531748255342 -0.35439649612032 0.0
-0.0956581564693063 -0.29334650859461 0.0
-0.0938408692974577 -0.232363029785165 0.0
-0.0920962071245413 -0.171473293751732 0.0
-0.0904114408357044 -0.110700490152478 0.0
-0.0887663474362272 -0.0500607605664818 0.0
-0.0871342326215453 0.0104396502619904 0.0
-0.0854836155909074 0.0708068884083759 0.0
-0.0837835613793517 0.131061648738547 0.0
-0.082016799887551 0.191238606667396 0.0
-0.0802041911297621 0.251382402986993 0.0
-0.0784267199403654 0.311536888172286 0.0
-0.0767601556846298 0.371747706901434 0.0
-0.0751164419278057 0.432225345573151 0.0
-0.0483030838648294 -0.663828880806414 0.0
-0.0454039010138083 -0.602805166211227 0.0
-0.0428781611479153 -0.541773263093151 0.0
-0.0406106747558083 -0.480738580938426 0.0
-0.0385227815007955 -0.419717618405922 0.0
-0.0365580765584966 -0.358730416744935 0.0
-0.0346794552370551 -0.297797165001237 0.0
-0.0328714411797728 -0.236938591934205 0.0
-0.0311301865699936 -0.176175208930825 0.0
-0.029450012615334 -0.115523506704698 0.0
-0.0278226502140179 -0.0549943764521451 0.0
-0.0262389927870636 0.00540799425639321 0.0
-0.0246929038163493 0.0656861607196819 0.0
-0.0231891484706226 0.125848205829953 0.0
-0.0217579374921084 0.185902321392268 0.0
-0.0204753878128581 0.245845484872128 0.0
-0.0194772310417762 0.305643617350198 0.0
-0.0189722949164005 0.365217048011777 0.0
-0.0195860831661672 0.424423591739388 0.0
0.0132151584276133 -0.667567510146348 0.0
0.0159909745079209 -0.606546989769523 0.0
0.0184138610263968 -0.54552628571746 0.0
0.0206129910709468 -0.484511395976073 0.0
0.0226674883295487 -0.423517601555084 0.0
0.0246256187377762 -0.362562871584625 0.0
0.0265133459798846 -0.301664997794113 0.0
0.0283385561687404 -0.240841030629008 0.0
0.0300996207282596 -0.180106392931769 0.0
0.0317932046532507 -0.119472468699872 0.0
0.0334147135595314 -0.0589453830385408 0.0
0.0349559942409873 0.0014753672316356 0.0
0.0364007531105121 0.0617981887843761 0.0
0.0377167690021032 0.122041467840171 0.0
0.038844663546472 0.182235894959821 0.0
0.0396861668673079 0.242430867428558 0.0
0.0400924727340904 0.302712196229757 0.0
0.0397863435852 0.363241176851014 0.0
0.0376122243061927 0.424232809421778 0.0
0.0748968034921904 -0.67092098761085 0.0
0.0775247089868406 -0.609869248386275 0.0
0.0798466864085246 -0.548816256538082 0.0
0.0819923699889171 -0.487769738411689 0.0
0.0840329065121801 -0.426744594478054 0.0
0.0860047543543091 -0.365757173266431 0.0
0.0879220981388542 -0.304822862479043 0.0
0.0897838251277984 -0.243955218118038 0.0
0.0915802797935323 -0.183165139965334 0.0
0.0932976236546568 -0.12245897007555 0.0
0.0949173409209013 -0.061837026712247 0.0
0.0964130905274763 -0.00129132053236464 0.0
0.0977452172787097 0.0591974305225412 0.0
0.0988525390512347 0.119664648669633 0.0
0.0996416244715528 0.180168185666622 0.0
0.099974008266924 0.240798685460877 0.0
0.0996414246304475 0.3016919584436 0.0
0.0982687560002374 0.363015987206731 0.0
0.0956039022215305 0.424733181988742 0.0
0.136734934860642 -0.673766930318174 0.0
0.139195296106544 -0.612654297853854 0.0
0.141420298460142 -0.551531390764808 0.0
0.143526800367521 -0.490409083953145 0.0
0.145570440039981 -0.429302776452171 0.0
0.147572686259608 -0.368227659760217 0.0
0.149534933995341 -0.307196994886173 0.0
0.151445765331556 -0.246221463982297 0.0
0.153285576282933 -0.185308717488794 0.0
0.155028264638836 -0.124462059941539 0.0
0.156639277228678 -0.0636794383759611 0.0
0.158071079496158 -0.00295188012589231 0.0
0.159256159781671 0.0577378043600334 0.0
0.160097370410575 0.118415908266405 0.0
0.160455734235491 0.179115224454542 0.0
0.160135506247512 0.23986589009724 0.0
0.1588650116753 0.30066623631269 0.0
0.156357564226986 0.361401053042026 0.0
0.152922588290724 0.421858916451492 0.0
0.198706806913283 -0.676022595821747 0.0
0.200988146599805 -0.614825277368035 0.0
0.203123759941782 -0.553602146362098 0.0
0.205205503288079 -0.49236846709918 0.0
0.207267290306882 -0.431140708446305 0.0
0.209313254380281 -0.369933214692677 0.0
0.211331261475874 -0.308757569930821 0.0
0.2132987404185 -0.2476226393062 0.0
0.215184925653138 -0.186534836873639 0.0
0.216950234372255 -0.125497711525255 0.0
0.218542793856313 -0.0645120111789404 0.0
0.219892712328981 -0.00357568776445605 0.0
0.220904281858024 0.0573149847740471 0.0
0.221446445260065 0.118162853588905 0.0
0.221342649239266 0.178963321369626 0.0
0.220363611614401 0.239693654023377 0.0
0.218244763167798 0.30029764076567 0.0
0.214816890344894 0.360703766735543 0.0
0.210247557800214 0.42103308685616 0.0
0.260777235794378 -0.677646058484942 0.0
0.262879067145658 -0.616346242391875 0.0
0.264937901628419 -0.554999968223995 0.0
0.267010110797212 -0.493627437301917 0.0
0.269103533333791 -0.432246055091774 0.0
0.271203894141482 -0.370869135548641 0.0
0.273285565057208 -0.309506725782326 0.0
0.275314789641054 -0.24816659472623 0.0
0.27724944034075 -0.186855335452198 0.0
0.279036406692461 -0.125578840546977 0.0
0.280606848658303 -0.0643433262356575 0.0
0.281869720830165 -0.00315638563476135 0.0
0.282703879816294 0.0579709476975289 0.0
0.282949486802725 0.119021465854002 0.0
0.282400570830072 0.179967272704737 0.0
0.280805196997746 0.24076640251303 0.0
0.277893305880391 0.301368324452046 0.0
0.273453103589007 0.36175877162581 0.0
0.267390598180569 0.422041765259371 0.0
0.322902984148976 -0.678635926711605 0.0
0.324837824432704 -0.617221554597289 0.0
0.32683805292817 -0.555736038095341 0.0
0.328916750371773 -0.49420379167105 0.0
0.331053790478345 -0.432641951811593 0.0
0.333217007587077 -0.37106180783356 0.0
0.335368305099902 -0.309471262909133 0.0
0.337463569046521 -0.247876767185992 0.0
0.339449994061439 -0.186285139487367 0.0
0.341261767420057 -0.124704716416148 0.0
0.342814256598986 -0.0631470188429599 0.0
0.343996940472916 -0.0016283538427915 0.0
0.344665359432819 0.0598278525108627 0.0
0.344632829862493 0.121188665872134 0.0
0.343663923688351 0.182408468210913 0.0
0.341475188042001 0.243428508269782 0.0
0.337751897093093 0.304184847944196 0.0
0.332180804271511 0.364632976328191 0.0
0.324469217615253 0.424778374193706 0.0
0.385036402198809 -0.679031986901294 0.0
0.386830473403816 -0.617496881391862 0.0
0.38879501743715 -0.555862349302536 0.0
0.390895965293742 -0.4941544991401 0.0
0.393086305655865 -0.432387781399854 0.0
0.395318164269934 -0.370569614344944 0.0
0.397542910676617 -0.308704340264784 0.0
0.399707537328981 -0.246795880255555 0.0
0.401749759881023 -0.184850058830483 0.0
0.403592242008991 -0.122876241699707 0.0
0.405135819410617 -0.0608895537112365 0.0
0.406251757843104 0.00108686432027742 0.0
0.406773163916346 0.0630187201640812 0.0
0.406486131618499 0.124857175874162 0.0
0.405122084029834 0.186534391936113 0.0
0.402354170045079 0.247961196989798 0.0
0.397799896991398 0.309029459598458 0.0
0.391025576441255 0.369622435105042 0.0
0.381551636973331 0.429633107441779 0.0
0.44712959742506 -0.678918416740199 0.0
0.448821528582153 -0.617263294435969 0.0
0.450775499723548 -0.555476303059006 0.0
0.45291197228063 -0.493580674425916 0.0
0.455161340947571 -0.431584794120244 0.0
0.457463643770986 -0.369489815981988 0.0
0.459762269101625 -0.307294562288924 0.0
0.461997099283866 -0.244998475955892 0.0
0.464097754723263 -0.182604145313245 0.0
0.465976622301047 -0.120119254554848 0.0
0.467521211534041 -0.0575593749938692 0.0
0.468585652477549 0.0050487856907414 0.0
0.468981226320836 0.0676626126927565 0.0
0.468466139354985 0.13021765277981 0.0
0.466734964074309 0.192619389704799 0.0
0.463408121794773 0.254735231389355 0.0
0.458019596925892 0.316387645262231 0.0
0.449998300684823 0.37735011895393 0.0
0.438654854675897 0.437352050289626 0.0
0.50913794115417 -0.678430487778738 0.0
0.510774500158099 -0.616665003272005 0.0
0.512740765407357 -0.554728728970785 0.0
0.514920450948963 -0.492635784983775 0.0
0.517228527527853 -0.430384925118522 0.0
0.519597440053034 -0.367968774682008 0.0
0.521965313493097 -0.305378649459242 0.0
0.524266648595651 -0.242607132274765 0.0
0.52642422786284 -0.179650312645449 0.0
0.528341258150733 -0.116509709692338 0.0
0.529892989076952 -0.0531954449708743 0.0
0.530917399822514 0.0102695100581658 0.0
0.531204531342012 0.0738425819426961 0.0
0.530484073715904 0.137452098198757 0.0
0.528410344506474 0.200982812680596 0.0
0.524542839338128 0.264257060924047 0.0
0.518318232438648 0.32700953794629 0.0
0.509009149644158 0.388855174944667 0.0
0.4956732787765 0.449257919135859 0.0
0.571022276157534 -0.677765535260499 0.0
0.57264987771891 -0.615910722277747 0.0
0.5746431271863 -0.553834281323252 0.0
0.576864960922032 -0.491535007342968 0.0
0.579223688992461 -0.42899992244321 0.0
0.581648571537727 -0.366212222543395 0.0
0.584074712512592 -0.303154487953661 0.0
0.586432421099744 -0.239809940793446 0.0
0.588638374630983 -0.176163755854352 0.0
0.590587162170309 -0.112204402779021 0.0
0.592142225560822 -0.0479265733917987 0.0
0.593125568560151 0.0166643900963075 0.0
0.593305390058367 0.0815447836106224 0.0
0.592380427536879 0.146660433912432 0.0
0.58995863653938 0.211905879100723 0.0
0.585526339738814 0.277091025127337 0.0
0.57840213173353 0.341884828976743 0.0
0.567670520119026 0.405722179576268 0.0
0.552087323816847 0.467660866886372 0.0
0.632748328867914 -0.677199869760553 0.0
0.634399376290285 -0.615288422191161 0.0
0.636420186859795 -0.553081468918283 0.0
0.638672829469513 -0.490561388148396 0.0
0.641066598410159 -0.427706155226841 0.0
0.643530465317522 -0.364491775465873 0.0
0.645997470960003 -0.300892177506914 0.0
0.648393931797543 -0.236878540307416 0.0
0.650630309074842 -0.172419352246952 0.0
0.65259220424832 -0.107480679395642 0.0
0.654130377293014 -0.042027863670928 0.0
0.655048881753892 0.0239716798425467 0.0
0.655089832176579 0.0905429027011785 0.0
0.653912295382622 0.157693484835102 0.0
0.651060515856149 0.225394493992055 0.0
0.645913650827328 0.293543170741424 0.0
0.63760576035525 0.361884371286799 0.0
0.624907899560421 0.429839954671991 0.0
0.606090808114282 0.496131204120216 0.0
