-0.53398788178453 -0.698192849403431 0.0
0.700069671373021 -0.738408525453607 0.0
-0.424518966674805 0.61237245798111 0.0
0.61237245798111 0.61237245798111 0.0
-0.472867864818772 -0.701210788052159 0.0
0.701087873671236 -0.676848121489331 0.0
0.580187925675939 0.557256651564019 0.0
-0.449110231169577 0.534461926923793 0.0
-0.411759723910531 -0.704062657975645 0.0
0.702679541159011 -0.614901674733095 0.0
0.531913628531188 0.52519767801467 0.0
-0.466052210531594 0.459425862089635 0.0
-0.350709531058093 -0.707028722757486 0.0
0.704627778688766 -0.552542214624588 0.0
0.479615922573337 0.506474322192965 0.0
-0.477319854773598 0.386963429274883 0.0
-0.28970031976869 -0.71025985687559 0.0
0.706803973206876 -0.489752130646026 0.0
0.426136638029204 0.495070018525994 0.0
-0.48515536470638 0.316684019112968 0.0
-0.228688208901774 -0.713800884956644 0.0
0.70911903952774 -0.426511747016117 0.0
0.372130770644499 0.487949387425439 0.0
-0.490886843552042 0.24815051120038 0.0
-0.167610243368753 -0.717606170075358 0.0
0.711499939008427 -0.362794567781422 0.0
0.317792196405735 0.483622777806239 0.0
-0.495292952243268 0.181003881994657 0.0
-0.106398691517412 -0.721551910820419 0.0
0.713875351360175 -0.298565226886216 0.0
0.263234592169107 0.481329549357369 0.0
-0.498852111190908 0.114969749383792 0.0
-0.0449960307491437 -0.725469611734456 0.0
0.716164932242278 -0.233778234344713 0.0
0.208572274010011 0.480696517569898 0.0
-0.501870988918825 0.0498409138548302 0.0
0.0166341335467923 -0.729181325837339 0.0
0.718269555699156 -0.168377468713158 0.0
0.153946387529979 0.48162624005499 0.0
-0.504553554838727 -0.0145393975513988 0.0
0.0785025563187769 -0.732526068870771 0.0
0.720061118284112 -0.102295318852662 0.0
0.0997002427663699 0.486137138516789 0.0
-0.507041896613257 -0.0782887761370757 0.0
0.1405944492996 -0.735375401385421 0.0
0.721370618062668 -0.035452279026468 0.0
0.0444652660879807 0.484797684702526 0.0
-0.509446105813104 -0.141493083999516 0.0
0.20287311109152 -0.737640532839601 0.0
0.721973031800094 0.0322439206297946 0.0
-0.0112533868732349 0.483105425827652 0.0
-0.511888626691149 -0.20420971452181 0.0
0.265284655426991 -0.739274275392815 0.0
0.721566241804316 0.100898928028015 0.0
-0.0661956814177668 0.492592439777738 0.0
-0.514793679743168 -0.266467374012932 0.0
0.327763294242707 -0.740270978671088 0.0
0.719738791714516 0.170632383823674 0.0
-0.121366607582083 0.499739374958614 0.0
-0.516722481013858 -0.328641359735822 0.0
0.390235525143875 -0.740666875226612 0.0
0.715915822932911 0.2415753323656 0.0
-0.175577680006575 0.509622624657803 0.0
-0.518913892477209 -0.390738122692921 0.0
0.452624930043934 -0.740542486852571 0.0
0.709261952947701 0.313859764659102 0.0
-0.230773275298065 0.515416773186261 0.0
-0.521870189008639 -0.452548735190023 0.0
0.51485727463385 -0.740027938429482 0.0
0.698496772335469 0.387579426478173 0.0
-0.286609952036818 0.522229009332833 0.0
-0.524877702374865 -0.514152302516385 0.0
0.576867087002756 -0.739311696328107 0.0
0.681530005982265 0.462658958543072 0.0
-0.33968683717468 0.540850986026471 0.0
-0.528007371689223 -0.575598579362356 0.0
0.638608233262955 -0.73865381608493 0.0
0.654759775092593 0.538426692145811 0.0
-0.391420434235548 0.564447542686824 0.0
-0.530947705673149 -0.636932531667897 0.0
-0.469855778140581 -0.639925768058492 0.0
-0.466860870906214 -0.578527811364453 0.0
-0.463754260222935 -0.516977591158803 0.0
-0.46079785937979 -0.455334091328518 0.0
-0.457908464526478 -0.393599708935711 0.0
-0.455622374868142 -0.331589686096923 0.0
-0.453649911163736 -0.269144301892282 0.0
-0.451006674721811 -0.20636805876475 0.0
-0.448605072290468 -0.143324856031201 0.0
-0.44625704954844 -0.0799309280197722 0.0
-0.443855794251816 -0.0161135983939028 0.0
-0.441298489916959 0.0481931737139805 0.0
-0.438457196151377 0.113051393656605 0.0
-0.435156375128466 0.178512788143963 0.0
-0.431148240778054 0.24459526492338 0.0
-0.42608738779831 0.31122459782583 0.0
-0.41953092984884 0.378096926490914 0.0
-0.411091239948949 0.444378377279238 0.0
-0.401258557609931 0.508119762645246 0.0
-0.408719804729073 -0.642746477620921 0.0
-0.405660057775709 -0.581330007540817 0.0
-0.402613087784678 -0.519777471321831 0.0
-0.399709434335576 -0.458072408537284 0.0
-0.397026459797454 -0.396136282427415 0.0
-0.394782264979667 -0.334000506916574 0.0
-0.39266411678197 -0.271693516836273 0.0
-0.390290868959135 -0.209081456133544 0.0
-0.388042126934024 -0.14621475147302 0.0
-0.385847534310598 -0.0830885882047343 0.0
-0.383634001152921 -0.0196992207162001 0.0
-0.381323296608642 0.04393982260397 0.0
-0.378820293424912 0.107782800076195 0.0
-0.376003465545583 0.171729291768351 0.0
-0.37271961115694 0.235588749601156 0.0
-0.368788677380701 0.29903566136203 0.0
-0.364030670661168 0.361579712835972 0.0
-0.358324119210246 0.422644494695786 0.0
-0.351407079989749 0.481965717999058 0.0
-0.347591799706691 -0.645742036202572 0.0
-0.344502993408357 -0.58435201425509 0.0
-0.341526015845085 -0.522825996296619 0.0
-0.338751877075711 -0.461138420386843 0.0
-0.336244589589728 -0.399281750303874 0.0
-0.334043331507942 -0.337296059973066 0.0
-0.331939937301524 -0.275166530102392 0.0
-0.329777257003506 -0.212846914983217 0.0
-0.327711828892969 -0.150380730856906 0.0
-0.325713520705259 -0.0878028409763407 0.0
-0.323733761440406 -0.0251606686793312 0.0
-0.321715804991682 0.0374734763307241 0.0
-0.319589488969932 0.0999920539283564 0.0
-0.317263993025654 0.162244411674996 0.0
-0.314619758155538 0.224035949530501 0.0
-0.311501022364347 0.285148102436503 0.0
-0.307721713939084 0.345394250310505 0.0
-0.303123718854766 0.404710344377139 0.0
-0.298064490431164 0.463287659079887 0.0
-0.286478694310268 -0.649026481573702 0.0
-0.283390871799659 -0.587704967258914 0.0
-0.28050814354378 -0.526268326495907 0.0
-0.277874883835784 -0.464708041059198 0.0
-0.275509178885309 -0.40303618057918 0.0
-0.273383390915788 -0.341278243806514 0.0
-0.271363425042323 -0.279436079915123 0.0
-0.269376544051338 -0.217511979719803 0.0
-0.267484694406783 -0.155554309465974 0.0
-0.265669584964153 -0.0936159530382972 0.0
-0.263893832521655 -0.0317599533394502 0.0
-0.262107411870386 0.0299383889637092 0.0
-0.260241746561384 0.0913947235656711 0.0
-0.25819988609594 0.152527179275381 0.0
-0.255845860821604 0.213278644487112 0.0
-0.253001747119495 0.273653682796644 0.0
-0.24947712687769 0.333766671816551 0.0
-0.24521815899771 0.393898366504688 0.0
-0.240951177437649 0.454503454823737 0.0
-0.225362754980023 -0.652634467164631 0.0
-0.22230102479175 -0.591407644183623 0.0
-0.219522806386007 -0.530098463187835 0.0
-0.217022853148828 -0.4687070735089 0.0
-0.214779679743946 -0.407250725015782 0.0
-0.212740809033345 -0.345753767610668 0.0
-0.210816082215006 -0.284232454071569 0.0
-0.208964184654949 -0.222709884066589 0.0
-0.207204532214981 -0.161232057446835 0.0
-0.205519738692269 -0.0998473499874319 0.0
-0.203875378485977 -0.0386042745550325 0.0
-0.202221999255842 0.0224531692531969 0.0
-0.200490276151346 0.0832944210007401 0.0
-0.198585262024343 0.143916792609483 0.0
-0.196385404102426 0.204364061683425 0.0
-0.19375786085747 0.264748804531554 0.0
-0.190616027936649 0.325272650999206 0.0
-0.187063861366439 0.386220432237722 0.0
-0.183249836186572 0.447765460115052 0.0
-0.164206633571174 -0.656504287922904 0.0
-0.161193603361732 -0.595372274653602 0.0
-0.158522778878199 -0.534190412640276 0.0
-0.156142659860007 -0.472962606459337 0.0
-0.154002233280033 -0.411707742329446 0.0
-0.1520406797516 -0.350449966639508 0.0
-0.150192759564385 -0.289211421406468 0.0
-0.148429220190941 -0.228019433402639 0.0
-0.146750434985965 -0.166910800933719 0.0
-0.145139143174461 -0.105920084238923 0.0
-0.143565230377427 -0.0450754777732256 0.0
-0.14198648660191 0.0156061543252511 0.0
-0.140347345977839 0.0761254846412756 0.0
-0.138580088521078 0.136507997415623 0.0
-0.136614542997531 0.196809015137547 0.0
-0.134406521821534 0.257112964837904 0.0
-0.131995212633778 0.317513270094276 0.0
-0.129516795521055 0.37804059919347 0.0
-0.126660880493666 0.438595021433807 0.0
-0.10296529336088 -0.660498286368011 0.0
-0.100024758893363 -0.599439781896191 0.0
-0.0974610500868398 -0.538358028837019 0.0
-0.0951842151093135 -0.477258118690699 0.0
-0.0931238162543064 -0.416158188133742 0.0
-0.0912182420984987 -0.355080702642705 0.0
-0.089417673769916 -0.294047948166259 0.0
-0.0876995041397865 -0.233084619046558 0.0
-0.0860579490644901 -0.172218013442064 0.0
-0.0844795493564423 -0.111471202659153 0.0
-0.0829433254922995 -0.050859978658377 0.0
-0.0814218813819946 0.00961002470013094 0.0
-0.079883266196479 0.06994582271337 0.0
-0.0782966691839842 0.130169166046938 0.0
-0.0766461746994101 0.190315771283986 0.0
-0.0749560103721631 0.250430892799551 0.0
-0.073312299179208 0.310558039388537 0.0
-0.0717927786415393 0.370742303463018 0.0
-0.0702951482972684 0.431199021445057 0.0
-0.0415976090607099 -0.664440225194762 0.0
-0.0387554874377226 -0.603422068576236 0.0
-0.0362977237949081 -0.542398504898874 0.0
-0.0341070613040817 -0.481374812955484 0.0
-0.0321033408250237 -0.420367522931899 0.0
-0.0302290500575039 -0.359396770418007 0.0
-0.0284462514257718 -0.298482841638115 0.0
-0.0267388557760632 -0.237646540370748 0.0
-0.025102534306311 -0.176908392690382 0.0
-0.0235311809202386 -0.116284798823536 0.0
-0.0220161966838038 -0.055786456382349 0.0
-0.0205483595583295 0.00458270217968918 0.0
-0.0191218515442155 0.0648254443420985 0.0
-0.0177425660507825 0.124949800656366 0.0
-0.0164431763829114 0.184963217229648 0.0
-0.0153039983085696 0.244860495508408 0.0
-0.0144660868444738 0.304603006242385 0.0
-0.0141421951188653 0.364103666364267 0.0
-0.0149688737519841 0.423210037625759 0.0
0.0199247729089022 -0.66815019898704 0.0
0.0226416630257425 -0.607135593496828 0.0
0.0249946864962457 -0.546123768651978 0.0
0.0271153374560451 -0.485120552477367 0.0
0.029084273801792 -0.424141217001201 0.0
0.0309507731623162 -0.363203790029559 0.0
0.032741463705217 -0.302326131816371 0.0
0.0344646499044256 -0.241525341733966 0.0
0.0361189590497034 -0.180816841562391 0.0
0.0377011892122266 -0.120211935674381 0.0
0.0392067066263434 -0.0597165845119934 0.0
0.0406270310183866 0.000669959790894465 0.0
0.0419450673962606 0.0609564181681705 0.0
0.043127065836231 0.121161557176236 0.0
0.0441111817379756 0.181316572162768 0.0
0.0447959002734034 0.241471793783358 0.0
0.0450293364042106 0.301715403785886 0.0
0.0445307346150257 0.362214721405352 0.0
0.0421145371557443 0.423191971849616 0.0
0.0816129973736952 -0.671469181203525 0.0
0.0841795423004539 -0.610423204212907 0.0
0.086429611421096 -0.549378956693689 0.0
0.0884952146556171 -0.488343993681858 0.0
0.0904489355621703 -0.427333200983163 0.0
0.0923280697915376 -0.366362975377322 0.0
0.0941472597148872 -0.305448755698318 0.0
0.0959055938572062 -0.244604115861936 0.0
0.0975934322943268 -0.183839905031991 0.0
0.0991967789832075 -0.123162306958483 0.0
0.100696728963338 -0.062571332284348 0.0
0.102066204575167 -0.00205847622746924 0.0
0.103264299350888 0.0583963579256721 0.0
0.104227872317151 0.118829850636357 0.0
0.104860714316568 0.179301787645052 0.0
0.105020912383602 0.239905785210183 0.0
0.104496297177493 0.300782060938069 0.0
0.102905427531446 0.362103382555475 0.0
0.100000499071426 0.423828647831589 0.0
0.143459973757697 -0.674272740154248 0.0
0.145856031756953 -0.613165304854181 0.0
0.148006948984394 -0.552050450381397 0.0
0.150031816137974 -0.490938925003068 0.0
0.151987483586921 -0.429846143215805 0.0
0.153896011468693 -0.368787357971751 0.0
0.155759007565292 -0.30777587967662 0.0
0.157565008639711 -0.24682239329364 0.0
0.159294153338595 -0.185934474380013 0.0
0.160919851314187 -0.12511524219141 0.0
0.162406749423495 -0.0643623161143667 0.0
0.16370606579526 -0.00366622608795666 0.0
0.164748415444049 0.0569908890701031 0.0
0.165433963009371 0.117636103300512 0.0
0.165620124893536 0.178302872652857 0.0
0.165106708429723 0.239021307117385 0.0
0.163616973536546 0.299787665672446 0.0
0.160861290566942 0.360479932102019 0.0
0.157166640465674 0.420880308350515 0.0
0.205442528049148 -0.676476743587613 0.0
0.207656234584273 -0.615283733994946 0.0
0.209715519914401 -0.554067524020451 0.0
0.211714138562727 -0.492843346513341 0.0
0.213686876999188 -0.431627751619626 0.0
0.215638154351839 -0.370435186222135 0.0
0.21755577225493 -0.309277314434861 0.0
0.219416841107527 -0.24816304022621 0.0
0.221190035480088 -0.18709876448616 0.0
0.222834921566447 -0.126087966476601 0.0
0.224298383814876 -0.0651312778619274 0.0
0.2255087549752 -0.00422652774998733 0.0
0.226367861896266 0.0566300407924065 0.0
0.226741369303703 0.117441017125026 0.0
0.22644864359527 0.178200934279979 0.0
0.225255797887137 0.238885165183053 0.0
0.222894222688312 0.2994344093929 0.0
0.219195628648359 0.359774967257845 0.0
0.214346455915204 0.420035361402074 0.0
0.267524872982054 -0.678038464592627 0.0
0.269555528700906 -0.616741811313771 0.0
0.27153582942616 -0.555400981178498 0.0
0.273523533456491 -0.494036284851706 0.0
0.275526921097699 -0.432665300146722 0.0
0.277531659439816 -0.371301505083829 0.0
0.279511764572563 -0.309955086145542 0.0
0.281432881027499 -0.248633933658947 0.0
0.283252015387638 -0.187344758951654 0.0
0.284914850196496 -0.126093593375128 0.0
0.286350888718436 -0.0648868526635157 0.0
0.287466851271998 -0.00373245808128478 0.0
0.288138665172714 0.0573579949184285 0.0
0.288202807235307 0.118366364477959 0.0
0.287448940501896 0.179263323801947 0.0
0.285620433577654 0.240005004061757 0.0
0.282443381936409 0.300539073916169 0.0
0.277706752005544 0.360851648607719 0.0
0.27132780159146 0.421053801167204 0.0
0.329663074554366 -0.678956220232028 0.0
0.331523205201044 -0.617543643355019 0.0
0.333442862077129 -0.556061807204637 0.0
0.335435846767336 -0.494535400975692 0.0
0.337481986065035 -0.432981824144718 0.0
0.339548704405007 -0.371412588038459 0.0
0.341597266630251 -0.309835797870051 0.0
0.343582692282941 -0.248258119883576 0.0
0.345451021559913 -0.186686639736531 0.0
0.347134905033905 -0.125130053569396 0.0
0.348547678286419 -0.0636003871889851 0.0
0.349576174748072 -0.00211466532509692 0.0
0.350072575511256 0.0593026763862781 0.0
0.349846070414552 0.120617326145157 0.0
0.348656384670627 0.18178188381961 0.0
0.346214786210733 0.242735488814977 0.0
0.342201866044041 0.303412170406568 0.0
0.336302807781333 0.363766789453083 0.0
0.328230540395146 0.423808132080388 0.0
0.391808767651315 -0.679269983062948 0.0
0.393524857598528 -0.617735101223027 0.0
0.395407095706338 -0.556102228690107 0.0
0.397421353389364 -0.494397899256678 0.0
0.399520072226578 -0.43263688063167 0.0
0.401654639325967 -0.370826837709961 0.0
0.403775531014279 -0.308972351566773 0.0
0.405828631023046 -0.24707763245421 0.0
0.407750234935762 -0.185148898025326 0.0
0.409461161363442 -0.12319606744088 0.0
0.410859854042204 -0.0612350447803784 0.0
0.411814516753516 0.000709945936767211 0.0
0.412154413779848 0.0626031356745982 0.0
0.411660935570094 0.124393721647481 0.0
0.410059936117218 0.186011329258794 0.0
0.407018330331937 0.247363662434037 0.0
0.402147420244845 0.308339105711733 0.0
0.395008853184878 0.368817930899203 0.0
0.3851229569945 0.428692820400944 0.0
0.453913395294958 -0.679064644357832 0.0
0.455524598965689 -0.617407997464823 0.0
0.457394940211641 -0.555620412580457 0.0
0.45944399559192 -0.493725626531685 0.0
0.461601157135183 -0.431732323983497 0.0
0.463805448805278 -0.369641873778558 0.0
0.465999151906831 -0.307453327797411 0.0
0.468120826238431 -0.245166446720653 0.0
0.470098425833767 -0.182784290482003 0.0
0.471842194366492 -0.120315240730643 0.0
0.473236884837684 -0.0577758817702495 0.0
0.474133117430822 0.00480563359557495 0.0
0.47433777291926 0.0673846628791775 0.0
0.473603641671809 0.129893955822941 0.0
0.471618789470583 0.192235219740366 0.0
0.467996085160011 0.254270931435958 0.0
0.462261187241758 0.315817475517437 0.0
0.453834536240644 0.376641520466157 0.0
0.442020536093558 0.436466547793881 0.0
0.515931787282208 -0.678476871084778 0.0
0.517485628667977 -0.61670801284914 0.0
0.5193673868398 -0.554768702596346 0.0
0.5214591344949 -0.49267351058963 0.0
0.523674491702232 -0.430421379289034 0.0
0.525944689291088 -0.368005058913863 0.0
0.528206574548925 -0.305416033843905 0.0
0.530393135158689 -0.24264717193721 0.0
0.532425251039787 -0.179695033132644 0.0
0.534203685466915 -0.116561877742286 0.0
0.535600547572941 -0.0532589587271796 0.0
0.536449811543291 0.0101890585332842 0.0
0.536536467351221 0.0737370967108866 0.0
0.535583911175251 0.137309822652494 0.0
0.533238726597338 0.200786710967451 0.0
0.529051056176621 0.263982638528582 0.0
0.52244646657355 0.326622076933145 0.0
0.512684778182554 0.388306544852852 0.0
0.498810878136726 0.448484137964474 0.0
0.577824440847789 -0.677706357921638 0.0
0.579368215369749 -0.615846375986477 0.0
0.58127644805559 -0.553764310691503 0.0
0.583409910341009 -0.491459176485268 0.0
0.585675376470057 -0.428918020769144 0.0
0.588000766935172 -0.366124046666868 0.0
0.590319768249391 -0.303059899892583 0.0
0.592560993711157 -0.239708977942967 0.0
0.594638973633724 -0.17605680060883 0.0
0.596445527745327 -0.112092439785802 0.0
0.59784052192519 -0.0478115831422165 0.0
0.598641363133847 0.0167788247807337 0.0
0.598610371424117 0.0816525384024814 0.0
0.597438789411512 0.146751383769707 0.0
0.59472503402372 0.211963626324352 0.0
0.589943312206421 0.277089366348524 0.0
0.582396977145239 0.341782316641691 0.0
0.57115206388801 0.405454100557746 0.0
0.554944653276043 0.467129144192983 0.0
0.639556968959881 -0.677033225097819 0.0
0.641123848353505 -0.615115063311891 0.0
0.643059271420707 -0.552899614861104 0.0
0.645223047693574 -0.49036925692702 0.0
0.647522887023922 -0.427501892765629 0.0
0.649886337290551 -0.364273446455639 0.0
0.6522448859545 -0.30065777703963 0.0
0.654522955005772 -0.23662603027092 0.0
0.656628579983561 -0.17214674209569 0.0
0.658444204811472 -0.107186182207674 0.0
0.659816465712261 -0.0417101758056766 0.0
0.660544024470391 0.0243128975472191 0.0
0.660361916807303 0.090906208359562 0.0
0.658919820853159 0.158074262523438 0.0
0.655749329717858 0.225782525184483 0.0
0.650212245061548 0.293918263748889 0.0
0.6414186462439 0.362208243396866 0.0
0.628107517274035 0.430041031714619 0.0
0.608512670177429 0.496077879253602 0.0
