-0.528321072874379 -0.698956680166592 0.0
0.705834201360715 -0.737973375454543 0.0
-0.419110238552094 0.61237245798111 0.0
0.61237245798111 0.61237245798111 0.0
-0.467199426475937 -0.701913491442871 0.0
0.706771144549201 -0.676409812288994 0.0
0.581366557545168 0.556865797206068 0.0
-0.444126939267682 0.534404256781589 0.0
-0.406090936600453 -0.70470735597744 0.0
0.708282055780574 -0.614457347749721 0.0
0.533611575569563 0.524518981146239 0.0
-0.461317056217328 0.45925365997934 0.0
-0.345041955283989 -0.707618014873907 0.0
0.710147352875067 -0.552089328802884 0.0
0.481634254112756 0.505710500699814 0.0
-0.472699947260143 0.386672841522826 0.0
-0.284035305843314 -0.710799038002522 0.0
0.712236933573077 -0.489288350262881 0.0
0.428415632156801 0.494305831363544 0.0
-0.48057125873986 0.316290137078496 0.0
-0.223026361052513 -0.714296175995356 0.0
0.714460622819294 -0.426034803982128 0.0
0.374639071526863 0.487202189820698 0.0
-0.486290132954342 0.247671296690391 0.0
-0.161951179989633 -0.718063010318219 0.0
0.716744346105691 -0.362302130875135 0.0
0.320505616264314 0.482891424638105 0.0
-0.490653265684003 0.180455902088469 0.0
-0.100741045160883 -0.72197376427031 0.0
0.719015590597929 -0.298054790665579 0.0
0.266133649353767 0.480609955948282 0.0
-0.494150220174264 0.114367268017559 0.0
-0.0393376438071378 -0.725857406502661 0.0
0.721192493086759 -0.233247033775732 0.0
0.211641903474572 0.479986442043308 0.0
-0.497094922403866 0.0491959073126269 0.0
0.0222958888918392 -0.729533450941511 0.0
0.723173914314212 -0.167822426169406 0.0
0.157175848887457 0.480921734866971 0.0
-0.499696273309738 -0.0152169830842744 0.0
0.0841704225373894 -0.732838718430964 0.0
0.724829047533887 -0.10171303456899 0.0
0.103099582747832 0.485559603403905 0.0
-0.502099845869941 -0.0789907323474303 0.0
0.146270963233898 -0.73564306715674 0.0
0.725985244344557 -0.0348390862759653 0.0
0.0479862152043876 0.484085036160647 0.0
-0.504418312574109 -0.142212683303894 0.0
0.208560355922203 -0.737856515878435 0.0
0.726412528499302 0.0328917947785133 0.0
-0.00760400182112823 0.482163767991251 0.0
-0.506776225107816 -0.204941536056869 0.0
0.270984091967348 -0.739431152575255 0.0
0.725801956232342 0.101585011050813 0.0
-0.0623843173372089 0.491869564385542 0.0
-0.509602477434792 -0.267207422238586 0.0
0.333475659946602 -0.740361009013911 0.0
0.72373242246757 0.171359225864365 0.0
-0.117451025951951 0.499051687242091 0.0
-0.511451514089507 -0.329388404079058 0.0
0.395960783202423 -0.740682372939411 0.0
0.719614929575325 0.242342944173381 0.0
-0.17153910683653 0.509023136838554 0.0
-0.513565440467638 -0.391490429822841 0.0
0.458362257742925 -0.740476215524359 0.0
0.712592443801523 0.314662106701806 0.0
-0.226653363699116 0.514749525361108 0.0
-0.516450261866053 -0.453303583473914 0.0
0.52060509536358 -0.739873595915667 0.0
0.701349894010004 0.388396030079451 0.0
-0.282421507720744 0.521432617575406 0.0
-0.519391829920403 -0.514909172629281 0.0
0.582623168942448 -0.739064569891224 0.0
0.683739633577264 0.463433671689986 0.0
-0.335341612054918 0.540239883183702 0.0
-0.522458663084054 -0.576357856489479 0.0
0.644369899499701 -0.738311725673305 0.0
0.656065048232842 0.53901069065159 0.0
-0.386936593218383 0.563976615284417 0.0
-0.525339645009155 -0.637693842882677 0.0
-0.464246113166685 -0.640625616292218 0.0
-0.461310118124928 -0.579225014119562 0.0
-0.458265950768225 -0.517671500387647 0.0
-0.455376112229321 -0.456024386742569 0.0
-0.452557267487453 -0.394285920358476 0.0
-0.450346972988358 -0.332269388238635 0.0
-0.448456524702681 -0.269814862457503 0.0
-0.445896450131513 -0.207027542545495 0.0
-0.443580857601035 -0.143970201213078 0.0
-0.441319966421027 -0.0805581319220647 0.0
-0.439005020646252 -0.0167178097037543 0.0
-0.436530744138453 0.0476175920688285 0.0
-0.433765913148064 0.112510734902506 0.0
-0.430530494625062 0.178013650195712 0.0
-0.426570500828572 0.244143648738001 0.0
-0.421532174508302 0.310823722952292 0.0
-0.414962657426428 0.377742238839222 0.0
-0.406468293984847 0.444047420888221 0.0
-0.396563896401362 0.507757552386768 0.0
-0.403108830557606 -0.643387807864892 0.0
-0.400107913605301 -0.581967807446316 0.0
-0.39712363760925 -0.520411562339025 0.0
-0.394287262965474 -0.458702372234844 0.0
-0.391676661428143 -0.396761106108186 0.0
-0.389510349027928 -0.334619285763936 0.0
-0.387474720598013 -0.272305311235249 0.0
-0.385186573993312 -0.209684061236486 0.0
-0.383025659864462 -0.146806367785701 0.0
-0.380920246258703 -0.083667244181903 0.0
-0.378795538598105 -0.0202629606117059 0.0
-0.376571213107308 0.0433925845349577 0.0
-0.37414954944928 0.107252689824861 0.0
-0.371405884239591 0.171215004197293 0.0
-0.36818350446872 0.235085541511214 0.0
-0.364299184126782 0.298533372536037 0.0
-0.359571960080658 0.361061372255822 0.0
-0.353885971986575 0.422089683635467 0.0
-0.347015634772048 0.481371626197287 0.0
-0.341980598385367 -0.646328245514581 0.0
-0.33895041398668 -0.584935288655089 0.0
-0.336036701205691 -0.523406396618684 0.0
-0.333331171531498 -0.461715802191615 0.0
-0.330898050536252 -0.399855902012573 0.0
-0.3287763391423 -0.337866898230388 0.0
-0.326756981587013 -0.275733733627773 0.0
-0.324681586456564 -0.213409933818181 0.0
-0.322706293097063 -0.150939553109609 0.0
-0.320799847759566 -0.0883579179435726 0.0
-0.318912299564579 -0.0257131824811924 0.0
-0.316985291602063 0.0369212085638943 0.0
-0.314946817915133 0.0994360767428763 0.0
-0.312704038094894 0.16167861620817 0.0
-0.310135372429145 0.223451799284733 0.0
-0.307083514279429 0.284535135313655 0.0
-0.303362977791678 0.344742140117581 0.0
-0.298826030887585 0.40401281347653 0.0
-0.293869074952612 0.462540238645526 0.0
-0.280868105742074 -0.649563445489035 0.0
-0.277838700122613 -0.58824036501297 0.0
-0.27502005865148 -0.52680267467136 0.0
-0.272456878139275 -0.465241792356334 0.0
-0.270167106917645 -0.403569860122999 0.0
-0.268122651857574 -0.341812514812182 0.0
-0.266188554371363 -0.279971666037696 0.0
-0.264291154390009 -0.218049822179465 0.0
-0.262491810678385 -0.156095961903128 0.0
-0.260771260333102 -0.0941635968210418 0.0
-0.259090933914681 -0.0323164888135937 0.0
-0.257399404075291 0.0293693069442101 0.0
-0.255626431986254 0.0908088332810442 0.0
-0.253673115504345 0.151920118220664 0.0
-0.251401350527487 0.212647032602929 0.0
-0.248631580576889 0.272996954778636 0.0
-0.245174884587118 0.333089568876901 0.0
-0.240988243462501 0.393212774282394 0.0
-0.23682725551251 0.453825932373176 0.0
-0.219753205915649 -0.653128615644873 0.0
-0.216749792905326 -0.591901926412213 0.0
-0.214036617417251 -0.530593965102607 0.0
-0.211608246599836 -0.469204862147591 0.0
-0.209442724185129 -0.407751987969964 0.0
-0.207486917748419 -0.346259879905179 0.0
-0.205649828930214 -0.284744980929438 0.0
-0.203889345148 -0.223230694011607 0.0
-0.202224216282359 -0.161763465927556 0.0
-0.200636152514591 -0.100392026791246 0.0
-0.199089631778468 -0.0391650839197186 0.0
-0.197533899180359 0.0218734758099678 0.0
-0.19589810938032 0.0826937386461006 0.0
-0.194085658226037 0.143294485349253 0.0
-0.191973568770821 0.203722079888374 0.0
-0.189428916894673 0.264092965181192 0.0
-0.186368733081668 0.32461352575916 0.0
-0.182906747475823 0.385572226927654 0.0
-0.179194296851651 0.447138888761325 0.0
-0.158597989124299 -0.656961001072675 0.0
-0.155643383307369 -0.595830754528835 0.0
-0.153038650783589 -0.534652292150373 0.0
-0.150731574346243 -0.473429483377912 0.0
-0.148670367522068 -0.41218131861005 0.0
-0.146793413370825 -0.350932105354408 0.0
-0.145034653828479 -0.289704153134155 0.0
-0.143364105084895 -0.228524990141471 0.0
-0.141781474589131 -0.167431608305704 0.0
-0.140268699882986 -0.106458596855622 0.0
-0.138794746134976 -0.0456339368129416 0.0
-0.137316391081481 0.0150260579242931 0.0
-0.135777045126058 0.0755230419642255 0.0
-0.134108182784512 0.135883963246972 0.0
-0.132239590406393 0.196166002106479 0.0
-0.130128855366317 0.256455398002897 0.0
-0.127819954301121 0.316846130102296 0.0
-0.125454793665724 0.377365951400668 0.0
-0.122712608505032 0.437910128268084 0.0
-0.0973568092070335 -0.660920799028486 0.0
-0.0944751164293358 -0.599865360541654 0.0
-0.0919786359450998 -0.538788751126637 0.0
-0.0897762238924769 -0.477695973908842 0.0
-0.0877964304912928 -0.41660521099756 0.0
-0.0859767675339237 -0.35553902353439 0.0
-0.0842666426692553 -0.294519794609065 0.0
-0.0826428006003703 -0.23357230874795 0.0
-0.0810988784120302 -0.172723900287814 0.0
-0.0796207996971077 -0.111997534960871 0.0
-0.0781869540953726 -0.0514087210626013 0.0
-0.0767693679048204 0.0090373901168601 0.0
-0.0753357049405921 0.0693484895065807 0.0
-0.0738552383855076 0.129547135472783 0.0
-0.0723130779409533 0.189669821969656 0.0
-0.0707359619316142 0.24976223011403 0.0
-0.0692136952700253 0.30986757648251 0.0
-0.067824951748297 0.370030644105132 0.0
-0.0664555347092355 0.43047068215993 0.0
-0.0359880107749017 -0.664829172656333 0.0
-0.0332055455451869 -0.603814935483185 0.0
-0.0308162555469238 -0.542797675638127 0.0
-0.0287013276460608 -0.481782524962886 0.0
-0.0267794408684287 -0.420786000157822 0.0
-0.024992196204477 -0.359828278204291 0.0
-0.0233009653758402 -0.298929695604071 0.0
-0.0216891292965223 -0.238111097081844 0.0
-0.0201519280133111 -0.177393008635486 0.0
-0.0186828683049176 -0.116791752264983 0.0
-0.0172730459460816 -0.0563178728665973 0.0
-0.0159131084247428 0.00402488812057706 0.0
-0.0145974518443917 0.0642394401285614 0.0
-0.0133328125773139 0.124333724892856 0.0
-0.0121537201150233 0.184314523001859 0.0
-0.0111436240596574 0.244174811139553 0.0
-0.010447453828258 0.303872249108584 0.0
-0.0102805601961642 0.363313785192569 0.0
-0.0112877100991098 0.422338679849013 0.0
0.0255371051507689 -0.668503691598053 0.0
0.0281930723477557 -0.60749341401434 0.0
0.0304762407683847 -0.546488465336665 0.0
0.0325198850492924 -0.485494487870276 0.0
0.034405874985487 -0.424526705096947 0.0
0.0361843184714567 -0.363603158429666 0.0
0.0378824172907343 -0.302741737912782 0.0
0.0395088646846194 -0.24195956539105 0.0
0.0410625518869367 -0.181272052372528 0.0
0.0425404431417544 -0.120690436798332 0.0
0.0439379322366085 -0.0602205527781032 0.0
0.0452463380148089 0.000138527561258282 0.0
0.0464479945537541 0.0603957481254003 0.0
0.0475080251294447 0.120570137593402 0.0
0.0483627629593344 0.180693243607103 0.0
0.0489083375743941 0.240816098645716 0.0
0.0489907544653502 0.30102876864229 0.0
0.0483269028354626 0.361503410660804 0.0
0.0457081543126674 0.422467798721813 0.0
0.0872297935352858 -0.671783187666696 0.0
0.0897336884486596 -0.610741559282161 0.0
0.0919123746881788 -0.549704238557912 0.0
0.0938997167477194 -0.488678588232824 0.0
0.0957694592379221 -0.427679439455576 0.0
0.0975596112096947 -0.366723195269366 0.0
0.0992852419179214 -0.305825312396311 0.0
0.100945670532414 -0.244999364281555 0.0
0.102531343324298 -0.18425615180075 0.0
0.104028213524907 -0.123601730889343 0.0
0.105417142171639 -0.0630358725408571 0.0
0.106670545154899 -0.00254967533041305 0.0
0.107746611244996 0.0578775825067823 0.0
0.108580755860199 0.118283549617431 0.0
0.109074717640999 0.178729510341216 0.0
0.109084061009293 0.239311402947616 0.0
0.108393805879772 0.300172901976594 0.0
0.106617884817289 0.361490473638772 0.0
0.103512562715672 0.423220231858495 0.0
0.149082843644226 -0.674541589629019 0.0
0.151414104046245 -0.613438208854904 0.0
0.153491981116106 -0.552329899497679 0.0
0.155437343859123 -0.491227249828329 0.0
0.15730805508953 -0.430145643774499 0.0
0.159126715746701 -0.369100353039988 0.0
0.160895183642986 -0.308104707055673 0.0
0.162602045000807 -0.247169380603522 0.0
0.164227321514372 -0.186301883751994 0.0
0.165744124022622 -0.125505188645574 0.0
0.167116555554274 -0.0647766614880541 0.0
0.168294941422825 -0.00410645307118232 0.0
0.169208519732536 0.0565238039168941 0.0
0.1697554550543 0.117141761884038 0.0
0.169790471465331 0.177781344812053 0.0
0.169110066225936 0.238472562582124 0.0
0.167433755350879 0.299209929688404 0.0
0.164469873301428 0.359865967902753 0.0
0.160559275266551 0.420218143838786 0.0
0.211072773069111 -0.676693628622629 0.0
0.213219200172292 -0.615504131225256 0.0
0.215203706241923 -0.554293741614067 0.0
0.217121601849638 -0.493077607961853 0.0
0.219008447834033 -0.431872304760102 0.0
0.220868984012868 -0.370692334207168 0.0
0.2226910591594 -0.309549407850847 0.0
0.224451630711949 -0.248452451998164 0.0
0.226119029897365 -0.187407854975671 0.0
0.227652250727278 -0.126419044973945 0.0
0.228997299073147 -0.0654865730095361 0.0
0.230081215085009 -0.00460819167787808 0.0
0.230804000521368 0.0562198479638356 0.0
0.231028872528571 0.116999885413427 0.0
0.230572143100998 0.177725708035137 0.0
0.229196484100137 0.238371132868554 0.0
0.226630297743023 0.298874394323967 0.0
0.222706175465754 0.359160180928681 0.0
0.217625803642821 0.419363249869179 0.0
0.273163357373518 -0.67819588754447 0.0
0.275124046341988 -0.616902002888368 0.0
0.277027824941365 -0.555565996366106 0.0
0.278933647767379 -0.494208209198308 0.0
0.280850258143326 -0.432846321623668 0.0
0.282763392297091 -0.371493922056572 0.0
0.284646898092737 -0.310161297577255 0.0
0.286466058065358 -0.248856432097861 0.0
0.288177306002344 -0.187586134134781 0.0
0.289725484235286 -0.126356554469033 0.0
0.291038905394255 -0.0651742829976942 0.0
0.292022651275715 -0.00404752439418023 0.0
0.292550474055832 0.0570116500781069 0.0
0.292456094129351 0.117984323261853 0.0
0.291525892938148 0.178840001896023 0.0
0.289499695356775 0.239533292462725 0.0
0.286100696627721 0.300010456213748 0.0
0.281118613999504 0.360257986205159 0.0
0.274480035553787 0.42039276570753 0.0
0.335310158143449 -0.679046373976644 0.0
0.337097595462744 -0.617635643110838 0.0
0.338939085098516 -0.556157403249704 0.0
0.340849142679906 -0.494636513493126 0.0
0.342807698523338 -0.433090556912885 0.0
0.344781985350974 -0.371531209921848 0.0
0.346732889370548 -0.309966736026787 0.0
0.348614868212424 -0.248403977534077 0.0
0.350373172621355 -0.186850241903617 0.0
0.351939364593828 -0.125314525690859 0.0
0.353225305810568 -0.0638092752795695 0.0
0.354115879653766 -0.0023521088318059 0.0
0.354460763280205 0.0590317108335388 0.0
0.354066044423601 0.12030675427887 0.0
0.35268777637236 0.181424188878998 0.0
0.350033194779541 0.242321471143388 0.0
0.345779304057882 0.302931016718466 0.0
0.339610207662283 0.363207218000017 0.0
0.3312437785695 0.423161670475513 0.0
0.397464294737441 -0.679285100947646 0.0
0.399105119921905 -0.617750968593107 0.0
0.400907751476878 -0.556120250996579 0.0
0.402838197511868 -0.494419784787407 0.0
0.404848629426799 -0.432664576821833 0.0
0.406889996708112 -0.37086248748444 0.0
0.408912206495986 -0.309018295035981 0.0
0.41086039884116 -0.247136452823546 0.0
0.412669879711745 -0.185223509114012 0.0
0.41426014577549 -0.123289845426206 0.0
0.415527892957075 -0.0613520113456818 0.0
0.416339055579598 0.0005648795338122 0.0
0.416520018851658 0.0624238554829297 0.0
0.415848615457948 0.124172525753494 0.0
0.414046448573098 0.18573847950854 0.0
0.41077563371278 0.247026920212901 0.0
0.405642673799515 0.307923451086492 0.0
0.39820567568766 0.368305990552419 0.0
0.387985325437841 0.428067171197376 0.0
0.459576736370003 -0.678997383882082 0.0
0.461110464768308 -0.617340226455109 0.0
0.462900054922811 -0.555553152690161 0.0
0.46486459747561 -0.493660284400734 0.0
0.466932869105568 -0.431670546039392 0.0
0.469043248313038 -0.369585489310112 0.0
0.471137286252945 -0.30740436726865 0.0
0.473152637707463 -0.245127217212629 0.0
0.475016080429822 -0.182757502893462 0.0
0.476636309023126 -0.12030419422516 0.0
0.477896049099619 -0.0577847195212432 0.0
0.478643304963375 0.00477157632681667 0.0
0.478681642280452 0.0673183920596719 0.0
0.47775973195367 0.129786204950921 0.0
0.475560645842065 0.192073670716005 0.0
0.471691407427762 0.254039297539751 0.0
0.46567118939291 0.315494591087935 0.0
0.456913833773871 0.376200782763078 0.0
0.444719127267556 0.435876789824793 0.0
0.521601937123502 -0.678320813447957 0.0
0.523076641117623 -0.616550068324481 0.0
0.524876836272874 -0.554609449127549 0.0
0.526883526465931 -0.492513890283052 0.0
0.529009448958511 -0.430262502535052 0.0
0.531185036948717 -0.367848160961728 0.0
0.533346278103968 -0.305262514821234 0.0
0.53542511030305 -0.242498694256823 0.0
0.537341057097324 -0.179553674237736 0.0
0.538993102656603 -0.116430351926695 0.0
0.540251032946303 -0.0531409355176905 0.0
0.540945822120024 0.0102884970719106 0.0
0.540858636742157 0.0738107995461895 0.0
0.539708064021052 0.137347634393552 0.0
0.537134727471424 0.200774165245005 0.0
0.532681504861657 0.26389920133899 0.0
0.525765274123936 0.326438924387318 0.0
0.515635785337075 0.387984019310237 0.0
0.501327939588695 0.44796991975926 0.0
0.583500177566721 -0.677456723328272 0.0
0.584963815300609 -0.615593472071063 0.0
0.586789956085045 -0.553508130638387 0.0
0.58883788765521 -0.491199917099835 0.0
0.591013357029666 -0.428655934815291 0.0
0.593243389905112 -0.365859432072348 0.0
0.595460705723655 -0.302793148801515 0.0
0.597592727819886 -0.239440667796077 0.0
0.599552442718188 -0.175787834484606 0.0
0.601229640530186 -0.111824258996827 0.0
0.602481527404183 -0.047546491553151 0.0
0.603122050187584 0.0170371626058912 0.0
0.602909058311094 0.0818983276386748 0.0
0.601528042440406 0.146975505034595 0.0
0.598570038815697 0.21215177682474 0.0
0.593499811986544 0.277219170015778 0.0
0.585608766485479 0.341818882690902 0.0
0.573948395786672 0.405343506046324 0.0
0.55723927855843 0.466790390242312 0.0
0.645237052918816 -0.676687963824038 0.0
0.646723398203718 -0.614765291016444 0.0
0.648576316774277 -0.552544337916881 0.0
0.650654052629587 -0.490007538464167 0.0
0.652863246046764 -0.427132792568553 0.0
0.655130482470161 -0.363896010172285 0.0
0.657386176328922 -0.300271044329842 0.0
0.659553406220034 -0.236229065728223 0.0
0.66153844876843 -0.171738704540508 0.0
0.663221417735515 -0.10676645701718 0.0
0.664445863371954 -0.0412786091259306 0.0
0.665006365065782 0.0247555993458154 0.0
0.664632542887977 0.0913578042304186 0.0
0.662966822952242 0.158529828192731 0.0
0.659530939171326 0.226232449981483 0.0
0.653673060354555 0.294344640330635 0.0
0.644484310586484 0.362578154103611 0.0
0.630678248753226 0.430293987227954 0.0
0.610459578600031 0.496103896883862 0.0
