-0.52382072919057 -0.699545603880147 0.0
0.71038879634223 -0.737409824304885 0.0
-0.415265822410584 0.61237245798111 0.0
0.61237245798111 0.61237245798111 0.0
-0.462697250481926 -0.702439934400787 0.0
0.711252110577782 -0.675844286536098 0.0
0.582250819820777 0.556613042548279 0.0
-0.440532869069239 0.534346172099017 0.0
-0.401588098405504 -0.705173976153068 0.0
0.712688277357759 -0.613888245967945 0.0
0.534877821243801 0.524086776918095 0.0
-0.457863363519869 0.459106224607164 0.0
-0.34053977130342 -0.708026792884667 0.0
0.714476043996291 -0.551515434247154 0.0
0.483136779555769 0.505244920781473 0.0
-0.469298787617546 0.38643676665435 0.0
-0.279534946731189 -0.711154043165635 0.0
0.716484468163625 -0.488708693186924 0.0
0.430111744202875 0.493860110099757 0.0
-0.477169456551182 0.31597767947719 0.0
-0.218528474356943 -0.714602309674865 0.0
0.718622796143826 -0.425448533594032 0.0
0.376505167019274 0.48677992123426 0.0
-0.482855095231718 0.247296044174847 0.0
-0.157455723462818 -0.718324746722245 0.0
0.72081639815057 -0.361708407464107 0.0
0.322522725503264 0.482485424195837 0.0
-0.487164498602278 0.180030151358447 0.0
-0.0962472845814447 -0.722194250769127 0.0
0.722992086205339 -0.297452700603641 0.0
0.268286253173227 0.480212926815853 0.0
-0.490594779421819 0.113901528219098 0.0
-0.0348442813895668 -0.726038012946904 0.0
0.725067085889006 -0.232635528281668 0.0
0.213917824309753 0.479593689367332 0.0
-0.493464827985868 0.0486989708353537 0.0
0.0267905018737539 -0.729673725177105 0.0
0.72693899334654 -0.167200286673864 0.0
0.159566092564568 0.480527370669777 0.0
-0.495986953009653 -0.0157378323902746 0.0
0.0886680473816769 -0.732936602340254 0.0
0.72847524377177 -0.101078871644051 0.0
0.105610785287586 0.485252726254182 0.0
-0.498309162834361 -0.0795295020947721 0.0
0.150773257984918 -0.73569522909288 0.0
0.729500752445739 -0.0341913870376309 0.0
0.050582388807708 0.483673431421987 0.0
-0.500545952688027 -0.142764490247394 0.0
0.213068708188186 -0.737858702063711 0.0
0.729782158804461 0.0335545407046546 0.0
-0.00491705199178876 0.481576424786236 0.0
-0.502823367930038 -0.205502497050598 0.0
0.275499505855209 -0.739378506302111 0.0
0.72900576241285 0.102264042825293 0.0
-0.0595841186060652 0.491431821763429 0.0
-0.505573568027163 -0.267774850717148 0.0
0.337998688904231 -0.740248343035189 0.0
0.726743612689214 0.172054955562273 0.0
-0.114581309147875 0.498628314740853 0.0
-0.507346380233373 -0.329961083179381 0.0
0.400491495809447 -0.740504412837623 0.0
0.722396511818136 0.243053767659384 0.0
-0.168588211214342 0.508650679526933 0.0
-0.50938598613665 -0.392067154130746 0.0
0.462900228100256 -0.740227852917855 0.0
0.71509156163148 0.315381713274493 0.0
-0.223651504842227 0.514322988827389 0.0
-0.512200886005513 -0.453882756102775 0.0
0.525149420459296 -0.739550202033269 0.0
0.703487929576997 0.389106925671118 0.0
-0.279378957574381 0.520908810922598 0.0
-0.515076678601306 -0.515490541753221 0.0
0.587172528634638 -0.738662426645899 0.0
0.685394789928402 0.464090583059555 0.0
-0.332201581781565 0.539828848904309 0.0
-0.518079911476292 -0.5769418343685 0.0
0.64892268973135 -0.737828658154681 0.0
0.657043458399582 0.539495545489057 0.0
-0.383710914714728 0.563659454489435 0.0
-0.520899921850649 -0.638280095524167 0.0
-0.459804600004277 -0.641149170486404 0.0
-0.456929248809512 -0.579745890121422 0.0
-0.453948325535526 -0.518189195207089 0.0
-0.451124694000606 -0.456538730681499 0.0
-0.448375089481899 -0.394796600853344 0.0
-0.446237920845344 -0.332774922088471 0.0
-0.444425400558151 -0.270313504821428 0.0
-0.441944629470053 -0.207517705617293 0.0
-0.43971065161239 -0.144449713904725 0.0
-0.43753249300999 -0.0810240741931456 0.0
-0.435300018492475 -0.0171665967149048 0.0
-0.43290620349497 0.0471901715267613 0.0
-0.430217505185169 0.112109445207126 0.0
-0.427050740612836 0.177643594763324 0.0
-0.423147607276729 0.243809692292961 0.0
-0.418148574304499 0.310529045284239 0.0
-0.411593953907253 0.377484944848692 0.0
-0.40308619809164 0.443813484328495 0.0
-0.393158079801848 0.507510033682448 0.0
-0.398665940675037 -0.64385113322476 0.0
-0.39572556682711 -0.582427714004264 0.0
-0.392804622387735 -0.520867960023792 0.0
-0.390034950110315 -0.459155031911793 0.0
-0.387494897026605 -0.397209409561919 0.0
-0.385403270224493 -0.335062722600761 0.0
-0.38344595987598 -0.272743225112548 0.0
-0.381238420074217 -0.210114772273815 0.0
-0.379160363457619 -0.147228558054119 0.0
-0.377139056032328 -0.084079413267491 0.0
-0.375098462264394 -0.0206635542945991 0.0
-0.372956740068427 0.0430049320510113 0.0
-0.370614302456447 0.10687875211238 0.0
-0.36794425078334 0.170854289780106 0.0
-0.364787408679287 0.234735231592472 0.0
-0.360958409866434 0.298186885162323 0.0
-0.356275907541498 0.360707237369781 0.0
-0.350628713848586 0.421713563784456 0.0
-0.343818054556357 0.480970631543192 0.0
-0.337537256983043 -0.646733881090395 0.0
-0.33456736156816 -0.585337908547677 0.0
-0.331717280035318 -0.523806114545958 0.0
-0.329079333684286 -0.462112609016253 0.0
-0.326717982479959 -0.400249745547705 0.0
-0.324672132120761 -0.338257799097537 0.0
-0.322732172528249 -0.276121460197825 0.0
-0.320738862884418 -0.213794026805281 0.0
-0.318847973334089 -0.151319948498909 0.0
-0.317027406604204 -0.0887348363631875 0.0
-0.315226184383385 -0.0260873130414947 0.0
-0.313384761177384 0.0365484230111683 0.0
-0.311429790349905 0.0990620811661878 0.0
-0.309266994866207 0.161299370322512 0.0
-0.306773410704244 0.223061565393073 0.0
-0.303790762523509 0.284126807436961 0.0
-0.300134164359979 0.344308677835469 0.0
-0.295663232181986 0.403549979251475 0.0
-0.290800734794228 0.462044675943867 0.0
-0.276425042407454 -0.649915904271554 0.0
-0.273455619518174 -0.588590808922186 0.0
-0.270701057605221 -0.527151575961067 0.0
-0.268206408311543 -0.465589582667923 0.0
-0.265989597775848 -0.403917010079615 0.0
-0.264022248438582 -0.342159561262934 0.0
-0.262168826247803 -0.280319129617052 0.0
-0.260355008725901 -0.218398337822637 0.0
-0.258641672022907 -0.156446593813687 0.0
-0.257008809985379 -0.0945178270004038 0.0
-0.255416961945022 -0.0326762808485069 0.0
-0.253813666865497 0.0290014782713787 0.0
-0.252127489710867 0.0904300791649145 0.0
-0.250258163029502 0.151527483659999 0.0
-0.248066135375641 0.212238247702071 0.0
-0.245370797299055 0.272571700544364 0.0
-0.241984334919533 0.332651153996624 0.0
-0.237870953644679 0.392769177109582 0.0
-0.23380384116801 0.45338735317854 0.0
-0.215310860377308 -0.653432975194427 0.0
-0.212367155943253 -0.592205548729564 0.0
-0.209718586614852 -0.530897763595605 0.0
-0.207359714503868 -0.469509724836997 0.0
-0.205268316659507 -0.408058865125232 0.0
-0.203390825037095 -0.346569820166837 0.0
-0.201635654100383 -0.28505912492447 0.0
-0.199960097893686 -0.223550370700172 0.0
-0.198382376095636 -0.162090312472096 0.0
-0.196883504178919 -0.100727915727386 0.0
-0.195427135840781 -0.0395120113503111 0.0
-0.193961559832027 0.0215136028012711 0.0
-0.192414841960445 0.0823194723904943 0.0
-0.190689219994458 0.142905406583333 0.0
-0.188660744404145 0.203319562324458 0.0
-0.186196439599682 0.263681023799399 0.0
-0.183215705146909 0.324199327890961 0.0
-0.179838207912579 0.385165137149068 0.0
-0.176215016812158 0.446745990233545 0.0
-0.15415642475701 -0.65722172326518 0.0
-0.151261373125873 -0.596092004566399 0.0
-0.14872183727131 -0.534915410669503 0.0
-0.146485208059911 -0.473695758901738 0.0
-0.144499203605426 -0.412452082393852 0.0
-0.142701654386288 -0.351208768382097 0.0
-0.141025908451677 -0.289988211705416 0.0
-0.139441423185043 -0.228818062841602 0.0
-0.137947376514909 -0.167735441266034 0.0
-0.136525081866493 -0.106774945865899 0.0
-0.135142803123483 -0.0459643978424782 0.0
-0.133756563214533 0.0146802823620434 0.0
-0.132309023305113 0.0751614403548047 0.0
-0.130731071111865 0.135507041770334 0.0
-0.12895242590489 0.195775538620882 0.0
-0.126931789541435 0.256054372155063 0.0
-0.124716080274285 0.316437809612588 0.0
-0.122450261939042 0.376951602045696 0.0
-0.119805310951695 0.437488317444407 0.0
-0.0929156839187583 -0.661140897853364 0.0
-0.0900935981305001 -0.600087042289538 0.0
-0.0876629752802934 -0.539013710306179 0.0
-0.0855319221169678 -0.477925801463968 0.0
-0.083628304112197 -0.416841492405495 0.0
-0.0818890047473479 -0.355783377384479 0.0
-0.0802628507346111 -0.294773879399704 0.0
-0.0787260751446417 -0.233837828593982 0.0
-0.0772718423031456 -0.173002574359482 0.0
-0.0758855764643592 -0.112290998681349 0.0
-0.0745451632544287 -0.0517184031651676 0.0
-0.0732221693685734 0.00871040308254629 0.0
-0.0718839387038725 0.0690035817817627 0.0
-0.0704997461824073 0.129184244049603 0.0
-0.0690553203052449 0.189289401594654 0.0
-0.0675789380153951 0.249365000701676 0.0
-0.066162524216556 0.309454060713286 0.0
-0.0648846853367566 0.369601309604646 0.0
-0.0636221578031658 0.430028947412125 0.0
-0.0315466246275865 -0.665009836953765 0.0
-0.0288241006076816 -0.60399794018835 0.0
-0.0265014223669986 -0.542984967416247 0.0
-0.0244587400699498 -0.481975893552932 0.0
-0.0226139165188542 -0.420987182481049 0.0
-0.0209078954371404 -0.360039005085406 0.0
-0.0193015080524509 -0.299151706481944 0.0
-0.0177776948487074 -0.238346142957234 0.0
-0.0163313190313013 -0.177642829880158 0.0
-0.0149555420177417 -0.117058027078054 0.0
-0.0136411751177754 -0.0566021696273239 0.0
-0.0123787076637009 0.00372113023534737 0.0
-0.0111626178927765 0.0639148649211697 0.0
-0.0100001489510342 0.123986879448052 0.0
-0.00892699772445378 0.183943429360178 0.0
-0.00802857227694398 0.243776130120246 0.0
-0.00745212207368316 0.303439951619335 0.0
-0.00741426874668463 0.362837571395378 0.0
-0.00856526586081766 0.421802206497766 0.0
0.0299796942928427 -0.66864429462763 0.0
0.0325750548873238 -0.607636811398287 0.0
0.0347907392258152 -0.546636748762254 0.0
0.036761253450512 -0.485649555136282 0.0
0.0385693484109327 -0.424690372024816 0.0
0.0402657727134804 -0.363777214413009 0.0
0.0418782038921907 -0.302927967435408 0.0
0.0434156890425209 -0.242159751899608 0.0
0.0448773884902058 -0.181487961679891 0.0
0.0462604660673479 -0.120923782075091 0.0
0.0475604156684844 -0.0604729576343274 0.0
0.0487684952562212 -0.000134440039497981 0.0
0.0498667245538305 0.0601008567879127 0.0
0.05081954414844 0.120252122895428 0.0
0.0515621667692635 0.18035112900577 0.0
0.0519893147332577 0.240449395839246 0.0
0.0519458753265288 0.300638366785328 0.0
0.0511475074971292 0.361093731476882 0.0
0.0483697140169318 0.422047021804123 0.0
0.0916746190813003 -0.671881530373922 0.0
0.0941168939680531 -0.610842882678499 0.0
0.096227092937083 -0.54981067778008 0.0
0.0981404056555172 -0.48879207322896 0.0
0.099931453695605 -0.427801811431214 0.0
0.101638828044739 -0.366856264002344 0.0
0.103277987736477 -0.305970875399633 0.0
0.104848507481254 -0.245159202365774 0.0
0.106340988221587 -0.184432001311714 0.0
0.107741440388866 -0.123795231963593 0.0
0.109030652118563 -0.0632484944768426 0.0
0.11018077611684 -0.00278261036327869 0.0
0.111149466100372 0.0576235763029891 0.0
0.11187124455286 0.11800838920555 0.0
0.112246569632068 0.178434168489528 0.0
0.112129455556578 0.238998509137402 0.0
0.111303238108886 0.29984757201869 0.0
0.109378959383461 0.361160460980629 0.0
0.106116556191369 0.422891451146872 0.0
0.153530880285146 -0.674594239622189 0.0
0.155799177259391 -0.613493806619028 0.0
0.15780743994185 -0.552390534094037 0.0
0.159677853373159 -0.491294824834596 0.0
0.161469084942666 -0.430221991342099 0.0
0.163204218762741 -0.369187284760729 0.0
0.164885394304274 -0.308204025466172 0.0
0.166501338310563 -0.247282866706616 0.0
0.168032094655747 -0.186431263795575 0.0
0.169450666607446 -0.12565208120685 0.0
0.170720876301711 -0.0649425074900078 0.0
0.171792524383167 -0.0042924327362167 0.0
0.172593991323359 0.056316853519476 0.0
0.173022162549493 0.116913389378806 0.0
0.172930025338736 0.177531396744511 0.0
0.17211194601379 0.238200769760648 0.0
0.17028505171199 0.298914724353468 0.0
0.167156566994799 0.359541870279032 0.0
0.163077549015425 0.419856646551806 0.0
0.215524813224373 -0.676696265001029 0.0
0.217606654792671 -0.615509507230167 0.0
0.219520324752011 -0.554303828096696 0.0
0.221362339111035 -0.493094244702574 0.0
0.223168926696099 -0.4318973027999 0.0
0.224945176471157 -0.370727514678352 0.0
0.226679090980844 -0.309596607760707 0.0
0.228347637299693 -0.248513514558719 0.0
0.229919019434607 -0.187484611174564 0.0
0.231351940829415 -0.126513292130544 0.0
0.232591900341445 -0.0656000603797165 0.0
0.233565141514538 -0.00474263144367014 0.0
0.234170501050058 0.0560627111421638 0.0
0.234269604946589 0.116818092599998 0.0
0.233676764609235 0.177516726666369 0.0
0.2321523980037 0.238131284404489 0.0
0.229422989419569 0.298598245393512 0.0
0.225321984785593 0.358841289930811 0.0
0.220062472932748 0.419000018423385 0.0
0.277619926659958 -0.678143605016834 0.0
0.279514211755829 -0.616852105756255 0.0
0.281345890382478 -0.555520283943157 0.0
0.283174914152553 -0.494168437463073 0.0
0.285010503175057 -0.432814280946908 0.0
0.286838583948572 -0.371471459733058 0.0
0.288633019573748 -0.310150321887909 0.0
0.290358965533436 -0.248858915315742 0.0
0.291972576110259 -0.187604121652433 0.0
0.293418223229425 -0.126392186877934 0.0
0.294623501515899 -0.0652298416170516 0.0
0.295492460411787 -0.00412551593228313 0.0
0.295897445120857 0.0569083504191636 0.0
0.295670363599633 0.117852255602823 0.0
0.294595415837904 0.178674847760842 0.0
0.292410051692271 0.239329638498029 0.0
0.288835533002015 0.299761921776758 0.0
0.283662307791754 0.359958583422163 0.0
0.276824177080208 0.420040982573679 0.0
0.339771471808055 -0.678933935581882 0.0
0.341490601701515 -0.617525099100375 0.0
0.34325875693295 -0.556050343641455 0.0
0.345091151238886 -0.49453459552148 0.0
0.346967961741857 -0.432995541493188 0.0
0.348856442543248 -0.37144496420495 0.0
0.350717357828563 -0.309891238721726 0.0
0.352504906412835 -0.248341339145103 0.0
0.354163915059719 -0.186802743720577 0.0
0.355625307979284 -0.125284681742129 0.0
0.356800035928695 -0.0637999235063663 0.0
0.357571734647886 -0.00236653885946382 0.0
0.357788441099194 0.0589895889112713 0.0
0.357254174144181 0.120232204943 0.0
0.355722499245966 0.181311434831597 0.0
0.352897879226215 0.242163529270024 0.0
0.348454840202084 0.302719770903383 0.0
0.342076864391981 0.362934300028761 0.0
0.333485902055648 0.422821006269157 0.0
0.401930251619042 -0.679107162744188 0.0
0.403500914947319 -0.617574291243983 0.0
0.405229086694814 -0.555946187942598 0.0
0.407081098751 -0.494249868673394 0.0
0.409009122814998 -0.432500498370344 0.0
0.410963967454772 -0.370706077785659 0.0
0.41289529205533 -0.308871535730488 0.0
0.414747857035823 -0.247001516020182 0.0
0.416456409807541 -0.185102826194551 0.0
0.417939650343588 -0.123186207031437 0.0
0.419093174351319 -0.0612687034861987 0.0
0.41978144338718 0.000623897116234451 0.0
0.419828930986728 0.062453724098826 0.0
0.419011061331348 0.124167214535691 0.0
0.41704650797458 0.185690471016032 0.0
0.413594023508462 0.246926887721094 0.0
0.408256710567989 0.307760074737683 0.0
0.400590213981625 0.368066317788803 0.0
0.390115901694037 0.427738484246391 0.0
0.46404694875599 -0.678748737500164 0.0
0.465508857826855 -0.617092060134175 0.0
0.467223042005306 -0.555306560342014 0.0
0.469108496385749 -0.493416620321503 0.0
0.471093764154945 -0.431431339897464 0.0
0.4731169435189 -0.369352415883612 0.0
0.475119230530937 -0.307179267400427 0.0
0.477037792009116 -0.244912158703204 0.0
0.478798720316332 -0.182554878268241 0.0
0.480309756914195 -0.120116859762788 0.0
0.481452331551395 -0.0576161855945829 0.0
0.482072728745885 0.00491688886704831 0.0
0.481972285201271 0.0674348113559575 0.0
0.48089684709199 0.129866363826365 0.0
0.478525999055135 0.192107946145524 0.0
0.474462612080518 0.254015154928326 0.0
0.46822118232291 0.315395942444251 0.0
0.459210767593663 0.376007629460307 0.0
0.446728045153174 0.435566056798567 0.0
0.526075800894782 -0.677996705720023 0.0
0.527477368155688 -0.616225532481323 0.0
0.529201428730139 -0.554285287116338 0.0
0.531128483067873 -0.492191174888113 0.0
0.533170849267063 -0.42994244797962 0.0
0.535258576857794 -0.367532099676317 0.0
0.537327210933261 -0.304951932725053 0.0
0.539308103055717 -0.242195307094623 0.0
0.541119967929949 -0.179259544466891 0.0
0.542660677112625 -0.116148056829664 0.0
0.54379851283844 -0.0528738068561271 0.0
0.544362455396319 0.0105360308139662 0.0
0.544131074351935 0.0740327243387181 0.0
0.542819626905729 0.137535656716314 0.0
0.540064535288053 0.200916745661532 0.0
0.535403468286244 0.263980259202467 0.0
0.528246971654479 0.326436208244255 0.0
0.517837358538353 0.387867270665231 0.0
0.503202229725973 0.447699720641879 0.0
0.587976990119783 -0.677053324490216 0.0
0.589366616323486 -0.615188675693037 0.0
0.59111609096584 -0.553102362968111 0.0
0.593083894325377 -0.490793783460303 0.0
0.595175251790134 -0.428250120131996 0.0
0.597316737707991 -0.365454697496986 0.0
0.599440554836852 -0.302390370699451 0.0
0.601473443849942 -0.239040907975081 0.0
0.603327453239179 -0.175392448075505 0.0
0.604891086584373 -0.111435057565483 0.0
0.606019810262286 -0.047165990968963 0.0
0.606525250865937 0.0174053629505865 0.0
0.606162196724746 0.0822489606876252 0.0
0.604612126267014 0.147300730539201 0.0
0.601460839387561 0.212439771888702 0.0
0.596166294794923 0.277451937612907 0.0
0.588011154533399 0.341968889988141 0.0
0.57603611771894 0.405368790076239 0.0
0.558950156077834 0.466628722331022 0.0
0.649716173013294 -0.676203099543254 0.0
0.65112806398489 -0.614278095136992 0.0
0.652903877040434 -0.552054588512225 0.0
0.654900981017668 -0.489515119088037 0.0
0.657025459550263 -0.426637645109952 0.0
0.659203396791607 -0.36339812289153 0.0
0.661364615869919 -0.299770455997283 0.0
0.663431406323655 -0.23572588955091 0.0
0.665308957759017 -0.171233183357295 0.0
0.666875888102989 -0.106259067854038 0.0
0.667973708427175 -0.0407702458796715 0.0
0.668394236476787 0.0252633173040697 0.0
0.667863354334538 0.0918620137602089 0.0
0.666018391502402 0.159025540697495 0.0
0.662374037924453 0.226711010992839 0.0
0.656268574325654 0.294790944333913 0.0
0.646779189038641 0.362965449840962 0.0
0.632600529613096 0.43057415210147 0.0
0.611915459128583 0.496190617470276 0.0
