-0.520553207428022 -0.699955868433774 0.0
0.713667094859409 -0.73676009449595 0.0
-0.413016986846924 0.61237245798111 0.0
0.61237245798111 0.61237245798111 0.0
-0.459427800294853 -0.702788865454885 0.0
0.714466776506175 -0.675193721317452 0.0
0.582829364322254 0.556489776203654 0.0
-0.438357002782235 0.534286025723436 0.0
-0.398317759893211 -0.705463726103996 0.0
0.715836694851166 -0.613236471783246 0.0
0.535697596220407 0.523892255273599 0.0
-0.455717893263818 0.45898205106542 0.0
-0.337269607957618 -0.708258695549026 0.0
0.717554922901439 -0.550862512332618 0.0
0.484108644479422 0.505065921427653 0.0
-0.467142988206364 0.386254523414113 0.0
-0.276265949182195 -0.711330904517712 0.0
0.719490311784842 -0.488054963384164 0.0
0.43121007798599 0.493717509257779 0.0
-0.47497760013044 0.315746790918697 0.0
-0.215261338009125 -0.714727675389953 0.0
0.721552028188228 -0.424794498994659 0.0
0.377713981863195 0.486664886171439 0.0
-0.480611036105434 0.247025584122035 0.0
-0.154190750549781 -0.718402100330594 0.0
0.723665358306366 -0.361054650518801 0.0
0.323828366290116 0.482386011162305 0.0
-0.484857981571015 0.179728001789196 0.0
-0.0929843753917946 -0.722226410197911 0.0
0.725756949598571 -0.296799824090748 0.0
0.269677342263737 0.480119557111528 0.0
-0.488219362021166 0.113574323208063 0.0
-0.0315829920080888 -0.726026785862861 0.0
0.727743719704948 -0.231984117161634 0.0
0.215385274839862 0.479499885031649 0.0
-0.491016657943936 0.0483522244563269 0.0
0.0300508558531945 -0.729619816782184 0.0
0.729522746807331 -0.166550889957543 0.0
0.161102915645537 0.480426568402902 0.0
-0.493464012877582 -0.0160995711438024 0.0
0.0919282692167993 -0.732839697812749 0.0
0.730960654018667 -0.10043200703647 0.0
0.1072195985895 0.485198278649599 0.0
-0.495710788194247 -0.0799025117107518 0.0
0.154034156377122 -0.735554162973513 0.0
0.731881134553978 -0.0335475766812643 0.0
0.0522402647864117 0.483547490268958 0.0
-0.49787252057033 -0.143145772422419 0.0
0.216331008111004 -0.737671648688956 0.0
0.732049021934731 0.0341946847355233 0.0
-0.00320685199351401 0.481335545495194 0.0
-0.500076116906933 -0.205889733521551 0.0
0.278763787955494 -0.739143152737042 0.0
0.731147947853892 0.102899641877778 0.0
-0.057811147206461 0.491266069976168 0.0
-0.502755563512685 -0.26816666321551 0.0
0.341265353113259 -0.739962029997858 0.0
0.728745957060722 0.172684501165896 0.0
-0.112771966763345 0.498458135879158 0.0
-0.504458265503322 -0.330356310208868 0.0
0.403760741114871 -0.740164251824944 0.0
0.724237662296637 0.243674339966761 0.0
-0.16673789424117 0.508495594561291 0.0
-0.506429297632462 -0.39246511748205 0.0
0.466172042613726 -0.739830842490166 0.0
0.716740220232211 0.315987190609305 0.0
-0.221778024458855 0.51412869687436 0.0
-0.509178386355108 -0.454282968008719 0.0
0.528423582117368 -0.739093374391237 0.0
0.704896158924886 0.389683602205271 0.0
-0.277489569215377 0.520653456276244 0.0
-0.511991103699034 -0.515893013921681 0.0
0.59044862450829 -0.738143059101735 0.0
0.686485938363489 0.464605706474336 0.0
-0.330270624366934 0.539617791524979 0.0
-0.51493248968193 -0.577346996618447 0.0
0.652200170133821 -0.737244599771349 0.0
0.657691337331658 0.539865398072831 0.0
-0.38174031936547 0.563502419891176 0.0
-0.517692402073815 -0.638687658039043 0.0
-0.456595212237339 -0.641495297454871 0.0
-0.453779741646473 -0.580089420135123 0.0
-0.450860342789954 -0.518529771240971 0.0
-0.448100026990618 -0.4568763248491 0.0
-0.44541580554213 -0.395131052416704 0.0
-0.443346524688283 -0.333105674960588 0.0
-0.441605245526872 -0.270639693354429 0.0
-0.439197324970392 -0.207838115672168 0.0
-0.437037979154862 -0.144763063798684 0.0
-0.434935586408259 -0.0813285364424636 0.0
-0.432779213286466 -0.0174598698982675 0.0
-0.430460819796116 0.0469108509240602 0.0
-0.427845537892605 0.111847289529425 0.0
-0.424748421441686 0.177402197202601 0.0
-0.420908798296281 0.243592795371588 0.0
-0.415964017183849 0.310339887080479 0.0
-0.409450757525051 0.377324593941007 0.0
-0.400969540975352 0.443677086477522 0.0
-0.391063330332083 0.507380142012866 0.0
-0.395455200422008 -0.644137780859617 0.0
-0.392574586935269 -0.582711170171364 0.0
-0.389715092719203 -0.521148215440086 0.0
-0.387009007248649 -0.459432034581906 0.0
-0.384535116389693 -0.397482922424268 0.0
-0.382512396989332 -0.335332605781401 0.0
-0.38062661025263 -0.273009091919095 0.0
-0.378492589014227 -0.210375474139455 0.0
-0.376489833244279 -0.147483245886311 0.0
-0.374544993793199 -0.0843270447182075 0.0
-0.372581273352158 -0.0209029595633892 0.0
-0.370515903744813 0.0427749265588678 0.0
-0.368248176674143 0.106659116864263 0.0
-0.365649877152838 0.170645435664487 0.0
-0.362560417934999 0.234536418358743 0.0
-0.358793291673131 0.297995355251425 0.0
-0.354167221149562 0.360517345829871 0.0
-0.348574374998488 0.421517265523745 0.0
-0.341830757895333 0.480764149921591 0.0
-0.334325929367343 -0.64696270105132 0.0
-0.331415498569732 -0.585563741141896 0.0
-0.32862689909408 -0.524029110916495 0.0
-0.326052971008586 -0.462332875804365 0.0
-0.323758431610325 -0.400467366523613 0.0
-0.321782178633374 -0.338472871636258 0.0
-0.319914391045475 -0.276333822402084 0.0
-0.317995380427279 -0.214003294956372 0.0
-0.316180586956988 -0.151525979100654 0.0
-0.314437360199369 -0.0889375858525758 0.0
-0.312714060014597 -0.0262869350438802 0.0
-0.310950387375214 0.0363514154105335 0.0
-0.309072168556496 0.0988666050450051 0.0
-0.306984278716845 0.161103540013133 0.0
-0.304563000007204 0.222862526019845 0.0
-0.301649631844037 0.28392084246018 0.0
-0.298059780607528 0.344091911288346 0.0
-0.293656774141585 0.403319771595721 0.0
-0.288875172331378 0.461798330287599 0.0
-0.273213750285566 -0.650090008298206 0.0
-0.270303392978191 -0.588762547993172 0.0
-0.267610394622865 -0.52732135404646 0.0
-0.265180195420156 -0.465757783227467 0.0
-0.263030818246684 -0.404084019618739 0.0
-0.261133777903254 -0.342325759878907 0.0
-0.259353261517199 -0.280484808380144 0.0
-0.257614554604632 -0.218563799604751 0.0
-0.255978165996815 -0.156612381258965 0.0
-0.254423586986428 -0.094684688053829 0.0
-0.252910773483055 -0.0328452071818861 0.0
-0.251386611897459 0.0288292231029602 0.0
-0.249778948693852 0.0902529967013407 0.0
-0.247986744784725 0.151344012032006 0.0
-0.245869680590218 0.212047152595516 0.0
-0.24324661235232 0.272372739357295 0.0
-0.239930200872234 0.3324459148512 0.0
-0.235887614780796 0.392561419741481 0.0
-0.231897534645107 0.453181148178673 0.0
-0.212100062787752 -0.653556052713948 0.0
-0.209214986660896 -0.59232710582345 0.0
-0.206628088009787 -0.531018509585233 0.0
-0.204334107420524 -0.469630336304614 0.0
-0.202310763761334 -0.408180022518299 0.0
-0.200504279876662 -0.34669221484107 0.0
-0.198822744660532 -0.285183445936399 0.0
-0.197223073744203 -0.223677383006471 0.0
-0.195723103237861 -0.16222095149355 0.0
-0.194303375004648 -0.100863238764725 0.0
-0.192927003015213 -0.0396531391194847 0.0
-0.191541676916086 0.0213655967382019 0.0
-0.190074812001493 0.0821637584862245 0.0
-0.188427981658006 0.142741703797478 0.0
-0.186476678441996 0.20314854145143 0.0
-0.184087790791876 0.263504729501646 0.0
-0.181181549617565 0.32402136565857 0.0
-0.17787937494849 0.384990062593376 0.0
-0.17432917166042 0.446577604893716 0.0
-0.150946388177963 -0.657297292839862 0.0
-0.148109561546463 -0.596166941685234 0.0
-0.14563183982094 -0.534990726612589 0.0
-0.143460549885308 -0.473772398004418 0.0
-0.141543197579597 -0.4125309730785 0.0
-0.139817313425313 -0.351290841560496 0.0
-0.138215885719873 -0.290074407012437 0.0
-0.136707995921068 -0.228909368517029 0.0
-0.135292439378893 -0.167832913088038 0.0
-0.13395009371927 -0.106879639779851 0.0
-0.132648749994999 -0.0460772775963808 0.0
-0.131343939245057 0.0145584712669528 0.0
-0.129977844863975 0.0750303302040555 0.0
-0.12848096556684 0.135366813456521 0.0
-0.126782871457138 0.195627042315272 0.0
-0.124842596420034 0.255899058736175 0.0
-0.122707969530445 0.316277223696181 0.0
-0.120524237016364 0.376786338651202 0.0
-0.117956373043763 0.437318346099729 0.0
-0.0897064683213915 -0.661171739217837 0.0
-0.0869423084392669 -0.600118054481114 0.0
-0.0845736963082816 -0.539046164346765 0.0
-0.0825084351018766 -0.47796085473787 0.0
-0.0806740386193866 -0.416880251229165 0.0
-0.0790070186187907 -0.355826924595077 0.0
-0.0774558230133158 -0.294823287091035 0.0
-0.0759963195632608 -0.233894176398124 0.0
-0.0746213151776541 -0.173066942811761 0.0
-0.073315860841804 -0.112364415147584 0.0
-0.0720574702546123 -0.0518017755552564 0.0
-0.0708173679431447 0.00861635767219265 0.0
-0.0695626320965192 0.0688984019942251 0.0
-0.0682624269176223 0.129067759753247 0.0
-0.0669026321965669 0.189161703200002 0.0
-0.0655119950943866 0.249226302014205 0.0
-0.0641829011451564 0.309304510813484 0.0
-0.0629928893315498 0.3694412711092 0.0
-0.0618128118451782 0.429860759745464 0.0
-0.0283380970219055 -0.664997686285793 0.0
-0.0256733640158988 -0.603986614316389 0.0
-0.0234129683041708 -0.542975933512323 0.0
-0.0214365462485147 -0.481970459282481 0.0
-0.0196614962725946 -0.420986570136291 0.0
-0.0180283426202845 -0.360044389874999 0.0
-0.0164975355083096 -0.299164236726495 0.0
-0.0150516734428061 -0.238366954590111 0.0
-0.0136853049599191 -0.177673042544496 0.0
-0.0123912935987243 -0.117098718780453 0.0
-0.0111601886907145 -0.0566543545077888 0.0
-0.00998228810406609 0.00365650583122947 0.0
-0.00885200237462232 0.0638368861547024 0.0
-0.0077767075011218 0.123894548146218 0.0
-0.00679251369354768 0.183835409359534 0.0
-0.00598552041954269 0.243650275845508 0.0
-0.00550365103638672 0.303292592585281 0.0
-0.00556346340051867 0.362662664730286 0.0
-0.00681804402790985 0.421590168732752 0.0
0.0331878141306688 -0.668589782865161 0.0
0.0357253100303203 -0.607583614654143 0.0
0.0378783429029225 -0.546586460223612 0.0
0.0397820978252382 -0.485603574707658 0.0
0.0415198690205083 -0.424649991493297 0.0
0.0431428476373578 -0.363743665255245 0.0
0.0446790799780396 -0.302902446626404 0.0
0.0461379236570919 -0.242143435821773 0.0
0.0475188062601662 -0.181482004625045 0.0
0.0488191201342981 -0.120929301272519 0.0
0.0500345316285592 -0.0604910174873039 0.0
0.0511563845874589 -0.000166041044425761 0.0
0.0521666582577139 0.0600547830580708 0.0
0.0530295866048048 0.120190719130492 0.0
0.053680010792521 0.180273651119541 0.0
0.0540122468318958 0.240355391591665 0.0
0.0538710818996718 0.300528245032765 0.0
0.0529720496058089 0.36097004679039 0.0
0.0500821806342016 0.421914235770194 0.0
0.094882691411861 -0.671784281741831 0.0
0.0972667946816509 -0.610747289096162 0.0
0.0993138615567727 -0.549718390250561 0.0
0.101159873132232 -0.488704534060674 0.0
0.102880036145085 -0.42772034727816 0.0
0.104513382925509 -0.366782137914569 0.0
0.106075715947148 -0.30590531224485 0.0
0.107566882084868 -0.245103397253665 0.0
0.108977698731081 -0.184387111151991 0.0
0.110294337337353 -0.123762350994168 0.0
0.111497674324887 -0.0632286163548514 0.0
0.112559848949577 -0.00277657226004057 0.0
0.113438365186779 0.0576151797401608 0.0
0.114067430561857 0.11798534420866 0.0
0.114347033061047 0.178396871798617 0.0
0.114130651356065 0.238948343247793 0.0
0.113201096156374 0.299787429004057 0.0
0.111168284734488 0.36109484335801 0.0
0.107795276050517 0.422824137357469 0.0
0.156739273963045 -0.674453045265411 0.0
0.158948855313772 -0.613354480647582 0.0
0.160893390537859 -0.552254724648219 0.0
0.162695912664265 -0.491163978404596 0.0
0.164415676903753 -0.430097448719274 0.0
0.166076183093139 -0.369070331565546 0.0
0.167679874564373 -0.308095913621559 0.0
0.169215701383913 -0.247184817855588 0.0
0.170663862273834 -0.186344457686238 0.0
0.171997440531396 -0.125577631166909 0.0
0.173180240933617 -0.0648814260589716 0.0
0.174161914428671 -0.00424559039432833 0.0
0.174870518356548 0.0563487690837694 0.0
0.175202405038766 0.116929892477802 0.0
0.17500981365888 0.177532152208003 0.0
0.174086192911385 0.238185359713483 0.0
0.172147662321893 0.298881974018194 0.0
0.168901270954099 0.359488401158201 0.0
0.164704606287492 0.419777797287677 0.0
0.218733844444422 -0.67650926957197 0.0
0.220756205788489 -0.615324488684162 0.0
0.222605449179624 -0.55412238286184 0.0
0.224378937547797 -0.492917800276351 0.0
0.226113451052903 -0.43172721029958 0.0
0.227814445755245 -0.370565093575809 0.0
0.229470174960612 -0.309443164096156 0.0
0.231057769798003 -0.248370345854514 0.0
0.23254551700452 -0.187353003777957 0.0
0.233892107781165 -0.12639451591281 0.0
0.235042906250213 -0.0654953678289346 0.0
0.235923861459697 -0.00465327217740228 0.0
0.236433317526303 0.0561354420088023 0.0
0.23643218419527 0.116872743503348 0.0
0.235733847346045 0.177551482800912 0.0
0.234097676917925 0.238143652008628 0.0
0.231249322493247 0.298584751414741 0.0
0.227023066546493 0.358798075141888 0.0
0.22163938536297 0.418926542972518 0.0
0.280829816134837 -0.677908469949979 0.0
0.282663672279692 -0.616618963274952 0.0
0.284430148193216 -0.555290643129696 0.0
0.286189982639137 -0.493943697117592 0.0
0.287952874534904 -0.432595809924591 0.0
0.289705050647361 -0.371260632119082 0.0
0.291420562968137 -0.309948533679757 0.0
0.293064666729746 -0.248667596439486 0.0
0.294593523941337 -0.187424749496028 0.0
0.29595140248559 -0.126226306609628 0.0
0.297065651405339 -0.0650790999429821 0.0
0.297839897661068 -0.00399171701603581 0.0
0.298145855077936 0.0570231573784385 0.0
0.297814573392337 0.117945651864522 0.0
0.296629182351332 0.178743897333152 0.0
0.294325937155063 0.23937077950201 0.0
0.290625148237455 0.299771100493514 0.0
0.285317960769226 0.359932166713261 0.0
0.278343104746594 0.419978403139609 0.0
0.342982322328455 -0.678647966685594 0.0
0.344639946542256 -0.617241043326684 0.0
0.346342087204512 -0.555769598683738 0.0
0.348104626657358 -0.494258528143086 0.0
0.349908118995078 -0.432725543667101 0.0
0.351720041157849 -0.371182475000248 0.0
0.353501281994273 -0.309637760526432 0.0
0.355206076461892 -0.248098459190279 0.0
0.356779186607991 -0.186572164863203 0.0
0.358151345615207 -0.125068265739564 0.0
0.359233154605332 -0.0635997503481268 0.0
0.359907704846177 -0.00218498548067999 0.0
0.360022259530491 0.0591497499234665 0.0
0.359379805982247 0.120367691964245 0.0
0.357732611342938 0.181418345911035 0.0
0.354783633241825 0.242237271705851 0.0
0.35020603415563 0.302755145767707 0.0
0.343683103368457 0.362926113337181 0.0
0.334939834620316 0.422765818621422 0.0
0.405142044734353 -0.678767413495329 0.0
0.406650072166254 -0.617236265554785 0.0
0.408311432393662 -0.555611157273707 0.0
0.410092951781006 -0.493919161514934 0.0
0.411947058642751 -0.432175519142473 0.0
0.413824705420891 -0.370388313701128 0.0
0.415675615227738 -0.308562574310643 0.0
0.417444524781998 -0.24670307766249 0.0
0.419066047585612 -0.184816812477857 0.0
0.420458607459485 -0.122914766506787 0.0
0.421517344357306 -0.0610143174752721 0.0
0.42210604193739 0.000858306176036688 0.0
0.422048228394239 0.0626646607603162 0.0
0.421118067975653 0.124350455897108 0.0
0.419032625438603 0.185840894829456 0.0
0.415448726170489 0.247038302787426 0.0
0.4099674629592 0.307825146965358 0.0
0.402143056236905 0.368076864083371 0.0
0.391497754144843 0.427686850518242 0.0
0.467259560560123 -0.678352114957909 0.0
0.468657739839896 -0.616696843508947 0.0
0.470304381108955 -0.554913887095611 0.0
0.472118755790089 -0.493027761683906 0.0
0.474029540781148 -0.431047674515931 0.0
0.475974907274108 -0.368975425307045 0.0
0.477896061468172 -0.306810558585271 0.0
0.479730091262883 -0.244553508796909 0.0
0.481402888006792 -0.18220830073726 0.0
0.482821830715323 -0.119784694905123 0.0
0.483867780452592 -0.0573012212158081 0.0
0.484386194090188 0.00521125852610119 0.0
0.48417726117384 0.0677043788828482 0.0
0.482985292232845 0.130105843754962 0.0
0.480487883186416 0.192310646177852 0.0
0.476285431928014 0.25417259809297 0.0
0.469889542383498 0.315497512044611 0.0
0.460706256486662 0.376040426099635 0.0
0.448030565076974 0.43551567665494 0.0
0.52928904183503 -0.677540114949962 0.0
0.530625919818373 -0.615769896329489 0.0
0.532281809414365 -0.553831602610337 0.0
0.534137253774518 -0.491740611207461 0.0
0.536104600963141 -0.429496283317537 0.0
0.53811391925307 -0.367091717733652 0.0
0.540100718779703 -0.304518852252718 0.0
0.541996220554107 -0.241771235459382 0.0
0.543718871534764 -0.178846456090201 0.0
0.545166091647394 -0.115748303788259 0.0
0.546205473694811 -0.052490274347728 0.0
0.546665004740529 0.0108997050536405 0.0
0.546321876708624 0.0743718397807258 0.0
0.544889485429912 0.137844012973397 0.0
0.542001794052619 0.201186037721671 0.0
0.537193290041202 0.264199272431372 0.0
0.529870495878542 0.326589818457903 0.0
0.519270848407135 0.387935360498874 0.0
0.504417238672322 0.447656742964254 0.0
0.591190678677864 -0.67653389437327 0.0
0.592514879720372 -0.614669638416219 0.0
0.594195665976364 -0.552584546424864 0.0
0.596091368013192 -0.490278162212774 0.0
0.598107181322547 -0.427737764976068 0.0
0.600169661434279 -0.364946779506275 0.0
0.60221093599652 -0.301888189382772 0.0
0.604157563167112 -0.238545939039546 0.0
0.605921253224418 -0.174906416197586 0.0
0.607389961187544 -0.11096004598646 0.0
0.608418328712234 -0.046704606985308 0.0
0.608816796618064 0.0178497364112871 0.0
0.608338494593504 0.0826717792171033 0.0
0.606662617909233 0.147695690784135 0.0
0.603371856300189 0.212797880770896 0.0
0.59791996506184 0.277760063650675 0.0
0.58958400260856 0.342207547546461 0.0
0.577397489497961 0.405508961602313 0.0
0.560061447529271 0.466628340544205 0.0
0.652930251613186 -0.675618560438159 0.0
0.654276242141303 -0.61369332286264 0.0
0.655982916248267 -0.551470096278898 0.0
0.657907440893985 -0.488931564711368 0.0
0.659955843141971 -0.426055798685333 0.0
0.662054156900732 -0.362818854294449 0.0
0.664132087792855 -0.299194734659327 0.0
0.666111684505623 -0.235154800099498 0.0
0.667897716878836 -0.170667964418226 0.0
0.669368138039925 -0.105701185284259 0.0
0.670363464457809 -0.040221518752394 0.0
0.670674071933164 0.0258005065873831 0.0
0.670023782720209 0.0923843688337698 0.0
0.66804698793565 0.159528254598835 0.0
0.664254154899586 0.227186718858674 0.0
0.657977428686086 0.295227816508229 0.0
0.648285075424989 0.363343611895162 0.0
0.633859259418511 0.430858961894382 0.0
0.612867890672419 0.496321185678177 0.0
