-0.518668331690967 -0.700079461367548 0.0
0.715335132041935 -0.734668782268417 0.0
-0.415960216522217 0.61237245798111 0.0
0.61237245798111 0.61237245798111 0.0
-0.45753742268613 -0.702759324970727 0.0
0.716024438864893 -0.673105956009288 0.0
0.582657197232188 0.556843912769119 0.0
-0.440454714636299 0.534093071388714 0.0
-0.396423997472603 -0.705284054806239 0.0
0.717268641042423 -0.6111578665398 0.0
0.535392878426289 0.52465582034661 0.0
-0.457252942647316 0.458752909876826 0.0
-0.335374017357965 -0.707928770458483 0.0
0.718849364480308 -0.54880012630622 0.0
0.483755273678814 0.506126183658714 0.0
-0.46828289221417 0.386039399098593 0.0
-0.274370373553773 -0.710851250444168 0.0
0.720638336455386 -0.486016792978622 0.0
0.430830588212936 0.494948570879327 0.0
-0.475813742474497 0.315556383436081 0.0
-0.213368121859697 -0.714100457700367 0.0
0.72254722918537 -0.422789239553019 0.0
0.377305624911124 0.487982243970717 0.0
-0.48119592542479 0.246859260152092 0.0
-0.152302813367762 -0.717631500820605 0.0
0.724503689641449 -0.359091600556128 0.0
0.32338353248484 0.483737381435339 0.0
-0.485223731375094 0.179582237821098 0.0
-0.0911051094221059 -0.721318599470864 0.0
0.726436745246643 -0.294888864584939 0.0
0.269188476064697 0.481470660455903 0.0
-0.488386657146875 0.113445221264401 0.0
-0.0297159942217271 -0.724989503486188 0.0
0.728265838190064 -0.230135728664889 0.0
0.214845254888854 0.480826279700669 0.0
-0.490999437451825 0.0482362254002035 0.0
0.0319021230629024 -0.7284617750067 0.0
0.729890817341096 -0.164776184395858 0.0
0.160504459024734 0.481712250301277 0.0
-0.493272096757372 -0.016205563887158 0.0
0.0937607939148098 -0.731570001101669 0.0
0.73118140403996 -0.0987427582426347 0.0
0.106544657135148 0.486375920065329 0.0
-0.495351418535527 -0.0800012135462782 0.0
0.155845621610233 -0.734181827548817 0.0
0.731964786295594 -0.0319562352214885 0.0
0.0515000941358649 0.484729134264218 0.0
-0.49735125444349 -0.143239682419979 0.0
0.218119958221081 -0.736205215413805 0.0
0.732009749658659 0.0356750062868526 0.0
-0.00402462909165236 0.482574873461839 0.0
-0.499397190601748 -0.205981392478312 0.0
0.280529728219894 -0.737590351477528 0.0
0.731004400743084 0.104255230907802 0.0
-0.0587474140533358 0.492274033722817 0.0
-0.501919898098101 -0.26825966704011 0.0
0.343008795487545 -0.738329450771655 0.0
0.728521861639968 0.173901179322936 0.0
-0.113790903700905 0.499359112944805 0.0
-0.503472954076149 -0.330447912374541 0.0
0.405483203565685 -0.738456987411332 0.0
0.723962508547607 0.244737712722922 0.0
-0.167867608908842 0.509245232662272 0.0
-0.505296838838508 -0.392556381249897 0.0
0.467876000275291 -0.738052073182265 0.0
0.716449914729991 0.316883057119316 0.0
-0.222998431425045 0.51487100813858 0.0
-0.507897151859426 -0.45437881310108 0.0
0.530112359106878 -0.737243869647326 0.0
0.704633063873655 0.390398427813002 0.0
-0.278804627729959 0.521459665096534 0.0
-0.510560793271327 -0.51599500260686 0.0
0.592126203627617 -0.736220565952298 0.0
0.686296091548221 0.465126012497293 0.0
-0.331786389922777 0.540168703606766 0.0
-0.513351144930352 -0.577456441857076 0.0
0.653870882178674 -0.735243075180005 0.0
0.657610862416802 0.540168980824032 0.0
-0.383399834997863 0.564000162911066 0.0
-0.515959900639599 -0.63880402082152 0.0
-0.454857503186726 -0.641458871581244 0.0
-0.452193183483891 -0.580046672875055 0.0
-0.449424041302713 -0.518480514801993 0.0
-0.446812348737835 -0.456821231844958 0.0
-0.44427718438625 -0.395070484057375 0.0
-0.442356111768347 -0.333043284587304 0.0
-0.440764284705831 -0.270578022165537 0.0
-0.438512175424691 -0.207776012042941 0.0
-0.436510957207538 -0.144701927925087 0.0
-0.434570424967434 -0.0812694421718884 0.0
-0.43258084224217 -0.0174036679229367 0.0
-0.430435648816935 0.0469636684668445 0.0
-0.428002121372828 0.111896915345873 0.0
-0.425098547984744 0.17745019437041 0.0
-0.421469099940108 0.243643517001343 0.0
-0.416758088421212 0.310403372961693 0.0
-0.41051101290654 0.377422185279939 0.0
-0.402334765409244 0.443850532900588 0.0
-0.392755208166366 0.507697067287868 0.0
-0.393714243891487 -0.643950979251376 0.0
-0.39098432486191 -0.582517145350356 0.0
-0.38827395068674 -0.520947342843123 0.0
-0.385715964113603 -0.459225089915083 0.0
-0.383390212104886 -0.397271325048344 0.0
-0.381515471319291 -0.335117909006117 0.0
-0.379779443681906 -0.272791619279418 0.0
-0.377799496544345 -0.210155015169041 0.0
-0.375953522734201 -0.1472599504692 0.0
-0.374168759706558 -0.0841004420239123 0.0
-0.372369124942931 -0.0206717681820796 0.0
-0.370472765860856 0.0430131571717352 0.0
-0.368380239435875 0.106908593179558 0.0
-0.365965066085129 0.170912991264165 0.0
-0.363068906768268 0.23483262832714 0.0
-0.359507919491303 0.298335430688421 0.0
-0.355103588349342 0.360920045743083 0.0
-0.349749328079847 0.421996730877296 0.0
-0.343226109583274 0.481301841374264 0.0
-0.332583006159999 -0.646624920808843 0.0
-0.329822219110803 -0.585218107001104 0.0
-0.327181319196493 -0.52367614620483 0.0
-0.324754152616768 -0.461973400627784 0.0
-0.322606344866388 -0.400102223709665 0.0
-0.320777332409995 -0.338102568243616 0.0
-0.319058782754832 -0.275958131517405 0.0
-0.317292154155245 -0.213621429234537 0.0
-0.315632226936732 -0.151136866994596 0.0
-0.314046554032322 -0.0885393461895174 0.0
-0.312483835503846 -0.0258766470372597 0.0
-0.310884260647339 0.0367779728551269 0.0
-0.309174394926256 0.0993152169312265 0.0
-0.307260229818191 0.161581689264152 0.0
-0.305019659759243 0.223379119473274 0.0
-0.302295966798551 0.284485065171796 0.0
-0.298905300885229 0.344710653376351 0.0
-0.294698584838746 0.403993353545323 0.0
-0.290052500790528 0.462521448101102 0.0
-0.271470092876167 -0.649601864045495 0.0
-0.268707766732278 -0.588266073684868 0.0
-0.266160653825714 -0.526817123312953 0.0
-0.263875552780035 -0.465246405931714 0.0
-0.261871500903081 -0.403565889775346 0.0
-0.260120794532232 -0.341800828366114 0.0
-0.258488636375093 -0.279952382193361 0.0
-0.256900849914311 -0.218022642959409 0.0
-0.255417640012846 -0.156060817103796 0.0
-0.254018560091202 -0.0941203933354198 0.0
-0.252663795583718 -0.0322651898404132 0.0
-0.251300695573551 0.029428529184003 0.0
-0.249857943526186 0.0908754442997149 0.0
-0.248235851018137 0.151993131148643 0.0
-0.246295909963318 0.212725059665946 0.0
-0.243858337832812 0.2730783964027 0.0
-0.240732682886648 0.333172547314576 0.0
-0.236867258496745 0.393293637696236 0.0
-0.232981836191241 0.453894461564589 0.0
-0.210357178885623 -0.652919945728798 0.0
-0.207618028669328 -0.591682522015167 0.0
-0.205175002448906 -0.53036605894186 0.0
-0.203024463569399 -0.468970488612594 0.0
-0.201145224140696 -0.407512923165487 0.0
-0.199484291051148 -0.346017549448135 0.0
-0.197950428274273 -0.284500381731358 0.0
-0.196500806577899 -0.222984679466639 0.0
-0.195153104268339 -0.161517071635434 0.0
-0.193887894375691 -0.100146376219883 0.0
-0.192668505433883 -0.038921387091911 0.0
-0.191443091004362 0.0221139344517412 0.0
-0.190139839144596 0.082929676587286 0.0
-0.188661331798549 0.14352477625179 0.0
-0.186883791735069 0.203945928689542 0.0
-0.184672821506739 0.264309904004832 0.0
-0.181940963986964 0.324822908240166 0.0
-0.178788221298546 0.38577247050282 0.0
-0.1753350149909 0.447333365170719 0.0
-0.149206274474173 -0.656517785686133 0.0
-0.146512885368666 -0.595379276405933 0.0
-0.144176986434701 -0.534195617638448 0.0
-0.142147663047257 -0.472970299692147 0.0
-0.140373505696824 -0.411721977704807 0.0
-0.138792721776896 -0.350474634532165 0.0
-0.137338715045462 -0.289250299078582 0.0
-0.135980642589286 -0.228076424956325 0.0
-0.134717148714547 -0.16699008795087 0.0
-0.133529053015717 -0.106025896108467 0.0
-0.132384211340549 -0.0452117919357642 0.0
-0.131238349130172 0.0154360227132411 0.0
-0.130033897782971 0.0759194063510533 0.0
-0.128701351830148 0.136265581557491 0.0
-0.127169172147165 0.196531967418144 0.0
-0.125392265524803 0.256804806056216 0.0
-0.123408249315493 0.317177816145265 0.0
-0.121345788854249 0.377679794898376 0.0
-0.118865509768638 0.438213312281123 0.0
-0.0879716274108721 -0.660255438491538 0.0
-0.0853481278642455 -0.599194408653598 0.0
-0.0831193458486002 -0.538116068733746 0.0
-0.0811948295541772 -0.477024858664823 0.0
-0.0795030657457435 -0.415938534005805 0.0
-0.0779810603594514 -0.354879316404366 0.0
-0.0765774342994813 -0.293869344497948 0.0
-0.0752679470265799 -0.232933306373767 0.0
-0.0740451393345598 -0.172098524024361 0.0
-0.0728938105770527 -0.111387912670002 0.0
-0.0717912489556538 -0.0508168887490429 0.0
-0.0707084269884582 0.00960952152108626 0.0
-0.0696119717250937 0.0698991444746815 0.0
-0.0684699780027887 0.130074635692032 0.0
-0.0672657774760164 0.190172493925964 0.0
-0.0660227395572305 0.250238370245297 0.0
-0.0648241762528478 0.31031596787108 0.0
-0.0637381687506948 0.37045258306675 0.0
-0.0626379098273267 0.430872388569621 0.0
-0.026611361154283 -0.663952740986854 0.0
-0.0240843065420624 -0.602935565485286 0.0
-0.0219618530780024 -0.541919909239021 0.0
-0.0201252156846777 -0.480910169117083 0.0
-0.0184925501873171 -0.419922341776785 0.0
-0.0170046293390692 -0.358976229850476 0.0
-0.0156218211846651 -0.298091918954046 0.0
-0.0143264024377311 -0.237290124946582 0.0
-0.0131124643475359 -0.176591311101804 0.0
-0.0119723673935347 -0.116011738839815 0.0
-0.0108960961073803 -0.0555619019462257 0.0
-0.00987322586391552 0.00475446692830451 0.0
-0.00889705943857836 0.0649401852408174 0.0
-0.00797303171391259 0.125002911381939 0.0
-0.00713374004099809 0.184948843321562 0.0
-0.00645937401822773 0.244770014832943 0.0
-0.00608954374346099 0.304422864604203 0.0
-0.0062323989573032 0.363812774635005 0.0
-0.00753375600701608 0.422774925638385 0.0
0.0349035599206307 -0.667425242134662 0.0
0.0373064710607255 -0.606414535807081 0.0
0.0393233081392428 -0.545414226218716 0.0
0.0410879864180306 -0.484429081274613 0.0
0.0426833499697875 -0.423473729290535 0.0
0.0441606348748241 -0.362565806790115 0.0
0.0455482383386228 -0.301722939846939 0.0
0.046856070190616 -0.240962096067837 0.0
0.0480842328461923 -0.180298592798202 0.0
0.049230873719817 -0.119743592694497 0.0
0.0502925287874767 -0.0593028721417873 0.0
0.0512616347120039 0.00102452578194012 0.0
0.0521217032058898 0.0612475381004324 0.0
0.0528392949124632 0.121385174617997 0.0
0.0533528184463588 0.181469077436958 0.0
0.0535616464661962 0.24155084023192 0.0
0.0533166224482896 0.301722252621968 0.0
0.0523396587163332 0.362159040436168 0.0
0.049417661146478 0.423089379014759 0.0
0.0965847910085581 -0.670509501633555 0.0
0.0988374004461679 -0.609469759997617 0.0
0.100749828087035 -0.548439753281052 0.0
0.102457217518868 -0.487425879781304 0.0
0.104034705288596 -0.426442335728295 0.0
0.105521693680257 -0.365505108691098 0.0
0.106934612114441 -0.304629386532387 0.0
0.10827409644214 -0.243828570489173 0.0
0.10953186393848 -0.183113336547667 0.0
0.110695086721843 -0.122489624745155 0.0
0.111745792374815 -0.0619570790982021 0.0
0.112657535341961 -0.00150663709316194 0.0
0.113389694942556 0.0588826664964239 0.0
0.113879089506543 0.119248911281987 0.0
0.114029333888745 0.179654213167941 0.0
0.113698634886748 0.240196097988244 0.0
0.112675443444376 0.301020947755483 0.0
0.110577155499437 0.362308402266359 0.0
0.107172353852374 0.424017245588584 0.0
0.158425530706636 -0.673077212869684 0.0
0.160506570400549 -0.61197783190844 0.0
0.162317768815208 -0.550879155050135 0.0
0.163981856145202 -0.4897907803531 0.0
0.165558449150177 -0.428727467476188 0.0
0.16707176024445 -0.367704097568042 0.0
0.168525138983798 -0.306733754186489 0.0
0.169908566699013 -0.245826953672517 0.0
0.171203377985651 -0.184991091248987 0.0
0.172383915029972 -0.124229038582831 0.0
0.173415432029613 -0.0635380615634784 0.0
0.174249340531362 -0.00290820292100151 0.0
0.174815950021961 0.0576790273191501 0.0
0.175014572506609 0.118251421228632 0.0
0.174701288206052 0.178843037063545 0.0
0.173674270319455 0.239483880464438 0.0
0.171655094323711 0.300167844988811 0.0
0.168355990038928 0.360765669470333 0.0
0.16413204729524 0.421057167586401 0.0
0.220402682504436 -0.67504102484656 0.0
0.222299164779455 -0.613857439186278 0.0
0.224016046695615 -0.552658674004357 0.0
0.225651001873037 -0.491458939290237 0.0
0.227241632274041 -0.430274258058396 0.0
0.228794452201431 -0.369118815301792 0.0
0.230298897428211 -0.308004145644935 0.0
0.231733374171579 -0.24693908671988 0.0
0.23306754769899 -0.185929996406037 0.0
0.234261633224528 -0.124980318966894 0.0
0.23526274286437 -0.064090673199317 0.0
0.235998910504836 -0.00325895065094836 0.0
0.236371040290641 0.0575183555241542 0.0
0.23624319787691 0.118243195221895 0.0
0.235432544538681 0.178908771416695 0.0
0.233702669100995 0.239488107889446 0.0
0.230783346248589 0.299918719534121 0.0
0.226511340048716 0.360126540355376 0.0
0.221104349613177 0.420254598123601 0.0
0.28248037486379 -0.676355576796355 0.0
0.284190568582949 -0.615069296078458 0.0
0.285825260162753 -0.553746595972826 0.0
0.287446161614914 -0.492407018156484 0.0
0.289064254827782 -0.431067827897701 0.0
0.29066715594692 -0.369742418055039 0.0
0.29223036135391 -0.308441013568363 0.0
0.293720635211892 -0.24717163163913 0.0
0.295095751527981 -0.185941195120256 0.0
0.296301750559419 -0.124756051952698 0.0
0.297267991549252 -0.0636230852523062 0.0
0.297900437612098 -0.00255090821584971 0.0
0.2980735444527 0.0584478691033445 0.0
0.297621535082264 0.119353665920288 0.0
0.296331058219342 0.180135260824501 0.0
0.293941970482947 0.240746657514764 0.0
0.290177759134246 0.301134203359098 0.0
0.284831424244776 0.361286678427688 0.0
0.277841820831807 0.421328813771532 0.0
0.344614492220877 -0.677016984947314 0.0
0.34615007487158 -0.615615271150249 0.0
0.347720554401787 -0.554151685754534 0.0
0.349343456853479 -0.492650513136464 0.0
0.351001049625928 -0.43112910908222 0.0
0.352662496748712 -0.369599109624891 0.0
0.354290366201786 -0.308068860843598 0.0
0.355840613209828 -0.246545391795678 0.0
0.357259821658761 -0.185036300146846 0.0
0.358480713001753 -0.123550984876832 0.0
0.359416111614811 -0.0621024185461467 0.0
0.359951625964014 -0.000708876014690389 0.0
0.359937359874734 0.060603602630337 0.0
0.359179429074992 0.121798728435713 0.0
0.357433383879958 0.182826808955305 0.0
0.354405362509943 0.243624593449912 0.0
0.349771225801066 0.304124309646068 0.0
0.343216137568592 0.364281822422967 0.0
0.334467008228574 0.4241145534273 0.0
0.406756454941047 -0.677063332277451 0.0
0.408143340874092 -0.615539245720165 0.0
0.409672686314623 -0.553924128252726 0.0
0.411313583446922 -0.492244538232578 0.0
0.41302054046276 -0.430515468477543 0.0
0.414746444853776 -0.368744905351706 0.0
0.416442896693843 -0.306937865695474 0.0
0.418056534167641 -0.245099157579266 0.0
0.419523973078141 -0.18323581267089 0.0
0.42076580783236 -0.121358841728121 0.0
0.421679574643595 -0.0594855860912335 0.0
0.422131712955794 0.00235787563763032 0.0
0.421948660163238 0.064133436354649 0.0
0.420907670927614 0.125787419249711 0.0
0.418728925449527 0.187246016436187 0.0
0.415072137692025 0.248413001377492 0.0
0.409540766718148 0.309172779999154 0.0
0.40169086798487 0.36940318973355 0.0
0.391047738254573 0.429000845535891 0.0
0.468857527636877 -0.676577911731313 0.0
0.470134672972255 -0.614931307544382 0.0
0.471648498645342 -0.553160285564924 0.0
0.473321044919064 -0.491289020589621 0.0
0.475083343091643 -0.429326626451642 0.0
0.476875687721113 -0.367274936840649 0.0
0.478641318789216 -0.30513359684709 0.0
0.480319375499494 -0.242903168872513 0.0
0.481837905251562 -0.180587801861303 0.0
0.48310661498994 -0.118197344951428 0.0
0.484008912170323 -0.0557503399718891 0.0
0.484393032403696 0.00672247425322041 0.0
0.484062144684396 0.069173072337173 0.0
0.482763641822714 0.131529824143559 0.0
0.480178127364803 0.193688848322268 0.0
0.475908667615369 0.25550568393357 0.0
0.469468917065055 0.316788596854373 0.0
0.460266445802601 0.37729596923974 0.0
0.447599311837153 0.436747253676006 0.0
0.530872495721342 -0.675696206344866 0.0
0.532087678658372 -0.613935866565028 0.0
0.533609604050236 -0.552011176596716 0.0
0.53532189464455 -0.489937420284485 0.0
0.537139421403352 -0.427714058112223 0.0
0.538994503657367 -0.365334387416914 0.0
0.540824802263425 -0.302790590623718 0.0
0.542563713109679 -0.240076474535414 0.0
0.544131976331047 -0.177189875769118 0.0
0.545429488658921 -0.114134797130526 0.0
0.546326540992342 -0.0509248785609124 0.0
0.546654039622536 0.012411929683535 0.0
0.546192269000552 0.0758260095187971 0.0
0.544657776861846 0.139235732645099 0.0
0.541687541469876 0.202511868638789 0.0
0.536818626714804 0.265457408651578 0.0
0.529459310779937 0.32778105377664 0.0
0.518847767219305 0.389064572415495 0.0
0.504008210976978 0.448735956579626 0.0
0.592762104448658 -0.674617437248165 0.0
0.593963354843248 -0.612763707922618 0.0
0.595508852911552 -0.550693540670772 0.0
0.597260090775227 -0.488406672099375 0.0
0.599124861509347 -0.42589071442512 0.0
0.601032040481277 -0.363129480543238 0.0
0.602915989612222 -0.300106357274857 0.0
0.604705550928163 -0.236805691446282 0.0
0.606314865494061 -0.173214264651357 0.0
0.607634530094777 -0.109322878600711 0.0
0.608522073549457 -0.0451296536661472 0.0
0.608791066865212 0.0193549691885444 0.0
0.608197967807822 0.0840996207807285 0.0
0.606425393757067 0.149038483810817 0.0
0.603059365132643 0.214048248678387 0.0
0.597556548472444 0.278911313131441 0.0
0.589195919003734 0.343254341229046 0.0
0.57701099845593 0.406448712338804 0.0
0.559700537233047 0.467465182447893 0.0
0.654492744969143 -0.673622553799306 0.0
0.655714299234568 -0.611707771223538 0.0
0.657284401587742 -0.549500349940404 0.0
0.659063327087854 -0.486983559428285 0.0
0.660959677456569 -0.424136062109279 0.0
0.66290182676614 -0.360934473212178 0.0
0.664821781663201 -0.297353328487582 0.0
0.666643986782181 -0.233364510925927 0.0
0.668275800017972 -0.168937460164991 0.0
0.669598021839859 -0.104039668245403 0.0
0.670454318639378 -0.0386387294223247 0.0
0.670638535649651 0.027294298903236 0.0
0.669878276263509 0.0937783932016179 0.0
0.667811984750036 0.160811275723905 0.0
0.663954361526063 0.228347054699816 0.0
0.657641732081148 0.296253256962065 0.0
0.647945884319042 0.364221075309468 0.0
0.633550298449932 0.431573674249168 0.0
0.612618632428948 0.496856345535868 0.0
