-0.51657044530484 -0.68850600523937 0.0
0.720723498534691 -0.710207073986563 0.0
-0.436779594421387 0.61237245798111 0.0
0.61237245798111 0.61237245798111 0.0
-0.455435774520151 -0.690885923683115 0.0
0.71979569892746 -0.648567022189866 0.0
0.563691846805423 0.568815824611059 0.0
-0.448277246422993 0.535402991859119 0.0
-0.394329054535652 -0.693109298240729 0.0
0.719463512645967 -0.586434493455102 0.0
0.508183013279937 0.54297494039697 0.0
-0.461032446004077 0.462623218585852 0.0
-0.333296805451867 -0.695450557222801 0.0
0.719332338366709 -0.523810027146371 0.0
0.451320901497561 0.52544426049973 0.0
-0.469472069314948 0.391955409853477 0.0
-0.272326217590584 -0.698069779290812 0.0
0.719136506007993 -0.460715756038345 0.0
0.394021045397059 0.512474447047577 0.0
-0.474934790943558 0.323114785394966 0.0
-0.211381039786981 -0.701040598034406 0.0
0.718658956680159 -0.397187030632737 0.0
0.336501937195367 0.502345718794868 0.0
-0.478812729419445 0.255803739452844 0.0
-0.150405330346207 -0.70437268839486 0.0
0.717703890085959 -0.333272639757461 0.0
0.278853897238535 0.494154550104634 0.0
-0.482037699109656 0.18969119430227 0.0
-0.0893302106055095 -0.708016655347903 0.0
0.71610013396523 -0.269035723576463 0.0
0.221150018785154 0.487375397106511 0.0
-0.485138850913999 0.124467696772343 0.0
-0.0280792785253916 -0.711873175523013 0.0
0.71373143953094 -0.204547279392859 0.0
0.163477279661305 0.481696840128481 0.0
-0.488270911187581 0.0598888276277195 0.0
0.0334284475599173 -0.715783309470932 0.0
0.710584202827835 -0.139865653124298 0.0
0.105951819226643 0.477000810257719 0.0
-0.491323298099538 -0.00419640371695175 0.0
0.0952728924127152 -0.719494172173229 0.0
0.706779550847562 -0.075002290319929 0.0
0.0487081666616238 0.473818876474388 0.0
-0.494134998543954 -0.0678516785765693 0.0
0.157509970124772 -0.722655223831078 0.0
0.702535762358903 -0.00989417949378632 0.0
-0.00784348440712561 0.467839899954993 0.0
-0.496655035445935 -0.131089270900818 0.0
0.220134868370636 -0.724906481466039 0.0
0.698041951958911 0.0555901608141417 0.0
-0.0644444592989507 0.462644838861182 0.0
-0.498975039199508 -0.193900750660256 0.0
0.283064720011267 -0.726001727599072 0.0
0.693323935572289 0.121612228113994 0.0
-0.12120523910404 0.46555630548734 0.0
-0.501564470656967 -0.256269732225483 0.0
0.346159562515701 -0.725869209723066 0.0
0.688209467645372 0.188331654745648 0.0
-0.17725715374688 0.468326917026304 0.0
-0.502986848958177 -0.318544950039442 0.0
0.409260142949754 -0.724594455210647 0.0
0.682367113488213 0.255902041848732 0.0
-0.232067565345133 0.475604232011451 0.0
-0.504589875882925 -0.380747668431574 0.0
0.472218467912349 -0.722371518185951 0.0
0.675312618673237 0.324482239397724 0.0
-0.287421810801678 0.481987327737488 0.0
-0.506946561482907 -0.442645352148515 0.0
0.534912907725038 -0.719463631912667 0.0
0.666345645811629 0.394252031562562 0.0
-0.343626202705022 0.491499833614515 0.0
-0.509341762167425 -0.504319025338211 0.0
0.597253930283946 -0.716188768470904 0.0
0.654365705658629 0.465418452514183 0.0
-0.395912322508728 0.514047619986656 0.0
-0.511856348626593 -0.565824725928819 0.0
0.65919030836354 -0.71293323125632 0.0
0.637451987383063 0.538161423906135 0.0
-0.444802505360308 0.546716376399406 0.0
-0.514164418649259 -0.62720562554349 0.0
-0.453060200538586 -0.629563170637134 0.0
-0.450693567211465 -0.568122381120902 0.0
-0.448202537291114 -0.506521225707248 0.0
-0.445864167495491 -0.444828167901081 0.0
-0.443577672328724 -0.383047750921233 0.0
-0.441879676243628 -0.320988695307498 0.0
-0.440410046788427 -0.258496835479842 0.0
-0.438070395643261 -0.195670428336768 0.0
-0.435755343299369 -0.132605494818256 0.0
-0.433232430127037 -0.0692351178196277 0.0
-0.430429401995455 -0.005514147621486 0.0
-0.427423816933379 0.0585848652452858 0.0
-0.424422331101199 0.123085767771512 0.0
-0.421566066084182 0.188035722898551 0.0
-0.418708727912877 0.253501961157917 0.0
-0.4153591560446 0.31951515796291 0.0
-0.410731466755029 0.385962869572554 0.0
-0.40373763520131 0.452382458003787 0.0
-0.392900283124128 0.517280976210576 0.0
-0.391923179472322 -0.631753578179275 0.0
-0.389479941827434 -0.570294762218227 0.0
-0.387045635708448 -0.508701249984707 0.0
-0.384762233240519 -0.446958817167624 0.0
-0.382696252064224 -0.384983985158948 0.0
-0.381036841170374 -0.322810781631298 0.0
-0.379395877679201 -0.26046117761498 0.0
-0.377303225889613 -0.197788708182123 0.0
-0.375084963616367 -0.134846870084015 0.0
-0.372619608978405 -0.0716326685798041 0.0
-0.369859626482019 -0.00815790095410333 0.0
-0.366926840672085 0.0555254063135708 0.0
-0.364128860549649 0.119330605041638 0.0
-0.361685373189146 0.183176299670193 0.0
-0.359472482780376 0.246969486248005 0.0
-0.357050728108648 0.310529334756375 0.0
-0.353778168751662 0.373519114545198 0.0
-0.34836667061876 0.435403552052145 0.0
-0.408344097641532 0.456729242312998 0.0
-0.330800440839487 -0.634120921171239 0.0
-0.328309836131382 -0.572687904025335 0.0
-0.325939032140249 -0.51112212549303 0.0
-0.323790672254387 -0.44939368260473 0.0
-0.321910364253075 -0.387486723514237 0.0
-0.320291823000015 -0.325431714498279 0.0
-0.318650166181457 -0.263196324667296 0.0
-0.316740842382408 -0.200713679494607 0.0
-0.314640139457504 -0.138013433998503 0.0
-0.312240766370252 -0.0751216949507065 0.0
-0.309487049398322 -0.0120998670372916 0.0
-0.306552738902901 0.0509247847398183 0.0
-0.303924470980718 0.113781010091345 0.0
-0.301919279310572 0.17634989070793 0.0
-0.300351091330644 0.238558678178637 0.0
-0.298696837939811 0.300325327475188 0.0
-0.296243486608131 0.361594244285197 0.0
-0.358505405072287 0.374231742271733 0.0
-0.355473582866806 0.432591149238979 0.0
-0.26969829228832 -0.636789334761614 0.0
-0.267184254137767 -0.575422183336227 0.0
-0.264903325283325 -0.51393926300611 0.0
-0.262907718012872 -0.452319746004983 0.0
-0.261186555501219 -0.390558629076077 0.0
-0.259655160349897 -0.328660814823095 0.0
-0.258098424039149 -0.266601726751889 0.0
-0.256347938360262 -0.204354971569136 0.0
-0.25435616504875 -0.141943651965349 0.0
-0.251979148442095 -0.0794053810649013 0.0
-0.249105720518046 -0.0168241291793645 0.0
-0.245977514758763 0.0456261072878689 0.0
-0.243404306149504 0.107730983708111 0.0
-0.241788454195837 0.169442935090634 0.0
-0.240749370276496 0.230842031308018 0.0
-0.239640709262746 0.292029643180659 0.0
-0.301832218852162 0.300390145730899 0.0
-0.300327899571747 0.360587711637716 0.0
-0.297186736959429 0.420677951395392 0.0
-0.208601852821979 -0.639827296573145 0.0
-0.206088068604467 -0.578555395159084 0.0
-0.203917653902941 -0.51719164650236 0.0
-0.202083181849908 -0.45571461917201 0.0
-0.200521397011102 -0.394116045265251 0.0
-0.199112949599962 -0.332391205653507 0.0
-0.197680382484838 -0.270522438965831 0.0
-0.196073069775042 -0.208495870026518 0.0
-0.194164282673675 -0.146321215759361 0.0
-0.191732982941096 -0.084022377501682 0.0
-0.188540266545968 -0.0216761588121399 0.0
-0.184935675026085 0.0405002562170108 0.0
-0.182348905869367 0.102232777431978 0.0
-0.181186682444214 0.163604267694625 0.0
-0.180701706170685 0.224838571609208 0.0
-0.242454091513342 0.230755741505587 0.0
-0.242208991855815 0.291570352414851 0.0
-0.24096375464958 0.35241279300787 0.0
-0.238332318057764 0.413695574043504 0.0
-0.147479601751275 -0.643235305666942 0.0
-0.144996460787565 -0.582069959740918 0.0
-0.142960588028463 -0.520834087961206 0.0
-0.141300009467141 -0.459501894189205 0.0
-0.139907752985008 -0.398060272955689 0.0
-0.138647927013241 -0.336497464913332 0.0
-0.137361352859448 -0.274793283313769 0.0
-0.135892950185418 -0.212925221672402 0.0
-0.134050762454783 -0.150873247257474 0.0
-0.131494357896413 -0.0886188861867959 0.0
-0.127722584608135 -0.0262012139074495 0.0
-0.123257386932645 0.0360902736239256 0.0
-0.120746216419218 0.097843989884423 0.0
-0.120251480091647 0.15936448424173 0.0
-0.181466563792706 0.163576011816425 0.0
-0.182039852626074 0.224559784850924 0.0
-0.182219464198545 0.285385040959368 0.0
-0.181724169794165 0.346153462947296 0.0
-0.180242680965039 0.406947278204665 0.0
-0.0862922966447862 -0.64695641307318 0.0
-0.0838844228011889 -0.585896444010709 0.0
-0.0820146055438105 -0.524785080742348 0.0
-0.0805467454128138 -0.463593371288702 0.0
-0.0793414651186998 -0.402304139903944 0.0
-0.0782573320162877 -0.340898169650901 0.0
-0.0771464163493258 -0.279343762130618 0.0
-0.0758447079551268 -0.217592499012767 0.0
-0.074101758603396 -0.155570850486328 0.0
-0.071410907270287 -0.0931710502543673 0.0
-0.0667217493431756 -0.0303196064135508 0.0
-0.0607920408753023 0.0326260835678997 0.0
-0.0587453266895689 0.095043549315615 0.0
-0.119184961341042 0.0984592255446082 0.0
-0.120211576179957 0.159851560855821 0.0
-0.121183644272105 0.220987512941687 0.0
-0.121851874671702 0.281899473813358 0.0
-0.122128361044957 0.342715528072757 0.0
-0.122104801476808 0.403734347977778 0.0
-0.0249987190170175 -0.65088633451754 0.0
-0.0227268632973824 -0.58992736016237 0.0
-0.0210612215189968 -0.528942962271485 0.0
-0.0198110263391293 -0.467908303176383 0.0
-0.0188203434632669 -0.406809432394276 0.0
-0.0179552261299013 -0.345626808149731 0.0
-0.0170850147947052 -0.284320398977042 0.0
-0.0160491530319696 -0.222811260606355 0.0
-0.0145599434143217 -0.160945799736684 0.0
-0.0119203862981947 -0.0984316194018328 0.0
-0.00589833890499677 -0.0348390191346448 0.0
0.00258489075595794 0.0302024723622494 0.0
-0.0556982090425194 0.0352393349009379 0.0
-0.0570041645151886 0.0975576710719002 0.0
-0.0584982473798221 0.15925131963099 0.0
-0.0598746207918507 0.220449351918883 0.0
-0.0611206067179278 0.281287111201439 0.0
-0.0624013960233029 0.341863323102233 0.0
-0.0643520508064039 0.402190010499015 0.0
0.0364445629438986 -0.654858993791227 0.0
0.0385104869961524 -0.593997239411175 0.0
0.039935307398921 -0.533158001000035 0.0
0.0409436690125058 -0.472337353531423 0.0
0.0416857972591631 -0.411550521280493 0.0
0.0422651545721798 -0.350823190858759 0.0
0.0427617157616152 -0.290191495217018 0.0
0.0432593937751562 -0.229710761122793 0.0
0.0439111664470331 -0.169473585268569 0.0
0.0451924503766785 -0.109634187316301 0.0
0.0511753806086149 -0.0505598901682218 0.0
0.0130971210141586 -0.022021004262827 0.0
0.00828097192950905 0.0395740890944028 0.0
0.00583190550938679 0.101076536750738 0.0
0.00378767419321835 0.162253819643574 0.0
0.00190629845210206 0.223241951110882 0.0
1.84070109289817e-05 0.284206551501746 0.0
-0.00223082573155197 0.345342804510721 0.0
-0.0061832914797642 0.406837059177939 0.0
0.0980888683359788 -0.658604430469313 0.0
0.0998880843484907 -0.597816810204481 0.0
0.101059054979557 -0.537113500658362 0.0
0.101836124397451 -0.476517999285658 0.0
0.102349698227792 -0.41608204171433 0.0
0.102667990867699 -0.355884373755636 0.0
0.102822928363668 -0.296040678340496 0.0
0.10282952585922 -0.236722949076713 0.0
0.102719517755792 -0.178180309520674 0.0
0.102810133082601 -0.120701576049255 0.0
0.0999449828150603 -0.063613176252926 0.0
0.0781178150653083 -0.0120040291331663 0.0
0.0723696380972069 0.0468208139548912 0.0
0.0690215033158127 0.10680228145538 0.0
0.0663173965671437 0.167238183552664 0.0
0.0637763041299656 0.227977516223948 0.0
0.0610546990286116 0.289040867771762 0.0
0.0576092707194825 0.35049935333138 0.0
0.0527086164489181 0.412179033086174 0.0
0.159983423922121 -0.661748511223204 0.0
0.161479556998826 -0.600964702613679 0.0
0.162419662320077 -0.540299896289668 0.0
0.163026297750396 -0.479783842642189 0.0
0.163408217967697 -0.419463554944342 0.0
0.163614634376901 -0.359392339108762 0.0
0.163666307334223 -0.299617081728 0.0
0.163571383624971 -0.240150389491951 0.0
0.163317612116932 -0.180900942891216 0.0
0.162144360687339 -0.121451084948209 0.0
0.155979186667481 -0.0620482705984824 0.0
0.141855608026586 -0.00624841186033002 0.0
0.135927833212292 0.0525086420397266 0.0
0.132004283164931 0.112243808189229 0.0
0.128696583757834 0.172510713144496 0.0
0.125448424959852 0.233144760717537 0.0
0.121821494162735 0.294052921174497 0.0
0.117340521360652 0.355074067138484 0.0
0.11192062253771 0.415919958584861 0.0
0.222140444993422 -0.663921572420387 0.0
0.223316674231458 -0.603041087817014 0.0
0.224060030472645 -0.542265095950355 0.0
0.224555010509097 -0.481612288664201 0.0
0.224875529545611 -0.421101400500184 0.0
0.225038969060796 -0.360736335871439 0.0
0.225025339601603 -0.300490203355673 0.0
0.224755395003093 -0.240283193605607 0.0
0.223894639392568 -0.179954251815018 0.0
0.221244416759919 -0.119457547675573 0.0
0.214582560378143 -0.0597538269619915 0.0
0.204658517576994 -0.00171117297978882 0.0
0.198924875198752 0.0575887636101927 0.0
0.194660233317933 0.11755118980585 0.0
0.190849725120312 0.177925161003284 0.0
0.186958471085684 0.238569710896336 0.0
0.182557318521475 0.299358931617847 0.0
0.177293860305452 0.360145617817929 0.0
0.170983804143269 0.420893127704215 0.0
0.284512485509935 -0.664892001455591 0.0
0.285361738267736 -0.603831091584953 0.0
0.285929495888369 -0.542824947451291 0.0
0.286334646049749 -0.481884071288147 0.0
0.286598138357033 -0.421008263637203 0.0
0.286687008945435 -0.360177400305499 0.0
0.286515798576591 -0.29934608074967 0.0
0.285885962457294 -0.238445582143123 0.0
0.28431180457935 -0.177442096876887 0.0
0.280844954171886 -0.116558012107436 0.0
0.274574036844619 -0.0564170311966706 0.0
0.266961653424318 0.00291627962399859 0.0
0.261515632885976 0.0628212400475163 0.0
0.257042380699727 0.123153303563701 0.0
0.252823326464554 0.183767954389127 0.0
0.248380402623173 0.244548028025617 0.0
0.243311971383935 0.305379015914212 0.0
0.237265938263649 0.366159632534782 0.0
0.229962183377267 0.426835242687944 0.0
0.347007253208875 -0.664615095060759 0.0
0.347533924148853 -0.603333242255614 0.0
0.347936688160268 -0.542044614906184 0.0
0.348249342337205 -0.480762081498402 0.0
0.348430093555789 -0.419482041240596 0.0
0.348390871414116 -0.358183914346178 0.0
0.34798438763483 -0.29683612004122 0.0
0.34694781211895 -0.235419063970435 0.0
0.344823921841892 -0.173992687514247 0.0
0.341005004693784 -0.112791823271406 0.0
0.335307608151581 -0.0521495746621421 0.0
0.329013447882725 0.00808137619571129 0.0
0.323830677376982 0.0685907022105006 0.0
0.31922034837261 0.129371657788556 0.0
0.314667734584542 0.190332837008625 0.0
0.309748140097036 0.251370664122011 0.0
0.304067995354113 0.312374114019751 0.0
0.29725019140821 0.373231976866207 0.0
0.288941272763502 0.433847943199892 0.0
0.409518761842255 -0.663199558212952 0.0
0.409746976447931 -0.601695691136457 0.0
0.409997881334339 -0.540126164809734 0.0
0.410212351086507 -0.478512479774329 0.0
0.410286574210018 -0.416855457600429 0.0
0.41008448843349 -0.355143362327537 0.0
0.409419595909913 -0.293365798028683 0.0
0.408021624607416 -0.231540341256139 0.0
0.405528061682758 -0.1697555809227 0.0
0.401618705960001 -0.108193490280854 0.0
0.39643778131652 -0.0470045621968127 0.0
0.390925312960925 0.0139789997079338 0.0
0.385948166971125 0.0751195065344003 0.0
0.381240179233386 0.136438757664763 0.0
0.376413438939589 0.197864836897602 0.0
0.371079474643373 0.259292831510322 0.0
0.364839776967672 0.320595995147109 0.0
0.357277164478878 0.381631604025936 0.0
0.347958295233723 0.44225226656594 0.0
0.471952072313642 -0.660852512604078 0.0
0.471930467745526 -0.599149831866041 0.0
0.472052512239206 -0.53732953840259 0.0
0.472169877868509 -0.475420453313278 0.0
0.472125785486343 -0.413427838049679 0.0
0.471749795589299 -0.351348837110295 0.0
0.470839612646157 -0.289189086141568 0.0
0.469149907354326 -0.226983668041821 0.0
0.466425762232918 -0.16481767613901 0.0
0.462545102777658 -0.102811233203921 0.0
0.457763199721534 -0.0410153952508062 0.0
0.452728391371366 0.0207077400675158 0.0
0.447899460416835 0.0825550450104945 0.0
0.443118157864985 0.144540308486327 0.0
0.43806808239399 0.206592188403428 0.0
0.432378973925493 0.26859332192581 0.0
0.425634378362602 0.330388370586955 0.0
0.417361271700194 0.391784079171364 0.0
0.407018154365148 0.452553466363767 0.0
0.534234966113509 -0.657843345867809 0.0
0.534033940346705 -0.595977578146423 0.0
0.534058339723885 -0.533945885194816 0.0
0.534085859248701 -0.471776642075346 0.0
0.53392178283197 -0.409475631072026 0.0
0.533376268233318 -0.347045966273002 0.0
0.532248270198181 -0.284502946994365 0.0
0.530331348285249 -0.221886684756853 0.0
0.527464583026956 -0.159265698757398 0.0
0.52364611056935 -0.0967089473278978 0.0
0.519144837887888 -0.034217155593174 0.0
0.514403693947306 0.0283142136145482 0.0
0.509674537110344 0.090995891497186 0.0
0.504835710065142 0.153828202378132 0.0
0.499604896779802 0.216736987514453 0.0
0.493613631578039 0.279592343652476 0.0
0.486415406361267 0.342204950488178 0.0
0.477464847389779 0.404309635473627 0.0
0.466073532059131 0.465545300744808 0.0
0.596320491603709 -0.654496907222455 0.0
0.596021011150883 -0.592511117258941 0.0
0.595978851875495 -0.530302834060299 0.0
0.595924767476018 -0.467888964375968 0.0
0.595644451335618 -0.405273548278012 0.0
0.594941373703065 -0.342465394596187 0.0
0.593625235563785 -0.279487535803054 0.0
0.591529207803332 -0.216380841961676 0.0
0.588563428690674 -0.153196457858146 0.0
0.584792662998992 -0.0899670269147894 0.0
0.580466655355192 -0.0266673308405102 0.0
0.57589690121274 0.0367863768291846 0.0
0.571224545771324 0.100467468596778 0.0
0.566331470748102 0.164378986736938 0.0
0.560943008737825 0.228463207196635 0.0
0.554677735167365 0.292601988092815 0.0
0.54704758273669 0.356592623233697 0.0
0.53741838610341 0.420095465302732 0.0
0.524919579270976 0.482544622195861 0.0
0.658182914652748 -0.651218012150942 0.0
0.657855109840806 -0.589157909060651 0.0
0.657765556606083 -0.526780547280681 0.0
0.657635584554401 -0.464090650279454 0.0
0.657246927196614 -0.401097428611142 0.0
0.656403676092195 -0.33782251985756 0.0
0.654927800208116 -0.274302082640825 0.0
0.652684092439604 -0.210582713927702 0.0
0.649630552361945 -0.146706994650623 0.0
0.645867514822625 -0.0826865739302384 0.0
0.641623800900331 -0.0184794138724115 0.0
0.637132826372859 0.0459995870337904 0.0
0.63246993652755 0.110832996590161 0.0
0.627499578518425 0.176068462024699 0.0
0.62193152021411 0.241717236142041 0.0
0.615352161572687 0.307743475668457 0.0
0.607207906652721 0.374026599824699 0.0
0.596734833515978 0.440269035437152 0.0
0.582820884619243 0.505773540669508 0.0
