-0.520794434540876 -0.699742240994046 0.0
0.71306007762004 -0.734012634311222 0.0
-0.420144689083099 0.61237245798111 0.0
0.61237245798111 0.61237245798111 0.0
-0.459661965258309 -0.702387645329193 0.0
0.713744181221524 -0.672452715305358 0.0
0.581951105422411 0.557201205454465 0.0
-0.444014558292627 0.534030973176147 0.0
-0.398547279937966 -0.704877645247057 0.0
0.714976079788682 -0.610511377028909 0.0
0.534359327302765 0.525343011492354 0.0
-0.460421106803072 0.458732685931409 0.0
-0.337495969787085 -0.707486161400463 0.0
0.716540278700295 -0.548164721612809 0.0
0.482536228958327 0.506979533731776 0.0
-0.471207880598516 0.386086581123737 0.0
-0.276491200698373 -0.710369913415939 0.0
0.718310504416689 -0.485397133149294 0.0
0.429465136334775 0.495869300140564 0.0
-0.47858003395044 0.315668338020763 0.0
-0.215488654219546 -0.713578189835186 0.0
0.720200074389134 -0.422190276898091 0.0
0.375808251954676 0.488927789489947 0.0
-0.483853628954369 0.247026541790162 0.0
-0.154424643335921 -0.717067474544267 0.0
0.722138200402088 -0.358518603790066 0.0
0.32176345075384 0.484687739271647 0.0
-0.487804021124018 0.179794725944779 0.0
-0.0932305265455597 -0.720713949316443 0.0
0.724055575249493 -0.294347465291772 0.0
0.267452537349891 0.482414401270134 0.0
-0.490909549118486 0.113693779421957 0.0
-0.0318477501750138 -0.724347395815297 0.0
0.725873551066467 -0.229631970475828 0.0
0.212998145834851 0.481754857908905 0.0
-0.493478000041582 0.0485130379361538 0.0
0.0297611381622632 -0.727787107176944 0.0
0.727494264173489 -0.164316561136139 0.0
0.158548484448231 0.482621907236183 0.0
-0.495714888046759 -0.0159070605659989 0.0
0.091607875237652 -0.730868934667712 0.0
0.728790238694428 -0.0983342282644084 0.0
0.104466097072523 0.48717174728546 0.0
-0.497763957175297 -0.0796865162770193 0.0
0.153678516827156 -0.733461300751169 0.0
0.729592142302289 -0.0316061947352028 0.0
0.0493280386365889 0.485601804339751 0.0
-0.499736904422916 -0.142913428505072 0.0
0.215937058522186 -0.735472498719845 0.0
0.729673131977902 0.0359588177723163 0.0
-0.00630064365168719 0.483599272109588 0.0
-0.501757571521322 -0.20564756579276 0.0
0.278330187053434 -0.736852658491924 0.0
0.728726901829269 0.104464944758648 0.0
-0.0611622452408093 0.49307993250247 0.0
-0.50425259857207 -0.267921971139938 0.0
0.340792588539531 -0.737593589859778 0.0
0.72633391391021 0.174029241926844 0.0
-0.116298442386156 0.500102569786029 0.0
-0.505782114892298 -0.330105785679434 0.0
0.403251143532205 -0.737729022030228 0.0
0.721904566406259 0.244777819226191 0.0
-0.170491223689237 0.509878349805835 0.0
-0.507582604149184 -0.392211175493936 0.0
0.465629711625561 -0.737336947921081 0.0
0.714576756930892 0.316832203564836 0.0
-0.22571054023575 0.515547353458382 0.0
-0.51015568912227 -0.454034182043521 0.0
0.527854205428165 -0.736544953599365 0.0
0.703020810389892 0.390261649801569 0.0
-0.281602462220938 0.522243159693234 0.0
-0.51278920763334 -0.515651953717497 0.0
0.589859144786973 -0.735539059344139 0.0
0.685053176660445 0.464927765157801 0.0
-0.334766335116541 0.540735403235807 0.0
-0.515546959435215 -0.57711539849347 0.0
0.651598220082544 -0.734577203946068 0.0
0.65689156693455 0.539980800582917 0.0
-0.386532109272593 0.564467381103938 0.0
-0.518121301686665 -0.638464936055444 0.0
-0.457017478075978 -0.641085642271575 0.0
-0.454387784235332 -0.579672052737338 0.0
-0.451651051676564 -0.518104739307853 0.0
-0.449068941502828 -0.456444749853396 0.0
-0.446561618613519 -0.394693677077646 0.0
-0.444665331169175 -0.332669049135793 0.0
-0.44309577388515 -0.270208862846175 0.0
-0.440868597608929 -0.207412440175867 0.0
-0.438892124465303 -0.144346112500072 0.0
-0.436977748783304 -0.0809238996662903 0.0
-0.435017335796664 -0.0170712504541338 0.0
-0.432906326660787 0.0472798736616157 0.0
-0.430514741095871 0.112193806136795 0.0
-0.427664758039728 0.17772515156046 0.0
-0.42410610202255 0.243895518983566 0.0
-0.419490807452588 0.31063543877657 0.0
-0.41337398342187 0.377646485622361 0.0
-0.405369480200133 0.444097697213641 0.0
-0.395984857265835 0.508025990817277 0.0
-0.395873518574602 -0.643543154941436 0.0
-0.393178058234925 -0.582107926314628 0.0
-0.390499439087564 -0.520536966331171 0.0
-0.387970428212891 -0.458814088252559 0.0
-0.385671124592365 -0.396860833726846 0.0
-0.383820004831229 -0.334709035655517 0.0
-0.382106205771138 -0.272384936235608 0.0
-0.380149406002502 -0.209751545668995 0.0
-0.378326662700533 -0.146860625919612 0.0
-0.376566240293011 -0.0837059926174905 0.0
-0.374793315506204 -0.020282538488199 0.0
-0.372927594202333 0.0433975568970179 0.0
-0.370871623720997 0.107289860114011 0.0
-0.368501435267348 0.171295027126014 0.0
-0.365661669836687 0.235222818997986 0.0
-0.362171550918512 0.298746062037423 0.0
-0.357854643959794 0.36136850628449 0.0
-0.352602506399213 0.422500034847731 0.0
-0.346162576352533 0.48185321040304 0.0
-0.334741644676094 -0.646180403720709 0.0
-0.332014950164211 -0.584771565090838 0.0
-0.329404869769592 -0.523227737564345 0.0
-0.327005393143249 -0.461523516119338 0.0
-0.32488248639328 -0.39965128844239 0.0
-0.323075959051158 -0.33765077137587 0.0
-0.321378691718131 -0.275505461688555 0.0
-0.319633368142792 -0.21316775143415 0.0
-0.317994685432729 -0.150681614903436 0.0
-0.316430914656334 -0.0880813370437266 0.0
-0.314891676284463 -0.0254138395503136 0.0
-0.313318273096252 0.0372488066679235 0.0
-0.311638627861657 0.0997988724007377 0.0
-0.309760365068392 0.16208485717108 0.0
-0.307563253823026 0.223910406373594 0.0
-0.30489238934093 0.285054222995394 0.0
-0.301563988590147 0.345326370363356 0.0
-0.297418092992085 0.404659362922906 0.0
-0.292784917365945 0.463237979267235 0.0
-0.273628281338959 -0.649117880513708 0.0
-0.270899429671193 -0.587779115284813 0.0
-0.268381905882428 -0.526327113157569 0.0
-0.266123012084898 -0.464753309557828 0.0
-0.264142359995836 -0.403069529460391 0.0
-0.262412881207102 -0.341300748289188 0.0
-0.260800748393874 -0.279447810800544 0.0
-0.259232556540376 -0.217512455469067 0.0
-0.257768704369186 -0.155543362316334 0.0
-0.256389320847899 -0.093593400647355 0.0
-0.255055359292868 -0.0317257155786664 0.0
-0.253715158760388 0.0299840722270238 0.0
-0.252298703292589 0.0914510721449147 0.0
-0.250707996158758 0.152592736891614 0.0
-0.248806535141792 0.21335133537236 0.0
-0.246416087128301 0.273731056185996 0.0
-0.243344072197716 0.333845798749615 0.0
-0.239524428491262 0.393973760624939 0.0
-0.235632270418156 0.45456027971618 0.0
-0.212515448036803 -0.652394302959429 0.0
-0.209808880273383 -0.591152945537739 0.0
-0.207394066577418 -0.529832176634826 0.0
-0.205268256302035 -0.46843187243416 0.0
-0.203411044376957 -0.40696893418115 0.0
-0.201770178127536 -0.345467245618295 0.0
-0.200255214928317 -0.283942497119586 0.0
-0.198823898644416 -0.222417614750885 0.0
-0.197494215675182 -0.160938865873313 0.0
-0.196247263989021 -0.0995547741149635 0.0
-0.195047083539979 -0.0383140058725359 0.0
-0.193842761561099 0.0227392949640905 0.0
-0.192563674998909 0.0835745204621612 0.0
-0.19111377304728 0.144189138613615 0.0
-0.189370391556396 0.204627316694925 0.0
-0.187198597878652 0.265002013489929 0.0
-0.184505405560736 0.325514555904916 0.0
-0.181375184783673 0.386448456047495 0.0
-0.177912205623075 0.447984084494902 0.0
-0.151365658100304 -0.655949867237961 0.0
-0.148703682152159 -0.594806724729092 0.0
-0.146394564222447 -0.533617815360417 0.0
-0.144388606361283 -0.472386533888612 0.0
-0.14263533170007 -0.411131322916497 0.0
-0.141073710260884 -0.349875906626243 0.0
-0.139637803789547 -0.288642071033019 0.0
-0.138297223287445 -0.227457068214391 0.0
-0.137050926093288 -0.166357837582932 0.0
-0.135880160614763 -0.105378996805673 0.0
-0.134753329370334 -0.0445487235379813 0.0
-0.133626809317701 0.0161162323423276 0.0
-0.13244370878392 0.0766167816513519 0.0
-0.131134958877003 0.136978744512592 0.0
-0.129628526056608 0.197257736204378 0.0
-0.127876417838681 0.257538169989278 0.0
-0.125908771208229 0.317913135381452 0.0
-0.123842914071784 0.378414871533682 0.0
-0.12134226174705 0.43895377904387 0.0
-0.0901336812201931 -0.659646697402067 0.0
-0.0875401375438036 -0.598580741202578 0.0
-0.0853366913407703 -0.537496707083376 0.0
-0.0834343378800154 -0.476398933981432 0.0
-0.0817625644246362 -0.41530499763022 0.0
-0.0802590936026208 -0.354236926063473 0.0
-0.0788730660707291 -0.293216700480144 0.0
-0.0775805659198535 -0.232268912010056 0.0
-0.0763743485280991 -0.171420869794834 0.0
-0.0752394542790278 -0.110695605618518 0.0
-0.0741534287696579 -0.0501088160816663 0.0
-0.0730874562492347 0.0103340064302875 0.0
-0.0720081732385691 0.0706400352837876 0.0
-0.0708831348779487 0.130831132050339 0.0
-0.0696939193349838 0.190943007244816 0.0
-0.068459970072059 0.251020879393722 0.0
-0.0672581774498292 0.311108966753387 0.0
-0.0661512926004984 0.371255907075224 0.0
-0.0650193602680896 0.43168384034321 0.0
-0.0287780328028147 -0.66330667656044 0.0
-0.026279182320399 -0.602284709113339 0.0
-0.0241806127781177 -0.541263443035572 0.0
-0.0223650878872605 -0.480247176080688 0.0
-0.0207517379776844 -0.419251754110486 0.0
-0.0192819421733871 -0.358296829567322 0.0
-0.0179164258498267 -0.297402374598758 0.0
-0.0166376296299034 -0.236589043913075 0.0
-0.0154396936525932 -0.175877303096168 0.0
-0.0143149811231392 -0.115283493670054 0.0
-0.0132534033302006 -0.054818265133452 0.0
-0.0122442899271775 0.00551444469593791 0.0
-0.0112803257302894 0.0657172677163812 0.0
-0.0103655882858208 0.12579785011851 0.0
-0.00953001275171586 0.185762866647677 0.0
-0.00884926210676208 0.245605893119785 0.0
-0.0084568010556945 0.305286753583393 0.0
-0.00855517205673422 0.364716398955004 0.0
-0.00978233790358691 0.423737079271488 0.0
0.0327301550877835 -0.66674703899723 0.0
0.0351068930553913 -0.605732047604616 0.0
0.0371013046611022 -0.544726672240478 0.0
0.0388457915087936 -0.483735573253488 0.0
0.0404223416889624 -0.422773237708546 0.0
0.0418817503448695 -0.361857168447857 0.0
0.0432522425679721 -0.301004891939783 0.0
0.0445437442303768 -0.240233321157467 0.0
0.0457564970765323 -0.179557770961621 0.0
0.0468888796217122 -0.11898946206402 0.0
0.0479377910138769 -0.0585342917084481 0.0
0.0488962647330709 0.00180851714717294 0.0
0.0497488243950968 0.0620476730281527 0.0
0.0504637318425839 0.122201924529664 0.0
0.050982087468222 0.182302619209833 0.0
0.0512070033387356 0.242400897411456 0.0
0.0509934881675388 0.302587357240734 0.0
0.0500679495759528 0.363034274126909 0.0
0.0472389769928207 0.423964631529342 0.0
0.0944026168203329 -0.669805539042114 0.0
0.0966313145593112 -0.608762311246163 0.0
0.0985227664291007 -0.547728147034597 0.0
0.100210769037304 -0.486709312969285 0.0
0.101769804912514 -0.4257198561592 0.0
0.10323904505035 -0.364775632918077 0.0
0.104634949607046 -0.303891739465581 0.0
0.10595836174592 -0.243081536211245 0.0
0.107201335285945 -0.182355720629207 0.0
0.108351502281961 -0.121720334224643 0.0
0.109391524369589 -0.0611752266788637 0.0
0.110295868351299 -0.00071168066950646 0.0
0.11102526890125 0.0596907329613423 0.0
0.111518556517779 0.120069294852024 0.0
0.111682199104191 0.180484957276631 0.0
0.111378080790862 0.241033567680122 0.0
0.110398970220131 0.301859159546294 0.0
0.108368434134466 0.363139056082356 0.0
0.105055823442667 0.424836113208994 0.0
0.156232846792612 -0.672354576580469 0.0
0.158292383462523 -0.611252723233844 0.0
0.160084009853082 -0.550151071066721 0.0
0.161729396323614 -0.489059045961751 0.0
0.163287779200278 -0.42799123801296 0.0
0.164783384580657 -0.366962392163655 0.0
0.166219811827733 -0.305985505282671 0.0
0.167587455070583 -0.245071065123244 0.0
0.168868200864846 -0.184226506701178 0.0
0.17003710207979 -0.123454825331063 0.0
0.171060350148225 -0.0627535126946236 0.0
0.171890635720808 -0.00211295439401426 0.0
0.172460051018323 0.0584848849365835 0.0
0.172670377616778 0.119067293295274 0.0
0.172380980079811 0.179667960957519 0.0
0.171394098143246 0.24031708543399 0.0
0.169435981766927 0.301010227656963 0.0
0.166222539243534 0.361623124122097 0.0
0.162100619532549 0.42194123195991 0.0
0.218198205184636 -0.674307073032085 0.0
0.220075627436651 -0.613122178980017 0.0
0.221774238017482 -0.551921816754412 0.0
0.223391044346257 -0.490719968647364 0.0
0.224963598061922 -0.429532458817848 0.0
0.226498696695301 -0.368373324069162 0.0
0.227986256368477 -0.307254006330888 0.0
0.229405313099557 -0.246183304741704 0.0
0.230726314525225 -0.185167592057876 0.0
0.231910453110305 -0.124210379885873 0.0
0.232906093288127 -0.0633123986982959 0.0
0.233642909448276 -0.00247166717793859 0.0
0.234023966744761 0.0583152514901166 0.0
0.23391612288359 0.119050441157179 0.0
0.233139971565163 0.179727686088792 0.0
0.231462979557067 0.240321351531414 0.0
0.228618551216584 0.300771246063093 0.0
0.224444301979208 0.361005435394324 0.0
0.219148710873182 0.421163698250861 0.0
0.280263376083508 -0.675617565628007 0.0
0.281956851085268 -0.614331240000438 0.0
0.283574397148611 -0.553008454609364 0.0
0.285177541822351 -0.491668459082654 0.0
0.286777582516215 -0.430328289613037 0.0
0.288362696731875 -0.369001176984508 0.0
0.289909091306411 -0.307697238586577 0.0
0.291384375984845 -0.24642442295048 0.0
0.292747334735464 -0.185189607844915 0.0
0.293945240571122 -0.123999101688363 0.0
0.29490899032822 -0.0628597252125307 0.0
0.295546485158357 -0.00177995724817755 0.0
0.29573460749594 0.0592278788200974 0.0
0.295310536407252 0.120144753790603 0.0
0.294064341244428 0.180940380282615 0.0
0.291739505503408 0.241570117947245 0.0
0.288062634179236 0.301981824557364 0.0
0.282827304184507 0.362164825061497 0.0
0.275967477548678 0.422240956573727 0.0
0.342384840744451 -0.67628173464297 0.0
0.343905793253491 -0.61488129936896 0.0
0.34546000153861 -0.553419227683935 0.0
0.347065350693738 -0.491919453800357 0.0
0.348704798322036 -0.430399088193429 0.0
0.350348336979609 -0.368869602097118 0.0
0.351959460238009 -0.307339224417993 0.0
0.353495169741708 -0.245814884766477 0.0
0.354903269365222 -0.18430407170767 0.0
0.356117943232119 -0.122816036061704 0.0
0.357053800046995 -0.0613635255636219 0.0
0.357598631997259 3.55375264000563e-05 0.0
0.357605183862117 0.0613556597036879 0.0
0.356882679785225 0.122561366183613 0.0
0.355190172137093 0.183604105593982 0.0
0.352237465841559 0.244422095315751 0.0
0.347703644858548 0.304949184472818 0.0
0.341275366899182 0.365142348646824 0.0
0.332677717192751 0.425018366353162 0.0
0.40451460803611 -0.676336895689177 0.0
0.405888546596518 -0.614815433143097 0.0
0.407402178489311 -0.553203479452459 0.0
0.409025521308843 -0.491527215060487 0.0
0.410714125413544 -0.429801403864301 0.0
0.41242194374146 -0.368033891250442 0.0
0.414101690340207 -0.306229588784079 0.0
0.415701227687597 -0.244393193840042 0.0
0.417158579521098 -0.182531585844352 0.0
0.41839600919113 -0.120655544150671 0.0
0.419313059772202 -0.0587820541683873 0.0
0.419778583149177 0.00306334344613404 0.0
0.419621879974173 0.0648433327828885 0.0
0.418623523499188 0.126505363209247 0.0
0.416507404023144 0.187977170319101 0.0
0.41293714363407 0.249164541456846 0.0
0.407519873992611 0.309954290761193 0.0
0.399814390120898 0.370226665984977 0.0
0.389347100910291 0.42987980308063 0.0
0.46660447982642 -0.675865194584927 0.0
0.467869820877358 -0.614222528902378 0.0
0.469368142584535 -0.552456333413081 0.0
0.471022943555139 -0.490590436989864 0.0
0.472766592966802 -0.428633789435965 0.0
0.474540641783409 -0.366588144810928 0.0
0.47628959890579 -0.304453087686371 0.0
0.477953980943348 -0.242229091823316 0.0
0.47946341165828 -0.179920147975064 0.0
0.480729457750393 -0.117535832585396 0.0
0.481637747164929 -0.0550942432888887 0.0
0.482039161531721 0.00737457296384212 0.0
0.481739985179665 0.0698236317983822 0.0
0.480491205443211 0.132182822514758 0.0
0.477977453974532 0.194350412891574 0.0
0.473806123904122 0.256184862534398 0.0
0.467495254096462 0.317498188156375 0.0
0.458456615218935 0.378053245929711 0.0
0.445992062453101 0.437574290058152 0.0
0.528609690110458 -0.675000480435564 0.0
0.529813591291248 -0.613245275753351 0.0
0.531319899714389 -0.551327038814105 0.0
0.533014121840564 -0.489260824463255 0.0
0.534812676008398 -0.427046048085554 0.0
0.536649273988027 -0.364676028059171 0.0
0.538462966506159 -0.302142967201989 0.0
0.540188659195988 -0.239440646956273 0.0
0.541748825184705 -0.176566792073379 0.0
0.543045408037274 -0.113525158408217 0.0
0.543951139895956 -0.0503289359145569 0.0
0.54429983152404 0.0129946770917037 0.0
0.543875188448408 0.0763972599646465 0.0
0.542397726698475 0.139799029565788 0.0
0.539508934644051 0.203073520621219 0.0
0.534750869724357 0.266027749276316 0.0
0.527537179731345 0.328376090739696 0.0
0.517111688675906 0.389708060157252 0.0
0.502504508442851 0.449461804650517 0.0
0.590491321237849 -0.673939677286916 0.0
0.59168121548755 -0.61209203246945 0.0
0.59321076293225 -0.550029860994924 0.0
0.594943579261681 -0.4877528750545 0.0
0.596789112101378 -0.425248802433636 0.0
0.598677711264278 -0.362501603323921 0.0
0.600545222826479 -0.299494793436693 0.0
0.602322121074498 -0.23621279942628 0.0
0.60392443947521 -0.172642402730208 0.0
0.605245024990532 -0.10877428119266 0.0
0.606144104447792 -0.0446062387338102 0.0
0.60643848060402 0.0198519010423488 0.0
0.605888462758818 0.0845698561538391 0.0
0.604181229623076 0.149483627212773 0.0
0.600908165418485 0.214472856902233 0.0
0.595532176651356 0.279324655955065 0.0
0.587339325733965 0.343673138649978 0.0
0.575370703933284 0.406901349855189 0.0
0.558332111739531 0.467997943873545 0.0
0.652216020368935 -0.672960498767338 0.0
0.653425742545111 -0.611052357472516 0.0
0.654979519817353 -0.548854396551824 0.0
0.656739769022451 -0.486350113211577 0.0
0.658616758930815 -0.423518436987676 0.0
0.660540382576767 -0.360336243564815 0.0
0.662444215692287 -0.296778313036457 0.0
0.664254464872625 -0.232816750279407 0.0
0.665880562041973 -0.168421178589688 0.0
0.667205804660419 -0.103559203314137 0.0
0.668076893314041 -0.0381984044659319 0.0
0.668291375047894 0.0276903971595936 0.0
0.667581391170934 0.0941267927311667 0.0
0.665591001089727 0.161109757036344 0.0
0.661841957581781 0.228595741815277 0.0
0.655679584317636 0.296456537669995 0.0
0.646187153760451 0.36439110136229 0.0
0.632061981943206 0.431736862832054 0.0
0.61148070776582 0.497065236758416 0.0
