-0.524321433221882 -0.699213271593535 0.0
0.709349769558815 -0.733394269434446 0.0
-0.42588517665863 0.61237245798111 0.0
0.61237245798111 0.61237245798111 0.0
-0.463187567781395 -0.701834241664966 0.0
0.710045352186298 -0.671838004184066 0.0
0.580921119756055 0.557685730016033 0.0
-0.448972747848898 0.533976585113001 0.0
-0.402071555016429 -0.704298860616065 0.0
0.711280857424771 -0.609905018504704 0.0
0.532863493306782 0.526245359386592 0.0
-0.464898247045263 0.458748326845878 0.0
-0.341018530447444 -0.706879811727849 0.0
0.712844442718497 -0.547571896451218 0.0
0.480768757831869 0.508074747540135 0.0
-0.475393891999807 0.386200160462991 0.0
-0.280012020011966 -0.709732111624121 0.0
0.714612295275715 -0.484823350222025 0.0
0.427480237355781 0.497034517133812 0.0
-0.482583620218178 0.315873852031199 0.0
-0.219008551297718 -0.712905235561231 0.0
0.716499732360293 -0.421641365047587 0.0
0.373628571977656 0.490114690092456 0.0
-0.487739725072373 0.247310074859176 0.0
-0.157945473768441 -0.716357355177951 0.0
0.718437873309479 -0.358000765807181 0.0
0.319404448549836 0.485875553123839 0.0
-0.491613220294686 0.180141891590457 0.0
-0.0967551049434643 -0.719967225868227 0.0
0.720359468119264 -0.293867352132258 0.0
0.264925969604845 0.483591962800583 0.0
-0.494667959356901 0.11409170640735 0.0
-0.0353795482078356 -0.723567388690054 0.0
0.722188269625153 -0.229196753054348 0.0
0.210312325445076 0.482913589250378 0.0
-0.497202624879077 0.0489507427753196 0.0
0.0262184141514716 -0.726979558251906 0.0
0.723829340117379 -0.163933983361717 0.0
0.155708019452329 0.483757891132189 0.0
-0.49941676328043 -0.0154387935632373 0.0
0.0880507120194527 -0.730041414641209 0.0
0.725158847789358 -0.0980126252543816 0.0
0.101454558350567 0.488158923311883 0.0
-0.501450054986334 -0.0791953920662256 0.0
0.150103951128915 -0.732622564417342 0.0
0.726012053007494 -0.0313544534660403 0.0
0.0461859460456018 0.486702314551195 0.0
-0.503411285771949 -0.142405917349752 0.0
0.212342934088241 -0.734631886640056 0.0
0.726167965809511 0.0361313923388493 0.0
-0.00958473164780094 0.484909419747777 0.0
-0.505421927495869 -0.205129162402456 0.0
0.274715315324466 -0.736019572559107 0.0
0.725327868315634 0.104548930608785 0.0
-0.0646313161225282 0.494112515569155 0.0
-0.507903180219277 -0.267397570845121 0.0
0.337156830856327 -0.736777029435872 0.0
0.723082336358183 0.174015725008379 0.0
-0.119894737464135 0.501059855798612 0.0
-0.50942389854978 -0.329575033976748 0.0
0.399595433931991 -0.736937139078979 0.0
0.718855791922587 0.244659715694558 0.0
-0.174244952729544 0.510697359117812 0.0
-0.511215369167222 -0.391675899499257 0.0
0.461956028518215 -0.736576561713188 0.0
0.711806525840191 0.316607196856923 0.0
-0.229586255998295 0.516434840792286 0.0
-0.513773996253458 -0.453498968538913 0.0
0.524165483227651 -0.735820956710033 0.0
0.700635894473671 0.389939081296307 0.0
-0.285596346561251 0.523275803252653 0.0
-0.516388803546365 -0.5151180333123 0.0
0.58615909558152 -0.73485363920381 0.0
0.683208759154217 0.464545592543976 0.0
-0.33900360242108 0.541484185717336 0.0
-0.519124504328338 -0.576583174159665 0.0
0.647891010462127 -0.733928775612429 0.0
0.655815397353165 0.539648563790781 0.0
-0.390987153730932 0.565065253096723 0.0
-0.521674124508676 -0.637934435532906 0.0
-0.460569053366178 -0.640531113626762 0.0
-0.457964403411137 -0.57911653745698 0.0
-0.45524957776495 -0.517548623412455 0.0
-0.452685451840648 -0.455888583737093 0.0
-0.450193448677547 -0.394137965151481 0.0
-0.448308066712924 -0.332117470581113 0.0
-0.446745452467913 -0.269664713239841 0.0
-0.444528113527877 -0.206876690935508 0.0
-0.442560805472583 -0.14382175322791 0.0
-0.440657066768407 -0.0804144965953996 0.0
-0.438710943485247 -0.0165809106137982 0.0
-0.436620600028166 0.0477466267251652 0.0
-0.434259763631585 0.112632297259987 0.0
-0.431455834937162 0.178131159490526 0.0
-0.42796595245313 0.244266648513756 0.0
-0.423452444771423 0.310974158410292 0.0
-0.417483322356018 0.377966549323535 0.0
-0.409682374764853 0.444436030622116 0.0
-0.400535628894018 0.508455922037281 0.0
-0.399424582156427 -0.642963489593577 0.0
-0.396754003584084 -0.581527425641507 0.0
-0.394096518660833 -0.519955916436136 0.0
-0.391584681466791 -0.458233145833585 0.0
-0.389298778758612 -0.396281444584452 0.0
-0.387456871880475 -0.334132581272491 0.0
-0.385749910602237 -0.27181221727615 0.0
-0.383800590017825 -0.209184135264418 0.0
-0.381984997313811 -0.146299899697729 0.0
-0.380232832761908 -0.083153142507575 0.0
-0.378471033034174 -0.0197383366600845 0.0
-0.376621476691915 0.043933205338937 0.0
-0.37458947233513 0.107818651770535 0.0
-0.372254521144257 0.171821417286471 0.0
-0.369465380130531 0.235755694785298 0.0
-0.366045524602587 0.299300661314403 0.0
-0.36182145990943 0.361966951367741 0.0
-0.356682446101525 0.423164940560085 0.0
-0.350335896939665 0.482579185852439 0.0
-0.338292063025779 -0.64557256412061 0.0
-0.335589898555517 -0.584162057926612 0.0
-0.332999812715643 -0.522616703586666 0.0
-0.330615829908876 -0.460911393400605 0.0
-0.328504264760312 -0.399038564836158 0.0
-0.326705391760545 -0.337037643979698 0.0
-0.325013650512869 -0.274891962118201 0.0
-0.323273361290155 -0.21255383278743 0.0
-0.321639215767889 -0.150066644323634 0.0
-0.320080529594136 -0.0874639159070904 0.0
-0.318548248015262 -0.0247914876607559 0.0
-0.316985264764835 0.0378800893906495 0.0
-0.31532142078746 0.100445123783907 0.0
-0.313466616561606 0.162754623486277 0.0
-0.311303191856875 0.224614848903892 0.0
-0.308678699169481 0.285806248166045 0.0
-0.305409599722042 0.346137947866199 0.0
-0.301322850127858 0.405536730906065 0.0
-0.296692494105217 0.464183174353121 0.0
-0.277178112434214 -0.64847759680573 0.0
-0.274473164088162 -0.587135825658167 0.0
-0.271974125572725 -0.525680597689089 0.0
-0.269728810450058 -0.464103408251985 0.0
-0.267757511391893 -0.402415909627832 0.0
-0.266033975925135 -0.340642743575971 0.0
-0.26442565470213 -0.278784401741259 0.0
-0.262860207518407 -0.21684219671781 0.0
-0.261398381563898 -0.154864105954352 0.0
-0.260021162008037 -0.0929021933542046 0.0
-0.258690617117914 -0.0310187206084941 0.0
-0.257356492722693 0.0307115536239234 0.0
-0.255950579910851 0.0922043438109052 0.0
-0.254377189307154 0.153377015093597 0.0
-0.252502537711955 0.214170367184723 0.0
-0.250150591883163 0.274584814148961 0.0
-0.247126542532088 0.334727179342099 0.0
-0.243347166894278 0.394865315741539 0.0
-0.23943133701944 0.455434089711837 0.0
-0.216065215506054 -0.651717846430619 0.0
-0.213381603417263 -0.590472071143385 0.0
-0.2109835829841 -0.529146215530175 0.0
-0.208869441360366 -0.46774010007664 0.0
-0.207019753380678 -0.406270370993139 0.0
-0.205383239816045 -0.344760542882811 0.0
-0.203870531327688 -0.2832259161146 0.0
-0.2024401892594 -0.221688992133961 0.0
-0.201110693379726 -0.160195549697374 0.0
-0.199863926033718 -0.0987937161024862 0.0
-0.198664958006477 -0.0375319753520246 0.0
-0.1974641967937 0.0235453108800524 0.0
-0.196192671845519 0.0844066466644818 0.0
-0.194756226571761 0.14504759422912 0.0
-0.193033806581365 0.205509010800652 0.0
-0.190890096828423 0.26589883244751 0.0
-0.188225607270748 0.326411888865547 0.0
-0.1851055029326 0.387326054192025 0.0
-0.18161396334672 0.448828126608881 0.0
-0.154916549493448 -0.655235471392047 0.0
-0.152276235668345 -0.594086801618371 0.0
-0.149982143450767 -0.532891308659602 0.0
-0.147986084601959 -0.471652292880056 0.0
-0.146238788701236 -0.410387944701713 0.0
-0.144680251685229 -0.349121674189369 0.0
-0.143245451621041 -0.287874970029051 0.0
-0.141904670342432 -0.226674824197861 0.0
-0.140657365002776 -0.165557987139737 0.0
-0.13948544080529 -0.104559081257363 0.0
-0.138358112825837 -0.0437065860885953 0.0
-0.137232708381484 0.0169820332185396 0.0
-0.136053324767034 0.0775064414654861 0.0
-0.134751590550032 0.137890605998885 0.0
-0.133255021956545 0.198187748846753 0.0
-0.131512196375894 0.25847983132036 0.0
-0.129544089820457 0.318858990575975 0.0
-0.127454007546657 0.379361707760378 0.0
-0.124910078071237 0.439908342522971 0.0
-0.0936875738472956 -0.658895320834485 0.0
-0.0911140198986257 -0.597823246290952 0.0
-0.0889238017081956 -0.536731777259071 0.0
-0.0870297728962798 -0.475625164481732 0.0
-0.0853627494555037 -0.414520780660989 0.0
-0.0838614441655488 -0.353440425496788 0.0
-0.0824757506052575 -0.292405891522688 0.0
-0.0811822636882552 -0.231441648420414 0.0
-0.0799741131190264 -0.170574986773544 0.0
-0.0788367515809395 -0.109829091687727 0.0
-0.0777481593447233 -0.0492200306765072 0.0
-0.0766798974465744 0.0112460853726417 0.0
-0.0755987237182075 0.071575562307244 0.0
-0.0744716249605584 0.131789205188544 0.0
-0.0732780924991213 0.191921669039295 0.0
-0.0720327640994272 0.252017562849715 0.0
-0.070804602464144 0.31212168584601 0.0
-0.0696499626615542 0.372284252778969 0.0
-0.0684581617749564 0.432724328650416 0.0
-0.0323373323908272 -0.662522064887887 0.0
-0.0298563959296416 -0.601493951535281 0.0
-0.0277692291542919 -0.540465103602935 0.0
-0.0259606374937809 -0.479439745816319 0.0
-0.0243510805131996 -0.418433566233155 0.0
-0.0228828069603828 -0.357466049076045 0.0
-0.0215170983481745 -0.296557037091462 0.0
-0.0202367047726544 -0.235727115064589 0.0
-0.0190359283389624 -0.17499675735981 0.0
-0.0179072347331833 -0.114382417466478 0.0
-0.0168405382847541 -0.0538949580902004 0.0
-0.0158249482663731 0.0064614027664277 0.0
-0.0148524529602003 0.0666890403122814 0.0
-0.0139254954857452 0.126795567859794 0.0
-0.0130707287834833 0.186788259321841 0.0
-0.0123581823161361 0.246662664899083 0.0
-0.0119136603688254 0.306382964660891 0.0
-0.0119327296395275 0.365867300264089 0.0
-0.0130426450287549 0.424967276442934 0.0
0.0291627989464515 -0.665935304976421 0.0
0.0315240956350289 -0.604914641349316 0.0
0.0335089632499344 -0.543902165443452 0.0
0.0352477578716223 -0.48290246409328 0.0
0.0368212599386852 -0.421929885375177 0.0
0.0382795893891413 -0.3610017889729 0.0
0.0396506436922082 -0.300135592700446 0.0
0.0409442667426252 -0.239348152221681 0.0
0.04216078061179 -0.178654790025024 0.0
0.0432987660706631 -0.118066814245419 0.0
0.0443554991933736 -0.0575902935097268 0.0
0.0453246953641624 0.00277529811921383 0.0
0.0461920948593139 0.0630383504574239 0.0
0.0469280561503234 0.123217242850265 0.0
0.0474770325208153 0.183342893782344 0.0
0.047746807128071 0.243465775351901 0.0
0.0475975784266138 0.303674798195898 0.0
0.0467614667214015 0.364137544861166 0.0
0.0440759549484547 0.425070281960881 0.0
0.0908246290947283 -0.668974535815132 0.0
0.0930407030892899 -0.607926508580491 0.0
0.0949244892540224 -0.54688623215957 0.0
0.0966079099722565 -0.48585987486253 0.0
0.0981644737242947 -0.424861338176328 0.0
0.0996329313954839 -0.363906340155202 0.0
0.101029669427207 -0.303009880150793 0.0
0.102355692911242 -0.242185281600169 0.0
0.103603391367053 -0.181443283867341 0.0
0.104760898897972 -0.120790075515703 0.0
0.105811611610882 -0.060225792011472 0.0
0.106731097474211 0.000257811120664889 0.0
0.107481769111814 0.0606804319921431 0.0
0.108004983112173 0.121078259888958 0.0
0.108210812745219 0.181510647213915 0.0
0.107965801166883 0.242071111173394 0.0
0.10706820563261 0.302900390089073 0.0
0.10514955329331 0.364172472821202 0.0
0.101979602116646 0.425855156898613 0.0
0.152642010172325 -0.67151325066002 0.0
0.154691985392514 -0.610407768156645 0.0
0.156477800157409 -0.549301378741558 0.0
0.158119584185066 -0.488203359158802 0.0
0.15967593140589 -0.42712812681607 0.0
0.161170952753431 -0.366090280577408 0.0
0.162608451684843 -0.305102725574983 0.0
0.163979248719796 -0.24417592767643 0.0
0.165265847085859 -0.183317386697137 0.0
0.166444132262547 -0.122530272105815 0.0
0.167481433065136 -0.061812384533711 0.0
0.168332032565371 -0.0011545743536489 0.0
0.168930280050064 0.0594605778930631 0.0
0.169181116302675 0.120059671096979 0.0
0.168948134104615 0.180675871847449 0.0
0.168038832804465 0.241339574675601 0.0
0.166185528192823 0.302048479261625 0.0
0.163108764766636 0.362684873352713 0.0
0.159143373676225 0.423041451591581 0.0
0.214592872566929 -0.673464879650983 0.0
0.216463898766188 -0.612277738183914 0.0
0.218158455633909 -0.551074294398624 0.0
0.219772488951901 -0.489868305038469 0.0
0.221343319152674 -0.428675378165676 0.0
0.222877969822878 -0.367509383628862 0.0
0.224366856759124 -0.306381658740377 0.0
0.225789723908474 -0.245300962563052 0.0
0.227117937938809 -0.184273693666029 0.0
0.228313877191629 -0.123303455487105 0.0
0.229327464699317 -0.062391126153495 0.0
0.230090455488799 -0.0015348900988413 0.0
0.230508692004673 0.0592686005344008 0.0
0.230452653549373 0.120021609698934 0.0
0.229747416553579 0.180718690203104 0.0
0.228165538738931 0.241335977156926 0.0
0.225445175475795 0.301816297753633 0.0
0.221424791245228 0.362090431638775 0.0
0.216299628839416 0.422293362668308 0.0
0.276642602392088 -0.674783965003757 0.0
0.278332774455389 -0.613496919150807 0.0
0.279947834153125 -0.552172904191081 0.0
0.28154884947498 -0.490830849937148 0.0
0.283147351088577 -0.429487527076461 0.0
0.284732099229635 -0.368155972367186 0.0
0.286280097983059 -0.306846170624886 0.0
0.287759946692053 -0.245565981716612 0.0
0.289131648497363 -0.184322220018401 0.0
0.290344002672705 -0.123121132653015 0.0
0.291329848935541 -0.0619694438534201 0.0
0.291999576517296 -0.000875436274144007 0.0
0.292233221458789 0.0601489673891324 0.0
0.291871842403255 0.121085489484149 0.0
0.290710037263994 0.181905096301422 0.0
0.288496126802359 0.242564947015363 0.0
0.284960865133928 0.303014860077169 0.0
0.27989840301999 0.363244695448186 0.0
0.273235443396343 0.423371925618677 0.0
0.338748438785068 -0.675465749519101 0.0
0.340268910156476 -0.61406621871467 0.0
0.341821904395665 -0.552604906334117 0.0
0.343425539964946 -0.491105334475955 0.0
0.345063490850223 -0.429584313156723 0.0
0.346706678611149 -0.368053104503042 0.0
0.348319674214684 -0.306519781387318 0.0
0.34986073244864 -0.244991132922675 0.0
0.351279154814797 -0.183474487275055 0.0
0.352510960145143 -0.12197887634012 0.0
0.353473036082507 -0.0605167209949129 0.0
0.354056005717221 0.000894557954928291 0.0
0.354116080867294 0.0622302285004927 0.0
0.353466613966446 0.123455931221373 0.0
0.351871362242815 0.184524656840836 0.0
0.349045112259534 0.245376580892223 0.0
0.344671357929488 0.305947666834869 0.0
0.338438738199207 0.366196203002417 0.0
0.330069387275691 0.426137667468103 0.0
0.400863139012956 -0.675546680409226 0.0
0.402238940475685 -0.614027802494573 0.0
0.403752242709659 -0.552418691510731 0.0
0.405374032068847 -0.490745058067064 0.0
0.407061035694284 -0.429021371331914 0.0
0.408768445443472 -0.367255286245001 0.0
0.410450299541908 -0.305451562059796 0.0
0.41205594831138 -0.243614728159374 0.0
0.413525163925639 -0.181751432420169 0.0
0.414782323622402 -0.119872109009912 0.0
0.415729556309812 -0.0579932244153413 0.0
0.416238869195708 0.00386044890496859 0.0
0.416143359521322 0.0656527051931841 0.0
0.415228061238167 0.127332551353005 0.0
0.413221924077929 0.188829832381865 0.0
0.409793984670497 0.250053058777786 0.0
0.404556550408528 0.310892259481465 0.0
0.397072317413241 0.371230811509171 0.0
0.386868946878857 0.430968517882251 0.0
0.462939186808591 -0.675107545588505 0.0
0.46420806997515 -0.613469140938864 0.0
0.465706506275445 -0.551707923010035 0.0
0.467359669241332 -0.489847268676546 0.0
0.469101497391581 -0.42789590273938 0.0
0.470875032420289 -0.36585545724054 0.0
0.472626311488225 -0.303725411341976 0.0
0.474297542253231 -0.241506086751731 0.0
0.475820323140533 -0.179201219562966 0.0
0.477108594927787 -0.116819967925057 0.0
0.478050868470039 -0.0543797703569878 0.0
0.478501514300792 0.00809032881005982 0.0
0.478270986221783 0.0705448273656864 0.0
0.477115157901208 0.132915748973743 0.0
0.474724232403279 0.19510434859332 0.0
0.470711711141474 0.256973110383739 0.0
0.464601976180954 0.318339177855011 0.0
0.455813002490337 0.37897144891749 0.0
0.443651963103814 0.438600380417676 0.0
0.52493238008342 -0.674280206109433 0.0
0.526140713184696 -0.612530831639361 0.0
0.527647161038883 -0.550619701296968 0.0
0.529339484122445 -0.488561549098341 0.0
0.531135952617276 -0.426355708894755 0.0
0.532971949491456 -0.363995498295505 0.0
0.534788213956966 -0.301473110205675 0.0
0.536521519212913 -0.238782245703384 0.0
0.538096524094781 -0.175920422405449 0.0
0.539417801570951 -0.112890994427968 0.0
0.540361272998814 -0.0497064605039177 0.0
0.540764604202655 0.01360709957438 0.0
0.540416114080101 0.0770030105671417 0.0
0.539041762144524 0.140404142579337 0.0
0.536289345910045 0.203687968902599 0.0
0.531708078234232 0.266667198528843 0.0
0.524719537604934 0.329064182369294 0.0
0.514576167386518 0.390479232197289 0.0
0.500317009528913 0.450364309104514 0.0
0.586804210953473 -0.673258730856478 0.0
0.587998642673588 -0.611418215446571 0.0
0.589528056770544 -0.549365215937926 0.0
0.591258665337244 -0.487099378248103 0.0
0.593101914271881 -0.424608547285327 0.0
0.594989934692548 -0.361876837933647 0.0
0.596860387122592 -0.298887890675389 0.0
0.598645777217381 -0.235626184227028 0.0
0.600264538286926 -0.172078434718494 0.0
0.601612422003511 -0.108235073767481 0.0
0.602553195701983 -0.0440933786188399 0.0
0.602907970508095 0.0203377904414394 0.0
0.602442273081267 0.0850297953181656 0.0
0.600849568506502 0.149921339568309 0.0
0.597728780224444 0.214896416298148 0.0
0.5925517983455 0.279749049500843 0.0
0.584615214395724 0.34412424896967 0.0
0.572971879580988 0.407422032312302 0.0
0.556339207989983 0.468656660917333 0.0
0.648521608071599 -0.672316735893207 0.0
0.64973541670205 -0.610416563675991 0.0
0.651288720383159 -0.548229799345132 0.0
0.653046568622675 -0.485740180945979 0.0
0.654921250882448 -0.422926936626177 0.0
0.656844503913941 -0.359767237049055 0.0
0.658751832262718 -0.296236138553612 0.0
0.66057164693205 -0.232305991206195 0.0
0.662216022078839 -0.16794660666242 0.0
0.663571490720684 -0.1031256730268 0.0
0.664488747465987 -0.0378106630524536 0.0
0.664770286362712 0.0280280389070061 0.0
0.664154405496617 0.0944110192314344 0.0
0.662292904244195 0.161339193734999 0.0
0.65871742499791 0.228772584200062 0.0
0.652786158468906 0.296589445136406 0.0
0.643599195715989 0.364500522551962 0.0
0.629874821700816 0.431864998992599 0.0
0.609810836390954 0.497294090311014 0.0
