-0.529241103940609 -0.698492679041485 0.0
0.704215307533711 -0.732805692209375 0.0
-0.433135187625885 0.61237245798111 0.0
0.61237245798111 0.61237245798111 0.0
-0.468105987854797 -0.701099268645435 0.0
0.704938585573499 -0.671253798634299 0.0
0.579573506364606 0.558306480291211 0.0
-0.45529544137881 0.533935611678314 0.0
-0.406988550806223 -0.703547877294816 0.0
0.706193247989918 -0.609330680348333 0.0
0.530914565665402 0.527366106396227 0.0
-0.470660670230571 0.458806319159138 0.0
-0.345933385119959 -0.706109946326455 0.0
0.707771846494755 -0.547013391725547 0.0
0.478460530993035 0.509412597103467 0.0
-0.480823256905352 0.386385760969281 0.0
-0.28492445136415 -0.708938142565317 0.0
0.709553464984067 -0.484286972146405 0.0
0.42488188864689 0.49844531150438 0.0
-0.487810458922185 0.316177438777609 0.0
-0.223919331917854 -0.71208196097532 0.0
0.711455751816891 -0.421133752951268 0.0
0.370771346920722 0.491544402634429 0.0
-0.492842443231664 0.247713369142356 0.0
-0.162856677793926 -0.715501531670234 0.0
0.713412053844707 -0.357528989722391 0.0
0.3163102974634 0.487302291886813 0.0
-0.496641021080084 0.180626413995907 0.0
-0.101670023340206 -0.719078753157963 0.0
0.715357546563222 -0.293439015536865 0.0
0.261611665857084 0.48500450716885 0.0
-0.499652533838996 0.114641014951068 0.0
-0.040302327418826 -0.722649623671995 0.0
0.717218849061392 -0.228820088316099 0.0
0.206789836776182 0.484303073460518 0.0
-0.502164577487434 0.0495508247859844 0.0
0.0212832862670467 -0.726038957029983 0.0
0.71890456059626 -0.16361792124989 0.0
0.15198418266562 0.485119177207407 0.0
-0.504369380178909 -0.0147996925711742 0.0
0.0830989335903989 -0.729086828830811 0.0
0.720295304482571 -0.0977668195000448 0.0
0.0975112089628994 0.489339353519641 0.0
-0.506401603003508 -0.0785270927975943 0.0
0.145131851282369 -0.731664448995662 0.0
0.721232013378812 -0.0311892326061838 0.0
0.0420742436324678 0.488029753169369 0.0
-0.508366410562556 -0.141716646500092 0.0
0.207347796820148 -0.733681553239703 0.0
0.721500994373834 0.0362051919267997 0.0
-0.0138751663239622 0.486495430639109 0.0
-0.510382316122163 -0.204425860158961 0.0
0.269695584240844 -0.735088532426891 0.0
0.720813074201755 0.104520341859174 0.0
-0.069149798481202 0.495371323229274 0.0
-0.512863746138292 -0.26668626642844 0.0
0.332112216378205 -0.735876415383138 0.0
0.718771662275666 0.17387443676961 0.0
-0.124576276717102 0.502229694532052 0.0
-0.514390325031279 -0.328855581442197 0.0
0.394526947199285 -0.736077156146865 0.0
0.71481913703858 0.244397745088384 0.0
-0.179126205633984 0.511701708464304 0.0
-0.516187028188293 -0.390950585439329 0.0
0.456865953284385 -0.735765891308335 0.0
0.708140167933195 0.31622262957573 0.0
-0.234625341583326 0.517531352532168 0.0
-0.518743888794208 -0.452773251512451 0.0
0.519057275517657 -0.735066026407785 0.0
0.697476776246103 0.389444935110186 0.0
-0.290788551827594 0.524547397744956 0.0
-0.521351342166577 -0.514393343124322 0.0
0.581037174403312 -0.734157661092978 0.0
0.680758527355499 0.463991976555221 0.0
-0.344499562675058 0.542407391660007 0.0
-0.524075525332074 -0.575859879006818 0.0
0.64276037148967 -0.733290420214757 0.0
0.654376407570155 0.539180331056344 0.0
-0.396772191533831 0.565779972861569 0.0
-0.526610119740154 -0.637212638146 0.0
-0.465503955940749 -0.639795430449996 0.0
-0.462914764851232 -0.578380255817115 0.0
-0.460211373198212 -0.516812278614163 0.0
-0.457653698592823 -0.45515282216571 0.0
-0.455164559808496 -0.393403410764702 0.0
-0.453276301968472 -0.331388541509358 0.0
-0.451705409686179 -0.268945460488807 0.0
-0.449482817001423 -0.206168535370226 0.0
-0.447509058263813 -0.143128482234341 0.0
-0.445600328674232 -0.0797406980027151 0.0
-0.443653401774172 -0.0159319151610255 0.0
-0.441569846069538 0.0483648891672168 0.0
-0.439228003937773 0.113213598303944 0.0
-0.436461747560721 0.178669664836959 0.0
-0.433037376859025 0.244758499725265 0.0
-0.428629944237698 0.311420996166348 0.0
-0.422823557867668 0.378383010770384 0.0
-0.415255252075832 0.444863784408986 0.0
-0.406388527817137 0.508979889930559 0.0
-0.404359126824701 -0.642212152870585 0.0
-0.40170385755853 -0.580775808804496 0.0
-0.39905693143114 -0.519204351801832 0.0
-0.396550541375004 -0.457482409790406 0.0
-0.394265084607642 -0.395533280049874 0.0
-0.392418094673932 -0.333388638229138 0.0
-0.390702676045724 -0.271073528689599 0.0
-0.388745198215083 -0.20845281900844 0.0
-0.386920662737961 -0.145577782673782 0.0
-0.385160595453777 -0.0824418961794533 0.0
-0.383394171361272 -0.0190391963119379 0.0
-0.38154603079805 0.0446199736049177 0.0
-0.379524987070616 0.108494625600015 0.0
-0.377214946079072 0.172491400665807 0.0
-0.374469911626806 0.236429736519392 0.0
-0.371118850595664 0.299996430206086 0.0
-0.366992261218338 0.362710628782777 0.0
-0.361977182499755 0.423984248229552 0.0
-0.355737236662924 0.48347116459253 0.0
-0.343225905855801 -0.644801631689304 0.0
-0.340538726301575 -0.583389825716979 0.0
-0.337957874463839 -0.521843296545686 0.0
-0.335577285417761 -0.460137297840624 0.0
-0.333463616597673 -0.398264336161074 0.0
-0.33165768856844 -0.336263501282564 0.0
-0.329955817804646 -0.27411799932284 0.0
-0.328204347460672 -0.211780115846732 0.0
-0.326558045623378 -0.149292515543756 0.0
-0.324987587869914 -0.0866878229875471 0.0
-0.323445636382157 -0.0240106017321931 0.0
-0.321877142567942 0.0386704121623529 0.0
-0.32021441977062 0.101251986838927 0.0
-0.318370290002249 0.163588198020988 0.0
-0.316230381265426 0.225488580018441 0.0
-0.313645412843522 0.286735941507645 0.0
-0.310432471406947 0.347138743597109 0.0
-0.306404063958103 0.406617610598476 0.0
-0.30177088102718 0.465348277153452 0.0
-0.282111166446012 -0.64768132595657 0.0
-0.279420586060228 -0.586336543724325 0.0
-0.276929015492283 -0.524877949717176 0.0
-0.274684766952287 -0.463297119852794 0.0
-0.272708904452232 -0.401605510741374 0.0
-0.270976157305254 -0.339827383294184 0.0
-0.269355540972689 -0.277962846010123 0.0
-0.267776058270961 -0.216012721897773 0.0
-0.266298957650387 -0.154024123875009 0.0
-0.264906352560854 -0.0920481390115968 0.0
-0.263561763036645 -0.0301459489995703 0.0
-0.262216747251678 0.0316087589556242 0.0
-0.260805397676729 0.0931324845485964 0.0
-0.259234937162504 0.154342570964202 0.0
-0.257375017985742 0.215178155943423 0.0
-0.255052525519729 0.275635221884634 0.0
-0.252070624413219 0.335812155857713 0.0
-0.248327021229655 0.395964239978579 0.0
-0.244373899763328 0.45651260434862 0.0
-0.220997973927926 -0.650890964125583 0.0
-0.218327749882257 -0.5896403229283 0.0
-0.215935212045777 -0.52830864970332 0.0
-0.213819812455949 -0.466895713502761 0.0
-0.211963285106909 -0.405417867284236 0.0
-0.210315541577934 -0.343898196771077 0.0
-0.208788549061235 -0.282351551202041 0.0
-0.207341919382502 -0.220799920709827 0.0
-0.205994805638558 -0.159288472652056 0.0
-0.204730124786284 -0.0978648356428693 0.0
-0.203514286466834 -0.0365772483531689 0.0
-0.202299392356146 0.0245296946905064 0.0
-0.201018576845847 0.0854234553595433 0.0
-0.199580104408131 0.146097313540983 0.0
-0.197865065807296 0.206588118332308 0.0
-0.195738064097505 0.266997669500458 0.0
-0.193092514287418 0.327512745479687 0.0
-0.189971415167993 0.388403834718401 0.0
-0.186434966699886 0.449864472079558 0.0
-0.159850323416203 -0.654375008468475 0.0
-0.157222007179483 -0.59321995459195 0.0
-0.154931314615515 -0.532016598829552 0.0
-0.15293183383549 -0.470768151452332 0.0
-0.151175756522701 -0.409492514632935 0.0
-0.149604352986982 -0.348212731524763 0.0
-0.148153762627082 -0.286949939599509 0.0
-0.146795145803658 -0.225730810613447 0.0
-0.145528640196575 -0.164591849004762 0.0
-0.14433702809699 -0.103567667028553 0.0
-0.143190595242411 -0.0426870955893297 0.0
-0.142047913004802 0.018031543568265 0.0
-0.14085438355077 0.0785864058308134 0.0
-0.139542621148844 0.138999196955191 0.0
-0.13803981744379 0.199320195457955 0.0
-0.136290775271702 0.25962829919115 0.0
-0.134305946043195 0.320014293842737 0.0
-0.132172220248792 0.380519475224709 0.0
-0.129564320793391 0.441076155200105 0.0
-0.0986245276314774 -0.658001647040924 0.0
-0.096061114616557 -0.596922291062336 0.0
-0.0938721651925513 -0.535821691101441 0.0
-0.0919727770653348 -0.474704024068549 0.0
-0.0902954063748463 -0.413586437469112 0.0
-0.0887800168793807 -0.352490467596355 0.0
-0.087377478322332 -0.291437684697358 0.0
-0.0860650762118179 -0.230452408067046 0.0
-0.0848364703960877 -0.169561897134304 0.0
-0.083677693884343 -0.108789516774811 0.0
-0.0825673383102681 -0.0481517823482494 0.0
-0.081477512557168 0.0123444411577053 0.0
-0.0803752279410414 0.0727043954649063 0.0
-0.0792269231341543 0.132947582030228 0.0
-0.078009768547686 0.193107338149427 0.0
-0.0767328829828107 0.253227466530705 0.0
-0.0754559946536555 0.313353357774041 0.0
-0.0742280919964415 0.373536991404094 0.0
-0.0729497477892299 0.433993312917966 0.0
-0.0372802961854909 -0.661599050205475 0.0
-0.0348071349758184 -0.60056345099155 0.0
-0.0327190573217219 -0.539525075706342 0.0
-0.0309033809888504 -0.478488102503884 0.0
-0.0292822356161967 -0.41746805422592 0.0
-0.027798993492841 -0.356484227341844 0.0
-0.0264156849211094 -0.29555631649627 0.0
-0.0251155120854138 -0.234704824004743 0.0
-0.0238930517769533 -0.173950234896761 0.0
-0.0227409739472905 -0.113309141392817 0.0
-0.0216492790712055 -0.0527926725394479 0.0
-0.0206068976660525 0.0075945994995403 0.0
-0.0196050769582931 0.0678547149457924 0.0
-0.0186444134797116 0.127995208957965 0.0
-0.0177477692754614 0.188024018395302 0.0
-0.0169785964453576 0.247938982381403 0.0
-0.0164537110118592 0.307709405882328 0.0
-0.0163604346665118 0.367261950675123 0.0
-0.0173123969975226 0.426459531542512 0.0
0.0242106684185825 -0.664989858393388 0.0
0.0265670680060268 -0.603962131536728 0.0
0.0285550863037629 -0.542940524372472 0.0
0.0303025193319984 -0.481929584217764 0.0
0.0318885980524147 -0.420943521761826 0.0
0.0333625384139807 -0.35999954276838 0.0
0.0347517571834887 -0.299114945482482 0.0
0.0360659179084132 -0.238306523425817 0.0
0.0373053611225552 -0.177589614679149 0.0
0.0384688351770621 -0.116975642440106 0.0
0.0395539957923928 -0.056470896836212 0.0
0.0405553050189526 0.00392482339837564 0.0
0.0414598887734999 0.0642194921208682 0.0
0.0422405388058877 0.124430997547536 0.0
0.0428456364624322 0.184589673958002 0.0
0.0431884639230014 0.244745092256665 0.0
0.0431353489402669 0.304983995799463 0.0
0.0424253035712222 0.365468149968469 0.0
0.0399314810814783 0.426405739980558 0.0
0.0858602344862775 -0.668015856745788 0.0
0.0880747475678124 -0.606961694965677 0.0
0.0899639717255914 -0.545913332308068 0.0
0.0916574391817113 -0.484876872473758 0.0
0.0932273695171217 -0.423866074557715 0.0
0.0947119062313506 -0.362896510666619 0.0
0.0961272566209893 -0.30198307694153 0.0
0.0974745391136562 -0.241139062228554 0.0
0.0987464726642826 -0.180375266339556 0.0
0.0999317271519166 -0.119698068169971 0.0
0.101014520186305 -0.0591079661795786 0.0
0.101971687886387 0.00140268737367684 0.0
0.10276760842466 0.0618526697333697 0.0
0.103346625277625 0.122276793920015 0.0
0.103623096277593 0.182732387468207 0.0
0.103469118496483 0.243310001658816 0.0
0.102689519990054 0.30414614852309 0.0
0.100925457742494 0.365410424531276 0.0
0.097946769369973 0.427076134820715 0.0
0.14766266139011 -0.67055203195531 0.0
0.14971475493856 -0.609441725033115 0.0
0.151508292967138 -0.548328794638372 0.0
0.153161388551729 -0.48722239218202 0.0
0.154731731563554 -0.42613675966185 0.0
0.156243186584555 -0.36508633990242 0.0
0.157699711263467 -0.304083940580998 0.0
0.159092560185069 -0.243140011068601 0.0
0.160404909993288 -0.182262138918511 0.0
0.161613589702589 -0.121453715317825 0.0
0.162687249571105 -0.0607129292557985 0.0
0.163582054126437 -3.12138189831038e-05 0.0
0.16423504773101 0.0606080754911424 0.0
0.16455496844894 0.121230659212373 0.0
0.164410514598931 0.181869003760483 0.0
0.163615562946442 0.242553649397619 0.0
0.161909808525496 0.303284780153598 0.0
0.159019311453452 0.36395255268315 0.0
0.155263009070424 0.424358345840691 0.0
0.209596550924216 -0.672512577140348 0.0
0.211473549131966 -0.611322196036361 0.0
0.213178026583722 -0.550114123593703 0.0
0.214804470226575 -0.48890189487768 0.0
0.216389783839747 -0.427700885869848 0.0
0.217941153792043 -0.36652478131208 0.0
0.219449507610445 -0.305384801898501 0.0
0.220895366663779 -0.244289664322773 0.0
0.222251142778638 -0.183245802686639 0.0
0.22348059526665 -0.122256935384067 0.0
0.224535493744768 -0.0613241235841689 0.0
0.225350088727337 -0.00044575828249975 0.0
0.225833582014102 0.0603813916008557 0.0
0.225860860751331 0.121159794088723 0.0
0.225262485481103 0.181884913421912 0.0
0.223817269634188 0.242535009007079 0.0
0.221269194741764 0.303056554268489 0.0
0.217457514322947 0.363383562165185 0.0
0.21256034136837 0.423644769554128 0.0
0.271628126694082 -0.673852166654313 0.0
0.273328085822406 -0.612563659427675 0.0
0.274955059440774 -0.551237189275248 0.0
0.276569372773891 -0.489891341397367 0.0
0.278182698334445 -0.428542586796757 0.0
0.279784390860935 -0.367203737697773 0.0
0.281352328339625 -0.30588462209905 0.0
0.282856232607962 -0.244592991629456 0.0
0.284257522477721 -0.183335579462065 0.0
0.285506801752915 -0.122118550990712 0.0
0.286539239458948 -0.0609485033459481 0.0
0.287268239503842 0.000166530887490031 0.0
0.287577690394004 0.0612151281586297 0.0
0.287313422983802 0.122179935286708 0.0
0.28627564112215 0.18303345068512 0.0
0.284218684036914 0.243735022789569 0.0
0.280878451554378 0.304236822786219 0.0
0.276049648890881 0.364529188628818 0.0
0.269649469226235 0.424723789876521 0.0
0.33371553805293 -0.674565625386044 0.0
0.335249327339829 -0.61316654842956 0.0
0.336815893444638 -0.551705142896737 0.0
0.338433448569181 -0.490204461153252 0.0
0.340086396001626 -0.428680960784936 0.0
0.341746674072237 -0.367145652704804 0.0
0.343380070283507 -0.305606416536196 0.0
0.344946286104849 -0.244069861462142 0.0
0.346396383996595 -0.182543106205305 0.0
0.347668573529097 -0.121034896772124 0.0
0.348682497798171 -0.0595572318146699 0.0
0.349332237888233 0.0018731068316373 0.0
0.34947827775405 0.063232345385561 0.0
0.348939098104497 0.124487513764792 0.0
0.34748434680835 0.185593507678627 0.0
0.344835092171964 0.246492899486953 0.0
0.340680414772035 0.307124191271003 0.0
0.334711445171538 0.367447109134083 0.0
0.326646365306855 0.427475139096274 0.0
0.395812444526999 -0.674688452670551 0.0
0.397204551845665 -0.613172034335428 0.0
0.398732628303821 -0.55156533214742 0.0
0.400368653375395 -0.489893500436487 0.0
0.402070648868279 -0.428170651582926 0.0
0.40379520369406 -0.366404203240974 0.0
0.40549787567925 -0.304598717526297 0.0
0.407129751674516 -0.242758501042975 0.0
0.408632677347073 -0.180889894431986 0.0
0.409933572522715 -0.119002878637947 0.0
0.410937714062537 -0.0571132474206275 0.0
0.411520990763962 0.00475521087352747 0.0
0.411521215176871 0.0665676980513671 0.0
0.410729013822876 0.128275178640647 0.0
0.408879741917727 0.189810128573535 0.0
0.405649363950178 0.251084428190961 0.0
0.400656892006443 0.311992042827726 0.0
0.393470149181689 0.372420098055995 0.0
0.383618292321311 0.432270133182219 0.0
0.457872153367544 -0.67429988999832 0.0
0.459159547809798 -0.612665975690866 0.0
0.460673432415143 -0.550909760659845 0.0
0.462340849231664 -0.489054069702391 0.0
0.464097518111691 -0.427107345364982 0.0
0.465888188310917 -0.365071057817508 0.0
0.467660668045273 -0.302944538199238 0.0
0.469359153370774 -0.240727895638961 0.0
0.470917599293981 -0.178424519539924 0.0
0.47225281859511 -0.116043011306305 0.0
0.473256851737684 -0.0535999468133252 0.0
0.473788387493306 0.00887692529159113 0.0
0.473663094423219 0.0713439994323466 0.0
0.472643023866218 0.13373600928537 0.0
0.470425506810533 0.195957978433587 0.0
0.466631969475541 0.257877440081179 0.0
0.460795165606844 0.319317933889137 0.0
0.452341391141852 0.380055834015356 0.0
0.440584774675552 0.439829044639485 0.0
0.519851142246521 -0.673529479962234 0.0
0.521079241218245 -0.61178653204147 0.0
0.522601298684224 -0.549883025456229 0.0
0.524307673760246 -0.487833287094539 0.0
0.526118771457443 -0.425636535805663 0.0
0.527971905487476 -0.363286068437096 0.0
0.529809784081945 -0.300774039428259 0.0
0.53157138816137 -0.238094017107115 0.0
0.533183997503943 -0.175243221161041 0.0
0.534555380099387 -0.11222445674838 0.0
0.535565379141371 -0.0490493025449435 0.0
0.536056454426145 0.0142576270801992 0.0
0.535822725963066 0.0776519197946007 0.0
0.53459707999919 0.141059860836055 0.0
0.532035451927877 0.204363966796857 0.0
0.527696438173715 0.267384207625024 0.0
0.521012234078167 0.329853070791162 0.0
0.511247073891802 0.391384519082882 0.0
0.497452203044503 0.451447705621234 0.0
0.581711390041461 -0.672567904646595 0.0
0.582925877061236 -0.610735462331891 0.0
0.584470689916144 -0.548692666748822 0.0
0.58621508297555 -0.486439059679715 0.0
0.588072821294591 -0.423962606109617 0.0
0.58997810360035 -0.361247583566363 0.0
0.591870715593674 -0.298277753952872 0.0
0.593685574104604 -0.235037622073872 0.0
0.595344000454427 -0.171513777261538 0.0
0.596745286790266 -0.107696289173413 0.0
0.597757566401519 -0.0435817093226331 0.0
0.598207322296977 0.0208223932677214 0.0
0.597866658945124 0.0854895528425137 0.0
0.596437061679386 0.150362017544654 0.0
0.593527203481009 0.215329463289157 0.0
0.588620785391601 0.280194929271078 0.0
0.581028544855525 0.344617620942959 0.0
0.56981961948599 0.408019622866697 0.0
0.55372816564586 0.469448186926344 0.0
0.643420140368564 -0.671683851934443 0.0
0.644653586147589 -0.609792877805146 0.0
0.646221984326615 -0.54761889808934 0.0
0.647993480682359 -0.485145905528158 0.0
0.649882715632044 -0.422353457668832 0.0
0.651823572797502 -0.359219053948636 0.0
0.653753824021698 -0.295718058754717 0.0
0.655604505476491 -0.231823091647107 0.0
0.657290879296885 -0.167504160026893 0.0
0.658703429649509 -0.102729009398026 0.0
0.659697782270818 -0.0374649211720977 0.0
0.66008260224081 0.0283183420690067 0.0
0.659603945804843 0.0946427196769912 0.0
0.657923467144075 0.161511721991765 0.0
0.654585540998507 0.22889011407185 0.0
0.648965134557035 0.296664733906366 0.0
0.640184618116541 0.364562022835662 0.0
0.62699072527629 0.431970241176192 0.0
0.607611486577724 0.497553918689306 0.0
