-0.535529274712882 -0.697581607367639 0.0
0.697684215264274 -0.732227814173179 0.0
-0.441836249828339 0.61237245798111 0.0
0.61237245798111 0.61237245798111 0.0
-0.474393015956135 -0.700183301027198 0.0
0.698450350256706 -0.670681012665696 0.0
0.577920387475334 0.559073843230001 0.0
-0.462938563232185 0.533914412064809 0.0
-0.413274011590573 -0.702624698336567 0.0
0.699738761143845 -0.608769239302549 0.0
0.528528194981805 0.528709722273682 0.0
-0.477675052649486 0.458913827885077 0.0
-0.352216218309647 -0.705176039408396 0.0
0.701347117728104 -0.546470003273405 0.0
0.475625529899432 0.510996504525585 0.0
-0.487469064749752 0.386649594771056 0.0
-0.291204089899648 -0.707986992944228 0.0
0.703157818545094 -0.483768666107813 0.0
0.42168243127534 0.500106659436287 0.0
-0.494237483695567 0.316584051238652 0.0
-0.23019645689959 -0.711106871983145 0.0
0.70509115653424 -0.420647927713433 0.0
0.367247778664071 0.49322304872676 0.0
-0.499141051412587 0.248240202839782 0.0
-0.169133525215564 -0.714497983193745 0.0
0.707083006958455 -0.357083527969204 0.0
0.312491303106995 0.488974464461286 0.0
-0.502868086521831 0.181251067768651 0.0
-0.107950299736735 -0.718045883389638 0.0
0.709071317363158 -0.293042416256967 0.0
0.257519128596539 0.486658303567901 0.0
-0.505844713702261 0.115343648772858 0.0
-0.0465907990850813 -0.721590686059711 0.0
0.710986013112579 -0.228481587096199 0.0
0.20243939325536 0.485928844801799 0.0
-0.508345652614419 0.0503145489378232 0.0
0.0149813899004151 -0.724960964256029 0.0
0.712739811242122 -0.163347578204355 0.0
0.147384828742221 0.486709370111544 0.0
-0.510554583466282 -0.0139890424608431 0.0
0.076778541251002 -0.727999758331668 0.0
0.71421856548031 -0.0975755532681714 0.0
0.0926440937555754 0.490719773161431 0.0
-0.512600272333315 -0.0776813442784938 0.0
0.138788581328847 -0.730580317804667 0.0
0.715269918072863 -0.0310887682205397 0.0
0.0370004676464561 0.489586624893226 0.0
-0.51458360974593 -0.140845689151408 0.0
0.200978349461229 -0.732613531446634 0.0
0.715688866490099 0.0362025153997978 0.0
-0.0191627187984558 0.488349182098544 0.0
-0.516619609894796 -0.203537997066575 0.0
0.263297993917907 -0.734050157714486 0.0
0.71519767596002 0.104402011744263 0.0
-0.0747049751679699 0.496858132400452 0.0
-0.519114695967859 -0.26578858857422 0.0
0.325685988580092 -0.734880902056843 0.0
0.713415227354545 0.17362869127862 0.0
-0.130331334173379 0.503612504759506 0.0
-0.520661113056907 -0.327948143181072 0.0
0.388073108443305 -0.735136740949159 0.0
0.709805675439595 0.244015548090368 0.0
-0.185123621610651 0.512892385477184 0.0
-0.522476553449463 -0.390036117330525 0.0
0.45038702835576 -0.734891125875403 0.0
0.70358589714342 0.315702109793096 0.0
-0.240817965406439 0.518833942045484 0.0
-0.525043655561871 -0.451858009676003 0.0
0.512557180541591 -0.734264909767175 0.0
0.693548029007369 0.388801982632517 0.0
-0.297170549007132 0.526044292415056 0.0
-0.527654448203302 -0.513478922130224 0.0
0.574520982659684 -0.73343449399601 0.0
0.677702624949049 0.463287051718786 0.0
-0.351242013841576 0.543496602856465 0.0
-0.530377027212406 -0.574946590934577 0.0
0.636233871283048 -0.732644219669744 0.0
0.652570765299368 0.538589677203461 0.0
-0.403877297323364 0.566598967101832 0.0
-0.53290569037908 -0.636300657045261 0.0
-0.47179854432975 -0.63887913486011 0.0
-0.469215830817478 -0.57746370801739 0.0
-0.466514040044963 -0.515896159695683 0.0
-0.463951962410221 -0.454237868860196 0.0
-0.461453901287321 -0.392490363587688 0.0
-0.459549695864913 -0.330482506100932 0.0
-0.45795601262649 -0.268051197102645 0.0
-0.455713616942397 -0.205287890305755 0.0
-0.453718262646023 -0.142266015828078 0.0
-0.451789268099484 -0.0789019861748163 0.0
-0.449826637681508 -0.0151234743088413 0.0
-0.447735973271596 0.0491357602752529 0.0
-0.445401071352778 0.11393914555458 0.0
-0.442663430057123 0.179342437887239 0.0
-0.439300126000572 0.245373096233654 0.0
-0.435001197469047 0.311977963308573 0.0
-0.42936991151453 0.378897185814596 0.0
-0.422060105496689 0.445380048721905 0.0
-0.413513894369109 0.509591951197713 0.0
-0.410653457243755 -0.641289120115698 0.0
-0.408004535361549 -0.579853027058949 0.0
-0.405358250766512 -0.518282197013067 0.0
-0.402846271720902 -0.456561773978416 0.0
-0.400549011067056 -0.394616187701653 0.0
-0.39868336636406 -0.332477005374908 0.0
-0.396944880344264 -0.270168627010932 0.0
-0.394964183466884 -0.207557299021812 0.0
-0.393115104655899 -0.144693930020937 0.0
-0.391331356441106 -0.0815718804012461 0.0
-0.389544798796125 -0.0181847523823586 0.0
-0.387683388435163 0.0454581506116723 0.0
-0.38566014972647 0.109317872873561 0.0
-0.383364293402041 0.173304660774271 0.0
-0.380656185267164 0.237243871256302 0.0
-0.377371568063075 0.300831000872848 0.0
-0.373346176511976 0.363595164808201 0.0
-0.368465420970647 0.424951005877406 0.0
-0.362347588712373 0.484520427440639 0.0
-0.349519407367751 -0.643867068450823 0.0
-0.346838290409297 -0.5824543277866 0.0
-0.344256591245672 -0.520906977834764 0.0
-0.341868010249336 -0.459200697251883 0.0
-0.339739522605702 -0.397328085895759 0.0
-0.337912558950717 -0.335327863947314 0.0
-0.33618558578091 -0.273183155707544 0.0
-0.334407316951424 -0.210846271713104 0.0
-0.332732683301172 -0.148359036599166 0.0
-0.331134017352521 -0.0857530740715855 0.0
-0.329566070959339 -0.0230715068876683 0.0
-0.327976303072272 0.0396189965011185 0.0
-0.326300042901918 0.102218030033503 0.0
-0.324453681654623 0.164583230859216 0.0
-0.322326880858688 0.226528005544219 0.0
-0.31977431759994 0.287838120627895 0.0
-0.316614312132326 0.348321732817107 0.0
-0.312644347981162 0.40789314399372 0.0
-0.308006725463504 0.466722652288037 0.0
-0.288403584222518 -0.646728056603019 0.0
-0.285718477277561 -0.585380277868349 0.0
-0.283224060061667 -0.523918212411801 0.0
-0.28096910185249 -0.462333541095272 0.0
-0.278975504717783 -0.400637509656816 0.0
-0.277219121984323 -0.338853960595978 0.0
-0.275570786495072 -0.276982595469201 0.0
-0.273961097394041 -0.215023692498028 0.0
-0.272451952181324 -0.153023355327336 0.0
-0.271026850124206 -0.091031539770326 0.0
-0.269651084033056 -0.0291081676434548 0.0
-0.268278414595293 0.0326743419935871 0.0
-0.266845715517133 0.09423345356173 0.0
-0.265263715629402 0.155486579655338 0.0
-0.26340622295311 0.216371076322533 0.0
-0.261103824321354 0.27687798163941 0.0
-0.258158137292609 0.337096118260697 0.0
-0.254446677844059 0.397266239991841 0.0
-0.250445887766872 0.457792510553934 0.0
-0.227289739582796 -0.649912172491751 0.0
-0.224624000162656 -0.588656253414254 0.0
-0.222226359310417 -0.52731809232159 0.0
-0.220097526690362 -0.465897415507313 0.0
-0.218220548275873 -0.404410251098378 0.0
-0.21654671880294 -0.342879202830778 0.0
-0.214989577841624 -0.281318611914705 0.0
-0.21351000125306 -0.219749874855935 0.0
-0.212127985399648 -0.158217430237039 0.0
-0.210827717346406 -0.0967683058065953 0.0
-0.209577237073569 -0.0354504237425006 0.0
-0.208330697489207 0.0256913951092919 0.0
-0.207023775866647 0.0866234578619637 0.0
-0.205567681704049 0.147336454095918 0.0
-0.203846221385608 0.207862626410486 0.0
-0.201724356295342 0.268296649672994 0.0
-0.199088184725268 0.32881580769388 0.0
-0.195956239226335 0.389681410920845 0.0
-0.192361175421315 0.451093517257148 0.0
-0.166142832504421 -0.653366468373552 0.0
-0.163517541368953 -0.592204214618559 0.0
-0.161219367237011 -0.530991787962668 0.0
-0.159203904376686 -0.469732315755793 0.0
-0.15742503503814 -0.408443379279078 0.0
-0.155825528365038 -0.347147604053604 0.0
-0.15434290751263 -0.285865721791279 0.0
-0.152949402592347 -0.224624021333548 0.0
-0.15164600112433 -0.163458698856325 0.0
-0.150416569873974 -0.102404329894028 0.0
-0.149232710909967 -0.0414901260200814 0.0
-0.148054524773301 0.0192646235775759 0.0
-0.146829036299379 0.0798563431323047 0.0
-0.145490161008876 0.140304118829441 0.0
-0.143964975375979 0.200654786465588 0.0
-0.14219435652925 0.26098359399396 0.0
-0.140177211774098 0.321379511816825 0.0
-0.137982004017975 0.381888976300163 0.0
-0.135291967860888 0.442458012543403 0.0
-0.104920188505015 -0.656963031066636 0.0
-0.102357791472571 -0.595875264704079 0.0
-0.100158914003183 -0.534763902846152 0.0
-0.098241247708688 -0.473633063438126 0.0
-0.0965391745757163 -0.412499646586924 0.0
-0.0949941489018261 -0.351384888309675 0.0
-0.093558221728671 -0.290310098712975 0.0
-0.0922095358379084 -0.229299411470894 0.0
-0.0909424278838465 -0.168380033447326 0.0
-0.0897436714267213 -0.107575522866047 0.0
-0.0885926420654224 -0.0469029027649956 0.0
-0.087462171919601 0.0136300928324959 0.0
-0.0863196790028139 0.0740274672386657 0.0
-0.0851311269780512 0.134307190962402 0.0
-0.0838712394576432 0.194501029915793 0.0
-0.0825430877062983 0.254651765714336 0.0
-0.0811960952630849 0.314805331868508 0.0
-0.0798710662426293 0.375015602037964 0.0
-0.0784813993957338 0.435492370530739 0.0
-0.0435823230916671 -0.660534207555981 0.0
-0.0411075575128171 -0.599489801199818 0.0
-0.0390070344894766 -0.538439999866437 0.0
-0.0371710228498023 -0.477388960187338 0.0
-0.035523640919213 -0.416352030154633 0.0
-0.0340096211681667 -0.355348295418758 0.0
-0.0325919218915056 -0.294397278856604 0.0
-0.0312543309483776 -0.233519381828456 0.0
-0.0299918074139589 -0.17273509519798 0.0
-0.0287973256134148 -0.112061169287655 0.0
-0.0276610598889573 -0.051509045951512 0.0
-0.0265718199598913 0.00891627751885794 0.0
-0.0255201046017864 0.0692164219446166 0.0
-0.0245045238758813 0.12939877368104 0.0
-0.0235437655309944 0.189471933680126 0.0
-0.0226939484760325 0.24943621700277 0.0
-0.0220618012381329 0.309266601237428 0.0
-0.0218252846857466 0.3688992737441 0.0
-0.0225814507115636 0.428210037423074 0.0
0.0178986421465179 -0.663906335078233 0.0
0.0202598917769165 -0.60287015330567 0.0
0.0222629593819548 -0.541837406577893 0.0
0.0240325919819566 -0.480812634358379 0.0
0.0256461466086806 -0.419809908619124 0.0
0.0271517191440777 -0.358846266841644 0.0
0.0285761015621643 -0.297938872615673 0.0
0.0299286838305736 -0.237104448134566 0.0
0.0312097644610488 -0.176358350793742 0.0
0.0324182218391787 -0.11571214269711 0.0
0.0335520842318801 -0.0551723832304823 0.0
0.0346066036428503 0.00526072999429058 0.0
0.0355704204866892 0.0655946519062086 0.0
0.0364190289224907 0.125846644813536 0.0
0.0371052123815658 0.186046283950444 0.0
0.0375484516252746 0.24624198996583 0.0
0.0376220223883054 0.306517881321872 0.0
0.0370729247662846 0.367028916985714 0.0
0.0348161947314436 0.427974018568824 0.0
0.0795346048751027 -0.666924044804919 0.0
0.0817577840382449 -0.60586239323151 0.0
0.0836647365993137 -0.544803966926032 0.0
0.0853821067354294 -0.483754836217728 0.0
0.086980522159369 -0.422728618303502 0.0
0.0884973397965208 -0.361740728577287 0.0
0.0899484873389101 -0.300805950207802 0.0
0.0913351497102733 -0.239937536144418 0.0
0.0926503673166566 -0.179146361184527 0.0
0.0938833734204267 -0.118439033251196 0.0
0.0950192811517125 -0.057816485658366 0.0
0.0960363377649734 0.00272821524406862 0.0
0.0969011340073935 0.0632127445269266 0.0
0.097561397538804 0.123670265948901 0.0
0.097936359453104 0.184155674598344 0.0
0.0979044516170082 0.244755944616172 0.0
0.0972780265396341 0.3056024553025 0.0
0.0957093583230755 0.366859313026348 0.0
0.0929679765323832 0.428505545018981 0.0
0.141320264341493 -0.669464235799802 0.0
0.143385282531699 -0.608347871861032 0.0
0.145199248369881 -0.547226569038186 0.0
0.146877792449832 -0.486109375366857 0.0
0.148477445172196 -0.425010352659439 0.0
0.150021697221946 -0.363943775355242 0.0
0.151514611776609 -0.302922345098435 0.0
0.152947883649291 -0.241956496718687 0.0
0.154305414774609 -0.181053924253749 0.0
0.155565079087457 -0.120218283004476 0.0
0.156697015596397 -0.0594482236035374 0.0
0.157659531531549 0.00126412666497688 0.0
0.15839276070005 0.0619344829902567 0.0
0.158809812249981 0.122587495827272 0.0
0.158785280651425 0.183254733349199 0.0
0.158140432694068 0.243966766326849 0.0
0.156623536148888 0.304726460384961 0.0
0.153966911351764 0.365432872783177 0.0
0.150469589586674 0.425897313195317 0.0
0.203234978556009 -0.671442144815199 0.0
0.20512940901534 -0.610247480729337 0.0
0.206856934999414 -0.549033183533304 0.0
0.208510189947803 -0.487812569748584 0.0
0.21012547641868 -0.426600766324927 0.0
0.211710079731294 -0.365411253335714 0.0
0.213255448861562 -0.304255120905077 0.0
0.214742947320339 -0.243141038590191 0.0
0.216146150087611 -0.182075482866114 0.0
0.217430379612851 -0.121062307290664 0.0
0.218549520069696 -0.0601027895632256 0.0
0.219440702341788 0.000804430476471004 0.0
0.220017026869093 0.0616624298351738 0.0
0.220158517903292 0.122473879120303 0.0
0.219702152362552 0.183235244183583 0.0
0.218434087736885 0.243927172571226 0.0
0.216105123184424 0.304500287546644 0.0
0.212555140625273 0.364892264617069 0.0
0.207941368152191 0.425224246059945 0.0
0.265245930078086 -0.672812735276991 0.0
0.266967829214389 -0.611521964355529 0.0
0.268620256654283 -0.550191746921672 0.0
0.270262507321478 -0.488840299615774 0.0
0.271906300180284 -0.427483760008348 0.0
0.273541591862755 -0.366134685155851 0.0
0.275147205269998 -0.304802721424784 0.0
0.276694109821447 -0.24349549190406 0.0
0.278145325518833 -0.182219630368507 0.0
0.279453523575178 -0.120981200876057 0.0
0.280556567367889 -0.0597866464861738 0.0
0.281371373273745 0.00135629508889777 0.0
0.281786344186351 0.0624367793447512 0.0
0.281652931618754 0.123438517551786 0.0
0.280777973403008 0.184335767347788 0.0
0.278922953423001 0.245090386886908 0.0
0.275829844859004 0.305657214187706 0.0
0.271293840725476 0.366026943689911 0.0
0.265220511506308 0.426304044371714 0.0
0.327312320327241 -0.673570464144828 0.0
0.328872266828335 -0.612171322662131 0.0
0.330466319126241 -0.550708891469241 0.0
0.332112633477369 -0.489205698261294 0.0
0.333796347303405 -0.427677798113777 0.0
0.335490495783917 -0.366135909825086 0.0
0.337162213555517 -0.304587683473873 0.0
0.33877283189923 -0.243039510078704 0.0
0.340275424400357 -0.181498252112708 0.0
0.34161073061116 -0.119972307086847 0.0
0.34270160441068 -0.0584731641267885 0.0
0.343446186189854 0.00298315745194236 0.0
0.343710007296451 0.0643740161993156 0.0
0.343317644159553 0.125668071091425 0.0
0.342045786530741 0.186822436925088 0.0
0.339623045775929 0.247782454623146 0.0
0.3357452260953 0.308489498824411 0.0
0.330106460087566 0.368904756635531 0.0
0.322420120213972 0.429038986310023 0.0
0.389388858599553 -0.673749832974104 0.0
0.390810739746991 -0.612235677684045 0.0
0.392367814975701 -0.550630860200548 0.0
0.394033066818606 -0.488959896521547 0.0
0.395765918307452 -0.427236483234489 0.0
0.397524503077411 -0.365467756100655 0.0
0.39926608294993 -0.303658037377167 0.0
0.400943717409619 -0.241811358888798 0.0
0.402501635834093 -0.179933682780695 0.0
0.403869711748675 -0.118034436028022 0.0
0.404956911712867 -0.056128597649937 0.0
0.405643709829047 0.00576122564284336 0.0
0.405773529295034 0.0676019129619282 0.0
0.405143698847256 0.129346746229423 0.0
0.403497305867123 0.19093129612065 0.0
0.400518742162287 0.252271377216934 0.0
0.395835255706119 0.313265499517723 0.0
0.389021068536524 0.373805020951246 0.0
0.37960718704522 0.433793181359071 0.0
0.451429815407775 -0.673428376597038 0.0
0.45274970782795 -0.61179910900248 0.0
0.454293490951458 -0.550047824883074 0.0
0.455990251665433 -0.488196702411946 0.0
0.457777689385641 -0.426253848233304 0.0
0.459602464984223 -0.364220533443667 0.0
0.461414387343414 -0.302095901217335 0.0
0.463159923791094 -0.239879791282499 0.0
0.464775751520755 -0.177575160230173 0.0
0.466182035000731 -0.11518992384999 0.0
0.467274971330329 -0.0527396070676411 0.0
0.467918377108109 0.0097496066969203 0.0
0.467934163474787 0.0722363875623195 0.0
0.467091839130912 0.134658702712017 0.0
0.465097418772508 0.19692605027438 0.0
0.461582088748123 0.258911929963333 0.0
0.456089055677274 0.320447401289709 0.0
0.448055151227403 0.381317563385433 0.0
0.436803208688801 0.441268797551082 0.0
0.513392466831945 -0.672733016136889 0.0
0.514654682937319 -0.610997018898522 0.0
0.516206935734678 -0.549101551662092 0.0
0.517942508948388 -0.487060453616669 0.0
0.519784209822711 -0.424872798466946 0.0
0.521671527621391 -0.36253184453104 0.0
0.523549404992623 -0.300029681576684 0.0
0.525359354418518 -0.237359696425567 0.0
0.527031693946746 -0.174518726266567 0.0
0.528477932886896 -0.111508890604567 0.0
0.529582549149323 -0.048340636401439 0.0
0.530193717281826 0.0149632070685794 0.0
0.530112533102064 0.078360965700728 0.0
0.529080290643085 0.141783037607463 0.0
0.526762910152636 0.205117991497618 0.0
0.522730654887588 0.268194485994464 0.0
0.516429139438308 0.330757105801374 0.0
0.507137757453171 0.392436038312083 0.0
0.49392346771354 0.452720611341468 0.0
0.57523936330058 -0.671850542690369 0.0
0.576488446307519 -0.61002704865103 0.0
0.578063306854732 -0.547995386687555 0.0
0.579836668460609 -0.485754961452189 0.0
0.581724919163227 -0.423293862830925 0.0
0.583664595180579 -0.360596539717696 0.0
0.585597901118947 -0.297646873102553 0.0
0.587462526333074 -0.234429370298889 0.0
0.589183148099728 -0.170930437356666 0.0
0.590663213073313 -0.107139675485985 0.0
0.591776023870396 -0.0430527272263142 0.0
0.592354478736813 0.0213244317522756 0.0
0.592178606087749 0.0859679953394941 0.0
0.590959643885417 0.150824533442458 0.0
0.588318249393011 0.215790637133465 0.0
0.583752837736319 0.280680308600593 0.0
0.576592084589033 0.34517001311196 0.0
0.565926296527973 0.408708636485141 0.0
0.550512121598216 0.470383251566581 0.0
0.636938109510371 -0.671043914118721 0.0
0.638205774804045 -0.609163307148571 0.0
0.639803954490545 -0.547003603143111 0.0
0.641604334718558 -0.484549064804774 0.0
0.643524219253292 -0.421779608871994 0.0
0.645499923969523 -0.358673095888473 0.0
0.647471807426545 -0.295205229195812 0.0
0.649373930363442 -0.231348922611647 0.0
0.651125264536124 -0.167074389404541 0.0
0.652620933978714 -0.102349413414629 0.0
0.653722403621571 -0.0371410123427249 0.0
0.654245703555926 0.0285818383945606 0.0
0.653946220453198 0.0948427563790992 0.0
0.652497553432903 0.161648447960912 0.0
0.649459639951809 0.228969511605348 0.0
0.644228153434759 0.296703354264738 0.0
0.635953314217431 0.36459580008244 0.0
0.623418146528034 0.432071161365051 0.0
0.604891021213113 0.497860282678641 0.0
