-0.543145213203445 -0.696481883064276 0.0
0.689801098524688 -0.731633103908543 0.0
-0.451917552947998 0.61237245798111 0.0
0.61237245798111 0.61237245798111 0.0
-0.482007868275618 -0.699087157751981 0.0
0.690623762816972 -0.670092140706659 0.0
0.575981028440196 0.559997722146978 0.0
-0.471846562920382 0.533919614133439 0.0
-0.420887093632608 -0.701529131058442 0.0
0.691959118829062 -0.608193189719025 0.0
0.525727868952038 0.530280084077036 0.0
-0.485896560890844 0.459078293672379 0.0
-0.359826110929104 -0.704076940050574 0.0
0.693610668674895 -0.545914194283171 0.0
0.472285788013365 0.512830626505123 0.0
-0.495292914871761 0.386998149116306 0.0
-0.298809905954795 -0.706876606086125 0.0
0.695464530936835 -0.483240826632515 0.0
0.417902591295017 0.502025320242814 0.0
-0.501830156107257 0.317098876403543 0.0
-0.237798732809761 -0.709977019886223 0.0
0.697443942312542 -0.420156171258626 0.0
0.363077795272147 0.495159297882568 0.0
-0.506603318218863 0.248894517313054 0.0
-0.176734592457005 -0.713342823198929 0.0
0.69948759010607 -0.35663649974443 0.0
0.307966815494265 0.490901603591305 0.0
-0.510263496603578 0.182018704647814 0.0
-0.115554209806049 -0.716863683631867 0.0
0.701536518769033 -0.292649455035889 0.0
0.25266719358089 0.488562877427179 0.0
-0.513214217568605 0.116201537317636 0.0
-0.0542028747479769 -0.720384440782859 0.0
0.70352437228793 -0.228152871496139 0.0
0.197279310721067 0.487799730837662 0.0
-0.51571573095861 0.0512430750369262 0.0
0.00735522319356489 -0.723738064571505 0.0
0.705368531258806 -0.163094235043827 0.0
0.141927695102291 0.488535422078548 0.0
-0.517942064465481 -0.0130063200195204 0.0
0.0691324637004565 -0.726771131017355 0.0
0.706960811474273 -0.0974097042639397 0.0
0.0868714006549965 0.492310449646588 0.0
-0.520015297924548 -0.076658144404619 0.0
0.131117494507954 -0.729359385187981 0.0
0.708156547923564 -0.031023479103249 0.0
0.0309826432659773 0.491377825514801 0.0
-0.522031456831351 -0.139793462300351 0.0
0.193278338648526 -0.731415196290207 0.0
0.708760754000325 0.036153444179746 0.0
-0.0254274109448592 0.490464276234831 0.0
-0.524101570773335 -0.202466316659816 0.0
0.255566632502842 -0.732889895059715 0.0
0.70850893997686 0.104224534273737 0.0
-0.0812732300216602 0.498576108607665 0.0
-0.526622953595544 -0.264705526103601 0.0
0.317922510281558 -0.733773957046662 0.0
0.707037978068519 0.173309551767967 0.0
-0.137136755420614 0.50520987035243 0.0
-0.528202074793107 -0.326853938113266 0.0
0.380278479709108 -0.734097368896934 0.0
0.703837450564693 0.243544503101627 0.0
-0.192213709733122 0.514271556728547 0.0
-0.530048562793918 -0.38893393072115 0.0
0.442563937406371 -0.733931770915564 0.0
0.698162021933377 0.315076943311012 0.0
-0.248141237530979 0.520338938334474 0.0
-0.532636796188659 -0.450754812383551 0.0
0.504709930560843 -0.733395197616703 0.0
0.688863048716227 0.388040542404957 0.0
-0.30471954614824 0.52775090431821 0.0
-0.535260514812937 -0.512376430323812 0.0
0.566655240158441 -0.732659899955214 0.0
0.674048061864413 0.462457991532052 0.0
-0.359202407175041 0.544743152062948 0.0
-0.537990343111336 -0.573845032711534 0.0
0.628356176935661 -0.731964221159163 0.0
0.650398451762547 0.537895559514352 0.0
-0.412272510332459 0.567511672303839 0.0
-0.54052112109993 -0.635200270374231 0.0
-0.479413043657825 -0.637782996694864 0.0
-0.476828876549002 -0.576367602269097 0.0
-0.474119937809814 -0.514800907232199 0.0
-0.47154372638704 -0.453144290839935 0.0
-0.469026059208819 -0.391399314320204 0.0
-0.467093985780684 -0.329399722240419 0.0
-0.465464138895698 -0.26698209363956 0.0
-0.463188310303131 -0.204234704119223 0.0
-0.461157040606661 -0.141234055361654 0.0
-0.459193181611686 -0.077897779696516 0.0
-0.457200422282621 -0.0141546827027782 0.0
-0.455088970147407 0.0500605103216812 0.0
-0.452748840639137 0.114810606045388 0.0
-0.450030210453185 0.180151546119619 0.0
-0.446722407260972 0.246112838234843 0.0
-0.442532535213679 0.312647555297563 0.0
-0.437085913874377 0.379511044390985 0.0
-0.430056899715079 0.445984863876348 0.0
-0.42186920651175 0.51028762470261 0.0
-0.418267729203184 -0.640194155916933 0.0
-0.415617248271009 -0.578758806171715 0.0
-0.4129627928219 -0.517189135590725 0.0
-0.410435325150871 -0.45547087534862 0.0
-0.408115158194433 -0.393529739820478 0.0
-0.406218451871307 -0.331397189466885 0.0
-0.404443394081618 -0.269096961069059 0.0
-0.402425372530038 -0.206496948043043 0.0
-0.400536995187193 -0.143647645304999 0.0
-0.398714487639984 -0.0805423474209386 0.0
-0.396892804086561 -0.0171742409938686 0.0
-0.395003732450883 0.0464484510103458 0.0
-0.392965172020055 0.110288942358871 0.0
-0.390672497560732 0.174261378931885 0.0
-0.38799352836763 0.238197577794955 0.0
-0.384772100570221 0.301802628164593 0.0
-0.380850602959965 0.364616886128823 0.0
-0.376113892082466 0.426058987424085 0.0
-0.37013504099409 0.485718710530085 0.0
-0.35713263307443 -0.642767699248548 0.0
-0.354449723044427 -0.581354376239858 0.0
-0.351858222631179 -0.519806552895245 0.0
-0.349451426821777 -0.45810039602423 0.0
-0.347296579916728 -0.396228628613299 0.0
-0.345435764795636 -0.334229582536399 0.0
-0.343669812757451 -0.272086344729568 0.0
-0.341850106996717 -0.209751303211619 0.0
-0.340131833724676 -0.147265350122897 0.0
-0.338489256563576 -0.0846590252839961 0.0
-0.336879566107554 -0.0219738778518721 0.0
-0.33525315854497 0.0407257002553019 0.0
-0.333548909771889 0.103342436419725 0.0
-0.331687430243836 0.165737950842759 0.0
-0.329563191882314 0.227730046305061 0.0
-0.327035710078779 0.289107998327937 0.0
-0.323925375799215 0.349680058160922 0.0
-0.320014766389053 0.409354218420705 0.0
-0.315374423581034 0.468294797462945 0.0
-0.296015312304455 -0.645615724318761 0.0
-0.293327868305365 -0.584264978238153 0.0
-0.290821441809453 -0.52279936941775 0.0
-0.28854518284995 -0.461210712061515 0.0
-0.286521868828011 -0.399510034464409 0.0
-0.284728588831434 -0.337720733599177 0.0
-0.283038200990323 -0.275842085388789 0.0
-0.28138312198351 -0.213873775820158 0.0
-0.279826039845501 -0.151860773635531 0.0
-0.278352079293013 -0.0898517674470166 0.0
-0.276928608489906 -0.0279052579805063 0.0
-0.275511964106378 0.033907784811193 0.0
-0.274042267018016 0.0955059644196284 0.0
-0.272434336708387 0.156806873660514 0.0
-0.27056686239558 0.217746032734075 0.0
-0.268274971573156 0.278309161494022 0.0
-0.265359443228903 0.338574626381862 0.0
-0.261677136454411 0.398767014227741 0.0
-0.257621184448647 0.4592705728796 0.0
-0.234900301931329 -0.648778525376401 0.0
-0.232231251004754 -0.587516951711388 0.0
-0.229819096174326 -0.526171698830958 0.0
-0.227665855707297 -0.464742463508111 0.0
-0.225756007192421 -0.403244924602999 0.0
-0.224042388549667 -0.341701157649135 0.0
-0.222440311907332 -0.280124942571398 0.0
-0.220912105677237 -0.21853700425934 0.0
-0.219478766999012 -0.156980941762469 0.0
-0.218125971044645 -0.0955030809614782 0.0
-0.216823661206311 -0.0341509491230171 0.0
-0.215528380848752 0.0270304340632436 0.0
-0.214178773512849 0.0880061502934284 0.0
-0.212689514059928 0.148764062140363 0.0
-0.210947725132207 0.209331314638327 0.0
-0.208819288879461 0.269794611058656 0.0
-0.206183093294041 0.330320444535865 0.0
-0.203031553391261 0.391159192649871 0.0
-0.199366762713472 0.452516758815575 0.0
-0.173753662716903 -0.652205968039457 0.0
-0.171123559768167 -0.591035741992492 0.0
-0.168808217021334 -0.529813118449697 0.0
-0.166765419611983 -0.468541151726644 0.0
-0.164950934462363 -0.407237073030966 0.0
-0.163309222915324 -0.34592304140696 0.0
-0.161779384845603 -0.284619327017753 0.0
-0.160334890094455 -0.22335177025725 0.0
-0.158977731174245 -0.162156191753633 0.0
-0.157693051340212 -0.10106709187757 0.0
-0.156454000742338 -0.0401140713131561 0.0
-0.155222484966085 0.0206825344769206 0.0
-0.153947471355576 0.0813172412942951 0.0
-0.152564519348762 0.141806213290614 0.0
-0.151000880866606 0.202192402592238 0.0
-0.149193542486084 0.262546856660976 0.0
-0.147129191442414 0.322956217730091 0.0
-0.144856281136384 0.38347214466501 0.0
-0.142068577536584 0.444055830553837 0.0
-0.112533888773382 -0.655774535362673 0.0
-0.109964551123976 -0.594677267635887 0.0
-0.107745759774058 -0.533553591977497 0.0
-0.105798105699188 -0.472407582156375 0.0
-0.10405814961594 -0.411255868151903 0.0
-0.102469048029523 -0.350119346363083 0.0
-0.100984214377508 -0.289019023794913 0.0
-0.0995827980981457 -0.227978806272177 0.0
-0.0982599473824594 -0.167025817283004 0.0
-0.0970033267499403 -0.106183808247557 0.0
-0.0957932634612254 -0.0454703514532535 0.0
-0.0946034928465812 0.0151058572753241 0.0
-0.0934020153718089 0.0755474326161848 0.0
-0.0921544478683113 0.135870608367392 0.0
-0.0908330519671235 0.196105335771986 0.0
-0.089434512830795 0.256293144351466 0.0
-0.0879971351138598 0.316480403566778 0.0
-0.0865529171648345 0.376722945955654 0.0
-0.085029289175801 0.437224409766554 0.0
-0.051202445467637 -0.659321383294185 0.0
-0.0487179009463639 -0.598266871150674 0.0
-0.046594624530253 -0.537203806811903 0.0
-0.044726234928074 -0.476136348013958 0.0
-0.0430391288659906 -0.415079655074656 0.0
-0.0414796123047922 -0.354052575150283 0.0
-0.0400117320942096 -0.293074429579361 0.0
-0.0386199826055393 -0.232165493340086 0.0
-0.0372998051504735 -0.171346250659738 0.0
-0.036044575415911 -0.1106336209489 0.0
-0.0348447338350766 -0.0500393976610794 0.0
-0.0336890448142653 0.010430929799036 0.0
-0.0325672910509983 0.0707784731353629 0.0
-0.0314760325847892 0.131010374517583 0.0
-0.0304295309350916 0.191135838174221 0.0
-0.0294760157215309 0.251157715404339 0.0
-0.0287112806961108 0.311056982985485 0.0
-0.0283030010493759 0.370780033412652 0.0
-0.0288286871538122 0.430216746140137 0.0
0.0102680221399483 -0.662677185422618 0.0
0.0126426244562997 -0.60163115960788 0.0
0.0146713981496064 -0.540585301779046 0.0
0.0164755850191302 -0.479544171508533 0.0
0.0181303671201221 -0.418521696474993 0.0
0.0196825223518448 -0.357534726584958 0.0
0.0211580873582449 -0.296600270217029 0.0
0.0225660937190716 -0.235734963531215 0.0
0.0239067409481358 -0.174954181629647 0.0
0.0251789979410878 -0.114269644489118 0.0
0.0263812480678643 -0.0536882250620401 0.0
0.0275095531043806 0.00678940645439285 0.0
0.0285541529778548 0.0671700786304425 0.0
0.0294934399868303 0.127470281828664 0.0
0.030284963057611 0.187718640086008 0.0
0.0308549567333602 0.247962162165154 0.0
0.0310843170018214 0.308281911490728 0.0
0.0307290147182084 0.368825194839056 0.0
0.0287515530232557 0.429780681996713 0.0
0.0718893933336817 -0.66568997978181 0.0
0.074130180791538 -0.604619465400432 0.0
0.076065894741624 -0.543549007764498 0.0
0.0778198174713919 -0.482484671077506 0.0
0.0794606990732738 -0.421439926892441 0.0
0.0810249436723608 -0.360430018606479 0.0
0.0825281078699278 -0.299469601867319 0.0
0.0839714008475489 -0.238571887482225 0.0
0.0853481764406081 -0.177747834519899 0.0
0.0866482531052451 -0.117004312760816 0.0
0.0878576992858671 -0.0563427554278862 0.0
0.0889562895089154 0.00424294801106324 0.0
0.0899130285755968 0.0647692001258375 0.0
0.0906793542613712 0.125267257932352 0.0
0.0911798567599234 0.185789199332175 0.0
0.0912999501882171 0.246417842529004 0.0
0.0908603082497096 0.307278562831113 0.0
0.0895255864208088 0.368528849317659 0.0
0.0870644731753257 0.430153310010717 0.0
0.133656819596109 -0.668239018807626 0.0
0.135744245213695 -0.607115329878092 0.0
0.137590070648088 -0.545983807477496 0.0
0.139306993114022 -0.48485341473866 0.0
0.140950139082993 -0.423738024934209 0.0
0.142542505766609 -0.362651727973398 0.0
0.14408821792535 -0.301607106736919 0.0
0.145579417651756 -0.240614578831925 0.0
0.147000780308146 -0.179681958157561 0.0
0.148331316223529 -0.118813200143436 0.0
0.149542801655992 -0.0580074828961679 0.0
0.150595915951259 0.00274226860286584 0.0
0.151434226360795 0.0634506922747987 0.0
0.151975712175362 0.124141175932479 0.0
0.152101551794866 0.184844170569711 0.0
0.151641285406873 0.245590095641567 0.0
0.150352793039004 0.306384535975977 0.0
0.14797521837184 0.367136167757275 0.0
0.144783520589955 0.427667242457222 0.0
0.195550480284556 -0.670240895681069 0.0
0.197472444864513 -0.60904085661157 0.0
0.199234860272139 -0.547818701304866 0.0
0.200928118112157 -0.486587528592191 0.0
0.202587740150842 -0.425362197097883 0.0
0.204221050134521 -0.364155960045919 0.0
0.205820028870064 -0.302979760051688 0.0
0.207366943849051 -0.241842211404198 0.0
0.208836643578096 -0.180749836151449 0.0
0.210196181729804 -0.119706639704124 0.0
0.21140180199417 -0.0587141474850368 0.0
0.212393865224814 0.00222870806737314 0.0
0.21308985865309 0.0631248022975003 0.0
0.213375603423849 0.123976978940104 0.0
0.213095337755823 0.184782737027261 0.0
0.212043549523162 0.245525273650023 0.0
0.209978728552749 0.306159721746041 0.0
0.206741086608505 0.366627736849416 0.0
0.20246336855366 0.427041631266069 0.0
0.257538621601929 -0.671651056713909 0.0
0.2592932264014 -0.610357162718502 0.0
0.260983348212732 -0.54902185209325 0.0
0.262666962952635 -0.487662948506781 0.0
0.264355740413511 -0.426296221707711 0.0
0.26604024562194 -0.364933941971055 0.0
0.267700314320101 -0.30358554803408 0.0
0.269308282178151 -0.242258513049691 0.0
0.270828944796103 -0.180959352753027 0.0
0.272217286381854 -0.119694011427514 0.0
0.273414204462339 -0.0584687556167097 0.0
0.274340590566828 0.00270900578705716 0.0
0.274889977562767 0.0638290655293354 0.0
0.274920228441644 0.124876300991781 0.0
0.274245774926265 0.185826896027217 0.0
0.27263629075828 0.246645456615474 0.0
0.269840646990178 0.307289707300423 0.0
0.265654379618827 0.367750500316818 0.0
0.259969478808143 0.428123758785253 0.0
0.319581626485163 -0.67246367866426 0.0
0.321179160743868 -0.611063893396502 0.0
0.322813304814158 -0.549599438759188 0.0
0.324502002198993 -0.488092264543884 0.0
0.326231124788132 -0.426557974435497 0.0
0.327974880199107 -0.365006955007881 0.0
0.32970187442515 -0.30344659131051 0.0
0.3313752421711 -0.241883019399598 0.0
0.332950304420634 -0.18032280162709 0.0
0.334370650600696 -0.118773930055706 0.0
0.335562774940013 -0.0572473071494161 0.0
0.336429445576193 0.00424191666557325 0.0
0.336841976570326 0.065672378955241 0.0
0.336631960962896 0.127014566190162 0.0
0.335584227736839 0.188228067448111 0.0
0.333436127326875 0.249261282829422 0.0
0.329891251073646 0.310058684360307 0.0
0.324647213739583 0.370582821550748 0.0
0.317411869798214 0.430840938680992 0.0
0.381635394234007 -0.672712251648287 0.0
0.383099095254457 -0.611200101871848 0.0
0.38469807916816 -0.549596572726696 0.0
0.386406330259345 -0.48792546361543 0.0
0.388184771636905 -0.42619999908907 0.0
0.389993221836946 -0.364426990644347 0.0
0.391790821856742 -0.302610480414011 0.0
0.393532827748103 -0.240754177001446 0.0
0.395166146677428 -0.178863598579784 0.0
0.3966239962544 -0.116947526835551 0.0
0.397819548797489 -0.0550199989983411 0.0
0.398638537081109 0.00689773438477209 0.0
0.398930856131218 0.0687744652506166 0.0
0.398501609633441 0.130566103067054 0.0
0.397102904627802 0.192211706065927 0.0
0.394429019505785 0.253631486076614 0.0
0.390116938931297 0.314728965654965 0.0
0.383748569011389 0.375400048814776 0.0
0.374857215990996 0.435549505834344 0.0
0.443655296554265 -0.672472477432318 0.0
0.44502024689722 -0.610847954587724 0.0
0.446607061854973 -0.549101453732616 0.0
0.448347036047365 -0.487254417159091 0.0
0.450180036667047 -0.425314565614523 0.0
0.452054830268591 -0.363282936879304 0.0
0.453923444284835 -0.301158449518105 0.0
0.455734885651728 -0.238940621841436 0.0
0.457428901231472 -0.176631899202978 0.0
0.458929464835939 -0.114239395261364 0.0
0.460137531566296 -0.0517774150757722 0.0
0.460922827150869 0.0107296630409475 0.0
0.461114504116778 0.0732431195850977 0.0
0.460490781262324 0.135704613496659 0.0
0.458767892179702 0.198028728737098 0.0
0.455588612145216 0.260095714046114 0.0
0.450508703496711 0.321745086556846 0.0
0.442977809896994 0.382771677466379 0.0
0.432329294868148 0.44293109536771 0.0
0.505599530480736 -0.671868384271103 0.0
0.506908790824026 -0.61013980854054 0.0
0.508504508635423 -0.548252720434893 0.0
0.510283204312854 -0.486220396679826 0.0
0.512170343004189 -0.424041739273268 0.0
0.514107822098744 -0.361709952804493 0.0
0.516043070057622 -0.299217039073376 0.0
0.517920437913778 -0.236556159288411 0.0
0.519673679040598 -0.173723691575014 0.0
0.521218566642448 -0.11072094655504 0.0
0.522444899759534 -0.0475570497275242 0.0
0.523207460961553 0.0157472397439154 0.0
0.523315471134542 0.0791534076027974 0.0
0.522520095003616 0.142596580634872 0.0
0.520499083070787 0.205972265292698 0.0
0.516836679706165 0.269119054767629 0.0
0.510994808534413 0.331795329400398 0.0
0.502271551673942 0.393649702287264 0.0
0.489753281253178 0.454194137312136 0.0
0.56743131258602 -0.671082398325316 0.0
0.568728116175979 -0.609268682453016 0.0
0.570346360280942 -0.547249011850973 0.0
0.572162650969793 -0.485022626295177 0.0
0.574096289726869 -0.422577747344366 0.0
0.576086405956789 -0.359899004642971 0.0
0.578077900630563 -0.296970396902192 0.0
0.580011577551282 -0.233776413063215 0.0
0.581815914713188 -0.170303225426633 0.0
0.583399100449296 -0.106539871693274 0.0
0.584640380357936 -0.0424809221004949 0.0
0.585380080595627 0.0218695100768332 0.0
0.585407471597694 0.0864907122867231 0.0
0.584445257453748 0.151334268320206 0.0
0.582128317721258 0.216304782164141 0.0
0.577972736171777 0.281228954599091 0.0
0.571329068755117 0.345803241142763 0.0
0.561314007113356 0.409507539241432 0.0
0.546713050604296 0.47147475574626 0.0
0.629118670414703 -0.670370975183755 0.0
0.630433732184732 -0.608501872440967 0.0
0.63207507096423 -0.546357875130521 0.0
0.633918343322315 -0.483923532468707 0.0
0.635883814362205 -0.421179148290223 0.0
0.637910501810864 -0.358102973847131 0.0
0.639941651675259 -0.29467108008625 0.0
0.641914725831559 -0.230856699141202 0.0
0.643752899462873 -0.166630262306542 0.0
0.645356592134947 -0.101959579103406 0.0
0.646593977828116 -0.0368113444103826 0.0
0.647289602861898 0.028846394999235 0.0
0.647209710411056 0.095039219517587 0.0
0.646041887508644 0.161777565314572 0.0
0.643364422896144 0.229038841712625 0.0
0.638597608652751 0.296732819446976 0.0
0.630925152282856 0.364628062889565 0.0
0.619174544329694 0.432191334850239 0.0
0.60166572524583 0.498231838035856 0.0
