-0.562110427422561 -0.693724365301107 0.0
0.670246193879172 -0.730261732486421 0.0
-0.475884771347046 0.61237245798111 0.0
0.61237245798111 0.61237245798111 0.0
-0.500970839693027 -0.696357177589128 0.0
0.671215945112023 -0.668734823643702 0.0
0.5713600296881 0.562338659319407 0.0
-0.493175500245038 0.534033952697354 0.0
-0.439845634254577 -0.698818561789278 0.0
0.672678206119597 -0.60686600038192 0.0
0.519023229085326 0.534100629848856 0.0
-0.505716034601308 0.459605899821404 0.0
-0.378776234865495 -0.701376008070027 0.0
0.674450253749174 -0.544633983982204 0.0
0.464228021743584 0.51725521321101 0.0
-0.514252057689012 0.387973943404132 0.0
-0.317748724450779 -0.704166298385305 0.0
0.676426814724939 -0.482024998178036 0.0
0.408736234474399 0.506654352579737 0.0
-0.520303078543466 0.318473007000783 0.0
-0.256726657407865 -0.707236608539577 0.0
0.678537852082363 -0.419022907370768 0.0
0.352933222640584 0.499835409865711 0.0
-0.524817224663103 0.250600824197124 0.0
-0.195656291783383 -0.710556490525336 0.0
0.680728452857496 -0.355605150949664 0.0
0.296936731836926 0.495557900302424 0.0
-0.528361862494039 0.183994049585283 0.0
-0.13447852252576 -0.714024934485892 0.0
0.682946730419267 -0.29174095361331 0.0
0.240821218604426 0.493163698038638 0.0
-0.531289305436005 0.118390656223671 0.0
-0.073141843508015 -0.717497861864722 0.0
0.685134871904344 -0.227390104684425 0.0
0.184666815105487 0.492315125188461 0.0
-0.533826779606761 0.0535991047219431 0.0
-0.0116121388041314 -0.720818842206188 0.0
0.687221051690829 -0.162502328826969 0.0
0.128576919628973 0.492928397415462 0.0
-0.536126143398975 -0.0105226118011592 0.0
0.0501229240836294 -0.723843227506886 0.0
0.68911098492448 -0.0970161655145216 0.0
0.072749800751333 0.496170325353842 0.0
-0.538294037204523 -0.0740794431198852 0.0
0.112053417684588 -0.726453192272285 0.0
0.690678060008329 -0.030858115916985 0.0
0.0162566072653933 0.495686754636964 0.0
-0.540415212997906 -0.1371469663378 0.0
0.174149929168222 -0.728565171625255 0.0
0.691750934281058 0.0360589601610901 0.0
-0.040738307589214 0.495459362750811 0.0
-0.542591486828443 -0.199774626372305 0.0
0.236367440284999 -0.730132406710018 0.0
0.692096542410242 0.103837735557923 0.0
-0.0972850794038072 0.502719616763573 0.0
-0.545199139099279 -0.261987411329956 0.0
0.298649904575284 -0.731145355960564 0.0
0.691394622749397 0.172599467827414 0.0
-0.153733756778505 0.509057048216461 0.0
-0.546876825863276 -0.32411035915473 0.0
0.360933887414024 -0.731632150559626 0.0
0.689195572751215 0.242486609686208 0.0
-0.209502612970242 0.517607453604135 0.0
-0.548816555947492 -0.386172464016936 0.0
0.423152884066474 -0.73166058442134 0.0
0.684844845827318 0.313664370419041 0.0
-0.266009509983936 0.523940993755244 0.0
-0.551474265228489 -0.447991220744368 0.0
0.485241856243 -0.73134240480302 0.0
0.67733721660777 0.386311104866663 0.0
-0.323144983048881 0.531733866271969 0.0
-0.554147161766405 -0.509614327636443 0.0
0.547142977001201 -0.730840346940178 0.0
0.665019121325597 0.460563939669113 0.0
-0.378577234595204 0.547676925152313 0.0
-0.556912796553841 -0.571084500887481 0.0
0.608814870580671 -0.730378751070578 0.0
0.64498313842727 0.536296161445273 0.0
-0.432715115332977 0.569588937985916 0.0
-0.559466703794055 -0.632441938519161 0.0
-0.498356644273564 -0.635053794017251 0.0
-0.495751018405102 -0.573639029097452 0.0
-0.493006892389268 -0.512074993227624 0.0
-0.490378726344186 -0.450422910078011 0.0
-0.487795198570459 -0.388684508301415 0.0
-0.485777238505168 -0.326704638746665 0.0
-0.484040492364287 -0.264319305162158 0.0
-0.481661486763783 -0.201609695986151 0.0
-0.47951960419704 -0.138659602710163 0.0
-0.477445764336278 -0.0753896631496037 0.0
-0.475352193901908 -0.0117315008550709 0.0
-0.473159814202254 0.0523776803248139 0.0
-0.470773098458096 0.116998921199893 0.0
-0.468062363277837 0.182188093579859 0.0
-0.464845342702981 0.247978583205754 0.0
-0.460868834179197 0.314336230511812 0.0
-0.455810273675669 0.381048289247143 0.0
-0.449396520371769 0.447465002675515 0.0
-0.4420291455803 0.511920582964973 0.0
-0.437210645474509 -0.637485957835577 0.0
-0.434538582679194 -0.576053379856422 0.0
-0.431846788375665 -0.51448741666643 0.0
-0.429264202081347 -0.452775186032396 0.0
-0.426870506191111 -0.390845371005041 0.0
-0.424880112131347 -0.328729300089574 0.0
-0.422996780862342 -0.266449356225682 0.0
-0.420866517927254 -0.203877414220486 0.0
-0.418859522467804 -0.141063103138103 0.0
-0.416917885688993 -0.0779997741621608 0.0
-0.414983831698404 -0.0146798966292624 0.0
-0.412998203684973 0.0488904893347963 0.0
-0.410890482238279 0.112679177662471 0.0
-0.408570794105234 0.176608711106764 0.0
-0.405925049479164 0.240524994245256 0.0
-0.402817343360179 0.304154322025946 0.0
-0.399108268306014 0.367062630725219 0.0
-0.394686556150222 0.428680328394091 0.0
-0.389039528991065 0.488535560953217 0.0
-0.37607238379005 -0.640067257744151 0.0
-0.373367613365385 -0.578653743532346 0.0
-0.37073517814636 -0.5171059546686 0.0
-0.368266948154732 -0.455401221699702 0.0
-0.36603046155243 -0.393532626127784 0.0
-0.364069137773234 -0.331537727464639 0.0
-0.362188927189417 -0.269399668975462 0.0
-0.360247238622743 -0.207071139883464 0.0
-0.358400080674945 -0.144590984455635 0.0
-0.356626311668927 -0.0819874102436708 0.0
-0.354888956259683 -0.0192985337167726 0.0
-0.35314550215589 0.0434162746156193 0.0
-0.351343473785872 0.10606671567495 0.0
-0.34941389979127 0.168523363896227 0.0
-0.347263357727391 0.230614075145908 0.0
-0.344764066750137 0.292136536637608 0.0
-0.341743940628648 0.352900347334465 0.0
-0.337958243526666 0.412801278563898 0.0
-0.3333281001019 0.471990293347556 0.0
-0.314950273718619 -0.642901987242148 0.0
-0.31224007968223 -0.581545424501025 0.0
-0.309687773033162 -0.520072620177992 0.0
-0.307342891977395 -0.458475755628751 0.0
-0.305229950650703 -0.396765438954468 0.0
-0.303328712162223 -0.334964135794659 0.0
-0.301516515326553 -0.273070230110205 0.0
-0.299729940478385 -0.211082107114485 0.0
-0.29803366090188 -0.14904216450349 0.0
-0.296416704967808 -0.0869962206125804 0.0
-0.294851435956844 -0.024999524527025 0.0
-0.293300414588612 0.0368803273706632 0.0
-0.291711625612145 0.0985647043681095 0.0
-0.290009824566442 0.159971937242608 0.0
-0.288085695723457 0.221033915529296 0.0
-0.285786175886138 0.281725067356615 0.0
-0.282913174155544 0.342101009614973 0.0
-0.279282629104317 0.402350342721899 0.0
-0.275103405815426 0.46281037579492 0.0
-0.253830670772634 -0.64603022969198 0.0
-0.251137051897947 -0.584756337293767 0.0
-0.248673352515169 -0.523395338264353 0.0
-0.246444184293026 -0.461946927517303 0.0
-0.244437103741779 -0.400426040671158 0.0
-0.242608374772139 -0.338853585406414 0.0
-0.240877302325091 -0.27724207226698 0.0
-0.239209582453073 -0.215610666272494 0.0
-0.237628642261132 -0.154000985132055 0.0
-0.236123726820891 -0.0924576580801894 0.0
-0.234669347234114 -0.0310271670443171 0.0
-0.233227796899685 0.0302452228814298 0.0
-0.231744890886739 0.0913220786075034 0.0
-0.230143805629355 0.152185159329269 0.0
-0.228320214593352 0.21285034755975 0.0
-0.226143918565626 0.2733864231384 0.0
-0.223480702604265 0.333935053146227 0.0
-0.220267890424777 0.394719898215547 0.0
-0.216439809021146 0.455955219093063 0.0
-0.192682220923932 -0.649407899340995 0.0
-0.19002453741889 -0.588219573681269 0.0
-0.187651591182885 -0.526973504874136 0.0
-0.185525909652155 -0.465672641375131 0.0
-0.183607462254274 -0.40433344132451 0.0
-0.181844540152872 -0.342976992754409 0.0
-0.180179850802121 -0.281622471653025 0.0
-0.178589768103739 -0.220294616752877 0.0
-0.177078709868017 -0.159028281452559 0.0
-0.175634898398162 -0.0978576606712822 0.0
-0.174235235808838 -0.0368130849126147 0.0
-0.172846049479091 0.024082897504501 0.0
-0.171421180377225 0.0848206185769938 0.0
-0.169900623445385 0.145409700966541 0.0
-0.168213154702114 0.205884233405578 0.0
-0.166288729281226 0.266305367552462 0.0
-0.16408874814135 0.326753422711746 0.0
-0.161618505145483 0.38728991035559 0.0
-0.158599343265264 0.447909428733056 0.0
-0.131466208889829 -0.652921507890019 0.0
-0.128864804807754 -0.591802114877834 0.0
-0.126582091534219 -0.530649485786411 0.0
-0.124545181986157 -0.469467650181234 0.0
-0.122695609417307 -0.408272628668264 0.0
-0.120980448940507 -0.347084512212267 0.0
-0.119356281156652 -0.285923554754079 0.0
-0.117804648733278 -0.224813055672653 0.0
-0.116322686521653 -0.163779847372061 0.0
-0.114900264738324 -0.102848019176915 0.0
-0.113520113151659 -0.0420363015696417 0.0
-0.112158350885321 0.0186444869758107 0.0
-0.110784777966261 0.0791938188484104 0.0
-0.109364928876056 0.139623912120154 0.0
-0.107866517234766 0.199960391047864 0.0
-0.106273137895836 0.260241524305075 0.0
-0.104599364914735 0.320514018792396 0.0
-0.102858502802752 0.380837580074719 0.0
-0.101008409963402 0.441400690870466 0.0
-0.070146446798323 -0.65641953499321 0.0
-0.0676236537803323 -0.595341012932925 0.0
-0.0654298729303917 -0.534246186269491 0.0
-0.0634664423994062 -0.473139273159137 0.0
-0.0616650567660928 -0.412035008288476 0.0
-0.0599757074675355 -0.350951661947121 0.0
-0.0583650221760112 -0.289908040934374 0.0
-0.0568192216789291 -0.228924066697928 0.0
-0.0553349885352737 -0.168020146490609 0.0
-0.0539067913444326 -0.107213542083254 0.0
-0.0525259124565415 -0.0465168406862504 0.0
-0.0511813392018405 0.0140632945643775 0.0
-0.0498616921494718 0.0745266645509197 0.0
-0.0485595483120891 0.134879542260243 0.0
-0.0472800670793526 0.195131928127195 0.0
-0.0460547856618502 0.255291471154864 0.0
-0.0449560429677501 0.315351339680163 0.0
-0.0441289154238467 0.375279220900012 0.0
-0.0441029239455892 0.434995286880232 0.0
-0.00869698707838474 -0.659743154772489 0.0
-0.00627616565533329 -0.598673297125931 0.0
-0.00416999776504274 -0.537595487804855 0.0
-0.00226547232138622 -0.476514395248529 0.0
-0.000492554628435723 -0.415443625181119 0.0
0.00119238303537159 -0.354399575786264 0.0
0.0028135314498183 -0.293398863098352 0.0
0.0043789818926889 -0.232457887326786 0.0
0.00588857093708325 -0.1715920357126 0.0
0.0073413099907991 -0.110813384321619 0.0
0.00873618368464056 -0.0501295550104402 0.0
0.0100708219311026 0.0104576159928466 0.0
0.0113387283560814 0.0709533650452363 0.0
0.0125243767146578 0.131372160673509 0.0
0.0135954955997336 0.191740091339179 0.0
0.0144929205419597 0.252100527041238 0.0
0.015114217404092 0.312527261910966 0.0
0.0152358044595384 0.373150339380132 0.0
0.0139295436041093 0.434135727202255 0.0
0.0528937972033282 -0.662748907910272 0.0
0.0551904681487934 -0.601656495434333 0.0
0.0572107537465573 -0.540556156398885 0.0
0.0590699038823399 -0.47945400758693 0.0
0.0608321359666345 -0.418363200895152 0.0
0.0625315072655284 -0.357298572352325 0.0
0.0641825945956957 -0.296274460971562 0.0
0.0657865433739595 -0.235303956503359 0.0
0.0673373011138089 -0.174398195586866 0.0
0.0688258860444747 -0.113564648932603 0.0
0.0702403835449379 -0.0528059194049404 0.0
0.0715638453264929 0.00788216264425516 0.0
0.0727705085832626 0.0685129890421136 0.0
0.0738199083667066 0.12911329895513 0.0
0.074648386301259 0.189728487634843 0.0
0.075156715855839 0.250431484162995 0.0
0.0751839607540703 0.311333237243065 0.0
0.0744224441734259 0.372574604068631 0.0
0.0726368148439957 0.434149758708623 0.0
0.114621914022094 -0.66532215725176 0.0
0.116776283160167 -0.60417989349378 0.0
0.118714013110883 -0.543022377783498 0.0
0.120540656614953 -0.48185844365957 0.0
0.122307851857918 -0.420701547667847 0.0
0.124037286347361 -0.359565347614231 0.0
0.125733094659936 -0.298462135310199 0.0
0.127388332697392 -0.237402269312501 0.0
0.128989341965775 -0.176393824435918 0.0
0.130517626151998 -0.115441441710969 0.0
0.131948588213139 -0.0545455247801191 0.0
0.133248191472379 0.00629912493365106 0.0
0.134367677287868 0.0671045715476383 0.0
0.135235937237317 0.127891098695081 0.0
0.135748936751225 0.188686189860253 0.0
0.135754849171236 0.24951916310828 0.0
0.135033217311474 0.310400533365511 0.0
0.13333770444409 0.371259140619982 0.0
0.130882108106224 0.43194121516222 0.0
0.176469295865252 -0.66738327564881 0.0
0.178470170380475 -0.606169039161426 0.0
0.18033172249375 -0.544926172099152 0.0
0.182138733237335 -0.483667330282299 0.0
0.183924651346657 -0.422406768559528 0.0
0.18569671144734 -0.361157210632387 0.0
0.187447989885185 -0.29992924342946 0.0
0.189162729057158 -0.238731336002287 0.0
0.190818613441359 -0.177570100780652 0.0
0.192386590958551 -0.116449888098273 0.0
0.193828246296698 -0.0553728096565893 0.0
0.195091282457999 0.00566147216521299 0.0
0.196103189257586 0.0666552365991842 0.0
0.196763043779283 0.127611462678445 0.0
0.196931738564929 0.188529561325022 0.0
0.196422896667576 0.249397879217375 0.0
0.195012430333656 0.310181035683525 0.0
0.19253967117304 0.370829115351418 0.0
0.189078381830391 0.431433563668836 0.0
0.238406555766373 -0.668889409574223 0.0
0.240252285438388 -0.607586489103306 0.0
0.242048307278773 -0.546236795761304 0.0
0.243849098271596 -0.484857291815159 0.0
0.245665947234837 -0.42346290659993 0.0
0.247490652617984 -0.362065240347089 0.0
0.249305263813505 -0.300673237306183 0.0
0.251085170569069 -0.239294007258586 0.0
0.252799185068835 -0.17793377891327 0.0
0.254407566734473 -0.116598215177226 0.0
0.255858175766585 -0.055293191704057 0.0
0.257081071281584 0.00597458424882528 0.0
0.257981669078558 0.0671962493631466 0.0
0.258432746407788 0.128359141022245 0.0
0.258266460125201 0.189443523884827 0.0
0.25727157704725 0.250419842188505 0.0
0.255212696877488 0.311251830055222 0.0
0.251885186418323 0.37192973773567 0.0
0.247148711263386 0.432528667942358 0.0
0.300396770973531 -0.669834598168497 0.0
0.302097101227687 -0.60843157310352 0.0
0.303843003003875 -0.546959876421458 0.0
0.30565150228764 -0.485440149856752 0.0
0.307509926188386 -0.423886954485973 0.0
0.309395035167269 -0.362309898696986 0.0
0.31127872010683 -0.300715739249162 0.0
0.313128195128758 -0.239110004674792 0.0
0.314903914109754 -0.177498546667327 0.0
0.316556027786659 -0.115888410633093 0.0
0.318019469371361 -0.0542891511725021 0.0
0.319207801310578 0.0072860486177196 0.0
0.320005903750291 0.0688186881079473 0.0
0.32026191834426 0.13028330481787 0.0
0.319779944251044 0.191644922656135 0.0
0.318318016959855 0.252858553200498 0.0
0.315598040705916 0.313875040755521 0.0
0.311325751983005 0.374658828109442 0.0
0.305196392359684 0.435207587913292 0.0
0.362398605638155 -0.670250423099002 0.0
0.363975361831126 -0.608741299405205 0.0
0.365690634211476 -0.547138329264666 0.0
0.367520366116271 -0.485463660828035 0.0
0.369428748107972 -0.423729419699687 0.0
0.37137935706713 -0.361941654878487 0.0
0.373335574692176 -0.300103743252801 0.0
0.375257661756767 -0.23821862431859 0.0
0.377098681876193 -0.176290766455936 0.0
0.37879960575907 -0.114327439893025 0.0
0.380283432028492 -0.0523404973439178 0.0
0.381448269222779 0.00965192787216442 0.0
0.382159349678299 0.0716229880521266 0.0
0.3822403252726 0.133534533692344 0.0
0.381464947273177 0.195333431386885 0.0
0.379551342082971 0.256949588633713 0.0
0.376160156923441 0.318297285737526 0.0
0.370892340749354 0.379281643802218 0.0
0.363287344463154 0.439809331836788 0.0
0.424370035060576 -0.670208688063311 0.0
0.425856043649996 -0.60859374847217 0.0
0.427562064126448 -0.546856127797403 0.0
0.429424244202889 -0.48501555202767 0.0
0.431387311631714 -0.423078837656892 0.0
0.433404783442369 -0.361046469073457 0.0
0.435433723507491 -0.29891682481635 0.0
0.437428952049329 -0.23668865205913 0.0
0.439337306543846 -0.17436318123439 0.0
0.441091638573791 -0.111945638433779 0.0
0.442604086028658 -0.0494474831168325 0.0
0.443758377486532 0.0131110853313107 0.0
0.444400966640839 0.0756973498261559 0.0
0.444331058483226 0.138261403609965 0.0
0.443289730416285 0.200729367929491 0.0
0.440948232612166 0.262996667996696 0.0
0.436893607899843 0.324921618924844 0.0
0.430607889457608 0.386320306978475 0.0
0.421450923183759 0.446967618542109 0.0
0.486271477940806 -0.669826962551376 0.0
0.487706888836948 -0.608114461995512 0.0
0.48942310219463 -0.54624490322341 0.0
0.491323994110918 -0.484230238767626 0.0
0.493341065197253 -0.422068963814896 0.0
0.495421674044927 -0.35975414288896 0.0
0.497518910273092 -0.29727754783092 0.0
0.499583641607222 -0.234631781544196 0.0
0.501557581601506 -0.171812116628529 0.0
0.503366475398655 -0.108817945772258 0.0
0.504912678527055 -0.0456552935220087 0.0
0.506066706604238 0.0176599020983615 0.0
0.506657305103194 0.0810964427749405 0.0
0.506459598757436 0.144600350147313 0.0
0.505180394011304 0.208083043893907 0.0
0.502438778275187 0.271405801853111 0.0
0.49773804995781 0.334358341652505 0.0
0.490424516131234 0.396630783035266 0.0
0.479634707248678 0.457785020131328 0.0
0.548067805248413 -0.66927766119516 0.0
0.549492746568382 -0.607485842620163 0.0
0.551231545030874 -0.545492489072406 0.0
0.553169759606902 -0.48329644893096 0.0
0.555233335641994 -0.420886234697627 0.0
0.557367294502664 -0.358246867748276 0.0
0.559522687574408 -0.295362582232084 0.0
0.561647480126574 -0.232217780434408 0.0
0.563678970384797 -0.168798044716687 0.0
0.565536451870151 -0.105091056110719 0.0
0.567113213739034 -0.0410888477322063 0.0
0.568267292574393 0.0232088357521097 0.0
0.568810201780788 0.087788503409478 0.0
0.568492529115817 0.152613410544294 0.0
0.5669841698125 0.217606782206784 0.0
0.563845399304169 0.282624796797245 0.0
0.558482661309857 0.347410261297074 0.0
0.550081983126848 0.411514782632405 0.0
0.537507507537187 0.474176275565198 0.0
0.609728140518824 -0.668802061299279 0.0
0.611170901179246 -0.606959284723518 0.0
0.61293249448707 -0.544850799454472 0.0
0.614897752897344 -0.482461779467511 0.0
0.61699369912733 -0.419773373806672 0.0
0.619165494740475 -0.356764686962057 0.0
0.621362977279122 -0.293412595724156 0.0
0.623531431698509 -0.229691032154316 0.0
0.625603784358861 -0.165570903189049 0.0
0.627492843307836 -0.101020054759958 0.0
0.629082605162648 -0.036004413832743 0.0
0.630217858679589 0.0295101477325472 0.0
0.630690852531299 0.0955537980316803 0.0
0.630222948382801 0.162145699809295 0.0
0.62843713681055 0.229279232436601 0.0
0.624814332759035 0.296893239236044 0.0
0.618622003929149 0.364809933468742 0.0
0.608801956807589 0.432596613179814 0.0
0.593815131237026 0.499248782011731 0.0
