-0.585451949870317 -0.690232496419584 0.0
0.646270621925126 -0.728433412029296 0.0
-0.504262042045593 0.61237245798111 0.0
0.61237245798111 0.61237245798111 0.0
-0.524309645700047 -0.692911805095844 0.0
0.64742134870944 -0.666923838917492 0.0
0.566012924865514 0.565316047250504 0.0
-0.518589736648353 0.534320559768905 0.0
-0.463178367707177 -0.695408645130147 0.0
0.649043814395788 -0.60509098524524 0.0
0.511159152215439 0.538768329250237 0.0
-0.529481610544854 0.460435929510839 0.0
-0.40209727219139 -0.697989983048183 0.0
0.650971739644357 -0.542914179581963 0.0
0.454656707611533 0.522644182145743 0.0
-0.53709609804953 0.389354408066102 0.0
-0.341053472401606 -0.700780819615844 0.0
0.653109881224082 -0.480380041712051 0.0
0.397761945610314 0.512321633053076 0.0
-0.542643560967667 0.320333228368055 0.0
-0.28001432473253 -0.703825290511348 0.0
0.655395905681591 -0.417473162228088 0.0
0.340727680730297 0.505588825642911 0.0
-0.546908552011964 0.252857947938926 0.0
-0.218931151168877 -0.707097870800725 0.0
0.657782168730092 -0.354172214027534 0.0
0.283620880718145 0.501305674508919 0.0
-0.55036470736715 0.186571217686392 0.0
-0.157749948020775 -0.710507972427231 0.0
0.660224813242781 -0.2904481846823 0.0
0.22648440309176 0.498852021561262 0.0
-0.553306552656803 0.121221240061825 0.0
-0.096423310915687 -0.713924446606314 0.0
0.662675779848256 -0.226263103870317 0.0
0.169371709335581 0.497898481107555 0.0
-0.555923750229257 0.0566268147539569 0.0
-0.0349195488220223 -0.717203660778551 0.0
0.665075651512619 -0.161569309791972 0.0
0.112359043464656 0.498346102443627 0.0
-0.558342754881368 -0.00734480719946755 0.0
0.0267731502591568 -0.720211940658691 0.0
0.667346235276185 -0.0963081682136646 0.0
0.0555860083712898 0.500999134659575 0.0
-0.560652408036108 -0.0707906428327433 0.0
0.0886461021178344 -0.722839850246553 0.0
0.669381954094932 -0.0304089723962224 0.0
-0.00165789805544293 0.500990218565521 0.0
-0.562924423931585 -0.133779580819751 0.0
0.150672556863512 -0.725009492348278 0.0
0.671039158853172 0.0362130529567632 0.0
-0.0593459654788751 0.501442914111178 0.0
-0.565250017162499 -0.196355389755013 0.0
0.212811183231455 -0.726677222072163 0.0
0.672121735337223 0.103659325283024 0.0
-0.116697799730956 0.507818132346654 0.0
-0.56798135335491 -0.258538205143804 0.0
0.275010293651784 -0.727834281246781 0.0
0.672359959613185 0.172052267133319 0.0
-0.173872399236055 0.513782964244057 0.0
-0.569792828916919 -0.320632677829288 0.0
0.337211207263859 -0.728507333269894 0.0
0.671376058683362 0.241540734929538 0.0
-0.230485214855522 0.521731350967471 0.0
-0.571857933923968 -0.382675511661846 0.0
0.399352333763118 -0.728760256825053 0.0
0.668622984285647 0.312308189425615 0.0
-0.287717553437759 0.528309026738613 0.0
-0.574612500842138 -0.444492777116505 0.0
0.46137344600392 -0.728697888499573 0.0
0.663266433000173 0.38457980702648 0.0
-0.345543306379693 0.536398105848102 0.0
-0.577356887119418 -0.506118026693055 0.0
0.523221032837834 -0.728472097010162 0.0
0.653942703485513 0.458613684100716 0.0
-0.402055245114617 0.551156671391178 0.0
-0.580178238906409 -0.567589785579398 0.0
0.584856893749874 -0.728290846938382 0.0
0.638267156861807 0.534612361741383 0.0
-0.457484945622206 0.571975082355121 0.0
-0.582772033925417 -0.628949596028365 0.0
-0.52165941318188 -0.631609872434963 0.0
-0.51901603023332 -0.570196074423848 0.0
-0.516217491259586 -0.508635510930335 0.0
-0.513514679165289 -0.446989066924652 0.0
-0.510838584568108 -0.385258786934839 0.0
-0.508703696348489 -0.323302140349335 0.0
-0.506823112245384 -0.260954650840001 0.0
-0.504300480753359 -0.198289505337917 0.0
-0.502003779902486 -0.135399413807441 0.0
-0.499773036527595 -0.0722087004311674 0.0
-0.497530325576304 -0.0086524979007239 0.0
-0.495209006790929 0.05532880792229 0.0
-0.492730342059194 0.119793793057462 0.0
-0.489987997451147 0.184797609554589 0.0
-0.486832621164863 0.250377015123807 0.0
-0.483057204282801 0.316510450716656 0.0
-0.47840106174525 0.383017675673495 0.0
-0.472659141623869 0.449320033091972 0.0
-0.466237415407636 0.513874278273639 0.0
-0.460511900110563 -0.634079641373651 0.0
-0.457802089020241 -0.57265124753842 0.0
-0.455053707118405 -0.511090525737031 0.0
-0.452392786472409 -0.449386262723513 0.0
-0.449897696997338 -0.387470567153378 0.0
-0.447780770264785 -0.325374848826302 0.0
-0.445751276526898 -0.263120132158865 0.0
-0.443466807649901 -0.200583019404564 0.0
-0.441295424729458 -0.1378123683998 0.0
-0.439186024289596 -0.0748018753551063 0.0
-0.437089355350139 -0.0115435026510538 0.0
-0.434956979128379 0.051958813921255 0.0
-0.432732193474373 0.115677577268503 0.0
-0.430342913238404 0.179544187248801 0.0
-0.427697283113118 0.243419624807982 0.0
-0.42468529874254 0.307053203595428 0.0
-0.421193282997978 0.370039456318867 0.0
-0.417123117759112 0.431825020510116 0.0
-0.411886710233373 0.491882408373008 0.0
-0.399368364784785 -0.636682874000262 0.0
-0.396625863652417 -0.575270312817901 0.0
-0.393932924887075 -0.513723751101384 0.0
-0.391379050462883 -0.452021929814852 0.0
-0.389031612995507 -0.390158469334746 0.0
-0.386935279222287 -0.328170242539621 0.0
-0.384901303138195 -0.266040615709011 0.0
-0.382793762503637 -0.203722754721422 0.0
-0.380769949140903 -0.141253339215135 0.0
-0.378814183885718 -0.0786581332159345 0.0
-0.376896497480635 -0.0159715846384058 0.0
-0.374983019794657 0.0467523755912379 0.0
-0.373031983031115 0.109431075181853 0.0
-0.370987567737313 0.171944975404545 0.0
-0.368772062734114 0.234133201442523 0.0
-0.366275066410994 0.295803251915122 0.0
-0.363337784182073 0.356767358237984 0.0
-0.359693895781345 0.416909761203284 0.0
-0.355110238544069 0.476366646507201 0.0
-0.338238198303913 -0.63951357210079 0.0
-0.335489727304499 -0.578151364234692 0.0
-0.332871407713591 -0.516671346701289 0.0
-0.330432477540161 -0.4550662220204 0.0
-0.328198994477992 -0.39334624519832 0.0
-0.326153483511747 -0.331532953816479 0.0
-0.324178082759208 -0.269623807781595 0.0
-0.322214068601175 -0.207615775382955 0.0
-0.32032862232018 -0.145548390774239 0.0
-0.31851548020286 -0.0834642585649504 0.0
-0.316753075327445 -0.0214149408587176 0.0
-0.315011603883722 0.0405358658637577 0.0
-0.31324876714214 0.102312873143426 0.0
-0.311401680919851 0.163835674073612 0.0
-0.30937616985036 0.225032799566137 0.0
-0.307034946381377 0.285867067551424 0.0
-0.304185499668688 0.346369945654244 0.0
-0.300604782737232 0.406690895105544 0.0
-0.296298616468995 0.467113769404915 0.0
-0.27710986705599 -0.642610588511045 0.0
-0.274376446184066 -0.581323190864665 0.0
-0.271840336233806 -0.519944712160819 0.0
-0.269508465789095 -0.458474946525432 0.0
-0.267371555731599 -0.396928069629962 0.0
-0.265389556613761 -0.335323715629663 0.0
-0.263486163692464 -0.273672955224619 0.0
-0.261630932346177 -0.211993138832235 0.0
-0.259850252462444 -0.150323553892128 0.0
-0.258137682306595 -0.0887067709267606 0.0
-0.256473281810459 -0.0271878751172772 0.0
-0.254826378177841 0.0341879026921315 0.0
-0.253151635874244 0.09538071242501 0.0
-0.25138290815489 0.156365951852751 0.0
-0.249427169460233 0.217147368785919 0.0
-0.247161348916889 0.277773966628802 0.0
-0.244440832325251 0.338359230661713 0.0
-0.241145973468192 0.399094518555795 0.0
-0.237137101748815 0.460197065091005 0.0
-0.215955067468414 -0.645936120066866 0.0
-0.213254710636517 -0.584727066581608 0.0
-0.210802428456174 -0.523453978324259 0.0
-0.208565692848244 -0.462119769384521 0.0
-0.206509039266805 -0.400740054580669 0.0
-0.204584998536166 -0.339334687918448 0.0
-0.202740331599663 -0.27792152962083 0.0
-0.200954785849611 -0.216523946432768 0.0
-0.199235718652288 -0.155175532216103 0.0
-0.19757510474039 -0.0939099309147015 0.0
-0.195954469893033 -0.0327580530668611 0.0
-0.194345683929368 0.0282553244181025 0.0
-0.192708884101727 0.0891160744637038 0.0
-0.190990248826057 0.149826628495465 0.0
-0.189122062518644 0.210411060413099 0.0
-0.187029017326414 0.270918863321414 0.0
-0.18464739315695 0.331421702072445 0.0
-0.181936880781909 0.391989174239881 0.0
-0.17865525142008 0.452651651945796 0.0
-0.15473845326245 -0.649387982281851 0.0
-0.152089781135022 -0.588242558658927 0.0
-0.1497204356907 -0.52705574922608 0.0
-0.14756472755695 -0.465831603108949 0.0
-0.1455697730296 -0.404585446781148 0.0
-0.143687086686012 -0.343336397382535 0.0
-0.141876881168667 -0.282103748286635 0.0
-0.140123529510084 -0.220909972973458 0.0
-0.138426616432636 -0.159781418628189 0.0
-0.136778790071934 -0.0987423976741269 0.0
-0.135165897771709 -0.037812805382261 0.0
-0.13356732596038 0.0229942434116398 0.0
-0.131955732075803 0.0836746904603449 0.0
-0.130297745308612 0.144236095185592 0.0
-0.128557617513296 0.20469884292012 0.0
-0.126706303021273 0.265096825098906 0.0
-0.124733763775913 0.325476091174166 0.0
-0.122633985327961 0.385899896071159 0.0
-0.120396440060951 0.446538174483195 0.0
-0.0934267874414244 -0.652827940036283 0.0
-0.0908501013219012 -0.591720553586685 0.0
-0.0885620242592947 -0.530587484703894 0.0
-0.0864726985109661 -0.46943308202588 0.0
-0.0845199143214123 -0.40827158030839 0.0
-0.0826579294899421 -0.347120527906901 0.0
-0.080856400061975 -0.285998051002554 0.0
-0.0791036515467714 -0.224923563742449 0.0
-0.0773979832317814 -0.163917290400543 0.0
-0.0757353907869969 -0.102996816886708 0.0
-0.0741085141335494 -0.0421756260726556 0.0
-0.0725071641706124 0.0185381906326933 0.0
-0.0709194587011958 0.0791426828746272 0.0
-0.0693346160405294 0.139642601087446 0.0
-0.0677490602823652 0.200047877936502 0.0
-0.0661773889687766 0.260369995965832 0.0
-0.0646675359897645 0.320613580741276 0.0
-0.0633400635292519 0.380767363670248 0.0
-0.0626645304363376 0.440782792315885 0.0
-0.0319960619320643 -0.656109915629798 0.0
-0.0295125388425791 -0.595010825727314 0.0
-0.0273039963569674 -0.53389383179908 0.0
-0.0252670395426688 -0.472763787150944 0.0
-0.0233376847764117 -0.41163391677633 0.0
-0.0214760355581116 -0.350520050217855 0.0
-0.0196601362160796 -0.289438286630872 0.0
-0.0178831231175616 -0.228404691563661 0.0
-0.0161457759858833 -0.167434622309876 0.0
-0.0144493041172798 -0.106540556838855 0.0
-0.0127944035898589 -0.0457310279355998 0.0
-0.0111821606462234 0.0149906535179168 0.0
-0.00961604478211586 0.0756276430120902 0.0
-0.00810558372562688 0.136191689045278 0.0
-0.00667263002070964 0.196705430144529 0.0
-0.00536104744636328 0.257207504267484 0.0
-0.0042554011163068 0.317763149487733 0.0
-0.00355586012397332 0.378483466327961 0.0
-0.00406476267691665 0.439509928775102 0.0
0.0295647190266169 -0.659101149095066 0.0
0.0319350169513691 -0.597981300727138 0.0
0.0340661522304386 -0.536843603283912 0.0
0.0360637919652862 -0.475694294272557 0.0
0.0379867055345353 -0.414546152889544 0.0
0.0398660849923731 -0.353413509950102 0.0
0.041715237010163 -0.292310293285568 0.0
0.0435350776815391 -0.231249410919796 0.0
0.0453200463471558 -0.170242176650963 0.0
0.0470622967574386 -0.109296749051806 0.0
0.048751911780528 -0.0484171042649222 0.0
0.0503752795116588 0.0123986290672246 0.0
0.0519120698479041 0.0731602707149096 0.0
0.0533303495839802 0.133889207508774 0.0
0.0545789705588741 0.194622937911045 0.0
0.0555751691538083 0.255422704494301 0.0
0.0561778988034829 0.31638223952881 0.0
0.0561099624553904 0.377621489206818 0.0
0.0551279155893996 0.43914101269996 0.0
0.091252238280651 -0.66169504284786 0.0
0.0934929648500651 -0.600528901886588 0.0
0.0955502704593189 -0.539338137164633 0.0
0.0975209987402777 -0.478131490585507 0.0
0.0994524711712023 -0.41692193796253 0.0
0.101364669783046 -0.35572261228285 0.0
0.10326158372919 -0.29454543481784 0.0
0.10513716573476 -0.233400663403814 0.0
0.106979498791762 -0.172296650458003 0.0
0.108772742354546 -0.111238819919977 0.0
0.110496202589772 -0.0502290057657463 0.0
0.112121571650445 0.0107357668557482 0.0
0.113608457623363 0.0716644528630223 0.0
0.114897702777783 0.132573452904362 0.0
0.115901527268002 0.193486201550604 0.0
0.116488659214516 0.254429506417774 0.0
0.116462537191012 0.315417273238342 0.0
0.115591325679388 0.37639804086613 0.0
0.114010111970957 0.437243663525122 0.0
0.153050201840156 -0.663817309537164 0.0
0.155151420332713 -0.602584130580333 0.0
0.157141230460504 -0.541313917907499 0.0
0.159097380260687 -0.480018867031082 0.0
0.161050598315926 -0.418712537642386 0.0
0.163007808135952 -0.357407023472716 0.0
0.164963189733132 -0.296112476669946 0.0
0.166903112414881 -0.234837177695829 0.0
0.168808369924181 -0.173587833254061 0.0
0.1706542178563 -0.112369203247085 0.0
0.17240818477218 -0.0511841282725662 0.0
0.174026182876491 0.00996675773274848 0.0
0.175446929005138 0.0710847750069928 0.0
0.176584431436997 0.132172540020152 0.0
0.177318399083609 0.193230760847349 0.0
0.177484067608053 0.254252311027606 0.0
0.176876510754465 0.315210963623765 0.0
0.175331140609947 0.376065159566042 0.0
0.172851194941627 0.436882196192084 0.0
0.21493178884428 -0.665427960400881 0.0
0.216892340773743 -0.604112098579442 0.0
0.218824825960788 -0.542742347734853 0.0
0.220779096333428 -0.481334715094977 0.0
0.222765675196301 -0.419903161503879 0.0
0.224777582440784 -0.358458502602089 0.0
0.226799268556812 -0.297009099735593 0.0
0.228809508851363 -0.235561637705679 0.0
0.230781614313884 -0.174122023686176 0.0
0.23268179687982 -0.112695634612407 0.0
0.234465822142083 -0.0512879859840303 0.0
0.236074215244554 0.0100948441300193 0.0
0.237426025707798 0.0714452181353279 0.0
0.238411218200462 0.132752774381883 0.0
0.238882422899755 0.194001678113011 0.0
0.238650318211529 0.255168027194512 0.0
0.237496791099192 0.316221185044001 0.0
0.235215154999889 0.37714914464934 0.0
0.231627282696917 0.438002015528178 0.0
0.276863111293916 -0.666521667687035 0.0
0.278692292108806 -0.605112550287125 0.0
0.280581862441821 -0.543629181102956 0.0
0.282547242600212 -0.482090715146931 0.0
0.284577150645786 -0.420510510660845 0.0
0.286651113169497 -0.35889727436077 0.0
0.288744673353954 -0.297257037413317 0.0
0.290829634039688 -0.235594635425653 0.0
0.292872272565918 -0.173915125392492 0.0
0.294830241994283 -0.112224516595843 0.0
0.296648195360927 -0.0505309166250247 0.0
0.298252212877782 0.0111545707422824 0.0
0.299543005498068 0.0728164337075402 0.0
0.300388124136471 0.134433400197224 0.0
0.30061430770602 0.195976051211665 0.0
0.300003740139673 0.257405980039125 0.0
0.29829929326661 0.318679785364781 0.0
0.295215625932452 0.379761852508804 0.0
0.290434014338622 0.44063676431776 0.0
0.338806036995793 -0.667128471073568 0.0
0.340524170444633 -0.605620779447405 0.0
0.342388801848627 -0.544015426242776 0.0
0.344377696061741 -0.482332658408455 0.0
0.346458589630292 -0.420583333538727 0.0
0.348599246564627 -0.358772624338992 0.0
0.350767821653882 -0.29690314810785 0.0
0.352930255031143 -0.234976972993546 0.0
0.355046655946939 -0.172997388543934 0.0
0.357066944674439 -0.110969983402104 0.0
0.358925557790514 -0.048904202269324 0.0
0.360535124783715 0.0131852270700777 0.0
0.361779007010252 0.0752761784711802 0.0
0.362502916882621 0.137336871437076 0.0
0.362506448370801 0.199322421739726 0.0
0.361536233057321 0.261172710217782 0.0
0.359281245722004 0.322812510800293 0.0
0.355365530877355 0.3841548458759 0.0
0.349336503740828 0.4451055906064 0.0
0.400721637721075 -0.667316186522306 0.0
0.402359003862184 -0.605710647064781 0.0
0.40421819422654 -0.543980659107019 0.0
0.406240679856073 -0.482143957349622 0.0
0.408376646466261 -0.420206318395809 0.0
0.410584970386136 -0.358167597437751 0.0
0.412828421548562 -0.296025560382047 0.0
0.415068453699459 -0.233778079788111 0.0
0.41726006766825 -0.171425013648263 0.0
0.419346432240689 -0.108969468946477 0.0
0.421252801883775 -0.0464197327255892 0.0
0.422879477392883 0.0162086213290721 0.0
0.424093565729514 0.0788894715217574 0.0
0.424719531332802 0.14158210173489 0.0
0.42452859299167 0.204225068489292 0.0
0.423226849146374 0.266729898705549 0.0
0.420440047264972 0.328974387080414 0.0
0.415690679991912 0.390795829103942 0.0
0.408371153756665 0.451986695481953 0.0
0.462573055530393 -0.667195263477647 0.0
0.464166416562558 -0.605500148817441 0.0
0.466037685078856 -0.543648733689651 0.0
0.468099134458436 -0.481651431079991 0.0
0.470289139411511 -0.419506278506542 0.0
0.47256125258438 -0.357206186654455 0.0
0.47487499796578 -0.294742663236969 0.0
0.477188703598169 -0.232107668241693 0.0
0.479453281821462 -0.169295211692826 0.0
0.481606115896041 -0.106302514771358 0.0
0.483564360167723 -0.043132118448688 0.0
0.485217253709197 0.0202054176720227 0.0
0.48641700666733 0.0836870044292273 0.0
0.486967838951603 0.147270661755857 0.0
0.486612257272867 0.210885209278566 0.0
0.485012776886413 0.274416517685385 0.0
0.481725133355877 0.337687900070356 0.0
0.476157567693493 0.400433179678141 0.0
0.467510542914263 0.462264794004895 0.0
0.524327283991948 -0.666926666989241 0.0
0.525913069838815 -0.605159525443331 0.0
0.527807326438458 -0.543195115160198 0.0
0.529906005000107 -0.481031847511622 0.0
0.532142649362749 -0.418658574573307 0.0
0.534468972348013 -0.356060754650778 0.0
0.536843023577069 -0.293222868101299 0.0
0.539220977461007 -0.230129192302656 0.0
0.541550338402733 -0.166764616057249 0.0
0.543763376625333 -0.103115267930962 0.0
0.545769951370207 -0.0391703116847467 0.0
0.54744919861848 0.0250754153634469 0.0
0.548639395842974 0.0896164968963545 0.0
0.549125050117694 0.154429189175653 0.0
0.548619209521271 0.219457384881901 0.0
0.546737529635836 0.284589853380473 0.0
0.542958054932333 0.349620395222966 0.0
0.536558200963294 0.414178840118074 0.0
0.526509230806287 0.477615453069453 0.0
0.585954962175981 -0.666733922792116 0.0
0.587558497084112 -0.604921587225073 0.0
0.589475493183113 -0.542853563961608 0.0
0.591601455678706 -0.480515717835686 0.0
0.593871136441325 -0.417890111165071 0.0
0.596236674821979 -0.354956764131049 0.0
0.598655407728812 -0.291693422616225 0.0
0.601081580937804 -0.228074781869752 0.0
0.603459385653871 -0.16407227519408 0.0
0.605716067741158 -0.0996537961039944 0.0
0.607754221054703 -0.0347844281561799 0.0
0.60944261999469 0.0305723716746889 0.0
0.61060456991692 0.0964518927841469 0.0
0.611002090781308 0.162883071959545 0.0
0.610312471781493 0.229877212929056 0.0
0.608091131097167 0.297405828054919 0.0
0.603710332980269 0.365351444291881 0.0
0.596259641709932 0.433394375233757 0.0
0.584395509841136 0.500739252940588 0.0
