-0.598465939785188 -0.688214386910131 0.0
0.63293265957549 -0.727282334883376 0.0
-0.519822776317596 0.61237245798111 0.0
0.61237245798111 0.61237245798111 0.0
-0.537321992060793 -0.690921477479658 0.0
0.634182739318602 -0.665782605978803 0.0
0.563181549422771 0.567007423958362 0.0
-0.532557088889949 0.534537142522317 0.0
-0.476186937821137 -0.693439498222241 0.0
0.6358942301827 -0.603969712693664 0.0
0.506931977711611 0.541370553250611 0.0
-0.542579933661865 0.460973370626302 0.0
-0.415098623972498 -0.696035635055848 0.0
0.637909958129917 -0.54182321153215 0.0
0.449455347465825 0.525656578085905 0.0
-0.549714743682623 0.390203744321138 0.0
-0.35404463215177 -0.698828102912739 0.0
0.640140142164095 -0.479329846252443 0.0
0.391758821293523 0.515510498736947 0.0
-0.555005488982853 0.321450965642818 0.0
-0.292994379216137 -0.701859013545951 0.0
0.642526590134184 -0.416474530809704 0.0
0.33402324491633 0.508844737821285 0.0
-0.559149528326717 0.254196555537787 0.0
-0.231901991101621 -0.705105242539623 0.0
0.645025538132748 -0.353236555366037 0.0
0.276285340236824 0.504571759795765 0.0
-0.56257045097328 0.188087416360392 0.0
-0.170716337872366 -0.708481719575259 0.0
0.647597412471424 -0.289587827779508 0.0
0.218568970748055 0.502092766498523 0.0
-0.565531792476151 0.122877758794387 0.0
-0.109392388220362 -0.711864339150336 0.0
0.650199373216614 -0.225491570821431 0.0
0.160911940738944 0.501083780931542 0.0
-0.568202969351211 0.0583922459454833 0.0
-0.0478999402111484 -0.7151165948541 0.0
0.652778673375558 -0.160901531134193 0.0
0.103374864502931 0.501436193169574 0.0
-0.570696677121867 -0.00549667547019746 0.0
0.0137723594164683 -0.718111057628129 0.0
0.655265807920662 -0.0957606119942173 0.0
0.046069609075305 0.503785283378678 0.0
-0.573092076418081 -0.0688815775531776 0.0
0.0756163440568065 -0.720743188898872 0.0
0.657566596824097 -0.0299996428632797 0.0
-0.0116007677792209 0.504011763803885 0.0
-0.57545377419209 -0.131827589245237 0.0
0.137606587062512 -0.722938522380102 0.0
0.659552432189194 0.0364648203456693 0.0
-0.0696712072180441 0.504787381457019 0.0
-0.577867225131247 -0.194375266506623 0.0
0.199703679853702 -0.724655439655875 0.0
0.661047291693538 0.103733416106356 0.0
-0.127457602813763 0.510719629446787 0.0
-0.58067153443195 -0.256541979936991 0.0
0.261858268521159 -0.725885908068468 0.0
0.661808929119168 0.171928996579315 0.0
-0.185043821103505 0.516471488783063 0.0
-0.582560057680726 -0.318621270846378 0.0
0.324014265736515 -0.726656048656726 0.0
0.661498594505002 0.241203450332393 0.0
-0.242130648307033 0.524090013596355 0.0
-0.58469681204409 -0.380654108899795 0.0
0.386112806145018 -0.727027816935867 0.0
0.659627614946687 0.311749113596637 0.0
-0.299778839441446 0.530770531244943 0.0
-0.587507134621734 -0.442470939151293 0.0
0.448096375748209 -0.727102440785364 0.0
0.655454716360467 0.383814041128006 0.0
-0.35799746493209 0.538963826520232 0.0
-0.59029283286129 -0.504097559489314 0.0
0.509913954560414 -0.727025958652774 0.0
0.647775578820129 0.457715444993891 0.0
-0.415087872212366 0.553088699331016 0.0
-0.593146826800542 -0.565570175252303 0.0
0.571529265045302 -0.726997406831334 0.0
0.634501761026414 0.533817024091839 0.0
-0.471233889156635 0.573279150048218 0.0
-0.595764264533392 -0.62693129739175 0.0
-0.534650030185789 -0.629620432810759 0.0
-0.531984235866487 -0.568207159419796 0.0
-0.529153977260171 -0.506648549453291 0.0
-0.526408160307284 -0.445005258134686 0.0
-0.52367867388902 -0.383279541885041 0.0
-0.521476707306194 -0.321335680515897 0.0
-0.519513487948496 -0.25900901250999 0.0
-0.516906918226222 -0.196368387819623 0.0
-0.514519257896362 -0.133511576227034 0.0
-0.512195421977197 -0.070364974359649 0.0
-0.509862844366025 -0.00686570508466724 0.0
-0.507461680387357 0.05704401465593 0.0
-0.504922363711609 0.121421288994618 0.0
-0.502151302589092 0.186320680165357 0.0
-0.499017105166654 0.25178042509166 0.0
-0.495338062944132 0.317785098831192 0.0
-0.490887895699824 0.38417061387634 0.0
-0.485501686597176 0.450393937085259 0.0
-0.47959990313929 0.514973964865257 0.0
-0.473501293168037 -0.632112659671528 0.0
-0.470769131733949 -0.570686804247282 0.0
-0.467987960362159 -0.509129203584749 0.0
-0.465282022504859 -0.447429582119026 0.0
-0.462728758523112 -0.385521916612559 0.0
-0.460539326477819 -0.32343775597846 0.0
-0.45842566655078 -0.261197445860106 0.0
-0.456051442763013 -0.198680188716776 0.0
-0.45378376158648 -0.135934519249276 0.0
-0.451575235748559 -0.0729544136200783 0.0
-0.449381304945522 -0.00973166340478176 0.0
-0.447159466539733 0.0537308036527742 0.0
-0.444860715572714 0.117407857783283 0.0
-0.44242295580931 0.181235425159511 0.0
-0.439766997564671 0.245082250194946 0.0
-0.436798015811626 0.3087095768377 0.0
-0.433418425181405 0.371726969679404 0.0
-0.429541142061444 0.433590427001487 0.0
-0.42454506735855 0.493747011521704 0.0
-0.412354145267219 -0.634729703019802 0.0
-0.409589421829014 -0.5733179983943 0.0
-0.406861649421837 -0.511772469298055 0.0
-0.404258777200633 -0.450072652494096 0.0
-0.401847894611007 -0.388212511222284 0.0
-0.399674227083569 -0.326228620986479 0.0
-0.397551697196616 -0.264104518771983 0.0
-0.395347909298136 -0.20179367168406 0.0
-0.393220965873735 -0.139331662398654 0.0
-0.391158223730977 -0.0767430159730754 0.0
-0.389133639721107 -0.014060292753963 0.0
-0.38711824068747 0.0486653997464585 0.0
-0.385076399944696 0.111355368615933 0.0
-0.382959953776366 0.173895255965498 0.0
-0.380700525363041 0.236130130092491 0.0
-0.378198402090773 0.297872751746128 0.0
-0.375304021885575 0.358937004482771 0.0
-0.371742962751965 0.419201562179916 0.0
-0.367202956050041 0.478794832627322 0.0
-0.351218498380611 -0.637559528836772 0.0
-0.348447675813151 -0.576194565429683 0.0
-0.345791598406996 -0.514710977470037 0.0
-0.343299061283678 -0.453101789698254 0.0
-0.340996782550223 -0.391377116570054 0.0
-0.33886866252746 -0.32955804626308 0.0
-0.336799314918971 -0.267641573211655 0.0
-0.334732533095324 -0.205623928523585 0.0
-0.332736944474712 -0.143543136204984 0.0
-0.330808935951437 -0.0814400964481187 0.0
-0.328930382654198 -0.0193643995262982 0.0
-0.327075846240042 0.0426223686208758 0.0
-0.325208618779211 0.104446775462416 0.0
-0.32327296835821 0.166029231145754 0.0
-0.321183562774737 0.227296725377104 0.0
-0.318812616523913 0.288206271101111 0.0
-0.315972216698271 0.348776979335294 0.0
-0.312420534015173 0.409137990840329 0.0
-0.308054797947908 0.46954486488253 0.0
-0.29008397052562 -0.640639974408137 0.0
-0.287327571928924 -0.579345436203251 0.0
-0.284750278253603 -0.517957687281354 0.0
-0.282360019015626 -0.456476615610038 0.0
-0.280149081894351 -0.394916023032841 0.0
-0.278079317787991 -0.333294881421458 0.0
-0.276076730790687 -0.271623490159117 0.0
-0.274112970747933 -0.209918213048169 0.0
-0.272216108078487 -0.148217062568409 0.0
-0.270382140703521 -0.0865614589961321 0.0
-0.268594284415417 -0.024995662487814 0.0
-0.266825890017701 0.0364352303796202 0.0
-0.265036714865101 0.0976902391660538 0.0
-0.263166821623376 0.15874156993432 0.0
-0.26112994134934 0.219586721641545 0.0
-0.258807865455024 0.280264328904193 0.0
-0.256051879626901 0.340872805246042 0.0
-0.25271315504237 0.401585575386064 0.0
-0.248612579292235 0.462619407958785 0.0
-0.228923943252529 -0.643936390616878 0.0
-0.226199266978839 -0.582716088059484 0.0
-0.22370206582909 -0.521428333557438 0.0
-0.221402290021455 -0.460076056931694 0.0
-0.219266841176667 -0.398674435577398 0.0
-0.21725048366688 -0.337242656352774 0.0
-0.215302144324334 -0.275797847709835 0.0
-0.213403421795384 -0.21436259797499 0.0
-0.211563340251634 -0.152969768369477 0.0
-0.209776015854306 -0.091652632561268 0.0
-0.208025637117477 -0.030442319218 0.0
-0.206287304070434 0.0306353072320694 0.0
-0.204524893998699 0.0915638396477525 0.0
-0.202688417624627 0.152341942101156 0.0
-0.200712777393585 0.212988330328144 0.0
-0.198520852171711 0.273546069178334 0.0
-0.196036585862448 0.334081606672472 0.0
-0.193196049789625 0.394667728561655 0.0
-0.189778159744523 0.45535324751918 0.0
-0.167704956821718 -0.647352612922149 0.0
-0.165029684316278 -0.586192834780486 0.0
-0.162611460880174 -0.524987199392804 0.0
-0.160388369122916 -0.463739793354959 0.0
-0.158310490528471 -0.402465570977142 0.0
-0.156331718296426 -0.341183105842661 0.0
-0.154414235106784 -0.279911138002782 0.0
-0.152543989926072 -0.218671649035654 0.0
-0.150721978235013 -0.157490671086368 0.0
-0.148942476018211 -0.0963925792989966 0.0
-0.147193197172294 -0.0353978416645128 0.0
-0.145455552820759 0.0254792307962982 0.0
-0.143704112156798 0.0862326871276746 0.0
-0.141906613016558 0.14686752795984 0.0
-0.140026139647229 0.20740117001979 0.0
-0.138027671152101 0.26786485781688 0.0
-0.135888673989426 0.328303868996349 0.0
-0.133593206836847 0.388783091316496 0.0
-0.131146156982617 0.449462111269467 0.0
-0.10639546636298 -0.650757670057737 0.0
-0.103788775397331 -0.589634161823224 0.0
-0.101447641683105 -0.52847978107383 0.0
-0.0992869320621321 -0.467298968881799 0.0
-0.0972477307107378 -0.406105685390042 0.0
-0.0952866163278673 -0.34491706720177 0.0
-0.0933749155825491 -0.283750841055205 0.0
-0.0915021543830175 -0.222626112724681 0.0
-0.0896676030868973 -0.161562977668955 0.0
-0.0878682204753714 -0.100579178713324 0.0
-0.0860975735753557 -0.0396886879937482 0.0
-0.084346188679726 0.0210995841851519 0.0
-0.0826022875561842 0.0817826236530766 0.0
-0.0808537871361423 0.142364125605945 0.0
-0.0790930613428673 0.202853572316065 0.0
-0.0773263469634285 0.263263843754975 0.0
-0.0755891981533407 0.323604779438156 0.0
-0.0739892020182749 0.383875207749577 0.0
-0.0729613560982606 0.44404209964685 0.0
-0.0449726338533752 -0.654012607752413 0.0
-0.0424544777557266 -0.592896997388382 0.0
-0.0401884558263062 -0.531757931102646 0.0
-0.038076419313862 -0.470600381934793 0.0
-0.0360577023706954 -0.409437363859248 0.0
-0.0340944705502472 -0.348284381076159 0.0
-0.0321660299206939 -0.287157231173647 0.0
-0.030266253855151 -0.226071779743005 0.0
-0.0283963561814038 -0.16504335843458 0.0
-0.0265578016798485 -0.104084669319769 0.0
-0.0247512971520671 -0.0432047694870093 0.0
-0.0229774803362269 0.0175921651668093 0.0
-0.0212385088130302 0.07830804921474 0.0
-0.0195410820283824 0.138952987596751 0.0
-0.01790191317777 0.199547533186542 0.0
-0.016357107089231 0.260127562175765 0.0
-0.0149819221998049 0.320753665965476 0.0
-0.0139636266636621 0.381527180332471 0.0
-0.0140360524510468 0.442577012451647 0.0
0.0165740648136336 -0.65699077850193 0.0
0.0189848273016976 -0.595855235906104 0.0
0.0211781015289153 -0.534696264817295 0.0
0.0232542543012279 -0.473520186701133 0.0
0.0252690242152548 -0.412339575758504 0.0
0.0272519872988961 -0.351168476796985 0.0
0.029215698120708 -0.290020580927709 0.0
0.0311608717315426 -0.228908687386431 0.0
0.0330821161663839 -0.167844202981959 0.0
0.0349720747230794 -0.106835666214291 0.0
0.036821750066922 -0.0458878172779229 0.0
0.0386191282222902 0.0149999356423764 0.0
0.0403465541666814 0.0758354288655045 0.0
0.0419763818200848 0.136637091788736 0.0
0.0434638395802651 0.197438085710163 0.0
0.0447346405668318 0.258293261432468 0.0
0.0456581021844615 0.319286900817671 0.0
0.0459731781172516 0.380527097714714 0.0
0.045430860312286 0.442016397725222 0.0
0.0782415557133581 -0.659590300063997 0.0
0.0805296252652942 -0.59841030623791 0.0
0.0826538897769957 -0.53720037186052 0.0
0.0847063098183095 -0.475969206363757 0.0
0.0867317608967121 -0.414729524049831 0.0
0.0887492228619817 -0.353494165731547 0.0
0.0907625353436416 -0.292274843474045 0.0
0.092766059586297 -0.23108175512468 0.0
0.0947487298377774 -0.169923403556531 0.0
0.0966960311938813 -0.108805644707979 0.0
0.0985892434828263 -0.047731106736195 0.0
0.100402985677913 0.0133019428173825 0.0
0.102101176557754 0.0743007036913102 0.0
0.1036308571265 0.135279337982626 0.0
0.104912722097212 0.19625882420926 0.0
0.105826259928448 0.25726410156388 0.0
0.106187432044443 0.318309971896159 0.0
0.105771382397966 0.379354211850827 0.0
0.104667581286423 0.440281927979322 0.0
0.140014404838832 -0.661740139712966 0.0
0.142170600440101 -0.60049575538146 0.0
0.144232191123497 -0.539209517710094 0.0
0.146272914361978 -0.477893388062265 0.0
0.148321903072416 -0.416560550718207 0.0
0.150385827832666 -0.355222755244417 0.0
0.152459393952677 -0.293889916308099 0.0
0.154530047946072 -0.232570214371383 0.0
0.156580183347416 -0.171270416653202 0.0
0.158587291258872 -0.109995526387964 0.0
0.160522005191323 -0.0487488211207229 0.0
0.162344549599726 0.0124684604633405 0.0
0.163999566445127 0.0736569765338 0.0
0.165408974472783 0.134818895516049 0.0
0.166462478181538 0.195955206365758 0.0
0.1670067837144 0.257060592789529 0.0
0.166846890991562 0.318112990261534 0.0
0.165814870743029 0.379074824356181 0.0
0.163875297136275 0.440000537419543 0.0
0.201867111010462 -0.663402197474042 0.0
0.203890614816967 -0.602078411973481 0.0
0.205899466743935 -0.540696595261597 0.0
0.207940800735707 -0.479272250118626 0.0
0.210024602727999 -0.417818816740849 0.0
0.21214447133566 -0.356346688955188 0.0
0.214286087530634 -0.294863918744144 0.0
0.216429991009527 -0.233376973437218 0.0
0.21855185663524 -0.171891609331662 0.0
0.220621044096233 -0.110413088956276 0.0
0.222597523106639 -0.0489468013324803 0.0
0.224427412838607 0.0125014025112071 0.0
0.226037081683424 0.0739243653758795 0.0
0.227325751373159 0.135312688624851 0.0
0.228157086361655 0.196652242178558 0.0
0.228353482296634 0.2579216572574 0.0
0.227705685409273 0.319092747648721 0.0
0.226005050904517 0.380151675922472 0.0
0.223053144588843 0.441134914588803 0.0
0.263767393900402 -0.664571784309832 0.0
0.265667322996811 -0.603158533786708 0.0
0.267637321572901 -0.541667708404677 0.0
0.269691740925201 -0.480117668126798 0.0
0.27181994237335 -0.418521126765167 0.0
0.274002875466085 -0.356886312229245 0.0
0.276217997237826 -0.295218877421647 0.0
0.27843953490205 -0.23352330551164 0.0
0.28063686256343 -0.171804258728976 0.0
0.28277164771035 -0.110067240753707 0.0
0.284793775022136 -0.0483196614653507 0.0
0.286636098479261 0.0134283705448666 0.0
0.288207934076647 0.07516276757946 0.0
0.289387412861648 0.136864246962808 0.0
0.290013603489294 0.198506008680762 0.0
0.289881721999878 0.260052670818163 0.0
0.288745694571764 0.321463185756004 0.0
0.286324602573869 0.382700936931329 0.0
0.282292455499789 0.443742714456493 0.0
0.325678854532867 -0.665278350269365 0.0
0.327474767681388 -0.603770722949061 0.0
0.329423076043878 -0.542163059497909 0.0
0.331502369810994 -0.48047458452525 0.0
0.333682218407176 -0.418715478984989 0.0
0.335932589148272 -0.356890455948316 0.0
0.338224164740497 -0.295001742196894 0.0
0.340525910140221 -0.233050963516686 0.0
0.342801710654948 -0.171040814321115 0.0
0.345006314276307 -0.108976037202951 0.0
0.347080366227234 -0.0468648695386494 0.0
0.348944422794101 0.0152796616221813 0.0
0.350491788101066 0.0774377768157347 0.0
0.351580309707017 0.139580839195495 0.0
0.35202379804068 0.201667984891449 0.0
0.351584507705355 0.263643826251206 0.0
0.349966847491859 0.325437821232892 0.0
0.34680741443183 0.386965920751328 0.0
0.341657976847641 0.448132231378676 0.0
0.387564271815723 -0.665587741231753 0.0
0.389285093346651 -0.603986736398309 0.0
0.39123018711569 -0.542260014717086 0.0
0.393343804114008 -0.480424237792675 0.0
0.395579024599541 -0.418484632106878 0.0
0.397897572977139 -0.356440730048614 0.0
0.400265258431659 -0.294289988276982 0.0
0.402647085408749 -0.232029836085927 0.0
0.405002452619482 -0.169659432535573 0.0
0.407280125121761 -0.107180804298595 0.0
0.409412518515189 -0.0446006236959164 0.0
0.411309035258453 0.0180678826574641 0.0
0.4128481837451 0.0808019246990391 0.0
0.41386842970988 0.143565399258639 0.0
0.414157747764836 0.206303041597991 0.0
0.413441650689452 0.26893424795626 0.0
0.411367492668597 0.331346078272065 0.0
0.407480311755996 0.393385452976374 0.0
0.401190197139284 0.454851937231166 0.0
0.449388322310771 -0.665606677418366 0.0
0.451068972146226 -0.603920603008769 0.0
0.453027311721224 -0.542078331229282 0.0
0.455180125843105 -0.480089448161044 0.0
0.457469472026278 -0.417951758876491 0.0
0.459852208263624 -0.355658106317989 0.0
0.462291295396016 -0.293199871868413 0.0
0.464749066263181 -0.230568689944826 0.0
0.467181404528167 -0.167757922646287 0.0
0.4695320270552 -0.104763674704766 0.0
0.471726195446098 -0.0415866992495596 0.0
0.473663469400934 0.0217651955008734 0.0
0.475209067206355 0.0852730513536332 0.0
0.476183426989544 0.148900967854137 0.0
0.476349070030729 0.212586519260798 0.0
0.475393020550767 0.276227832013512 0.0
0.472900812771218 0.339664734754675 0.0
0.468315960889562 0.402652061990067 0.0
0.460874754031715 0.464825462788003 0.0
0.511119235725793 -0.665489972046759 0.0
0.512794101584897 -0.603736022000076 0.0
0.514775771588628 -0.541786827540437 0.0
0.516965842774534 -0.479640578768216 0.0
0.519301941366978 -0.417286320663249 0.0
0.521739354552598 -0.354709750374004 0.0
0.524239873568415 -0.291895482172842 0.0
0.526764084386509 -0.22882773093754 0.0
0.529265012644706 -0.165491026746223 0.0
0.531681995952635 -0.101870695583875 0.0
0.533933975465647 -0.0379544211390438 0.0
0.535911720421377 0.0262654841353783 0.0
0.537468349304737 0.0907877462258371 0.0
0.538407290197444 0.155595267079949 0.0
0.53846583198992 0.220642456580521 0.0
0.537291022919563 0.285834574315173 0.0
0.534401975121399 0.350991023753316 0.0
0.529129252918496 0.415780426020762 0.0
0.520507164357073 0.479607413416261 0.0
0.57272858318729 -0.665451471439723 0.0
0.574421324571667 -0.603655679977447 0.0
0.57642580825189 -0.541609424846083 0.0
0.578643344467753 -0.479298939212858 0.0
0.581012837146591 -0.416706758541965 0.0
0.583490152381177 -0.353813373547742 0.0
0.586036635351608 -0.29059697838891 0.0
0.588611343077078 -0.227032666525729 0.0
0.591164550536769 -0.163092152311485 0.0
0.593631346587968 -0.0987433672640476 0.0
0.595924481550235 -0.033950975290551 0.0
0.597925890716785 0.0313227970320234 0.0
0.599475991623277 0.0971158665193095 0.0
0.600359297758398 0.163462194668861 0.0
0.600283278268929 0.230382295247301 0.0
0.598845034057691 0.297864428084128 0.0
0.595476102566389 0.365821918394652 0.0
0.58935134504645 0.433992457437881 0.0
0.579244895473541 0.501685845786544 0.0
