-0.612178030482879 -0.686018712309739 0.0
0.618895794639247 -0.725949498840977 0.0
-0.536132657527924 0.61237245798111 0.0
0.61237245798111 0.61237245798111 0.0
-0.551032215991782 -0.688755435218948 0.0
0.620249259792235 -0.66446030601073 0.0
0.56030639843034 0.568801332258413 0.0
-0.547197101019508 0.534804867113065 0.0
-0.489892867172729 -0.691295827954601 0.0
0.622053959181269 -0.602668472265535 0.0
0.502587281963838 0.544112253424543 0.0
-0.556321012800615 0.461593793808417 0.0
-0.428796413411462 -0.693907582624876 0.0
0.624162309084907 -0.540553734011867 0.0
0.44406745778072 0.528843312172849 0.0
-0.562962881740881 0.391159133966751 0.0
-0.367730874495044 -0.696701596315872 0.0
0.626490222719625 -0.478102909804393 0.0
0.385511497176712 0.518902565736214 0.0
-0.567992304344942 0.322692496163025 0.0
-0.306667822236702 -0.699717654628996 0.0
0.628983789440257 -0.415301207248386 0.0
0.32702539808189 0.512324314280082 0.0
-0.572016036376586 0.25567286839706 0.0
-0.245564348330867 -0.702934985810276 0.0
0.631603240187959 -0.35212852677719 0.0
0.268612728150799 0.508074416756863 0.0
-0.575405684163551 0.1897522535675 0.0
-0.184372388407483 -0.70627420054354 0.0
0.634313411482699 -0.288557710617477 0.0
0.210276391976418 0.505576799104051 0.0
-0.578392533152372 0.124691439476655 0.0
-0.123049476382525 -0.709618559640056 0.0
0.637076851049799 -0.224553206644447 0.0
0.152037122416897 0.504513789493373 0.0
-0.581124873245326 0.0603213767208811 0.0
-0.0615670675029819 -0.712839099224543 0.0
0.639847718713907 -0.160070216153146 0.0
0.093938692350683 0.504766337592283 0.0
-0.583700999444645 -0.00347995362824618 0.0
8.56068911104513e-05 -0.715815078551179 0.0
0.642565530737676 -0.0950532363324904 0.0
0.0360663653077564 0.506811546079666 0.0
-0.586189912761827 -0.0668003955080984 0.0
0.0619008242516263 -0.718447274523116 0.0
0.645147963960709 -0.0294346955996117 0.0
-0.0220616850045764 0.507268025635788 0.0
-0.588648747715328 -0.129701073021707 0.0
0.12385446207629 -0.720665013172966 0.0
0.647482072013954 0.0368674522598609 0.0
-0.0805356954961978 0.508350591078486 0.0
-0.591156908417453 -0.192219109651835 0.0
0.185909066511849 -0.722428991857415 0.0
0.649412748126022 0.103952994213413 0.0
-0.138774544629211 0.51384444027264 0.0
-0.594039803505329 -0.254368924415025 0.0
0.248017694502558 -0.72373211396654 0.0
0.650726317145307 0.171945119750281 0.0
-0.19680200341214 0.51936808099108 0.0
-0.596010528026057 -0.316432341304966 0.0
0.310126968066097 -0.724600085620764 0.0
0.651124536300913 0.24099859220716 0.0
-0.254394699775679 0.526641216610473 0.0
-0.598223359275374 -0.378454850512078 0.0
0.372180895326031 -0.725092976195101 0.0
0.650179239303314 0.311314267780191 0.0
-0.312493563653659 0.533408793273763 0.0
-0.601092841884098 -0.440271347271311 0.0
0.434124851640016 -0.72530833604617 0.0
0.647245601608957 0.383162138938317 0.0
-0.371136413032767 0.541674480831324 0.0
-0.603922247141583 -0.501899464750918 0.0
0.495910506512401 -0.725386168965389 0.0
0.641285396462874 0.456915848037725 0.0
-0.428827786503039 0.555141372823523 0.0
-0.606810835031404 -0.563372949876537 0.0
0.557503716272104 -0.725516186747774 0.0
0.630524175248849 0.533092074916642 0.0
-0.485731784550423 0.574654675670006 0.0
-0.609453266458893 -0.624735450627625 0.0
-0.548337163363915 -0.627455361410863 0.0
-0.545647709888394 -0.566042638963576 0.0
-0.542783942112138 -0.504486133265167 0.0
-0.539992658117656 -0.442846232337433 0.0
-0.537206492775898 -0.381125434255326 0.0
-0.534933230216623 -0.319195145245884 0.0
-0.532881910419573 -0.256890577956066 0.0
-0.53018519494545 -0.194276017882832 0.0
-0.527699519144472 -0.131454649548576 0.0
-0.525274910295037 -0.068355078859739 0.0
-0.522844436422131 -0.00491655650909473 0.0
-0.520355406559365 0.058916733255012 0.0
-0.517747904749877 0.123200290545798 0.0
-0.514941736329496 0.187987962944266 0.0
-0.511824396599141 0.253319349515778 0.0
-0.508240865584231 0.31918503721781 0.0
-0.504001550554362 0.385436915554681 0.0
-0.498985989715765 0.451567248478892 0.0
-0.493638743223412 0.516156633817446 0.0
-0.487186842690713 -0.629971357696919 0.0
-0.484431127131719 -0.568548307464818 0.0
-0.481615390002455 -0.506994145824491 0.0
-0.478861876126016 -0.445299599159515 0.0
-0.476246920815814 -0.383400613438798 0.0
-0.473980399619131 -0.321328937821979 0.0
-0.471776903876159 -0.259104234094253 0.0
-0.469306374863634 -0.196608449899698 0.0
-0.466934994776105 -0.133889835061159 0.0
-0.464619293712632 -0.0709427072438413 0.0
-0.462319675916173 -0.00775873423198928 0.0
-0.459999943674499 0.0556601395596256 0.0
-0.457619296403351 0.119291156929828 0.0
-0.455126342386827 0.183074814448308 0.0
-0.452455598528375 0.246887712939111 0.0
-0.449528982235577 0.310503183485823 0.0
-0.446267392105513 0.373546082830197 0.0
-0.4425983062063 0.435482257044872 0.0
-0.43787093853667 0.495734628441874 0.0
-0.426035394683302 -0.63260302513359 0.0
-0.42324732389555 -0.571192406224791 0.0
-0.420482894168476 -0.509648182258278 0.0
-0.417828269757196 -0.447950743926532 0.0
-0.415350123328997 -0.386094445166047 0.0
-0.413094190195643 -0.324115591147258 0.0
-0.410877092206072 -0.261997926477354 0.0
-0.408570093227728 -0.199695262883131 0.0
-0.406332199014516 -0.137242081646768 0.0
-0.404154002062254 -0.0746616625156687 0.0
-0.402013666918767 -0.0119846533754357 0.0
-0.399887504981063 0.0507407114423741 0.0
-0.397746568543899 0.113439796680205 0.0
-0.395551102379392 0.176003532750691 0.0
-0.39324311954131 0.23828306307585 0.0
-0.390735058791183 0.300096552703349 0.0
-0.387888519719863 0.361259656443646 0.0
-0.384422917580573 0.42164552769816 0.0
-0.379944950375835 0.481374606134159 0.0
-0.364893268874709 -0.635431766106993 0.0
-0.362099063677477 -0.574064092434182 0.0
-0.359403308684641 -0.512576982201958 0.0
-0.356854167788008 -0.450963822909986 0.0
-0.354478941969059 -0.389234613576753 0.0
-0.352262901351792 -0.327410004646916 0.0
-0.350093194992492 -0.265486527783204 0.0
-0.347916248019908 -0.203459666769015 0.0
-0.345802256870806 -0.141365895526771 0.0
-0.343750461154918 -0.0792443584646602 0.0
-0.341746459775315 -0.0171426054350178 0.0
-0.339769562363444 0.044879975307808 0.0
-0.337789167506422 0.106751909658881 0.0
-0.335757384410477 0.168394532323594 0.0
-0.333598628258129 0.22973338061905 0.0
-0.331195754254838 0.290719684610445 0.0
-0.328366668743407 0.351360070491914 0.0
-0.324850976904474 0.411762988596479 0.0
-0.320431645738668 0.472154995565928 0.0
-0.303751293767319 -0.638494160095846 0.0
-0.300970978929063 -0.577192257165942 0.0
-0.298350454472049 -0.515794951859314 0.0
-0.295898542464409 -0.454302256660553 0.0
-0.293609079878509 -0.39272760774568 0.0
-0.291445853360351 -0.33108930389046 0.0
-0.289337255935947 -0.26939684767937 0.0
-0.287257144987021 -0.207665574642119 0.0
-0.285235407641655 -0.145932161294969 0.0
-0.283270680255354 -0.0842368078179838 0.0
-0.281349604714237 -0.0226228729557421 0.0
-0.279449915031371 0.0388647568561438 0.0
-0.277536934953293 0.100184031322516 0.0
-0.27555755072192 0.161303982564921 0.0
-0.273433020702365 0.222215787606238 0.0
-0.271050875015208 0.282947466348695 0.0
-0.268258945562527 0.343581810160957 0.0
-0.26487838650989 0.404273271210446 0.0
-0.260688278856235 0.465237057570969 0.0
-0.242584633637606 -0.641758706808457 0.0
-0.239834771084114 -0.580526634208736 0.0
-0.237290452997965 -0.519223555820224 0.0
-0.2349240971009 -0.457852441409336 0.0
-0.232705014670972 -0.396428025884462 0.0
-0.230590275041977 -0.334968802956361 0.0
-0.228531066128903 -0.273491128852788 0.0
-0.226510952826531 -0.212016761173516 0.0
-0.224540766309334 -0.150577768028721 0.0
-0.222616955629037 -0.0892069942188391 0.0
-0.220726626444914 -0.027935738272687 0.0
-0.21884844171731 0.0332090727994078 0.0
-0.216950446555196 0.0942087334323881 0.0
-0.214987016300962 0.15505804919409 0.0
-0.212896283716703 0.215770171516584 0.0
-0.210599867523478 0.276381360703781 0.0
-0.208009434860924 0.33695226009204 0.0
-0.20503661623009 0.397558255868506 0.0
-0.201482930211904 0.458266971760193 0.0
-0.181361836714112 -0.645135460840491 0.0
-0.178659127035901 -0.583960533467591 0.0
-0.176189656659146 -0.522735068081208 0.0
-0.17389536980492 -0.461463209454052 0.0
-0.171729412796083 -0.40015952818947 0.0
-0.169648157756175 -0.338842023334399 0.0
-0.167615862737244 -0.277528840338078 0.0
-0.165620167993389 -0.216241423379857 0.0
-0.163663617306806 -0.155005446959193 0.0
-0.161742293549355 -0.0938453194493662 0.0
-0.159846008847831 -0.0327820754651253 0.0
-0.157958493787068 0.0281687476432727 0.0
-0.156056593010771 0.0889992238012517 0.0
-0.154109574008748 0.149711641872539 0.0
-0.152079769472466 0.210320210285749 0.0
-0.149926416197523 0.270853204560324 0.0
-0.147614267744094 0.331354819972218 0.0
-0.14511704486668 0.391891517872974 0.0
-0.142454246287448 0.452611955010976 0.0
-0.120053179756341 -0.648501063854727 0.0
-0.117415616847324 -0.587360425087701 0.0
-0.115018867273382 -0.526183453388053 0.0
-0.112782702995985 -0.464974701920778 0.0
-0.110651647387317 -0.403747844116735 0.0
-0.108584719826536 -0.342519576910449 0.0
-0.106555026450753 -0.28130719477241 0.0
-0.104553404019396 -0.220129465224022 0.0
-0.102580220794827 -0.159006336147861 0.0
-0.100633556710901 -0.0979557093577236 0.0
-0.0987081036993968 -0.036992079607017 0.0
-0.0967953460441899 0.0238747464206324 0.0
-0.0948838939872148 0.0846405530343148 0.0
-0.0929606659998213 0.145307763479593 0.0
-0.0910142394626454 0.205885098087032 0.0
-0.0890425702372466 0.266386438263594 0.0
-0.0870686527861997 0.326826432128267 0.0
-0.0851864430310058 0.387213642273467 0.0
-0.0837932582805749 0.447530334179339 0.0
-0.0586371161511958 -0.651724115803506 0.0
-0.0560833545757939 -0.590590842245414 0.0
-0.0537570831092763 -0.529428246628359 0.0
-0.0515656514196152 -0.468241440717237 0.0
-0.0494518870901968 -0.407043217426425 0.0
-0.0473801452783264 -0.345848733842644 0.0
-0.0453310975929418 -0.284673463739441 0.0
-0.0432994521436921 -0.223533057837072 0.0
-0.0412869633120875 -0.16244282192408 0.0
-0.0392954771163708 -0.101415704523142 0.0
-0.037325860488483 -0.0404613402836937 0.0
-0.0353784742143467 0.0204151364371429 0.0
-0.0334543460177503 0.0812142562060545 0.0
-0.0315575081322015 0.141944282154156 0.0
-0.0296996143790299 0.202623437581963 0.0
-0.0279089337952512 0.263284590849545 0.0
-0.0262510912387522 0.323983511762158 0.0
-0.0248994858220543 0.384811749327089 0.0
-0.0245158056110732 0.445885574374866 0.0
0.0028963082936367 -0.654684528768863 0.0
0.00534869704023018 -0.593532100769009 0.0
0.00760711335494358 -0.532350324872062 0.0
0.00976632562056845 -0.471145622786536 0.0
0.011878853956949 -0.409930355040705 0.0
0.0139725358392892 -0.34871826390291 0.0
0.0160590840387848 -0.287522789685223 0.0
0.0181389354286828 -0.226356617766039 0.0
0.0202067891215785 -0.165231257555085 0.0
0.0222556935883348 -0.104155657389597 0.0
0.024277480227532 -0.0431353777169738 0.0
0.0262616418563673 0.0178288047556352 0.0
0.0281931226617037 0.0787426144631391 0.0
0.0300485301583649 0.139621349710917 0.0
0.0317895127467268 0.200493610357511 0.0
0.0333504117570451 0.261407562606293 0.0
0.0346112184291955 0.322437606006312 0.0
0.0353277112574324 0.383679217979994 0.0
0.0352445343663821 0.445136293182224 0.0
0.0645441979472085 -0.65728555085695 0.0
0.0668810461434803 -0.596090545577464 0.0
0.0690755267347902 -0.53485993381302 0.0
0.0712144028932693 -0.473602402675184 0.0
0.0733399240521121 -0.412330395529853 0.0
0.0754699626960323 -0.351056447753553 0.0
0.0776081412393906 -0.289792053637717 0.0
0.0797491789909013 -0.228547352129868 0.0
0.0818828183899346 -0.167331011568127 0.0
0.083995832537444 -0.106149353567257 0.0
0.0860714470235262 -0.0450058588417565 0.0
0.0880871998026849 0.0160998712865785 0.0
0.0900113490375364 0.0771731449087185 0.0
0.0917972216196848 0.138225685955182 0.0
0.0933741535159896 0.199275725664192 0.0
0.0946326520125746 0.26034591015427 0.0
0.0954015297945484 0.321451348975297 0.0
0.0954627147018476 0.382558531750481 0.0
0.0948562933250308 0.443566159256988 0.0
0.126291951339122 -0.659459758802007 0.0
0.128504910146575 -0.598203114823786 0.0
0.13064180773908 -0.536899453665302 0.0
0.132772072004007 -0.475560503150943 0.0
0.134923086833895 -0.41419906026819 0.0
0.137101192700007 -0.352826519321589 0.0
0.139301580620602 -0.291452553298412 0.0
0.141512754896219 -0.230085248668866 0.0
0.143718704523587 -0.168731452675292 0.0
0.145899169773271 -0.107396449474181 0.0
0.148027929824101 -0.0460840160031294 0.0
0.15006960346008 0.0152039069577332 0.0
0.151974899588815 0.0764671688273137 0.0
0.153673867406807 0.137707275068235 0.0
0.155066510551474 0.198925193379319 0.0
0.156011349030741 0.260117030378903 0.0
0.156323434729792 0.321264504725319 0.0
0.155830549558909 0.3823338744692 0.0
0.154456963356097 0.443366482190378 0.0
0.188115396136615 -0.661171223059789 0.0
0.190204047114818 -0.599838624882597 0.0
0.192293065540815 -0.538443525409788 0.0
0.194426615335124 -0.477000911708101 0.0
0.196614035485785 -0.415523688577477 0.0
0.198849462230924 -0.354021819172996 0.0
0.201119799500334 -0.292503046079273 0.0
0.203407365903992 -0.230973629360284 0.0
0.205690237822575 -0.169439197088131 0.0
0.207940991901458 -0.107904936448988 0.0
0.210123916712882 -0.0463761716299829 0.0
0.212190903899353 0.0151413804522974 0.0
0.214075901742307 0.0766409077366526 0.0
0.215687743092026 0.138113785841392 0.0
0.216901550479522 0.19954734192255 0.0
0.21755180778373 0.260922446451449 0.0
0.217438101598567 0.32221303865682 0.0
0.216349147699392 0.383402995914259 0.0
0.214065662782094 0.444514679593485 0.0
0.24998390111019 -0.662416096257383 0.0
0.251957215191577 -0.60099803883678 0.0
0.254011704359252 -0.539498780742877 0.0
0.256160475603435 -0.477935863412677 0.0
0.25839348068765 -0.41632133996083 0.0
0.260693091351455 -0.354662953948679 0.0
0.263038704285223 -0.292965984240996 0.0
0.265407020545538 -0.231234574902123 0.0
0.267770592081323 -0.16947301682058 0.0
0.270095227538105 -0.107686344499231 0.0
0.272336234051812 -0.0458813243334185 0.0
0.274433515124643 0.0159328516575905 0.0
0.276305370059952 0.0777434086194701 0.0
0.277840991804252 0.139532899553825 0.0
0.278892317904172 0.201276933479551 0.0
0.279268051698819 0.262942855582196 0.0
0.278733325444711 0.324491502013471 0.0
0.27701143375906 0.385884539703009 0.0
0.27376903113497 0.44709025073167 0.0
0.311862867938551 -0.663223358876237 0.0
0.313739636996518 -0.601715375974047 0.0
0.31577591928932 -0.540104711859983 0.0
0.317951056453925 -0.478409536028596 0.0
0.320236461002669 -0.416639338500633 0.0
0.32260434251792 -0.354798372456884 0.0
0.325027968897237 -0.292888482906204 0.0
0.327479412956855 -0.230910868605559 0.0
0.329926459584579 -0.168867650914462 0.0
0.332328867739781 -0.10676275743694 0.0
0.334633756449165 -0.044603262381271 0.0
0.33676997920452 0.0175994445939864 0.0
0.338641276412888 0.0798278390282589 0.0
0.340118247232893 0.142056292366726 0.0
0.34102961706725 0.204247751201926 0.0
0.341153946403113 0.266351209968616 0.0
0.340211618309462 0.328300217741509 0.0
0.337852098895303 0.390012746550588 0.0
0.333631501900133 0.451390109703259 0.0
0.373716869272244 -0.663656915688109 0.0
0.375524621003979 -0.602060305767226 0.0
0.377560106080411 -0.540336479909424 0.0
0.379770397105987 -0.478500992161974 0.0
0.382111539055627 -0.416558512186625 0.0
0.384548177041703 -0.354508256871159 0.0
0.387049243423592 -0.292347386722464 0.0
0.38958340632066 -0.230072903695279 0.0
0.392114625176025 -0.167683286875341 0.0
0.394597497490495 -0.105179507001664 0.0
0.396971935404652 -0.0425666559069395 0.0
0.399156904618334 0.0201443356511681 0.0
0.40104292602351 0.0829339290808772 0.0
0.402483239627281 0.145770503189445 0.0
0.403283502677116 0.208604747835833 0.0
0.403189691239515 0.271363533583281 0.0
0.401871876724672 0.333942498289479 0.0
0.398898636702921 0.396197060094495 0.0
0.393698008352731 0.457932265911423 0.0
0.435512215467006 -0.663819678124175 0.0
0.437283948093552 -0.602142796034568 0.0
0.439333984898297 -0.540309642118609 0.0
0.441583774986281 -0.478328952823399 0.0
0.443979174441268 -0.416198307852895 0.0
0.446480442238517 -0.353910497385636 0.0
0.449054079882475 -0.291456791814891 0.0
0.451666562837655 -0.228828514012089 0.0
0.454278943064164 -0.166018391948287 0.0
0.456841554075951 -0.103021430290421 0.0
0.459288163279877 -0.0398366180557546 0.0
0.461529197386123 0.0235309489402699 0.0
0.463443611310775 0.0870663750784628 0.0
0.464869009233491 0.150739715217683 0.0
0.465589138675642 0.214497068199204 0.0
0.46531706724077 0.2782483898023 0.0
0.463670032194556 0.341849240668847 0.0
0.460128949713461 0.405074034458494 0.0
0.453967389234716 0.467579102230219 0.0
0.497218479484778 -0.663860085528177 0.0
0.498986431586755 -0.602119765054732 0.0
0.501060231251366 -0.54018613201948 0.0
0.503347352812655 -0.478057161642223 0.0
0.505789641650204 -0.415722110340048 0.0
0.508346066452138 -0.353166930715512 0.0
0.510982277031957 -0.290376383557388 0.0
0.513663427502983 -0.227334630873746 0.0
0.516348288253977 -0.164025852483863 0.0
0.518983583854563 -0.100434581213117 0.0
0.52149778535247 -0.0365470342320111 0.0
0.523793909574261 0.0276469773714315 0.0
0.525740743799511 0.0921502765028466 0.0
0.527161745213937 0.156952318638856 0.0
0.527819939953283 0.222017840832999 0.0
0.527395838042711 0.287268201066992 0.0
0.525452544965676 0.352547594939921 0.0
0.52137783829262 0.417561723276718 0.0
0.514273903665405 0.481765914054233 0.0
0.558808280310551 -0.663981874843287 0.0
0.560594342548822 -0.602203334813673 0.0
0.562691094072401 -0.54017963686651 0.0
0.565005892336584 -0.477897397634301 0.0
0.567481932392771 -0.415339634190808 0.0
0.570078918803979 -0.352487313340009 0.0
0.572762329866079 -0.289319084075 0.0
0.575496201736754 -0.225810447514343 0.0
0.578237131756563 -0.161933411673302 0.0
0.580928390711715 -0.0976559611439103 0.0
0.583493357732148 -0.0329423569044099 0.0
0.58582777473919 0.0322463862428101 0.0
0.587790043836478 0.0979507881730457 0.0
0.589188355179636 0.164209792211831 0.0
0.589762003305153 0.231053026329212 0.0
0.589152176147234 0.298485261078444 0.0
0.586853454939301 0.366450015697774 0.0
0.582132419168447 0.434740785218986 0.0
0.573892449831719 0.502768317007623 0.0
