-0.626417967989792 -0.683652434394493 0.0
0.604332128386175 -0.724423758255293 0.0
-0.553060030937195 0.61237245798111 0.0
0.61237245798111 0.61237245798111 0.0
-0.565270050843031 -0.686419681828649 0.0
0.605791511881707 -0.662945684703976 0.0
0.557428977327313 0.570668622104354 0.0
-0.562373503204661 0.535123926964304 0.0
-0.504125900056797 -0.688982774199091 0.0
0.607692141599071 -0.601175789164046 0.0
0.498182565772902 0.546958973065455 0.0
-0.57056673561574 0.462295604565944 0.0
-0.443020431696472 -0.69161012660409 0.0
0.609896408199696 -0.539093949554995 0.0
0.438561940664891 0.532170020699569 0.0
-0.576700570140601 0.392217228177703 0.0
-0.381942081079321 -0.694404862727016 0.0
0.612326092003892 -0.476687017526307 0.0
0.379097973859683 0.522465195720347 0.0
-0.581461927986863 0.32405303174339 0.0
-0.320864660414007 -0.697404189409555 0.0
0.61493166093357 -0.413940468354214 0.0
0.319819801919871 0.51599737205662 0.0
-0.585363626047176 0.257280996994049 0.0
-0.259748369432837 -0.700589648424252 0.0
0.617677417786613 -0.350834805233136 0.0
0.260695361417049 0.511786152014269 0.0
-0.588723465170959 0.191559042009688 0.0
-0.198548375095332 -0.703887667482051 0.0
0.620532698775105 -0.287343813861751 0.0
0.201704868182993 0.509279329913694 0.0
-0.591739316247727 0.12665505269646 0.0
-0.137224941144921 -0.707189143344813 0.0
0.623465566244089 -0.223433189623019 0.0
0.142850729897221 0.508166417058073 0.0
-0.594537533075104 0.0624066428449367 0.0
-0.0757513244785436 -0.710373004928899 0.0
0.6264372738881 -0.159059620270175 0.0
0.0841588088538441 0.508317558917853 0.0
-0.597201419297794 -0.00130237802773721 0.0
-0.0141174514085593 -0.713325576028934 0.0
0.629396628463383 -0.0941692341028854 0.0
0.0256887906498166 0.5100634943118 0.0
-0.599789371832147 -0.0645548823454151 0.0
0.047669331493964 -0.715953307151029 0.0
0.632273536421246 -0.0286960976629238 0.0
-0.0329253814407348 0.51074265092561 0.0
-0.602350709683953 -0.127407780233025 0.0
0.109586182565694 -0.7181896284919 0.0
0.634971209257173 0.0374403971081502 0.0
-0.0918219617070324 0.512114383635402 0.0
-0.604958505039346 -0.189894577317939 0.0
0.171597622206948 -0.719997804172317 0.0
0.637356097080185 0.104339138274375 0.0
-0.150528590643653 0.517177309229303 0.0
-0.607923845076111 -0.252026596514089 0.0
0.233659176269093 -0.72137185716933 0.0
0.639243912532287 0.172123574763555 0.0
-0.209024463915689 0.522460027522503 0.0
-0.609980471866419 -0.3140733348993 0.0
0.295720267775084 -0.722337191167529 0.0
0.640377971441551 0.240951168275958 0.0
-0.267152646580096 0.529375459813068 0.0
-0.612272463256192 -0.376085031394253 0.0
0.357727899212535 -0.722952025885872 0.0
0.640392041308531 0.311030830370933 0.0
-0.325736610768262 0.536213602147017 0.0
-0.615203227395874 -0.437901146166788 0.0
0.419630482340081 -0.723310183822985 0.0
0.638739955686627 0.382653195749702 0.0
-0.384834977175399 0.544519657245107 0.0
-0.618077642108107 -0.499530782295523 0.0
0.481382546794821 -0.723545474023035 0.0
0.634554036048352 0.456244559558226 0.0
-0.443148294736365 0.557306497742603 0.0
-0.621001760167854 -0.561005100924983 0.0
0.54295227225937 -0.723837968202479 0.0
0.62638689399221 0.532462684050299 0.0
-0.500849175999344 0.576097746880414 0.0
-0.623669664757299 -0.622369014120075 0.0
-0.562551427526999 -0.625120646563244 0.0
-0.559837929393373 -0.563708517721229 0.0
-0.556939848475764 -0.5021542904794 0.0
-0.554101733160819 -0.440518050165329 0.0
-0.551256854518142 -0.378802557969921 0.0
-0.548909407216159 -0.316886652770157 0.0
-0.546766040532008 -0.254605502976011 0.0
-0.543974784058683 -0.192018597677517 0.0
-0.541385996773599 -0.129234830398332 0.0
-0.538855054640261 -0.0661851367655674 0.0
-0.536320926021402 -0.0028110117631199 0.0
-0.533738411092851 0.0609412832822037 0.0
-0.531057690700075 0.125125543210144 0.0
-0.528212577684885 0.189794809311517 0.0
-0.525110326870197 0.254989954568474 0.0
-0.521623944234674 0.320707460123942 0.0
-0.517602817381634 0.386814939681183 0.0
-0.512975534051032 0.452839312628557 0.0
-0.508221575072783 0.517421460891608 0.0
-0.50139915015473 -0.627660840657186 0.0
-0.498619544685638 -0.56624083544143 0.0
-0.49576844490673 -0.504690419877793 0.0
-0.492965907490913 -0.443001380460037 0.0
-0.490287003697289 -0.381111733079485 0.0
-0.48794019573463 -0.319053476506607 0.0
-0.485642773846385 -0.256845575083538 0.0
-0.483071206304154 -0.1943728589389 0.0
-0.480590716138762 -0.131683319472737 0.0
-0.478161948675611 -0.0687716636162758 0.0
-0.475750538206882 -0.00562947055533953 0.0
-0.473326947144943 0.0577422830881217 0.0
-0.470859069846292 0.121323220651393 0.0
-0.468306921099128 0.185058441000434 0.0
-0.465619770058888 0.248832450874993 0.0
-0.462737899280464 0.3124307218826 0.0
-0.459603273658356 0.375493457312943 0.0
-0.456161893054731 0.437496493653026 0.0
-0.451736595000007 0.497839566882416 0.0
-0.440242732592312 -0.63030710121604 0.0
-0.437431052873157 -0.568897769965553 0.0
-0.434629125356001 -0.507355112591417 0.0
-0.431921122901457 -0.445660428660509 0.0
-0.429373177869234 -0.383808506879571 0.0
-0.427031489138514 -0.32183540010471 0.0
-0.424715447940073 -0.259725093863359 0.0
-0.422300128056209 -0.19743178966666 0.0
-0.419945503313703 -0.134988862308497 0.0
-0.417645599121477 -0.0724183402896952 0.0
-0.415383068176911 -0.0097489394421746 0.0
-0.413139894228607 0.0529740161498845 0.0
-0.410894352105586 0.115680003245643 0.0
-0.408615866605793 0.178265307900946 0.0
-0.406257940684329 0.24058721931877 0.0
-0.403746714219828 0.302469364196266 0.0
-0.400957014533266 0.363729184980949 0.0
-0.397604072204598 0.42423426453622 0.0
-0.393210888173946 0.48409695043536 0.0
-0.379093175538209 -0.633133820771583 0.0
-0.376275411513905 -0.571763475801783 0.0
-0.373539053238531 -0.510272904863117 0.0
-0.37093146680496 -0.448655896466507 0.0
-0.368480466787413 -0.386922357301939 0.0
-0.36617269621799 -0.325092510060559 0.0
-0.36389792202435 -0.263162429877836 0.0
-0.361605324719465 -0.201126850568618 0.0
-0.359366783647889 -0.139020663992469 0.0
-0.357184595956146 -0.0768812173358735 0.0
-0.355048372474658 -0.0147539650064797 0.0
-0.352942563588133 0.0473039722374309 0.0
-0.350843206446499 0.109223161029254 0.0
-0.348710965044319 0.17092594766045 0.0
-0.346480940204685 0.232336489873584 0.0
-0.34404780070407 0.293400251869985 0.0
-0.341236470810745 0.354111259710271 0.0
-0.337767892032433 0.414556964474324 0.0
-0.333303924334728 0.474934428586997 0.0
-0.31794257224674 -0.636176118500602 0.0
-0.31513824987149 -0.574866653457082 0.0
-0.312473460244509 -0.513459559428118 0.0
-0.309957822722897 -0.451955003381402 0.0
-0.30758671075637 -0.390366065432896 0.0
-0.305325889634008 -0.328710364241527 0.0
-0.303106234965178 -0.266996587745607 0.0
-0.300903931509755 -0.205239011711389 0.0
-0.298750820040154 -0.143472926140628 0.0
-0.296648381103908 -0.081737251577703 0.0
-0.294586963314844 -0.0200743785502025 0.0
-0.292549057012816 0.0414710856525078 0.0
-0.290506042320606 0.102856080263535 0.0
-0.288412260900393 0.1640464897644 0.0
-0.286197281149366 0.225027118213013 0.0
-0.283755229154503 0.285815163431678 0.0
-0.280930995154394 0.346477305358097 0.0
-0.27751441783474 0.407148095326065 0.0
-0.273239496132326 0.468040320343479 0.0
-0.256767957888623 -0.639405639800614 0.0
-0.253992887076309 -0.578161340235297 0.0
-0.25140029262749 -0.516842381436233 0.0
-0.248965050455448 -0.455451797950043 0.0
-0.24665892442592 -0.394003880810712 0.0
-0.244441364376452 -0.332516410795021 0.0
-0.242265923065066 -0.271004940036137 0.0
-0.240118253408546 -0.209490352636725 0.0
-0.238011139777378 -0.148003871777654 0.0
-0.235943565606221 -0.0865778615005982 0.0
-0.233905821263013 -0.0252437456498342 0.0
-0.231880481185588 0.0359705117180145 0.0
-0.229840203902968 0.0970438943043032 0.0
-0.22774427830933 0.157967269777379 0.0
-0.225534684566394 0.218748034944847 0.0
-0.223132295179209 0.27941528563658 0.0
-0.220436397159531 0.340023288071614 0.0
-0.217332974660893 0.40064947167609 0.0
-0.213647080189259 0.461380731048061 0.0
-0.195539995089699 -0.642738824975077 0.0
-0.192809862523873 -0.581548052148902 0.0
-0.190287846664266 -0.520301898828388 0.0
-0.187919832122056 -0.459004589696515 0.0
-0.185662123352273 -0.397670304383488 0.0
-0.183473672599874 -0.336316442920392 0.0
-0.181320924768636 -0.274960522737859 0.0
-0.179193334584543 -0.213623413071443 0.0
-0.177095141236254 -0.152330394959832 0.0
-0.175024426689577 -0.0911058854475802 0.0
-0.172973349470375 -0.0299714824885462 0.0
-0.170928273752685 0.0310560192736417 0.0
-0.1688687044991 0.0919666365899109 0.0
-0.166765877837656 0.152759793412778 0.0
-0.164581791343976 0.213446247246157 0.0
-0.162270120233536 0.274050976890956 0.0
-0.159782525395703 0.334616788133788 0.0
-0.157081685165558 0.395211708361271 0.0
-0.154200450238328 0.45597300186621 0.0
-0.134230893533778 -0.646060220744849 0.0
-0.131562459930673 -0.584901567899624 0.0
-0.129108642646052 -0.523700908223127 0.0
-0.126794277157253 -0.462462927344571 0.0
-0.124567460067501 -0.401201003874282 0.0
-0.122389770059132 -0.339931373181831 0.0
-0.120236207259494 -0.27867087165966 0.0
-0.118099039317076 -0.217437905768709 0.0
-0.115979871878413 -0.156252263420421 0.0
-0.113878080314388 -0.0951320129688265 0.0
-0.111789698924157 -0.0340922100789839 0.0
-0.109707434900499 0.0268563595695065 0.0
-0.107620594498096 0.0877081344000687 0.0
-0.105515417868586 0.148464039134988 0.0
-0.103376935108572 0.209131706282028 0.0
-0.101194846332668 0.269725605374986 0.0
-0.0989792708796403 0.330264774860547 0.0
-0.0968096530855836 0.390767135362884 0.0
-0.0950424770897971 0.451229953388099 0.0
-0.0728205021223145 -0.649246344481152 0.0
-0.0702310610744061 -0.588094406814723 0.0
-0.0678429188609921 -0.526907030432323 0.0
-0.0655691449918502 -0.465689485029512 0.0
-0.0633562219520021 -0.404454336010753 0.0
-0.0611708205526102 -0.343216377203422 0.0
-0.058995088395719 -0.281990742882554 0.0
-0.0568246778020444 -0.220792860716602 0.0
-0.0546620054702077 -0.15963801678415 0.0
-0.0525094431523671 -0.0985394342924606 0.0
-0.0503681890085086 -0.0375073842294859 0.0
-0.0482385218904269 0.0234519418570029 0.0
-0.0461205440928465 0.0843375425526523 0.0
-0.0440157954271801 0.145155637790516 0.0
-0.0419309403554355 0.205921880443215 0.0
-0.0398862789061342 0.266665905594289 0.0
-0.0379373482166671 0.327438545572865 0.0
-0.0362425234422362 0.388321665506734 0.0
-0.0353877430116855 0.449418911722261 0.0
-0.0112995224621513 -0.652184048242007 0.0
-0.00880528806637687 -0.591013691633225 0.0
-0.00647992112626232 -0.529807795465982 0.0
-0.004234513996511 -0.468572898020708 0.0
-0.00201993815004664 -0.407321141060297 0.0
0.000189782831781485 -0.346065953403238 0.0
0.00240542144783382 -0.284820516921147 0.0
0.00462704508359462 -0.223597404605723 0.0
0.00684934858749267 -0.162408244141281 0.0
0.0090656803284157 -0.101262428904185 0.0
0.0112685860879134 -0.0401663998274958 0.0
0.0134489498562224 0.0208776070503537 0.0
0.0155942164419859 0.0818730781844432 0.0
0.0176851990900888 0.14283201792088 0.0
0.0196900148049362 0.203778268087805 0.0
0.0215518233686534 0.264753076331792 0.0
0.0231616825230082 0.325820635858534 0.0
0.024292986944873 0.387063195511945 0.0
0.0246835327333915 0.448485553892028 0.0
0.0503292684860834 -0.654782066597795 0.0
0.0527153316254592 -0.593571035591327 0.0
0.0549820417152045 -0.532318451805466 0.0
0.057210686677272 -0.471032990843416 0.0
0.0594407218245426 -0.409726819988425 0.0
0.0616888038437444 -0.348412162082203 0.0
0.0639582583782039 -0.287100291907063 0.0
0.0662440953638251 -0.225801297479028 0.0
0.0685368019333761 -0.164524034141956 0.0
0.0708243781108273 -0.103275328774971 0.0
0.0730919412957124 -0.0420595779891741 0.0
0.0753199124818703 0.0191221882318304 0.0
0.077480889510212 0.0802732486990579 0.0
0.0795345467452766 0.141402691856068 0.0
0.0814190098819811 0.20252571696994 0.0
0.0830360569431463 0.263662260667185 0.0
0.0842276910487249 0.324827148831639 0.0
0.0847824914893359 0.385995034852336 0.0
0.0846878333354923 0.447078656412347 0.0
0.112052072344382 -0.656976892288706 0.0
0.114322512727255 -0.595707066169189 0.0
0.116536948713595 -0.534384781846857 0.0
0.118760232001402 -0.473021536588911 0.0
0.121017850663306 -0.411629734013404 0.0
0.123315729881038 -0.350220409444079 0.0
0.125649491061097 -0.288802997984536 0.0
0.128008656729195 -0.227385506454563 0.0
0.130378783521525 -0.16597489037918 0.0
0.132741847976038 -0.104576761815671 0.0
0.135074785711929 -0.0431954700483139 0.0
0.137346658462339 0.0181662323604703 0.0
0.139514347073888 0.0795072240531764 0.0
0.141516211361454 0.140828112302696 0.0
0.143262815389013 0.202129513150924 0.0
0.144624792814931 0.263408529578533 0.0
0.145427337835852 0.324650242250044 0.0
0.145493045632348 0.385824610385127 0.0
0.144704769374127 0.446959847948914 0.0
0.173846046381508 -0.658735010561126 0.0
0.176000895915189 -0.597392821697362 0.0
0.178172535084628 -0.535983396226819 0.0
0.18040192910598 -0.474521199465028 0.0
0.182697659035983 -0.413018594040821 0.0
0.185054343768213 -0.351485112620542 0.0
0.187460082740534 -0.289928198094302 0.0
0.189898964677323 -0.228353924162147 0.0
0.192351478632726 -0.166767825688356 0.0
0.194793457617109 -0.105175068427135 0.0
0.197193589955673 -0.0435809918744214 0.0
0.199509679267964 0.0180087045313815 0.0
0.201683469567545 0.0795873878094059 0.0
0.203633705441498 0.141146979148114 0.0
0.205247326126438 0.202675965633361 0.0
0.206371193170974 0.264157108531782 0.0
0.206813625266095 0.325566113823947 0.0
0.20636002000522 0.38688416388703 0.0
0.20477002502123 0.448119270891068 0.0
0.235682236662318 -0.660053592124611 0.0
0.237730349508629 -0.598630136058413 0.0
0.239871998996087 -0.537121606507692 0.0
0.242118882189127 -0.475544711784795 0.0
0.244461477186177 -0.413910838190158 0.0
0.246883557112883 -0.352227249900313 0.0
0.249366460232908 -0.290498867318116 0.0
0.251889384725313 -0.228729521846624 0.0
0.254428112377583 -0.166923172585951 0.0
0.256952687054191 -0.105084441732685 0.0
0.259423991572607 -0.0432195327995278 0.0
0.261789210245669 0.0186631659395693 0.0
0.263975949742228 0.0805520371605447 0.0
0.265884877569707 0.142431260285215 0.0
0.267381246377385 0.204278576717667 0.0
0.268287573963035 0.26606368904644 0.0
0.268380193182408 0.327748787459635 0.0
0.267386282669132 0.389293105157978 0.0
0.264965128760101 0.450655834872611 0.0
0.297527896737904 -0.660961252833767 0.0
0.299487299318155 -0.599452539115419 0.0
0.301614419619238 -0.537838274773827 0.0
0.303889268937939 -0.476135553799314 0.0
0.306285091224315 -0.414353172366627 0.0
0.308776351431187 -0.352494934452079 0.0
0.311338932788772 -0.290562324049361 0.0
0.313948070462915 -0.228556142867807 0.0
0.316575541256485 -0.166477980227547 0.0
0.319186262955725 -0.104331004785908 0.0
0.321734051997029 -0.0421212048372359 0.0
0.324156378461635 0.020141560239092 0.0
0.326367847153571 0.0824418719826238 0.0
0.328252336801699 0.144756900714167 0.0
0.329654060785794 0.207053099992958 0.0
0.330368388880378 0.269283382851591 0.0
0.330131976286987 0.33138466885597 0.0
0.328607190101025 0.393275931219566 0.0
0.325354271705213 0.454854655160687 0.0
0.359349462322587 -0.661519984406527 0.0
0.361246254893084 -0.599927628762247 0.0
0.363375155431117 -0.538206361130697 0.0
0.365686072181997 -0.476370607845365 0.0
0.368138053249576 -0.414424485685726 0.0
0.370698706653386 -0.352366913014649 0.0
0.373340142316314 -0.290194778446678 0.0
0.376034774744652 -0.227904687137141 0.0
0.378751253801164 -0.165494477161209 0.0
0.381450207381406 -0.102964115276633 0.0
0.384079333311635 -0.0403171850534233 0.0
0.386567563069983 0.0224375751163518 0.0
0.388817962115368 0.0852837262108406 0.0
0.390699206921967 0.148193899792809 0.0
0.392035403619334 0.21112438197778 0.0
0.392593805564888 0.274008941298082 0.0
0.39206797096393 0.336750868269148 0.0
0.39005052960913 0.399212663720603 0.0
0.385987165698791 0.461202994226419 0.0
0.421114960818566 -0.661828828493999 0.0
0.422980156880507 -0.600161237836456 0.0
0.425125032698645 -0.538337141029428 0.0
0.427475807906395 -0.476364414971225 0.0
0.429982213769966 -0.41424042837408 0.0
0.432607972510966 -0.351957940306517 0.0
0.435323199078287 -0.289508134182384 0.0
0.43809861766143 -0.226882047899319 0.0
0.440900610313095 -0.164071807483342 0.0
0.443686368567515 -0.101071360725393 0.0
0.446398512179624 -0.0378779951870781 0.0
0.448958812628826 0.0255058099717186 0.0
0.451260595269279 0.0890690701505122 0.0
0.45315944275457 0.152787548624737 0.0
0.454461342011178 0.216615457074245 0.0
0.454906642731616 0.280473884615661 0.0
0.45414573944584 0.344232942806312 0.0
0.451698377886906 0.407684623365965 0.0
0.446875836997857 0.470502704320381 0.0
0.482795403595212 -0.662029674898316 0.0
0.484659005971374 -0.60030331486919 0.0
0.486828154371181 -0.53838547685438 0.0
0.489216371670032 -0.476273934118995 0.0
0.491769816625461 -0.413958175669447 0.0
0.494451211875849 -0.351424429113046 0.0
0.497230150591188 -0.288657619256641 0.0
0.500076478107946 -0.225641872951689 0.0
0.502954895130626 -0.16236104104712 0.0
0.505819786495362 -0.0987988927953177 0.0
0.508609541717307 -0.0349402241214734 0.0
0.511239959032403 0.0292275813392281 0.0
0.513596208921158 0.0937113171207811 0.0
0.515522721456666 0.158506768864357 0.0
0.51680951332598 0.22358859555754 0.0
0.517172258472897 0.288893504543143 0.0
0.516220409255741 0.354289072416214 0.0
0.513402084839262 0.419515356012632 0.0
0.507890594103198 0.484073081882848 0.0
0.544364567741516 -0.662315808816626 0.0
0.546246612292644 -0.600555069604637 0.0
0.548438903151247 -0.538554517000499 0.0
0.550855025035376 -0.476301167457187 0.0
0.553442560379538 -0.413778528402781 0.0
0.556165128412505 -0.350968048648516 0.0
0.558992431450733 -0.287848839033356 0.0
0.561893616251206 -0.224396818593303 0.0
0.564831798669101 -0.16058430360329 0.0
0.567758717142906 -0.09637935179124 0.0
0.570608781816341 -0.0317458492973548 0.0
0.573292089675415 0.0333563580823133 0.0
0.575685760310653 0.0989703203995422 0.0
0.577622638498721 0.165139825144631 0.0
0.578875181445594 0.231903335076948 0.0
0.579130595877567 0.299281535654467 0.0
0.577949531125116 0.367246814943924 0.0
0.574695473956166 0.435645396038292 0.0
0.568410404440741 0.503981519800909 0.0
