-0.64100069979916 -0.681128004573721 0.0
0.589427753825286 -0.722698107087375 0.0
-0.570467162132263 0.61237245798111 0.0
0.61237245798111 0.61237245798111 0.0
-0.579850434526909 -0.683925447777459 0.0
0.59099383730707 -0.661231600064425 0.0
0.554585007222335 0.572579825415235 0.0
-0.57794387286355 0.535493402066691 0.0
-0.518701006532244 -0.686510481510798 0.0
0.592991352222592 -0.599484270060407 0.0
0.493771125600233 0.549875644340759 0.0
-0.585172658845536 0.46307495866014 0.0
-0.45758573890751 -0.689152362467113 0.0
0.595292936753597 -0.537436114659613 0.0
0.43300526688511 0.535600484013419 0.0
-0.590781163953259 0.393371549049081 0.0
-0.396493471207421 -0.691946086072709 0.0
0.597826350355161 -0.475073990402688 0.0
0.372595185600111 0.52616262491029 0.0
-0.595265064483845 0.32552398808284 0.0
-0.335400330153285 -0.694926094529513 0.0
0.600546495066647 -0.412383622926153 0.0
0.312492108882693 0.519829543020143 0.0
-0.599040030494159 0.259010748679926 0.0
-0.274269740613668 -0.69807621953183 0.0
0.603421788747367 -0.34934611416112 0.0
0.252626415781668 0.515674494522303 0.0
-0.602368386822728 0.193496406985971 0.0
-0.213060233106024 -0.701328812815151 0.0
0.606426124736509 -0.285936200680798 0.0
0.19295421689811 0.513170050563097 0.0
-0.605413548875326 0.128756394104828 0.0
-0.151734929956837 -0.704582614372838 0.0
0.609533171943951 -0.222120840921224 0.0
0.133458546336962 0.512013731482817 0.0
-0.608279216978524 0.0646352953616892 0.0
-0.0902690026492604 -0.707724716391395 0.0
0.612711422671741 -0.157858228885996 0.0
0.0741464479104225 0.512064875219114 0.0
-0.611033179559173 0.00102298332871384 0.0
-0.0286531605427227 -0.710648800685687 0.0
0.615919187879791 -0.0930961441277903 0.0
0.0150528798874955 0.513520120926491 0.0
-0.613722832389299 -0.0621582519024213 0.0
0.0331055684319959 -0.713267273435501 0.0
0.619098898758769 -0.0277703090501713 0.0
-0.0440725869585146 0.51441330494311 0.0
-0.61638936771489 -0.124960944373068 0.0
0.0949855993654682 -0.715517916281686 0.0
0.622170308406723 0.0381984300948134 0.0
-0.10340825821576 0.516055414087908 0.0
-0.619099260488974 -0.187414841538104 0.0
0.156953435590056 -0.717366759571554 0.0
0.625021896379095 0.10490803791028 0.0
-0.162595314931159 0.520697234308796 0.0
-0.622148671968987 -0.24952807837984 0.0
0.218967110856053 -0.718809091195677 0.0
0.627499321355883 0.172482157629258 0.0
-0.221583983389799 0.525729050973243 0.0
-0.624293045194047 -0.311557222946136 0.0
0.280978915220269 -0.719870100853016 0.0
0.62938810335769 0.24108075584499 0.0
-0.2802747496225 0.532277802746864 0.0
-0.626665571641529 -0.373557458384502 0.0
0.342938935943766 -0.72060618762988 0.0
0.630384710321331 0.310920240810638 0.0
-0.339377539615884 0.539169971459069 0.0
-0.62965811974982 -0.435372974068922 0.0
0.404798734797635 -0.721107409456571 0.0
0.630042701540015 0.382310298020827 0.0
-0.398962453231088 0.547484926509195 0.0
-0.632577468167001 -0.497004034043641 0.0
0.466515838671086 -0.721501262626866 0.0
0.627667224775113 0.455725211880545 0.0
-0.457917233317688 0.559572128919079 0.0
-0.635536767811824 -0.558479102783012 0.0
0.528060910854591 -0.721957945860319 0.0
0.622146062534953 0.531948942234147 0.0
-0.516451349680329 0.577601332364648 0.0
-0.638229521356752 -0.619844429090044 0.0
-0.577108879333309 -0.622627493816906 0.0
-0.57437204198194 -0.561216014592835 0.0
-0.571440087862634 -0.49966425728392 0.0
-0.568555160777767 -0.438031972175604 0.0
-0.565651116240111 -0.376322194293826 0.0
-0.56322828332534 -0.314421487608589 0.0
-0.560990861151057 -0.252165079009474 0.0
-0.558102977317506 -0.189607426101443 0.0
-0.555408486672892 -0.126863348642196 0.0
-0.552768362115267 -0.0638662103220774 0.0
-0.550127723622454 -0.000559839430763291 0.0
-0.547449170400572 0.0631073489818278 0.0
-0.544693382795703 0.127187380841554 0.0
-0.541808732897644 0.191732438717333 0.0
-0.538723036177259 0.256784613518612 0.0
-0.535338593189676 0.322346163691645 0.0
-0.53154605896831 0.388300074779734 0.0
-0.52732793833764 0.454206887387335 0.0
-0.52321073285945 0.518765118760731 0.0
-0.515954274128043 -0.625191202533166 0.0
-0.513151538873845 -0.563774437525151 0.0
-0.510265512922362 -0.502228046821844 0.0
-0.507413904041624 -0.440544926595318 0.0
-0.504670386380619 -0.378665261378186 0.0
-0.502241856080258 -0.316621332821657 0.0
-0.499848432925246 -0.254431382799352 0.0
-0.497173414190458 -0.191983249829145 0.0
-0.49458094947231 -0.129324678058451 0.0
-0.492035989956532 -0.0664507937649825 0.0
-0.48950965095145 -0.00335310810220252 0.0
-0.486979388214849 0.0599683651525202 0.0
-0.484422254211298 0.12349563970106 0.0
-0.481810345047911 0.187178431675249 0.0
-0.479108716082609 0.250909148381265 0.0
-0.476277676334666 0.314485329413618 0.0
-0.473283002276882 0.377562331957767 0.0
-0.470093570882636 0.43962571066492 0.0
-0.466008998834 0.500052547606048 0.0
-0.454792270646808 -0.627850968664532 0.0
-0.45195780795067 -0.566443080821778 0.0
-0.449118777875152 -0.504902221481932 0.0
-0.446357192635137 -0.443210649108909 0.0
-0.443738538672319 -0.381363625396374 0.0
-0.441309438792581 -0.319396956722585 0.0
-0.438892172878842 -0.257294896951343 0.0
-0.436365794733055 -0.195012083258273 0.0
-0.433891275607116 -0.13258077723164 0.0
-0.431466263538871 -0.0700217498780419 0.0
-0.429078172031346 -0.00736177131022318 0.0
-0.426715036180326 0.0553567666336539 0.0
-0.424362890350716 0.118067478505211 0.0
-0.422001113449932 0.180672025523696 0.0
-0.419595821476902 0.243033840394016 0.0
-0.417088464098586 0.304981967742486 0.0
-0.414369263217686 0.366335530145866 0.0
-0.411151224537088 0.426956375836269 0.0
-0.406870134148313 0.486948745544473 0.0
-0.393634430845444 -0.630673836272996 0.0
-0.390794004784866 -0.569300838964383 0.0
-0.388017364309159 -0.507806869440591 0.0
-0.385350944746626 -0.446186151740986 0.0
-0.382823020081661 -0.384448519658733 0.0
-0.380421622689045 -0.322613774737037 0.0
-0.378039247876031 -0.260677544777663 0.0
-0.375627963788964 -0.198633818891454 0.0
-0.373261432247408 -0.13651588367226 0.0
-0.37094520979403 -0.0743592589874506 0.0
-0.368673206338242 -0.0122072649113361 0.0
-0.366435406141258 0.0498852938036872 0.0
-0.36421501993174 0.111851081103547 0.0
-0.361981987861273 0.173613514036671 0.0
-0.359683046882685 0.235095418207859 0.0
-0.357225859531851 0.296236492557519 0.0
-0.354443508761296 0.357018049886791 0.0
-0.351037800632628 0.417506296417767 0.0
-0.346541344331465 0.477868560275311 0.0
-0.332474160708433 -0.63369331588391 0.0
-0.329646797704493 -0.572376113848114 0.0
-0.326937975351496 -0.510959050997096 0.0
-0.324358038158714 -0.449442476810404 0.0
-0.321903893350717 -0.387839125437122 0.0
-0.319543338658651 -0.326165931755156 0.0
-0.317209841619405 -0.264430759387745 0.0
-0.314882039467748 -0.202646804372086 0.0
-0.312593859463887 -0.140847931922678 0.0
-0.310349832895199 -0.0790717361119688 0.0
-0.308144298209883 -0.017359585185256 0.0
-0.305964878165962 0.0442442508690146 0.0
-0.303789501887259 0.105695754379319 0.0
-0.301580598607702 0.166957691681842 0.0
-0.299276819276648 0.228008459571139 0.0
-0.296779695448003 0.288854261427346 0.0
-0.293931512355442 0.349545241136888 0.0
-0.290488957527892 0.410195254289749 0.0
-0.28613664516492 0.471014081251828 0.0
-0.271290441604032 -0.636884202670351 0.0
-0.268491189015755 -0.575627290433395 0.0
-0.265850453862791 -0.514292008090796 0.0
-0.263345569487058 -0.452881479356443 0.0
-0.26095079800109 -0.391409553280083 0.0
-0.258628051016029 -0.329893284442799 0.0
-0.256333358405187 -0.268347398673078 0.0
-0.254054587114817 -0.206791874994967 0.0
-0.25180662190949 -0.145257050477087 0.0
-0.249591185462644 -0.0837747653362713 0.0
-0.247402024930807 -0.0223765302241805 0.0
-0.245225979362446 0.0389086776127091 0.0
-0.243040769474064 0.10005752307106 0.0
-0.240811144566088 0.161056867569308 0.0
-0.238483529884507 0.221908180453666 0.0
-0.235978494311254 0.28263305596987 0.0
-0.23318263119374 0.343278841789634 0.0
-0.229954616207512 0.403924511162801 0.0
-0.226143378967153 0.464676806742197 0.0
-0.210056137198741 -0.640169453313682 0.0
-0.207299643979968 -0.578962255895081 0.0
-0.204725114276186 -0.517694729076771 0.0
-0.202282444327178 -0.456371199165652 0.0
-0.199931184580165 -0.395005451677225 0.0
-0.197632969179194 -0.333614270179731 0.0
-0.195356545905379 -0.272214519586439 0.0
-0.193093311409657 -0.210826465924136 0.0
-0.19084935157265 -0.149474969047831 0.0
-0.188624945607356 -0.0881844360688279 0.0
-0.186414853734731 -0.0269770283916749 0.0
-0.184208395355737 0.0341291704781758 0.0
-0.181988126319783 0.0951220399744112 0.0
-0.179727688711147 0.155997989313254 0.0
-0.17738913637945 0.216764085760834 0.0
-0.17492067757242 0.277441687628868 0.0
-0.172260291866194 0.338071920237073 0.0
-0.169358568944441 0.398724433251341 0.0
-0.166259998602411 0.459524765194629 0.0
-0.148745477582756 -0.643441744739585 0.0
-0.146047234631647 -0.582264347920447 0.0
-0.143536268937731 -0.521039123717971 0.0
-0.14114261525345 -0.459770910162634 0.0
-0.138818064755633 -0.398472786715942 0.0
-0.136526870894842 -0.337160511698217 0.0
-0.134246045135211 -0.275850445319495 0.0
-0.131969411275293 -0.214560617862998 0.0
-0.129699958643111 -0.15331065158389 0.0
-0.12743854095916 -0.0921187941438208 0.0
-0.125182762191775 -0.031000704176038 0.0
-0.122926827463494 0.0300317683396841 0.0
-0.120661053852734 0.0909715693199364 0.0
-0.118371320336253 0.151817895649114 0.0
-0.116039328025967 0.212576962620502 0.0
-0.113646456081536 0.273263412899746 0.0
-0.111189453803156 0.33390026492178 0.0
-0.108732118782393 0.394514431162044 0.0
-0.106586963665812 0.45511784495884 0.0
-0.0873397883189814 -0.646585792993667 0.0
-0.0847156813664138 -0.585414367947589 0.0
-0.0822654648844131 -0.524201212494629 0.0
-0.0799081148713112 -0.462951772398361 0.0
-0.0775939124293213 -0.401678382322575 0.0
-0.0752919651996374 -0.340395462433586 0.0
-0.0729860101217978 -0.279117798620208 0.0
-0.0706727600314696 -0.217860594097063 0.0
-0.0683554249598457 -0.156639127413046 0.0
-0.0660370578480873 -0.0954669296029753 0.0
-0.0637193711710414 -0.0343549704894533 0.0
-0.0614027684684871 0.0266894000087712 0.0
-0.0590866383596842 0.0876634998014643 0.0
-0.0567701977265818 0.148571306666016 0.0
-0.0544551571335714 0.209425672074918 0.0
-0.0521536271917521 0.270252799882618 0.0
-0.0499104444961616 0.331098531617473 0.0
-0.0478676088526474 0.392035269000017 0.0
-0.0465317809997319 0.453154108479306 0.0
-0.0258304950915721 -0.64949568760484 0.0
-0.0232953274655392 -0.588306547506572 0.0
-0.0209026710339893 -0.527075484687313 0.0
-0.0185696985200794 -0.465809169018743 0.0
-0.0162508263506758 -0.404519521486405 0.0
-0.01392205729165 -0.343219652018134 0.0
-0.0115736619635876 -0.281922482779243 0.0
-0.00920604278446163 -0.220640482116782 0.0
-0.00682461612304247 -0.159385417182643 0.0
-0.00443585210257216 -0.098167165853551 0.0
-0.00204661892564346 -0.0369931122964529 0.0
0.000335229702134345 0.0241329574674889 0.0
0.00269953198885038 0.0852121707307405 0.0
0.00503126240844899 0.14625308883767 0.0
0.00730508277647135 0.207274630120785 0.0
0.00947322792230394 0.268310952648147 0.0
0.0114383250906665 0.329415832787464 0.0
0.0129923121220092 0.390657842646962 0.0
0.0138659595156847 0.452042447645573 0.0
0.0357796938564689 -0.652085930717267 0.0
0.038214215410551 -0.59085804613561 0.0
0.0405536419024798 -0.529582464698446 0.0
0.0428735536061644 -0.4682678606432 0.0
0.045210461903691 -0.406926123722711 0.0
0.0475797010133788 -0.345569162992276 0.0
0.0499842131284468 -0.284208038522049 0.0
0.0524192196671122 -0.222852801777394 0.0
0.0548758747674546 -0.161512522432363 0.0
0.0573433284332379 -0.100194576991148 0.0
0.0598085188359457 -0.0389043446518415 0.0
0.062254696793101 0.0223556198654659 0.0
0.0646587849439288 0.0835864307249892 0.0
0.0669868577325889 0.144794351348819 0.0
0.0691859814913516 0.205991280105766 0.0
0.0711694750375633 0.267194051926907 0.0
0.0727929088327598 0.328416641125056 0.0
0.0738514823251336 0.389641326778463 0.0
0.0742770467125379 0.450795444779183 0.0
0.0974777549075478 -0.654297174494903 0.0
0.0998051264412252 -0.593013416847156 0.0
0.102097745601129 -0.531671563934307 0.0
0.104415663727202 -0.470282886627923 0.0
0.106782339591889 -0.408859394294238 0.0
0.109203195050434 -0.347411766465798 0.0
0.11167421578111 -0.285949211586541 0.0
0.114185888136027 -0.224479678710594 0.0
0.116725291415073 -0.16301026746541 0.0
0.119276606285311 -0.101546972503523 0.0
0.121819914260944 -0.0400947964408466 0.0
0.124328745245728 0.021342578061416 0.0
0.126766232079268 0.0827628872194903 0.0
0.129079199781616 0.144165593599283 0.0
0.131189008817713 0.205550616906224 0.0
0.132978682975696 0.266915611013322 0.0
0.134283641615174 0.328248580737351 0.0
0.134920490830012 0.389523096365704 0.0
0.134730099779412 0.450754421977952 0.0
0.159242169151073 -0.656098513034094 0.0
0.161462912644988 -0.5947461047784 0.0
0.163717979034872 -0.533321536089321 0.0
0.166044939785665 -0.471838748773068 0.0
0.168451512147813 -0.410309563859418 0.0
0.170932733907956 -0.348743092088838 0.0
0.173477857607244 -0.287146495181541 0.0
0.176072715166457 -0.225525690871788 0.0
0.178700199265354 -0.163886166423721 0.0
0.181339415990507 -0.102233132484734 0.0
0.18396350830357 -0.040572039091839 0.0
0.186536301217585 0.0210912963623789 0.0
0.189007514891072 0.0827502301552738 0.0
0.191306063716192 0.144396970416636 0.0
0.193331009638769 0.206020830743341 0.0
0.194941816263548 0.267606078241401 0.0
0.19595536368645 0.329129814813876 0.0
0.196153091821592 0.390570184764183 0.0
0.195273684511191 0.451920848644251 0.0
0.221045675610466 -0.657488273998853 0.0
0.223168552105722 -0.596058942985135 0.0
0.225398325426818 -0.53454048818867 0.0
0.227745136157161 -0.472948778412344 0.0
0.2301999192178 -0.411294536542202 0.0
0.232747812889876 -0.349584561981575 0.0
0.23537207992327 -0.287823442358753 0.0
0.23805441777708 -0.226014734371402 0.0
0.24077386711337 -0.164162118742516 0.0
0.243504775017818 -0.102269879671372 0.0
0.246213722592505 -0.0403437607209663 0.0
0.248855369066254 0.0216085120249073 0.0
0.251366905678368 0.0835762867854903 0.0
0.253660825499301 0.14554511452618 0.0
0.255616057832176 0.207494539085368 0.0
0.257069145556063 0.269396197489368 0.0
0.257807478762702 0.331213071781099 0.0
0.257561695728807 0.392901277414854 0.0
0.25598378205742 0.454410496921595 0.0
0.282857414233262 -0.658494789624486 0.0
0.284899687461152 -0.596985041515037 0.0
0.287118751599887 -0.53536670866689 0.0
0.289495205445283 -0.473655801240729 0.0
0.292004095562416 -0.411860429396601 0.0
0.294622133766456 -0.349983968509329 0.0
0.297327826203689 -0.28802757290405 0.0
0.300099601368159 -0.225991690024834 0.0
0.302913294934308 -0.163877434586066 0.0
0.305739102103822 -0.101687293987275 0.0
0.308537724787592 -0.0394262765495941 0.0
0.311255523830327 0.0228971436955151 0.0
0.31381833617289 0.0852694559541631 0.0
0.316123763530609 0.14767035690399 0.0
0.318031957798891 0.210069425636201 0.0
0.319355424960797 0.272422939852729 0.0
0.319847153015588 0.334670378107011 0.0
0.319182166657302 0.396730636366482 0.0
0.316924423473573 0.458496387905321 0.0
0.344645734438446 -0.659178158917091 0.0
0.346632055723813 -0.597589935409527 0.0
0.348855595287 -0.53587095385531 0.0
0.351269088106211 -0.474034507016139 0.0
0.353834595529501 -0.412084172722917 0.0
0.356522703987034 -0.350018596405171 0.0
0.359308730296568 -0.287834428817188 0.0
0.362168892731047 -0.225527921702269 0.0
0.365076633706619 -0.163096328638377 0.0
0.367998776901837 -0.100538688614427 0.0
0.370891053871791 -0.037857182584272 0.0
0.373692709826063 0.0249414941333528 0.0
0.3763198106573 0.0878437876731077 0.0
0.378657020784032 0.150826268276526 0.0
0.380547497284203 0.213850345948903 0.0
0.381780340884086 0.27685596059182 0.0
0.382073010385369 0.33975294136745 0.0
0.381042203906707 0.402409247247895 0.0
0.378150397408465 0.464635168996415 0.0
0.406380445816846 -0.659633506575034 0.0
0.40833979810568 -0.597975264426561 0.0
0.410580822897085 -0.53616015263908 0.0
0.413034571525227 -0.474195191549725 0.0
0.415654690210481 -0.412077559946409 0.0
0.418408396904019 -0.349800013320887 0.0
0.421269466202863 -0.287353679850867 0.0
0.424212950351519 -0.224729350359481 0.0
0.427210693491558 -0.16191859767624 0.0
0.430226950350821 -0.0989143799210998 0.0
0.433213492162424 -0.0357123806189548 0.0
0.43610384767031 0.0276873917012657 0.0
0.438806252653637 0.0912776388403241 0.0
0.441194941635413 0.155039478914173 0.0
0.443098944889757 0.218934668510702 0.0
0.444286814292774 0.282894505644285 0.0
0.444443064571705 0.346802141721814 0.0
0.443126936460604 0.410464691552887 0.0
0.439686774197576 0.473569641005171 0.0
0.468034078648521 -0.659996041358962 0.0
0.469994165102609 -0.59828386706955 0.0
0.472260027509928 -0.536381959712015 0.0
0.474751347252206 -0.474287909847365 0.0
0.477418650062879 -0.411991462764483 0.0
0.480228453927642 -0.349479143691945 0.0
0.483154352534137 -0.286736064013625 0.0
0.486170977157373 -0.223746341159619 0.0
0.489249111895434 -0.16049353057467 0.0
0.492351034530043 -0.0969606862662484 0.0
0.495425386841437 -0.0331312572223032 0.0
0.498401205099409 0.0310096809707694 0.0
0.501180644337242 0.095472693965752 0.0
0.503629881827393 0.160259558334686 0.0
0.505566920058055 0.225354262023402 0.0
0.506743898218644 0.290707805000568 0.0
0.506818327178381 0.356209224204192 0.0
0.505300722912065 0.421629368658155 0.0
0.501436941176458 0.486507781525922 0.0
0.52958166958384 -0.660448344212927 0.0
0.531560606974779 -0.598705788227025 0.0
0.533849835475654 -0.536728768079456 0.0
0.536369283641901 -0.474504718778676 0.0
0.539070976648652 -0.412017648990524 0.0
0.541922492773269 -0.349249497783637 0.0
0.544897820038058 -0.286179847136279 0.0
0.547971316386648 -0.222785046595185 0.0
0.551112775951864 -0.159037738379856 0.0
0.554282643945151 -0.0949060789287697 0.0
0.557426699601148 -0.0303536188845038 0.0
0.560469851663453 0.0346608994344024 0.0
0.56330853431731 0.100182938429342 0.0
0.565801019698353 0.166260905507716 0.0
0.567753949561722 0.232941653427093 0.0
0.568901984358843 0.30026086814274 0.0
0.568874051766543 0.368217852413203 0.0
0.567134307443444 0.436707194384241 0.0
0.562869886441891 0.50531646272455 0.0
