-0.684823456518624 -0.672842093126544 0.0
0.544652627306673 -0.716290038344806 0.0
-0.624147983640432 0.61237245798111 0.0
0.61237245798111 0.61237245798111 0.0
-0.623664493126347 -0.675709252364747 0.0
0.546520095958674 -0.654859282293834 0.0
0.546517281245941 0.578326881250972 0.0
-0.625576591544965 0.536877867372654 0.0
-0.562496915279417 -0.678338482911408 0.0
0.548789521535985 -0.593180799630577 0.0
0.480943234126975 0.558736249038119 0.0
-0.629697644597555 0.465803394524287 0.0
-0.501348985197118 -0.681001123682738 0.0
0.551364829044307 -0.531235065231105 0.0
0.416618951507105 0.546176261301283 0.0
-0.633606200352054 0.39729513657053 0.0
-0.440210818668239 -0.68376697798914 0.0
0.554191867194991 -0.469008983893726 0.0
0.353256094878843 0.537710873823775 0.0
-0.63717271731723 0.330449250840807 0.0
-0.379065761607503 -0.686661916535954 0.0
0.557238871186885 -0.406489066880739 0.0
0.29057587451704 0.531923849697714 0.0
-0.640504857443799 0.264753614282557 0.0
-0.317887270301088 -0.689676681956223 0.0
0.560486648715345 -0.343658263226399 0.0
0.2283908585125 0.528045564795176 0.0
-0.643690842748787 0.199895972907397 0.0
-0.256644317925167 -0.692761670716155 0.0
0.563922915174336 -0.280494223070865 0.0
0.166580189992418 0.525626191251115 0.0
-0.646786260533918 0.135675970622646 0.0
-0.195308919030716 -0.695839625824989 0.0
0.567538492141151 -0.216967749866344 0.0
0.105064998219914 0.524391508181377 0.0
-0.649823875043131 0.0719600270450764 0.0
-0.133862269414959 -0.698822774158781 0.0
0.571324166892687 -0.153041588496834 0.0
0.0437922491874917 0.52417108786933 0.0
-0.652822772381911 0.00865682491014988 0.0
-0.0722976705117322 -0.701627620826224 0.0
0.575267629767908 -0.0886684640220104 0.0
-0.0172740702834227 0.524831355847347 0.0
-0.6557956974413 -0.0542953895121137 0.0
-0.0106213863216762 -0.704185202116781 0.0
0.579350038493952 -0.0237890131283223 0.0
-0.0780449040290788 0.52630421901211 0.0
-0.658758136590177 -0.116935651128737 0.0
0.0511486452448301 -0.706447048160438 0.0
0.583542133404959 0.0416716255844304 0.0
-0.138767795407516 0.528639248815832 0.0
-0.661755543843501 -0.17928215997652 0.0
0.11298483593623 -0.708388052661849 0.0
0.587799878707294 0.107808631605497 0.0
-0.199442786356658 0.532090758691373 0.0
-0.665036338533899 -0.24133356308337 0.0
0.174852791918253 -0.710007696443066 0.0
0.592059897287832 0.174745857407406 0.0
-0.2600228114488 0.536334319130477 0.0
-0.667428026624593 -0.303304448830921 0.0
0.236713542223914 -0.711330743783523 0.0
0.596234713064223 0.242649366867105 0.0
-0.320532872291521 0.541759440791936 0.0
-0.670025316624126 -0.365265687030721 0.0
0.298526656002666 -0.712408166452763 0.0
0.600207862395904 0.311753843253401 0.0
-0.381378421382013 0.548716890310396 0.0
-0.673182744339804 -0.427077061116994 0.0
0.360253471741124 -0.713318580209828 0.0
0.60382875228205 0.382414321485404 0.0
-0.442597844258435 0.556881540406296 0.0
-0.676215815262895 -0.488711172314071 0.0
0.421860956021803 -0.714170186043697 0.0
0.60691553653425 0.455215206614134 0.0
-0.503573860421492 0.566785168398238 0.0
-0.679259071433519 -0.550188009063507 0.0
0.483327820572442 -0.715102924153724 0.0
0.60936213038519 0.531212262546634 0.0
-0.564795043171715 0.58234974912536 0.0
-0.682005171652564 -0.611557611359003 0.0
-0.620875578195507 -0.614414167633938 0.0
-0.618090217661175 -0.553004712737302 0.0
-0.615078286350381 -0.491461135605941 0.0
-0.612073751913101 -0.429842073773307 0.0
-0.609012556211405 -0.368151322567969 0.0
-0.606381102610162 -0.306300072348431 0.0
-0.603877386598632 -0.244124403992276 0.0
-0.600718830811718 -0.181662313007952 0.0
-0.597725771361066 -0.11904686835745 0.0
-0.594777392957209 -0.056218980624468 0.0
-0.591838448816127 0.00687035010445892 0.0
-0.588896284372199 0.0702661934371379 0.0
-0.585944824823902 0.134015320064636 0.0
-0.582978571914203 0.198167440965043 0.0
-0.579990790155335 0.262768253947765 0.0
-0.576978183122772 0.327836487914005 0.0
-0.573968323937747 0.393297649587153 0.0
-0.571136521495911 0.458801698686809 0.0
-0.569233614800837 0.523188005352966 0.0
-0.559711911287376 -0.617026925598622 0.0
-0.556861600450422 -0.555620079475612 0.0
-0.553892286601813 -0.494086529988295 0.0
-0.550914084247521 -0.432422682617932 0.0
-0.54799606588869 -0.370575726611273 0.0
-0.54533942873112 -0.30857882347473 0.0
-0.54267429290131 -0.246447760143607 0.0
-0.539706542513735 -0.184079899471092 0.0
-0.536795712337517 -0.121522186348531 0.0
-0.533920605886476 -0.0587709785986512 0.0
-0.531069977560539 0.00418245303682013 0.0
-0.528243850915914 0.067341042675295 0.0
-0.52544903097341 0.130693989343012 0.0
-0.522697357613986 0.194204647596006 0.0
-0.520006963036765 0.257788305613728 0.0
-0.517408062199256 0.321276608744714 0.0
-0.514955137300297 0.38436609825391 0.0
-0.512714403578439 0.446564717057559 0.0
-0.509930290501678 0.507180108666606 0.0
-0.498530383153278 -0.619704208888753 0.0
-0.495649622854945 -0.558300623687649 0.0
-0.492720557887059 -0.496765663531234 0.0
-0.489818225600839 -0.435084682138745 0.0
-0.487005825851158 -0.373254506506071 0.0
-0.484331126356891 -0.311310114308661 0.0
-0.481626190481755 -0.249236622086057 0.0
-0.478783100232171 -0.186990205688789 0.0
-0.475965620696534 -0.124599756522858 0.0
-0.473183202706823 -0.0620822482576664 0.0
-0.470438931149257 0.000541373462778482 0.0
-0.467740971478572 0.0632374282320024 0.0
-0.465101529248465 0.125951705069285 0.0
-0.462534170361069 0.188601470327962 0.0
-0.460049352196323 0.251067623064659 0.0
-0.457644065595591 0.313193897290632 0.0
-0.455267917329864 0.374802228183593 0.0
-0.452637840381828 0.435734949601034 0.0
-0.448897517422085 0.496074014092395 0.0
-0.437344264691 -0.622490368578405 0.0
-0.434458096594501 -0.561108940142404 0.0
-0.43158157408111 -0.49960471670899 0.0
-0.428758009322969 -0.437973378428164 0.0
-0.426016947897699 -0.376224608492644 0.0
-0.4233508224924 -0.314376941778405 0.0
-0.420661172737446 -0.252424726071557 0.0
-0.417909507733267 -0.190359818175704 0.0
-0.415175216896598 -0.128210668621621 0.0
-0.41247467624525 -0.0660072844409023 0.0
-0.409816219902821 -0.00378656368358852 0.0
-0.407208561078915 0.0584036399440311 0.0
-0.404659377065842 0.120502263766067 0.0
-0.402170468650915 0.182435887210691 0.0
-0.39972884455083 0.244123222761383 0.0
-0.397287760147655 0.305486368260872 0.0
-0.394710482496506 0.366467782718234 0.0
-0.391634477032465 0.427069411189466 0.0
-0.387143916791131 0.487371631706523 0.0
-0.376151087873289 -0.62541387841886 0.0
-0.373277020966868 -0.564072415990283 0.0
-0.370456761427264 -0.502624661551474 0.0
-0.367702719164695 -0.441071643934289 0.0
-0.365016515468753 -0.379425116001911 0.0
-0.362372445993645 -0.317699968084972 0.0
-0.359712480852241 -0.255901609334425 0.0
-0.357023314679127 -0.194040001527956 0.0
-0.354345784188258 -0.132144661146348 0.0
-0.35169466457073 -0.0702490884791204 0.0
-0.349077786831071 -0.00839143812955529 0.0
-0.346500210222468 0.0533852108762558 0.0
-0.343962192756218 0.11503416292164 0.0
-0.341453858411542 0.176508967966351 0.0
-0.33894521993409 0.237768709813976 0.0
-0.336363963811056 0.29878593692761 0.0
-0.333544466812455 0.359559469359421 0.0
-0.330127561557026 0.420138183361628 0.0
-0.325614518013264 0.480722486353449 0.0
-0.314935932434088 -0.628459083384281 0.0
-0.31208670721197 -0.567162682849163 0.0
-0.309321935988674 -0.50577690302669 0.0
-0.306626447408673 -0.444305258558574 0.0
-0.303982288433032 -0.382760308667777 0.0
-0.301359243409492 -0.321156912909233 0.0
-0.298721437360991 -0.259507283825635 0.0
-0.296064064807372 -0.19782862084703 0.0
-0.293409076304249 -0.136148487083156 0.0
-0.290767506876817 -0.0744970098419571 0.0
-0.28814494239175 -0.0129058191034764 0.0
-0.285542927390716 0.0485931678341773 0.0
-0.282956792531311 0.109969637147545 0.0
-0.280370578756801 0.171198140337466 0.0
-0.277747058129611 0.232261560188338 0.0
-0.275007468430346 0.293157340906074 0.0
-0.271996096857088 0.353909426379334 0.0
-0.268475160833333 0.414599344990414 0.0
-0.264361655115008 0.475397902699463 0.0
-0.253678515038894 -0.631568817417735 0.0
-0.250865620084291 -0.570310157723853 0.0
-0.248153680183497 -0.50897632481333 0.0
-0.245504969329021 -0.447572058054669 0.0
-0.242889201559517 -0.386109973049411 0.0
-0.240276592949686 -0.324604966241673 0.0
-0.237643434241934 -0.263071888057791 0.0
-0.234987631456319 -0.201529124787566 0.0
-0.232321615629405 -0.140000197492856 0.0
-0.229653328241982 -0.078509438111731 0.0
-0.226986723265498 -0.0170807312735321 0.0
-0.224321736133319 0.0442637938754522 0.0
-0.221652182271242 0.105505182823835 0.0
-0.218961200532828 0.166630010277677 0.0
-0.216212774316181 0.227632994313291 0.0
-0.213338119079664 0.288522908952693 0.0
-0.210228368323139 0.349334450860365 0.0
-0.206788246069344 0.410143188782314 0.0
-0.203083271858646 0.471038859223146 0.0
-0.192359344601889 -0.634660670689218 0.0
-0.189594382209413 -0.573424447559565 0.0
-0.18693185612373 -0.512122845495046 0.0
-0.184317929931725 -0.450761248594913 0.0
-0.181716000691107 -0.389351836837201 0.0
-0.179098907493393 -0.327908900369095 0.0
-0.176450309306798 -0.266447333243663 0.0
-0.17376936801631 -0.204984018658185 0.0
-0.171064015554582 -0.143538107158076 0.0
-0.168340541569127 -0.0821284966947335 0.0
-0.165602507724566 -0.020772914102714 0.0
-0.162850116784493 0.0405131110202766 0.0
-0.160078402120088 0.101717226461058 0.0
-0.157273731085207 0.162832164216405 0.0
-0.15440851505585 0.223858047478976 0.0
-0.15143760332551 0.284807748916607 0.0
-0.14831271854298 0.345714074649281 0.0
-0.145041653194344 0.406629008322337 0.0
-0.141787584534658 0.467606246761336 0.0
-0.130964373481406 -0.637644638327784 0.0
-0.128258901203568 -0.576411931112578 0.0
-0.125642098567886 -0.515118467987436 0.0
-0.123051333985826 -0.453770290544825 0.0
-0.120448863978615 -0.392379035445681 0.0
-0.117811669027684 -0.330957982589457 0.0
-0.115128834763434 -0.269520873734076 0.0
-0.112400880681966 -0.208082282538233 0.0
-0.109634116271037 -0.14665757742727 0.0
-0.106834499617176 -0.0852614304147624 0.0
-0.104006299265515 -0.0239072757595127 0.0
-0.101151418677144 0.0373934920801221 0.0
-0.0982682000685642 0.0986323329236555 0.0
-0.0953495951819652 0.159805434017897 0.0
-0.0923820677414284 0.220916073705822 0.0
-0.0893507603892951 0.281979350984936 0.0
-0.0862631210785732 0.343026459180336 0.0
-0.0832024349792805 0.404103733718934 0.0
-0.0804188196975664 0.465265494807045 0.0
-0.0694873832373417 -0.640437294036182 0.0
-0.0668518517951998 -0.579188957458267 0.0
-0.0642767063926046 -0.517879366152369 0.0
-0.0616981194873146 -0.456515628835273 0.0
-0.0590817391465853 -0.39510900024513 0.0
-0.0564100424891068 -0.333671636530931 0.0
-0.0536769560049423 -0.272215717138495 0.0
-0.050884838444617 -0.210753483154271 0.0
-0.0480400386257597 -0.149297274784159 0.0
-0.0451491496883226 -0.087858667766934 0.0
-0.0422179996073082 -0.0264482329313721 0.0
-0.0392513522934648 0.034925107188017 0.0
-0.0362526996584935 0.0962547898755365 0.0
-0.0332245926269648 0.157538363049578 0.0
-0.0301717838971199 0.218779360842166 0.0
-0.027112439092277 0.279990322851072 0.0
-0.0241050770049785 0.341193658944566 0.0
-0.0212955425032218 0.402415873361931 0.0
-0.0189724023257035 0.463664793265038 0.0
-0.00793104019797628 -0.642971212860236 0.0
-0.00537325925191543 -0.581690088477604 0.0
-0.00283479522167168 -0.520342640091808 0.0
-0.000257974028469289 -0.458937558392604 0.0
0.00238430876216286 -0.397485903469687 0.0
0.00510293338604935 -0.335998670691857 0.0
0.00789923873247765 -0.274486345607936 0.0
0.0107686350160919 -0.212958992448808 0.0
0.0137038252375864 -0.151426512488684 0.0
0.0166969562563866 -0.0898982046703286 0.0
0.0197400108415159 -0.0283827792776114 0.0
0.0228244272096549 0.0331121098264197 0.0
0.0259400597007563 0.0945803744013826 0.0
0.0290726116414968 0.156018849499917 0.0
0.0321971035510394 0.21742821975537 0.0
0.035263454483754 0.278814108852482 0.0
0.0381706789273583 0.340185051348462 0.0
0.0407347568373207 0.401543354629871 0.0
0.0427096687840339 0.462864397282181 0.0
0.053693826112921 -0.645200213925797 0.0
0.0561703073438553 -0.583872317344726 0.0
0.0586786372734113 -0.522469217894824 0.0
0.061263719602678 -0.461001510925564 0.0
0.0639424069461589 -0.399480042246989 0.0
0.0667181954070109 -0.337914484904503 0.0
0.0695877986626389 -0.276313479160266 0.0
0.0725442651879131 -0.214684972802056 0.0
0.0755789523636123 -0.153036746650351 0.0
0.0786824273149284 -0.0913762962643702 0.0
0.0818440985421049 -0.029711083652883 0.0
0.0850509889590537 0.0319517100896805 0.0
0.0882853926840841 0.0936053866691064 0.0
0.0915203776957197 0.155244544913062 0.0
0.0947110316170377 0.216865025555201 0.0
0.097779152029721 0.278463556262805 0.0
0.100591485392622 0.340034409975171 0.0
0.102943194877064 0.401561948549172 0.0
0.104550859340914 0.463025333610204 0.0
0.115369587504548 -0.647101765778617 0.0
0.117766847444214 -0.585716818374351 0.0
0.120253623500306 -0.524244743676845 0.0
0.122856653912918 -0.46269791322831 0.0
0.125580633668615 -0.401086570807903 0.0
0.128421528537382 -0.339418665144741 0.0
0.131371785540967 -0.277700678190541 0.0
0.134422266461127 -0.215938294305531 0.0
0.137562963749479 -0.154137185342313 0.0
0.140782823847361 -0.0923031525777012 0.0
0.144068573180297 -0.0304426144243484 0.0
0.147402604116252 0.0314373688288435 0.0
0.150759437824029 0.0933288907827807 0.0
0.154099761806081 0.15522335842055 0.0
0.157360463969707 0.217110439392352 0.0
0.160439708438266 0.278976515289577 0.0
0.163178750896957 0.340800793021085 0.0
0.165344112406098 0.402551066561858 0.0
0.166615172830247 0.464179958179015 0.0
0.17707404107099 -0.648678036336957 0.0
0.17940060912466 -0.587229739494598 0.0
0.181876427583254 -0.525679967383562 0.0
0.184506460900897 -0.464042084137797 0.0
0.187282693759505 -0.402324907345408 0.0
0.190194128846085 -0.340533991426114 0.0
0.193229645667717 -0.278673140321287 0.0
0.196378380064258 -0.216745379872369 0.0
0.199629230350232 -0.154753953864626 0.0
0.202969736099758 -0.092702675385946 0.0
0.206384133969391 -0.0305966500881 0.0
0.209850423915935 0.0315573725551495 0.0
0.213335859612461 0.0937502798566796 0.0
0.216790009916595 0.155969954125838 0.0
0.220134285928255 0.218199084507433 0.0
0.223247614765207 0.280412352280885 0.0
0.225948681760099 0.342571804986185 0.0
0.227975472329599 0.404620839959435 0.0
0.228959379441962 0.466479803800006 0.0
0.238782030509065 -0.649956682162019 0.0
0.241052880889269 -0.588443045513233 0.0
0.24352965668428 -0.52681150354167 0.0
0.246194394714992 -0.465074858640592 0.0
0.249027348913353 -0.403239286831793 0.0
0.252011839438011 -0.341307064579645 0.0
0.255134193894503 -0.279278608355316 0.0
0.258382504067379 -0.217153634993115 0.0
0.261745057240262 -0.154932279012324 0.0
0.265208421824454 -0.0926155833555727 0.0
0.268754842360216 -0.0302064315857011 0.0
0.272358645292689 0.0322897487271728 0.0
0.275981054147802 0.0948636645848391 0.0
0.279562736500803 0.157500556733009 0.0
0.283013240456905 0.220176619732485 0.0
0.286196853323702 0.282854422928317 0.0
0.288913874417274 0.345475944968321 0.0
0.290873625451756 0.407953589478285 0.0
0.291647511775575 0.47016094495226 0.0
0.30046776169697 -0.650992105943846 0.0
0.30270314177059 -0.589416004726407 0.0
0.305192626464698 -0.527703362007876 0.0
0.307897302128569 -0.465864154845567 0.0
0.310788181345739 -0.403900499488205 0.0
0.313844742208028 -0.341810428749163 0.0
0.317051975882512 -0.279590141891162 0.0
0.32039772911223 -0.217235169546624 0.0
0.323870277668675 -0.154741463691074 0.0
0.327455808828545 -0.0921058972557178 0.0
0.331135330636738 -0.0293273012176002 0.0
0.334880652362128 0.0335925524787999 0.0
0.338648878578691 0.0966470552587405 0.0
0.342374892057405 0.15982214047222 0.0
0.345961028408113 0.223091016088544 0.0
0.349263006817011 0.286406868322508 0.0
0.352069121181453 0.349691469222442 0.0
0.354063934561408 0.412818660619607 0.0
0.354750884565142 0.475592088260462 0.0
0.362106591923574 -0.651867471610892 0.0
0.364329282921532 -0.590237423147024 0.0
0.366840855872574 -0.528449151888331 0.0
0.369586901624467 -0.466507237506123 0.0
0.372532806435538 -0.404408459289618 0.0
0.375656299163652 -0.34214576059656 0.0
0.378942269157342 -0.279710341948807 0.0
0.382379081923766 -0.217092555432184 0.0
0.385955574158758 -0.154282721197759 0.0
0.389658158992525 -0.0912714006068996 0.0
0.393467469885816 -0.0280502955881787 0.0
0.397354197607188 0.0353867644440886 0.0
0.401273657591674 0.0990416775343632 0.0
0.405158714509136 0.162908763753945 0.0
0.40891025982096 0.226967950535929 0.0
0.412383770780415 0.291174137141696 0.0
0.415366997163101 0.355438540383273 0.0
0.417534304697139 0.419596568531745 0.0
0.418331947681309 0.483352921751267 0.0
0.423675928007797 -0.652697523747905 0.0
0.425906590884734 -0.591028374930494 0.0
0.428444687904487 -0.529174497171898 0.0
0.431228527324745 -0.467133097963254 0.0
0.434221771906637 -0.404894849114517 0.0
0.437402388131957 -0.342447326604892 0.0
0.440756159987483 -0.279776376810273 0.0
0.444272479469828 -0.216866306209565 0.0
0.447941084031676 -0.153700080131726 0.0
0.451749017355947 -0.0902590396925115 0.0
0.455677219498672 -0.0265232580302233 0.0
0.459696476450544 0.0375280554080244 0.0
0.463762422595422 0.101915055312485 0.0
0.467809448418879 0.166654611555058 0.0
0.471742880775065 0.231753811526039 0.0
0.475427954993793 0.297198096873678 0.0
0.478669971746449 0.362926071125903 0.0
0.4811678425382 0.428774610453591 0.0
0.482375363472127 0.494354061609261 0.0
0.485155078984867 -0.653632037298363 0.0
0.487405936883708 -0.5919447544101 0.0
0.489967977203374 -0.530038983908349 0.0
0.492780323408523 -0.467903563880209 0.0
0.495808370230825 -0.40552411141163 0.0
0.499031644227343 -0.342884126864902 0.0
0.502437190885274 -0.279964698533153 0.0
0.506015416709208 -0.216743575692128 0.0
0.509756860776098 -0.153194519242968 0.0
0.51364916532001 -0.0892861874474681 0.0
0.517673710222517 -0.0249814584893041 0.0
0.521801762139489 0.0397636491957562 0.0
0.525990023430589 0.105000755833406 0.0
0.530175733436469 0.170790086954445 0.0
0.534271159312664 0.237199717308361 0.0
0.538157014698477 0.304302498097204 0.0
0.541672019550058 0.372162368786058 0.0
0.544589649933088 0.44078447539827 0.0
0.546540357695679 0.50992957894097 0.0
