-0.712129408389523 -0.6670938193085 0.0
0.516713252258471 -0.710993939515097 0.0
-0.659701591730118 0.61237245798111 0.0
0.61237245798111 0.61237245798111 0.0
-0.650962925097313 -0.669963180882427 0.0
0.518736539511188 -0.649586159603535 0.0
0.541696965405102 0.582000727895256 0.0
-0.656705274693001 0.537986757166438 0.0
-0.589781986322937 -0.672579068988667 0.0
0.521140101557459 -0.587952243549795 0.0
0.473072333818207 0.564508435468801 0.0
-0.658594528618737 0.467835888683025 0.0
-0.52861144403932 -0.67521282433977 0.0
0.523848319614738 -0.526073372640065 0.0
0.406412808721972 0.553193133768795 0.0
-0.661261962285329 0.400124921042307 0.0
-0.467442422032541 -0.677918286462672 0.0
0.526818931490964 -0.463936737740093 0.0
0.341097511957033 0.545486403802402 0.0
-0.664125533384056 0.333943173951309 0.0
-0.406263069856583 -0.680716261519954 0.0
0.530028990151189 -0.401529550277438 0.0
0.276706388016739 0.540159047528921 0.0
-0.66707931430625 0.26878971147323 0.0
-0.345053392982327 -0.683602268868901 0.0
0.533467572300512 -0.33883610941596 0.0
0.212975524092088 0.536540946720144 0.0
-0.670092856561642 0.204368661589284 0.0
-0.283789098867428 -0.68653849304598 0.0
0.537131706927059 -0.275836073789128 0.0
0.149732879764034 0.534235044909358 0.0
-0.673148781500594 0.140495713457321 0.0
-0.222447881024328 -0.689463188774284 0.0
0.541023856319669 -0.212502821199943 0.0
0.0868578544626105 0.532988806005848 0.0
-0.676231981681297 0.0770514790078274 0.0
-0.161014753872283 -0.692304792830285 0.0
0.54514999347023 -0.148802081583412 0.0
0.0242563383454684 0.532615960624482 0.0
-0.679328687488208 0.0139567756966698 0.0
-0.0994846441637988 -0.694994551678994 0.0
0.549517819253344 -0.0846897680014567 0.0
-0.038153524830706 0.532817285194812 0.0
-0.682428243629903 -0.0488398971560668 0.0
-0.0378633019896491 -0.697475564886788 0.0
0.554134768767205 -0.0201096401635549 0.0
-0.100068045607013 0.534611487957106 0.0
-0.685528729616992 -0.111368939025062 0.0
0.0238336962787657 -0.699708276594022 0.0
0.559005915016206 0.0450104458097606 0.0
-0.16173961799143 0.537303584004107 0.0
-0.688661231998329 -0.173641242800749 0.0
0.0855825896218849 -0.701673305936211 0.0
0.564132152740071 0.110763815839461 0.0
-0.223412106087169 0.540025628308689 0.0
-0.692041303545359 -0.235649814398085 0.0
0.147353907243469 -0.703372775512359 0.0
0.569509827332299 0.17727402538691 0.0
-0.285106054967486 0.543730520792602 0.0
-0.69454885607456 -0.297579608604818 0.0
0.209114385468818 -0.704831020055485 0.0
0.57513361802005 0.244709645573463 0.0
-0.346896906545921 0.548409173287716 0.0
-0.69724823752547 -0.35951243464734 0.0
0.270829817929463 -0.706095254257954 0.0
0.581006429624769 0.31331322542669 0.0
-0.409025297382345 0.555327890858538 0.0
-0.700467371953867 -0.421319717729799 0.0
0.332468004343828 -0.707236352059236 0.0
0.58716446498641 0.383458678822367 0.0
-0.471449141427657 0.563259119963803 0.0
-0.703530365938927 -0.48295545569987 0.0
0.394002214840098 -0.708349591998039 0.0
0.593747933053942 0.455772960206042 0.0
-0.533816520051464 0.571680624695707 0.0
-0.706584442776456 -0.544434076314165 0.0
0.455416638048168 -0.709554790656381 0.0
0.601280728278361 0.531400336448462 0.0
-0.596932682119624 0.58552905086487 0.0
-0.7093230451126 -0.60580732366633 0.0
-0.648185777148152 -0.608668509430788 0.0
-0.6454111002598 -0.547259497991999 0.0
-0.642390562524819 -0.485720651255679 0.0
-0.639352113511996 -0.424109954586174 0.0
-0.636233875303028 -0.362431546900022 0.0
-0.633511125988461 -0.300613673004353 0.0
-0.630879745216374 -0.238493314091258 0.0
-0.627595942872165 -0.176096565241421 0.0
-0.624460831002044 -0.113568370600707 0.0
-0.621366475733522 -0.0508544626250482 0.0
-0.618291097287889 0.0120896522272043 0.0
-0.615238892928604 0.0753050762562899 0.0
-0.612226428783795 0.138835527342785 0.0
-0.609279764571114 0.202729493341467 0.0
-0.606437381839255 0.267035155641609 0.0
-0.603762461925332 0.331781024540312 0.0
-0.601382720714021 0.396915894188871 0.0
-0.599626482658915 0.462133462620062 0.0
-0.59946546939342 0.526321825739704 0.0
-0.587014553919507 -0.611270950552066 0.0
-0.584175689289319 -0.54986920474771 0.0
-0.581195325254241 -0.488343029404955 0.0
-0.578178611046711 -0.426691183655726 0.0
-0.575191708907067 -0.36486572849927 0.0
-0.572431398423628 -0.302900330210174 0.0
-0.569635941475671 -0.240808781980068 0.0
-0.56652768890368 -0.178494750034924 0.0
-0.563461684787783 -0.11600459182843 0.0
-0.560426323097391 -0.0533352793085744 0.0
-0.557422563660574 0.00952222835108821 0.0
-0.554466118439686 0.0725728905514229 0.0
-0.55158469755396 0.135810530851516 0.0
-0.548818560396439 0.19920691375388 0.0
-0.546224835695133 0.262690826480574 0.0
-0.543887276662766 0.326112876606716 0.0
-0.541932717093524 0.38918995809913 0.0
-0.540515292651355 0.451433837278955 0.0
-0.538846583172447 0.512101161968592 0.0
-0.52581891883903 -0.61391704339099 0.0
-0.522950400481021 -0.55251471478511 0.0
-0.520005664758792 -0.490982414246943 0.0
-0.517055327047366 -0.429307624506529 0.0
-0.514161147568041 -0.367488243803698 0.0
-0.511371692099701 -0.305558555377102 0.0
-0.508526517193415 -0.243504145833388 0.0
-0.505527052520692 -0.181282289279631 0.0
-0.502538498627502 -0.118919689268203 0.0
-0.49957856518386 -0.056430833424598 0.0
-0.496661446180248 0.00616703980465339 0.0
-0.493809768012196 0.0688456690053961 0.0
-0.49105486051676 0.131558231510987 0.0
-0.488435802704464 0.194231155034297 0.0
-0.485996981048828 0.256755028790658 0.0
-0.483779200575095 0.318980566469619 0.0
-0.481781259871288 0.380727996320877 0.0
-0.479728981419672 0.441823639443047 0.0
-0.476538596606191 0.502339981618687 0.0
-0.464613272471401 -0.616636996848693 0.0
-0.461739558444561 -0.555248469182012 0.0
-0.458840719525549 -0.493736304970318 0.0
-0.455958250615054 -0.43209720754631 0.0
-0.453122699702726 -0.370340774794734 0.0
-0.45032968691778 -0.308484668741735 0.0
-0.447487428022345 -0.246522413983795 0.0
-0.444564149673094 -0.184444580741405 0.0
-0.441643108609055 -0.12227655057994 0.0
-0.438748388100439 -0.0600448339002867 0.0
-0.435898738722705 0.00221768647265311 0.0
-0.433116550536317 0.064467419410852 0.0
-0.430427549670858 0.126647007299796 0.0
-0.427857250382549 0.188684576836042 0.0
-0.425422876062629 0.250495497057066 0.0
-0.4231122066708 0.311989536078378 0.0
-0.420811476790135 0.373082814013073 0.0
-0.418105949579002 0.433735712975325 0.0
-0.413725547620294 0.493978022605013 0.0
-0.403397909320136 -0.619456459032105 0.0
-0.400535462406374 -0.558097612100391 0.0
-0.397685177405638 -0.496628632795513 0.0
-0.394861095135874 -0.435051064430652 0.0
-0.392068172133825 -0.373376050316888 0.0
-0.389285329269062 -0.311617154754713 0.0
-0.386460664382408 -0.249778228023077 0.0
-0.383586591949058 -0.187867204973146 0.0
-0.380708813502781 -0.12591083453022 0.0
-0.377849467883921 -0.0639400043091026 0.0
-0.375026179554614 -0.00199083533391263 0.0
-0.372256748274411 0.0598943053952693 0.0
-0.369557827837852 0.121666907088453 0.0
-0.366939959655624 0.183274406690162 0.0
-0.364396353211493 0.244663062611708 0.0
-0.361873940192494 0.305782936067574 0.0
-0.35919961596071 0.366598457111588 0.0
-0.355919817299681 0.427115501447353 0.0
-0.351380255576563 0.487531132197694 0.0
-0.342161931915362 -0.622366236985418 0.0
-0.339321971330218 -0.561042619536515 0.0
-0.336518842192791 -0.499622837617565 0.0
-0.333742574757147 -0.438110729763537 0.0
-0.330980590185331 -0.3765180442624 0.0
-0.328208185572145 -0.314858221990838 0.0
-0.325395228752898 -0.253141861143315 0.0
-0.322542114071802 -0.191384383381575 0.0
-0.319675838942246 -0.129611561226562 0.0
-0.316814179105017 -0.0678524063600311 0.0
-0.313971369503726 -0.00613862787191888 0.0
-0.311159781449693 0.0554959157756777 0.0
-0.30838781008235 0.117016265161859 0.0
-0.305653937736238 0.17838868367633 0.0
-0.302933312858782 0.239583348565191 0.0
-0.300147629904041 0.300580865741918 0.0
-0.297107602793313 0.361388387991446 0.0
-0.293496351764916 0.422088614817493 0.0
-0.289269595817024 0.482898944264407 0.0
-0.28088950080802 -0.625322122819713 0.0
-0.278081455576625 -0.564028569816443 0.0
-0.275322363330573 -0.502650614740071 0.0
-0.27258288419472 -0.441193317244917 0.0
-0.269839654558181 -0.379668541478233 0.0
-0.267068827368282 -0.318089950217338 0.0
-0.26425199679217 -0.256471082513305 0.0
-0.261391702318515 -0.194829109199289 0.0
-0.258504965389556 -0.133186691473476 0.0
-0.255605354706077 -0.0715681407831907 0.0
-0.252703665904809 -0.00999854134014359 0.0
-0.249807843561096 0.0514971699155524 0.0
-0.246920343069041 0.112895250885388 0.0
-0.244031799568233 0.174175282264266 0.0
-0.241108065796432 0.23532302423252 0.0
-0.238067391375 0.296337899957401 0.0
-0.234763238523388 0.357249754003929 0.0
-0.231059874041462 0.418139602278256 0.0
-0.227023941596229 0.479074111189944 0.0
-0.219565139129791 -0.628257804125225 0.0
-0.216798090647692 -0.566982039005255 0.0
-0.214079147950041 -0.505629959661565 0.0
-0.211365285734749 -0.444207328270761 0.0
-0.208627736241821 -0.382725727114497 0.0
-0.205845230066798 -0.321198474298372 0.0
-0.20300608479133 -0.25963950791778 0.0
-0.200113294313339 -0.198064987118168 0.0
-0.197178437927887 -0.136493811700543 0.0
-0.194211911074398 -0.0749454168168589 0.0
-0.19122188199061 -0.0134390888243137 0.0
-0.188213338462395 0.0480068772215627 0.0
-0.185185323263059 0.10937607762545 0.0
-0.182125208305624 0.170656115840463 0.0
-0.178999012966162 0.231841865067318 0.0
-0.175741558692918 0.292943548092703 0.0
-0.172269163494379 0.353999182508033 0.0
-0.168543918935465 0.415076204672867 0.0
-0.164618501250506 0.476254027523713 0.0
-0.158177728809457 -0.63109958778805 0.0
-0.155460442077789 -0.569825915845223 0.0
-0.152777426603416 -0.508479646357075 0.0
-0.150078300245638 -0.447067199120624 0.0
-0.14733335288118 -0.385599727379661 0.0
-0.144524939010356 -0.324089752010765 0.0
-0.141645897242585 -0.262550346791387 0.0
-0.138699525070967 -0.200995725929939 0.0
-0.135694506964354 -0.139441417503558 0.0
-0.132639136387561 -0.0779030096796672 0.0
-0.129539875162473 -0.0163958180393814 0.0
-0.12640016909255 0.0450657139210342 0.0
-0.123218127818746 0.106468649158263 0.0
-0.119982587540165 0.167803365198833 0.0
-0.116668864026479 0.229066154654272 0.0
-0.113241261421593 0.290264526693941 0.0
-0.109676975109708 0.351420799220462 0.0
-0.106012090813303 0.412566591358143 0.0
-0.102315447732346 0.473732757013325 0.0
-0.0967225310535131 -0.633778582709703 0.0
-0.0940626633367596 -0.572490854239609 0.0
-0.0914109838695678 -0.511129874607917 0.0
-0.0887162586537878 -0.449702998039759 0.0
-0.0859516315797864 -0.388221007484654 0.0
-0.0831039845676874 -0.326695428281866 0.0
-0.0801698286748377 -0.265137984080611 0.0
-0.0771530186604318 -0.203560838922743 0.0
-0.0740607605316888 -0.141976827487191 0.0
-0.0709000087059581 -0.0803988146651365 0.0
-0.067676200647475 -0.0188397061157852 0.0
-0.0643923052598317 0.0426878868807801 0.0
-0.0610474466683856 0.104171978981558 0.0
-0.0576354647667797 0.16560252353018 0.0
-0.0541460937371763 0.22697275962169 0.0
-0.0505751736491777 0.288281234709815 0.0
-0.0469513172380525 0.349530423148017 0.0
-0.0433735252026533 0.410719406280942 0.0
-0.0401404945563912 0.47185887408278 0.0
-0.035202172151698 -0.636239078116647 0.0
-0.032605050351683 -0.574922696904165 0.0
-0.0299793657793002 -0.513528485511225 0.0
-0.0272792607108956 -0.452065082160072 0.0
-0.0244838786958423 -0.390542970237356 0.0
-0.0215853667204029 -0.328972555068803 0.0
-0.0185835621837981 -0.267363995928305 0.0
-0.0154830639821761 -0.205727457560865 0.0
-0.0122902865738638 -0.144073524468862 0.0
-0.00901123705152384 -0.0824129490667041 0.0
-0.00565069306719615 -0.0207568872868768 0.0
-0.00221178944050854 0.0408833172197635 0.0
0.00130413079471711 0.102496404357467 0.0
0.00489643531603955 0.164072451103227 0.0
0.00855995495044297 0.225604033122732 0.0
0.0122708620776746 0.287088329360495 0.0
0.0159595245809192 0.348528540152872 0.0
0.0194571202871347 0.409938324671139 0.0
0.0223950047337406 0.471328551046187 0.0
0.0263739257267214 -0.638443436003335 0.0
0.0289066088032234 -0.577086500504741 0.0
0.0315128644152882 -0.515643860102838 0.0
0.0342276519761388 -0.454125598851611 0.0
0.0370634619085586 -0.392541784552403 0.0
0.0400224723432509 -0.330901466293812 0.0
0.043101813672295 -0.26921299360965 0.0
0.0462961680252976 -0.207484442131994 0.0
0.0495996853388633 -0.145724223455633 0.0
0.0530071677507245 -0.0839410744326555 0.0
0.0565142915419426 -0.0221444283724015 0.0
0.0601172555630957 0.0396557367974902 0.0
0.0638115260004201 0.101449106295243 0.0
0.0675883743863427 0.163226090226767 0.0
0.0714264216711251 0.224978465441327 0.0
0.0752745290892562 0.286700544388415 0.0
0.0790209313742324 0.348388996370025 0.0
0.0824449359052419 0.41003566018494 0.0
0.0851856918441604 0.471598899743179 0.0
0.0879906299367357 -0.640374529086413 0.0
0.0904618882008655 -0.578968404690551 0.0
0.0930567913382939 -0.517466041015756 0.0
0.0957950241376507 -0.45587872806015 0.0
0.0986793140368418 -0.394215693857001 0.0
0.101706229624418 -0.332484199616464 0.0
0.104870318413988 -0.270690405965582 0.0
0.108165786876747 -0.208840023994436 0.0
0.111587400048458 -0.146939097332966 0.0
0.115130781473937 -0.0849941630117316 0.0
0.11879194743051 -0.023012760361279 0.0
0.122566070859399 0.0389965570864098 0.0
0.126444825862494 0.101024115568347 0.0
0.130410912513741 0.163059525956591 0.0
0.134427306340286 0.225091063441382 0.0
0.13841832313327 0.287104689950451 0.0
0.142240283235842 0.349079596518372 0.0
0.145648204256184 0.410976414091869 0.0
0.148287178944426 0.472723456453045 0.0
0.149628995328707 -0.642036920608982 0.0
0.152047122732677 -0.580576577605364 0.0
0.154640126471061 -0.519007326406286 0.0
0.157409680689678 -0.457340875790804 0.0
0.160348510241189 -0.395584856144451 0.0
0.163448193672721 -0.333744121559071 0.0
0.166701368468376 -0.271822129842224 0.0
0.170102193656382 -0.209821789652734 0.0
0.173646286943804 -0.147746374318761 0.0
0.17733024896659 -0.0855998220515336 0.0
0.181150511735269 -0.0233874171791427 0.0
0.185101254791398 0.0388839137360492 0.0
0.189170583633429 0.101204962547219 0.0
0.19333366397746 0.163563685183937 0.0
0.197540794969795 0.225943000891017 0.0
0.20169864658567 0.288317430301189 0.0
0.205644578781319 0.350646039659101 0.0
0.209118979489119 0.412861913833393 0.0
0.211741542715437 0.474866668992789 0.0
0.211267562120013 -0.643457642298824 0.0
0.2136459565217 -0.581942009298456 0.0
0.216247188349158 -0.520302969156622 0.0
0.219054377149391 -0.458551263740513 0.0
0.222051271075668 -0.396691905742607 0.0
0.225225610224225 -0.334726600218657 0.0
0.228568995987591 -0.272655479265345 0.0
0.232076103705619 -0.21047804847628 0.0
0.235743780303522 -0.148194163367011 0.0
0.239569922595493 -0.0858044179921629 0.0
0.243551739267623 -0.0233109877353334 0.0
0.247683004229952 0.0392817569659921 0.0
0.251949479117262 0.101966005670865 0.0
0.256321414453952 0.164728900080032 0.0
0.260741595795915 0.227548649759422 0.0
0.265107822343163 0.290388855811572 0.0
0.269249033298052 0.353189162075719 0.0
0.272893066930538 0.415853349808474 0.0
0.275613055630547 0.4782401105655 0.0
0.272884367646115 -0.644687117443127 0.0
0.275240331557399 -0.583119571962184 0.0
0.27785927223261 -0.521412234391737 0.0
0.280707899179245 -0.459573010196983 0.0
0.283763190169821 -0.397603190982247 0.0
0.287010581111166 -0.335500571806072 0.0
0.290441618911894 -0.273261266459236 0.0
0.294052118502864 -0.210880613199065 0.0
0.297840605990814 -0.148354093327537 0.0
0.301806720466812 -0.0856776911230655 0.0
0.305949070663547 -0.0228487879707413 0.0
0.310262120015663 0.0401330151218368 0.0
0.314731374099072 0.103264159924665 0.0
0.319326075046514 0.166534570293433 0.0
0.32398824253778 0.22992210004284 0.0
0.328616870309237 0.293384177021968 0.0
0.33304407531862 0.356844177172666 0.0
0.336992962301476 0.420171811396435 0.0
0.339984479566684 0.483158759551253 0.0
0.334458461030855 -0.645800372168899 0.0
0.336810683789318 -0.584189334347624 0.0
0.339454328291554 -0.522419664490122 0.0
0.342344637963679 -0.460494486866402 0.0
0.345454799160612 -0.398410457706449 0.0
0.348769595037785 -0.336160801413165 0.0
0.352281472002115 -0.273736963289815 0.0
0.35598794858829 -0.211129268584067 0.0
0.359889632741784 -0.14832757538596 0.0
0.36398835019301 -0.085321385324805 0.0
0.368284828373236 -0.0221005375738137 0.0
0.372775566710795 0.0413440764252791 0.0
0.377448366995651 0.105018703676844 0.0
0.382276098947074 0.168923755019194 0.0
0.387207877393337 0.233047122914886 0.0
0.392156171202672 0.297353085466103 0.0
0.396974085979026 0.361761936973774 0.0
0.401404203623734 0.426113899577754 0.0
0.404941117799526 0.49010747937716 0.0
0.395970608227491 -0.646898407633722 0.0
0.398335155472911 -0.585257780216203 0.0
0.401006029614799 -0.523436135503145 0.0
0.403933819822331 -0.46143057798113 0.0
0.407090910228672 -0.399232518141829 0.0
0.410462958871487 -0.336830360623673 0.0
0.41404404764242 -0.274210596472063 0.0
0.417833720133543 -0.211357860741107 0.0
0.421834833472736 -0.148255009857082 0.0
0.426051624530607 -0.0848826671258336 0.0
0.430487448146822 -0.0212193154774187 0.0
0.435141958156421 0.0427586891325441 0.0
0.440007504601959 0.107076172420821 0.0
0.445064823856577 0.171757230737296 0.0
0.450277805198116 0.23681963471066 0.0
0.455586364222942 0.302263861748754 0.0
0.460891342859317 0.368048104319245 0.0
0.466008675442831 0.434030423643699 0.0
0.470508605841365 0.499831812131475 0.0
0.457403249520634 -0.648109180092665 0.0
0.459788549548162 -0.586458139644701 0.0
0.462483328955463 -0.524599441557884 0.0
0.465439348712648 -0.462523009687743 0.0
0.468630873331613 -0.400215657024331 0.0
0.472045446670423 -0.337662035275785 0.0
0.475678979853826 -0.274844340234111 0.0
0.479532873859953 -0.211741360153005 0.0
0.483611954230343 -0.148327730470996 0.0
0.487922624186557 -0.0845726360841093 0.0
0.492470778835253 -0.0204388387273994 0.0
0.497259443325949 0.0441188472582856 0.0
0.502286263531551 0.109155000025085 0.0
0.507541550379888 0.174735568454427 0.0
0.513007737562219 0.240938705216483 0.0
0.5186615026162 0.307854226201644 0.0
0.524477994357848 0.37557372411288 0.0
0.530429029936436 0.444144423225835 0.0
0.536418750877237 0.513376461940703 0.0
