-0.724678402681424 -0.664290418404922 0.0
0.503843942671464 -0.708054801012751 0.0
-0.67697519659996 0.61237245798111 0.0
0.61237245798111 0.61237245798111 0.0
-0.663507530457891 -0.667138548423891 0.0
0.505922338059669 -0.646657776392245 0.0
0.539485984528217 0.583762254214185 0.0
-0.671695319520627 0.538578670670995 0.0
-0.602319764510395 -0.669726461227132 0.0
0.508368842201812 -0.585045239856805 0.0
0.469416249830032 0.567309322090861 0.0
-0.672437677902177 0.468874661059439 0.0
-0.541138295422523 -0.672324901340238 0.0
0.511117776187294 -0.523198917177151 0.0
0.401636710197126 0.556631123552786 0.0
-0.674457633186677 0.401542693388096 0.0
-0.479954814280396 -0.67498041745723 0.0
0.51413275238849 -0.461106273438257 0.0
0.335379684981446 0.549323562812306 0.0
-0.676940927326836 0.335675803227123 0.0
-0.418759784189996 -0.677711710553802 0.0
0.517395238160709 -0.398754954020764 0.0
0.270160234234867 0.544244120108063 0.0
-0.679674842201534 0.270779506412639 0.0
-0.35753630240313 -0.680516752852032 0.0
0.520898483119805 -0.336129978537806 0.0
0.205678449668974 0.540770531969927 0.0
-0.682570306155707 0.206565831949162 0.0
-0.296263215397583 -0.683363394456038 0.0
0.524644228234392 -0.273212022192055 0.0
0.141737822389577 0.538532069607203 0.0
-0.685574114280919 0.142858017508478 0.0
-0.234920831296729 -0.686197233061341 0.0
0.528640819072342 -0.2099757325555 0.0
0.0781975214120874 0.537287719738328 0.0
-0.688647737445491 0.079543317551985 0.0
-0.173495893032545 -0.688954332872945 0.0
0.532901883121045 -0.146388287971455 0.0
0.0149432116641692 0.536844819505664 0.0
-0.691761369637325 0.0165482218261309 0.0
-0.111984025538656 -0.691572857814383 0.0
0.537445168995675 -0.0824071302003829 0.0
-0.0481294781151085 0.536835428906763 0.0
-0.694892955819399 -0.0461739833177024 0.0
-0.0503906761042543 -0.694001555847862 0.0
0.542291238690727 -0.0179775062835294 0.0
-0.110614622861929 0.538765844321406 0.0
-0.698032104011352 -0.108649678532321 0.0
0.0112697480200758 -0.696205025859986 0.0
0.547462199878312 0.0469714258182051 0.0
-0.172756075349145 0.541602529630002 0.0
-0.701202887348965 -0.170886388091699 0.0
0.0729753465447574 -0.698166519626467 0.0
0.552981049666183 0.112532052163614 0.0
-0.234917754099289 0.543977700552661 0.0
-0.704604752819332 -0.232874647594369 0.0
0.134699031310028 -0.699889307325752 0.0
0.558873221949778 0.178827590933915 0.0
-0.297169903043149 0.547411993012909 0.0
-0.707144004290951 -0.294784585389756 0.0
0.196410298862624 -0.701397380209355 0.0
0.565173002954597 0.246027281151355 0.0
-0.359605489091574 0.551722423577262 0.0
-0.709869112210413 -0.356703577319219 0.0
0.258077955233267 -0.702735986365499 0.0
0.571940304551875 0.314376122582849 0.0
-0.422395062825931 0.558595490373518 0.0
-0.713094617707707 -0.418509122530179 0.0
0.319672931336892 -0.703972087626094 0.0
0.579299824534341 0.384253852452444 0.0
-0.48543937700143 0.56637533262987 0.0
-0.716149472023914 -0.480146108705584 0.0
0.381171557313764 -0.70519452506589 0.0
0.587543283644201 0.456299517782094 0.0
-0.548498976306577 0.574064020330116 0.0
-0.719186390206294 -0.54162635730194 0.0
0.442560683878198 -0.706513184145458 0.0
0.597487845135209 0.531676106679103 0.0
-0.612569951649521 0.587058533774328 0.0
-0.721899642174927 -0.603002071519234 0.0
-0.660757937825437 -0.605843181046335 0.0
-0.658010098734534 -0.544433664554326 0.0
-0.655007582429546 -0.482896317473833 0.0
-0.651975312247337 -0.421288900206006 0.0
-0.648852808701692 -0.359615653794901 0.0
-0.646109534656013 -0.29781329206836 0.0
-0.64344101904966 -0.235719190493635 0.0
-0.640123053286329 -0.173353348769052 0.0
-0.636946480924164 -0.110866433949931 0.0
-0.633809783153639 -0.0482063887752798 0.0
-0.630697778599168 0.0146692297841611 0.0
-0.627622906380347 0.0777997604596726 0.0
-0.624612838043397 0.141227619517841 0.0
-0.62170919780113 0.20500086394601 0.0
-0.618972953700239 0.26916891136737 0.0
-0.616500778839179 0.333764582034746 0.0
-0.614471964114492 0.39874611734713 0.0
-0.613296883360458 0.463822491256648 0.0
-0.61407564460264 0.527887681767419 0.0
-0.599582577461666 -0.608419016436244 0.0
-0.596770894512333 -0.547018742023594 0.0
-0.593807242894598 -0.485495161209549 0.0
-0.59079449847007 -0.423848172668134 0.0
-0.587797573114872 -0.362032236836654 0.0
-0.585011010907301 -0.300081241915337 0.0
-0.582177451596476 -0.238007862689325 0.0
-0.579027584018607 -0.175718719858844 0.0
-0.575913891219705 -0.113259898998173 0.0
-0.572829486338511 -0.0506285818432378 0.0
-0.569781341829904 0.012184487835357 0.0
-0.56679293840734 0.07518527405061 0.0
-0.563902428133431 0.138369773029416 0.0
-0.561164434835561 0.201713557653633 0.0
-0.558656111652707 0.265151283343535 0.0
-0.556489295254032 0.328541296579245 0.0
-0.554829862162741 0.391607556223141 0.0
-0.553881195039176 0.453859039557429 0.0
-0.552836428604695 0.514525280492205 0.0
-0.538379972113271 -0.611028625553436 0.0
-0.535538922055952 -0.549625869905599 0.0
-0.532608580947203 -0.488093855219591 0.0
-0.529657614938012 -0.426421106088601 0.0
-0.526747209760215 -0.364606037388204 0.0
-0.523926381755103 -0.302682547559791 0.0
-0.521038600950413 -0.240636377086628 0.0
-0.51798999335346 -0.178425316310126 0.0
-0.514946327860067 -0.116075040276698 0.0
-0.51192939798802 -0.0535988448020959 0.0
-0.508958938126328 0.0089877648817455 0.0
-0.506064853998162 0.0716590052854906 0.0
-0.503288207999077 0.134371351116479 0.0
-0.500681220843238 0.197055180217776 0.0
-0.498305981960539 0.259604992273788 0.0
-0.496226477883279 0.321873717259342 0.0
-0.494468006796209 0.383679217608523 0.0
-0.492761548680669 0.444838803521581 0.0
-0.489899020308759 0.50542331778593 0.0
-0.477165078898796 -0.613695871161202 0.0
-0.474318786235368 -0.552302953625293 0.0
-0.47143105762763 -0.490786052216034 0.0
-0.468542711292835 -0.429142374262292 0.0
-0.465684905864033 -0.367381472647407 0.0
-0.462854915126414 -0.305520566420134 0.0
-0.459964371474 -0.243552765945187 0.0
-0.456984855247834 -0.181468046287065 0.0
-0.45400148933548 -0.119290364102197 0.0
-0.451042195199799 -0.0570446074287622 0.0
-0.448130957430846 0.00523817273872054 0.0
-0.445297092637218 0.067516280888038 0.0
-0.442575531712055 0.129733918354575 0.0
-0.440003950944825 0.191819652573802 0.0
-0.43761513295011 0.25368685136086 0.0
-0.435414668443622 0.315238869005322 0.0
-0.433300353302299 0.376378677363913 0.0
-0.430827929773132 0.437047004575952 0.0
-0.426535389554263 0.497252540349006 0.0
-0.415939524996601 -0.616445331893767 0.0
-0.413103914190336 -0.555077276917103 0.0
-0.410260957547025 -0.493597336218601 0.0
-0.407425672283061 -0.432007313192255 0.0
-0.404604746847079 -0.370318061302431 0.0
-0.401779445755316 -0.308542504321849 0.0
-0.398900952764812 -0.246683749938578 0.0
-0.395964522627818 -0.184748792072193 0.0
-0.39301825104378 -0.12276309916834 0.0
-0.390087948028897 -0.0607563582215032 0.0
-0.387196155760914 0.00123621616321259 0.0
-0.384367107098546 0.0631725097920591 0.0
-0.381625767895772 0.125003029866363 0.0
-0.378993054330753 0.186672138962589 0.0
-0.376473952404502 0.248119751212758 0.0
-0.374024987256559 0.309284877065919 0.0
-0.371468122857894 0.370115201451547 0.0
-0.368297361987688 0.430596216020959 0.0
-0.363771754275142 0.490925007846034 0.0
-0.354694322192555 -0.619271051418935 0.0
-0.35187986246292 -0.557933666105771 0.0
-0.349079992425925 -0.496496997445465 0.0
-0.346287410509742 -0.43496505052912 0.0
-0.343492232391118 -0.373349187694587 0.0
-0.340672501215392 -0.31166216964508 0.0
-0.337800937750623 -0.249913828113356 0.0
-0.334880502375702 -0.188118754518576 0.0
-0.331940681375309 -0.126301892887253 0.0
-0.329002604375874 -0.064491752429851 0.0
-0.326084840115792 -0.00272012126881153 0.0
-0.323205216023069 0.0589781549801549 0.0
-0.320378739364619 0.12056580589072 0.0
-0.317611214922393 0.18200498866212 0.0
-0.314884011976396 0.243259576855239 0.0
-0.31211866585631 0.30430179864275 0.0
-0.309107259920695 0.365130470840447 0.0
-0.305489048079017 0.425829116625187 0.0
-0.301236830926179 0.486639243218858 0.0
-0.293415708876406 -0.62213502844113 0.0
-0.290630833682274 -0.560824196305607 0.0
-0.287870717817212 -0.499424723134696 0.0
-0.285110181989895 -0.437941824840413 0.0
-0.282329271104969 -0.376387000937324 0.0
-0.279507055189198 -0.314773317841462 0.0
-0.276627732027101 -0.253113687453108 0.0
-0.273696111673359 -0.191424709840893 0.0
-0.270731473590964 -0.129728653970182 0.0
-0.26775018027548 -0.0680498495017762 0.0
-0.264766453432248 -0.00641400010910228 0.0
-0.261792277942087 0.0551525388648562 0.0
-0.258834490278842 0.116623613746646 0.0
-0.255887517889525 0.17797527305329 0.0
-0.252918019681067 0.239188732509289 0.0
-0.249837029379296 0.300258663624475 0.0
-0.24647714773749 0.361212547556247 0.0
-0.242679561592021 0.422134695797747 0.0
-0.238508054537284 0.483080820670258 0.0
-0.232090057904352 -0.624978562749877 0.0
-0.229342644419957 -0.563683456321831 0.0
-0.226618179038653 -0.502307027761454 0.0
-0.223878916761113 -0.44085520984614 0.0
-0.22109990002122 -0.379339283415103 0.0
-0.218262719695081 -0.317772088856209 0.0
-0.21535795382395 -0.256167102908292 0.0
-0.212390456745163 -0.19454014650417 0.0
-0.209373590234318 -0.132910021118247 0.0
-0.20631977905895 -0.0712964581383295 0.0
-0.20323949355435 -0.00971955710999925 0.0
-0.200140135251939 0.0518009549553837 0.0
-0.197022777582564 0.113246568301279 0.0
-0.193875258783365 0.174602190559394 0.0
-0.190660123299332 0.235859870191457 0.0
-0.187301320591252 0.297028252332795 0.0
-0.183695834335009 0.358147734645903 0.0
-0.179780768083537 0.419293173918082 0.0
-0.175552032557321 0.480556084953351 0.0
-0.170707578330983 -0.627735634622567 0.0
-0.168005070598043 -0.566442096771169 0.0
-0.165311793282299 -0.505070561956444 0.0
-0.162583286607081 -0.443627605532469 0.0
-0.159793705970273 -0.382124124170017 0.0
-0.156927982340426 -0.320572258298606 0.0
-0.153980747636725 -0.258984756979697 0.0
-0.150956624208496 -0.197375672094446 0.0
-0.1478654349247 -0.135760634538789 0.0
-0.144716605837679 -0.0741557183009995 0.0
-0.141517673691606 -0.0125772153344783 0.0
-0.138272838389831 0.0489588584522959 0.0
-0.134980048411198 0.110437305785809 0.0
-0.131625924517921 0.171845532618338 0.0
-0.128179766428017 0.233176308088583 0.0
-0.124594517877049 0.29443346147898 0.0
-0.120830723596706 0.355635305639867 0.0
-0.116898981297543 0.416807027169589 0.0
-0.112776893796577 0.477968170773873 0.0
-0.109264176137441 -0.63034417449446 0.0
-0.106612923371104 -0.569037482972894 0.0
-0.103946014871323 -0.507652101728422 0.0
-0.101218253943549 -0.446195462725651 0.0
-0.0984063513025832 -0.384678090702624 0.0
-0.0954992650130206 -0.323111189841318 0.0
-0.0924947056910284 -0.261506261217445 0.0
-0.08939720338701 -0.199875443168245 0.0
-0.0862143321853364 -0.13823183475032 0.0
-0.0829531743990951 -0.0765889644598511 0.0
-0.0796189220833326 -0.0149609244337287 0.0
-0.0762135847176823 0.0466378152498649 0.0
-0.0727339919876256 0.108192560648137 0.0
-0.069169394004023 0.169689516586075 0.0
-0.06550154494132 0.231116927193599 0.0
-0.0617143261758239 0.29246668313535 0.0
-0.0578203231597594 0.353731863670121 0.0
-0.0538939933930869 0.414898397159639 0.0
-0.050238402026441 0.475978823957758 0.0
-0.047762412912382 -0.632753957593695 0.0
-0.0451665950365999 -0.571420738257008 0.0
-0.0425205716778379 -0.5100045116064 0.0
-0.0397840985238975 -0.448513839868895 0.0
-0.0369392473015295 -0.386958894968199 0.0
-0.0339795459895678 -0.325349781891724 0.0
-0.0309053224938671 -0.263696502267342 0.0
-0.0277211004652342 -0.202009283197161 0.0
-0.0244327814752956 -0.140299066586963 0.0
-0.0210453803859882 -0.0785773490833582 0.0
-0.0175619818475308 -0.0168565274136432 0.0
-0.0139829167821975 0.044850192873535 0.0
-0.0103049916144626 0.106528951697501 0.0
-0.00652178265482337 0.168166436346868 0.0
-0.0026281977948686 0.229751149885234 0.0
0.00136554765425267 0.291275970431043 0.0
0.00540603514995026 0.352741142196833 0.0
0.00933235386502119 0.414165459614767 0.0
0.0127147989852741 0.475578196866038 0.0
0.0137889916388793 -0.634931326716973 0.0
0.0163285182577517 -0.573560671137553 0.0
0.0189601916839872 -0.512099632684812 0.0
0.0217143066259822 -0.450557994375804 0.0
0.0246013675281265 -0.388945418708984 0.0
0.0276230236894647 -0.327270643921027 0.0
0.030776712053305 -0.265541885743089 0.0
0.0340580163018772 -0.203767302851625 0.0
0.0374625636977422 -0.141955648393083 0.0
0.0409873570019675 -0.0801163146453133 0.0
0.0446312974738942 -0.0182597682210583 0.0
0.0483952807483911 0.0436025459389126 0.0
0.0522815016157336 0.105458401278977 0.0
0.0562905259194457 0.167295951525741 0.0
0.0604129819298043 0.229104685850186 0.0
0.0646115006446467 0.290877325778983 0.0
0.0687851498629692 0.352611312708918 0.0
0.0727051521751664 0.414302302583001 0.0
0.0759744150704035 0.475899323759439 0.0
0.0753761167428375 -0.636861633950235 0.0
0.0778627530461694 -0.575445687262597 0.0
0.0804878679878298 -0.513929499446767 0.0
0.0832679165420483 -0.452323788863739 0.0
0.0862048222805997 -0.390637272919643 0.0
0.0892955757278558 -0.32887688144761 0.0
0.0925358705824935 -0.267048637029728 0.0
0.0959216744942216 -0.20515829706621 0.0
0.09945022943884 -0.143212137277139 0.0
0.103120595241504 -0.0812171276966212 0.0
0.106933543105547 -0.0191814614049606 0.0
0.11089076434199 0.0428854259745649 0.0
0.114992659762189 0.10497277991758 0.0
0.119233097214431 0.167069031518265 0.0
0.123588217966913 0.229161379328883 0.0
0.127995366179315 0.291235135592089 0.0
0.132318007593702 0.353269168277956 0.0
0.136305221014653 0.41522061558838 0.0
0.139586942682877 0.477006745666762 0.0
0.13698158856738 -0.638550467870562 0.0
0.139423449349838 -0.577084792249291 0.0
0.142050867683123 -0.515507014361282 0.0
0.144864135042112 -0.453828007858131 0.0
0.147856498714693 -0.392054823625863 0.0
0.151020931632717 -0.330191990363324 0.0
0.154352043258261 -0.268242827583587 0.0
0.157846598030713 -0.206210233975971 0.0
0.161503675189323 -0.14409756630451 0.0
0.165324520131615 -0.081908922888191 0.0
0.169311792745931 -0.0196498161654029 0.0
0.17346790846635 0.0426725421220326 0.0
0.17779154926671 0.105048621269869 0.0
0.182270790906717 0.167466040930537 0.0
0.186870343050081 0.229907357695307 0.0
0.191510386215965 0.292346463004893 0.0
0.196036859682765 0.354740403591413 0.0
0.200190725889195 0.417016852635632 0.0
0.203586677141814 0.479068625667631 0.0
0.198585728828121 -0.640024413157739 0.0
0.200995389573489 -0.578508348806823 0.0
0.203634343684935 -0.516866607637005 0.0
0.206486456100472 -0.455108921734236 0.0
0.209537338150472 -0.393239750930172 0.0
0.212777031105422 -0.331260548113064 0.0
0.216199864368018 -0.269171346766971 0.0
0.219803905209461 -0.20697160797713 0.0
0.223590394235045 -0.144661135292046 0.0
0.227563022766905 -0.0822404238359326 0.0
0.231726628635139 -0.0197114740066417 0.0
0.236084865010515 0.0429216186822722 0.0
0.24063589745516 0.105651430332956 0.0
0.245364808658168 0.168465566571678 0.0
0.250230807015504 0.231342596404263 0.0
0.255147824058984 0.294245807975515 0.0
0.259957974235997 0.357112705661225 0.0
0.264396947920301 0.419841870749519 0.0
0.268038000519245 0.482284405641731 0.0
0.260168426844462 -0.641331803716044 0.0
0.262561718160652 -0.579768925506247 0.0
0.265220571320256 -0.518065064748616 0.0
0.268114631557447 -0.456227135948982 0.0
0.271223936133809 -0.394256053604801 0.0
0.274536978103286 -0.332149528941056 0.0
0.278048673430587 -0.269903679226537 0.0
0.281758927980033 -0.20751381360961 0.0
0.285671517457718 -0.144975276717118 0.0
0.28979294929352 -0.0822837531956335 0.0
0.294130788821812 -0.0194361110387866 0.0
0.298690979217412 0.0435688264765827 0.0
0.303473331223909 0.106728580852896 0.0
0.308464230982245 0.170034431790699 0.0
0.313625208966839 0.233465649266512 0.0
0.318876059656707 0.296980525205925 0.0
0.324069246140443 0.360501586358973 0.0
0.328944694166218 0.423894576703822 0.0
0.33302929301908 0.486943799231501 0.0
0.321710531176268 -0.642543541457572 0.0
0.324104137691106 -0.580942167416345 0.0
0.326788725766564 -0.519182342927524 0.0
0.329724397719388 -0.457266518514327 0.0
0.332888283730507 -0.395191318492747 0.0
0.336268764594051 -0.332950137920266 0.0
0.339862157409734 -0.270534587222269 0.0
0.343670668612887 -0.207935042551615 0.0
0.3477009220481 -0.145141228048849 0.0
0.351962596707963 -0.0821422624501791 0.0
0.356466621463059 -0.0189272772893426 0.0
0.361222536143298 0.0445139630228812 0.0
0.366234448144312 0.108189357188761 0.0
0.371495118414458 0.172101564560042 0.0
0.376977330837829 0.236241253368687 0.0
0.382621038560321 0.300575586915736 0.0
0.388310052806641 0.365026773129304 0.0
0.393817471400485 0.429433872102989 0.0
0.398656498168928 0.493488406682054 0.0
0.383194476319041 -0.643753769865977 0.0
0.385602248277623 -0.582127289678395 0.0
0.388314178605931 -0.520321975539925 0.0
0.391286950864033 -0.458334917589537 0.0
0.394497337556551 -0.396157918285963 0.0
0.397934908729966 -0.333779822967174 0.0
0.401597985472662 -0.271187480854899 0.0
0.405491296577638 -0.208365742044392 0.0
0.409624385681744 -0.145297484135573 0.0
0.414010224975135 -0.0819630902308927 0.0
0.418663512680371 -0.0183404410502821 0.0
0.423598435682126 0.045595216013313 0.0
0.428825699963388 0.109870516344124 0.0
0.434349006845016 0.174512303442314 0.0
0.440160953876968 0.239542267864243 0.0
0.446237601407344 0.304966073523727 0.0
0.452525233267057 0.370747890922259 0.0
0.458893684850032 0.436750255527966 0.0
0.464962480444935 0.502590651796462 0.0
0.444604312083452 -0.645079676629525 0.0
0.447032884976572 -0.583446348594005 0.0
0.449768481488256 -0.521610979341746 0.0
0.452769118233163 -0.459564079802391 0.0
0.456013515520135 -0.397293099971408 0.0
0.459493283585549 -0.334783300842508 0.0
0.463208845622635 -0.272017459292766 0.0
0.467167194904117 -0.208974906682164 0.0
0.471380406985532 -0.145630743200691 0.0
0.475864374274354 -0.0819544638955006 0.0
0.480637337624117 -0.0179088666444043 0.0
0.485718223467338 0.046551645146739 0.0
0.491125026677034 0.111482755821951 0.0
0.496874203761073 0.176952572755176 0.0
0.502982431435396 0.243042982691543 0.0
0.509472782195722 0.309849854938424 0.0
0.516385702185253 0.377473999220002 0.0
0.523786496449482 0.445974723660837 0.0
0.531703493823826 0.515169643184688 0.0
