-0.736306868643253 -0.661596979860232 0.0
0.491891151065123 -0.704941406339586 0.0
-0.693726217746735 0.61237245798111 0.0
0.61237245798111 0.61237245798111 0.0
-0.675131177233335 -0.664405700484966 0.0
0.494006183589788 -0.643554486817587 0.0
0.537416367765582 0.585467109529469 0.0
-0.686149334541931 0.539185199623431 0.0
-0.61393661069842 -0.666948334620435 0.0
0.496476008202145 -0.581962589343953 0.0
0.465969978030401 0.570039671434701 0.0
-0.685736685380136 0.469908281270218 0.0
-0.55274474922115 -0.669494622521554 0.0
0.499244656330559 -0.520148130181725 0.0
0.397115257498661 0.560000830796635 0.0
-0.687096990384544 0.402933980672153 0.0
-0.491547893463741 -0.672084444784001 0.0
0.502281577707621 -0.458098947831895 0.0
0.329950442176249 0.553098974645956 0.0
-0.689182985263669 0.337363717659535 0.0
-0.430338723061691 -0.674734754576636 0.0
0.5055726792214 -0.395803180356814 0.0
0.263930189651474 0.548273932603771 0.0
-0.691676521806445 0.272709758037874 0.0
-0.369103247330329 -0.677446013238454 0.0
0.509115428985137 -0.333246592926086 0.0
0.198720636310461 0.544949935376585 0.0
-0.694431127493003 0.208691612033091 0.0
-0.30782323771708 -0.680191518468297 0.0
0.512916327049949 -0.270410874021307 0.0
0.13410194111755 0.54278240174623 0.0
-0.697358678888065 0.145139579843047 0.0
-0.246481411635915 -0.682923834433721 0.0
0.516989639261233 -0.207271913261683 0.0
0.0699137657893671 0.541542213545347 0.0
-0.700397889828725 0.0819471278758858 0.0
-0.185066076964371 -0.685586219353239 0.0
0.521356662743626 -0.143798289361769 0.0
0.0060220308463664 0.541031397861474 0.0
-0.70350341375011 0.0190460551557983 0.0
-0.123573451957188 -0.688123340500895 0.0
0.526045170246198 -0.0799489106958509 0.0
-0.057699748681477 0.540821652721483 0.0
-0.706642176013035 -0.0436058711865485 0.0
-0.0620086360538469 -0.690489240625735 0.0
0.531088759672015 -0.0156704470208717 0.0
-0.120747529214796 0.542869863365422 0.0
-0.709795613858414 -0.106031277921262 0.0
-0.000384872904693077 -0.692652392465959 0.0
0.536526365468538 0.0491066874990483 0.0
-0.183350329476101 0.545827604646864 0.0
-0.712981036261445 -0.168234565561535 0.0
0.0612777551181871 -0.694598467227846 0.0
0.542402681512799 0.114473926175738 0.0
-0.245989424655252 0.547866950235065 0.0
-0.716382332031819 -0.230204067510317 0.0
0.122954474868291 -0.69633172528888 0.0
0.548771497760214 0.180554004642518 0.0
-0.308793225020563 0.55103059819362 0.0
-0.718931627743859 -0.292095348339252 0.0
0.18461746022903 -0.697875702290497 0.0
0.555705437996948 0.247516405717202 0.0
-0.371867909386517 0.554977494330353 0.0
-0.721661581267636 -0.354001389238192 0.0
0.246238437986309 -0.699273608126827 0.0
0.563319235268283 0.315607559967359 0.0
-0.435321940598736 0.561786908719455 0.0
-0.724873578431459 -0.415805821424183 0.0
0.307791374387806 -0.70058846501593 0.0
0.57182219483899 0.385210655342413 0.0
-0.498989003420391 0.569395464285849 0.0
-0.727901529932361 -0.47744465240477 0.0
0.369255563356488 -0.701902707529826 0.0
0.581650043592688 0.456971095388149 0.0
-0.562729158512582 0.576364897061981 0.0
-0.730902987759464 -0.538927276496465 0.0
0.430620424038734 -0.703316415884303 0.0
0.593895906738616 0.532055648117026 0.0
-0.627746208814939 0.588520604735947 0.0
-0.733573296322312 -0.600306063205897 0.0
-0.672426754899305 -0.603108869164989 0.0
-0.669723236513347 -0.541698168703315 0.0
-0.666756852752717 -0.480161452391085 0.0
-0.663749574484643 -0.418556354693374 0.0
-0.660642516329675 -0.356887171046609 0.0
-0.657899371742817 -0.295098913069467 0.0
-0.655215742923389 -0.233029229025124 0.0
-0.651886625665866 -0.170692015431704 0.0
-0.648692496479724 -0.108243490445908 0.0
-0.645538093709358 -0.0456336208134898 0.0
-0.642414621417761 0.0171781619720478 0.0
-0.63934250058738 0.0802296101366425 0.0
-0.636360196274959 0.143562006306741 0.0
-0.633524534892869 0.20722309570257 0.0
-0.630918587680454 0.271263491287965 0.0
-0.628672238882097 0.335719829565715 0.0
-0.627016609454369 0.400558088390247 0.0
-0.626446355700433 0.465497575456063 0.0
-0.628198422120488 0.529424635156576 0.0
-0.611247094224555 -0.605640675412576 0.0
-0.608480011746795 -0.544240913149636 0.0
-0.605551128431678 -0.482718892609462 0.0
-0.60256125495491 -0.421075610293098 0.0
-0.599574247558935 -0.359267851705799 0.0
-0.596782491175177 -0.297329713336882 0.0
-0.593933078005464 -0.235272677921049 0.0
-0.590764897784975 -0.173006106734535 0.0
-0.587627775123756 -0.110575855377713 0.0
-0.584519398698917 -0.0479792468385437 0.0
-0.581452582414086 0.0147932255512184 0.0
-0.578458392513058 0.0777485030100162 0.0
-0.5755852468478 0.140884613734564 0.0
-0.572902008583798 0.204180590141673 0.0
-0.570505878337609 0.267576231748739 0.0
-0.568537150640825 0.330936256165484 0.0
-0.567201845373733 0.393989328101087 0.0
-0.56675480227429 0.456238202853912 0.0
-0.56636794501793 0.516884647786145 0.0
-0.550037769105679 -0.608196974832851 0.0
-0.547241493493282 -0.54679287994204 0.0
-0.54434361616314 -0.48526019135421 0.0
-0.541411097647791 -0.423588441178078 0.0
-0.538504690530796 -0.36177653816084 0.0
-0.53567390873795 -0.299857982891722 0.0
-0.532766145425536 -0.237818598415388 0.0
-0.52969212977786 -0.175616643585627 0.0
-0.526618112579675 -0.113276834327749 0.0
-0.523569858936429 -0.050811330432486 0.0
-0.520572524434575 0.0117659832646313 0.0
-0.517663187800018 0.0744315969100304 0.0
-0.514892575185941 0.137144946333123 0.0
-0.512326056863871 0.199839842651926 0.0
-0.510043568354761 0.262413953228024 0.0
-0.508132634980342 0.324721446014466 0.0
-0.506645666390268 0.386576716576234 0.0
-0.505318650651136 0.447787499601607 0.0
-0.502812760987443 0.508425721826039 0.0
-0.488814286720158 -0.610795915107723 0.0
-0.48601258047493 -0.549397914281031 0.0
-0.483154087928092 -0.487875599556743 0.0
-0.480279154669734 -0.426226667672202 0.0
-0.477419639282218 -0.364460624713764 0.0
-0.474574487239692 -0.30259424768657 0.0
-0.471658718035284 -0.240620226416291 0.0
-0.468647186051048 -0.178527973994759 0.0
-0.465626801895104 -0.116340123054518 0.0
-0.462629230421268 -0.0540800548582186 0.0
-0.459683593698837 0.00822285423373241 0.0
-0.456826047831524 0.070528597342194 0.0
-0.454100659289882 0.13278268116415 0.0
-0.451557221023549 0.194913832922002 0.0
-0.449244051574251 0.256833155465678 0.0
-0.447184517338649 0.318437428188671 0.0
-0.445287633413791 0.379616614701179 0.0
-0.443077355137854 0.440292930159197 0.0
-0.438892286077812 0.500457577972507 0.0
-0.427579550845028 -0.613461289969606 0.0
-0.424787788996779 -0.552083649216981 0.0
-0.421970366617412 -0.490592479722328 0.0
-0.419143404888528 -0.428989840767825 0.0
-0.416315357129653 -0.367286307898379 0.0
-0.413469811048205 -0.305494185383992 0.0
-0.410560978203021 -0.243615867462861 0.0
-0.407586871993959 -0.18165746753004 0.0
-0.404597899601008 -0.119643268682376 0.0
-0.40162344574685 -0.0576018572211265 0.0
-0.398690868067265 0.00443235315105956 0.0
-0.395830727921156 0.0664174006623859 0.0
-0.393076195090283 0.128302736389778 0.0
-0.390458441789608 0.190029631777809 0.0
-0.387994076266284 0.251531739053529 0.0
-0.385648918292148 0.312737262808592 0.0
-0.3832390693528 0.373577701663517 0.0
-0.380203089129904 0.434019384194776 0.0
-0.375709012381742 0.494260783827616 0.0
-0.366326375879384 -0.616190362883045 0.0
-0.363554285812453 -0.55483917230455 0.0
-0.360775973918785 -0.493385791674132 0.0
-0.357986840001112 -0.431834389910574 0.0
-0.355179666079758 -0.370195958730907 0.0
-0.352335180544576 -0.308482604482879 0.0
-0.349428874543719 -0.246703427456016 0.0
-0.346466183148999 -0.184872241317184 0.0
-0.34347898897632 -0.123013225984967 0.0
-0.340491672523322 -0.0611544446354824 0.0
-0.337527027640304 0.000672193153765307 0.0
-0.334608226304912 0.0624308356040005 0.0
-0.331756772940653 0.124081916836176 0.0
-0.328985668226542 0.185583547581483 0.0
-0.326282323200927 0.246893407466996 0.0
-0.32356771458603 0.307975513916864 0.0
-0.320614152420887 0.368820599687547 0.0
-0.317014675275497 0.429513333183748 0.0
-0.312757857297658 0.490319545737648 0.0
-0.305042938858797 -0.6189510813961 0.0
-0.302297987072876 -0.55762324107627 0.0
-0.299555248100594 -0.496202827630729 0.0
-0.296793639257376 -0.434695203577729 0.0
-0.293996526322349 -0.373111512144663 0.0
-0.291145799079164 -0.311464241854077 0.0
-0.28822815634835 -0.249765703087605 0.0
-0.285250577551137 -0.188031959133873 0.0
-0.282234500466994 -0.126284922576357 0.0
-0.279198977004415 -0.0645489674932792 0.0
-0.276161549608673 -0.00285043030122667 0.0
-0.273138140293064 0.0587829168165674 0.0
-0.270139863644691 0.120322525115614 0.0
-0.267164818934753 0.181740939806087 0.0
-0.264180260043656 0.243014871653242 0.0
-0.261089486380288 0.304134304555834 0.0
-0.257703061588565 0.365124511769704 0.0
-0.253837572570344 0.426073492224435 0.0
-0.249552193104733 0.487026507776126 0.0
-0.243717317358954 -0.621691959201837 0.0
-0.241006225421135 -0.560378026174022 0.0
-0.238294750407499 -0.498978147371482 0.0
-0.235550275470333 -0.437498404831171 0.0
-0.23275151406537 -0.375949774735879 0.0
-0.229882790899376 -0.314344627122099 0.0
-0.2269368275114 -0.252695991364869 0.0
-0.223920230690731 -0.191019369361061 0.0
-0.220848041775095 -0.129333483912457 0.0
-0.217734612597326 -0.0676583773440912 0.0
-0.214592616281283 -0.00601497235046378 0.0
-0.211431773019351 0.0555755638855651 0.0
-0.208255089360207 0.117092603246104 0.0
-0.205050740142771 0.178518332115871 0.0
-0.20177754441346 0.239841926255422 0.0
-0.19834804000398 0.301070382780041 0.0
-0.194638980781528 0.362246401568997 0.0
-0.190561501304993 0.423452066011096 0.0
-0.18605477402438 0.484790417883065 0.0
-0.182340923021079 -0.6243542111455 0.0
-0.179669879999038 -0.563041490798097 0.0
-0.176984985361219 -0.501645814376535 0.0
-0.174247477797578 -0.440173879504649 0.0
-0.171435199462865 -0.378636312269732 0.0
-0.168535511122766 -0.317044870516046 0.0
-0.165544712038329 -0.255411983507066 0.0
-0.162468637303144 -0.193751550018704 0.0
-0.159318143324698 -0.132079313555136 0.0
-0.156103686862196 -0.0704118409136363 0.0
-0.152833780402111 -0.00876640401289745 0.0
-0.149513278596251 0.0528394087289265 0.0
-0.146139855006156 0.114388145100513 0.0
-0.142697745859685 0.1758642581533 0.0
-0.139149923362574 0.237257050665486 0.0
-0.135437413389554 0.298566827855149 0.0
-0.131503305235048 0.359808244471618 0.0
-0.127331919654496 0.421000690167915 0.0
-0.122810616620469 0.482152750326212 0.0
-0.12091021984884 -0.626882180533717 0.0
-0.118284345030181 -0.565557307158787 0.0
-0.115621010943816 -0.504148780397937 0.0
-0.112880782672688 -0.442664067907854 0.0
-0.110043733320687 -0.381113415144801 0.0
-0.107100739309959 -0.319507696918698 0.0
-0.104050580764985 -0.25785819043904 0.0
-0.100898349021111 -0.19617701013246 0.0
-0.0976518800408313 -0.134477520382601 0.0
-0.0943182810903582 -0.0727739095446144 0.0
-0.0909023969134539 -0.0110814442793793 0.0
-0.0874051712986166 0.0505835722785583 0.0
-0.0838210124523036 0.112203787888488 0.0
-0.0801343966609156 0.173761754580335 0.0
-0.076318802160907 0.235240900460087 0.0
-0.0723457117404458 0.296626774138924 0.0
-0.0682111699401653 0.357903542621753 0.0
-0.0639647501783581 0.41904448561617 0.0
-0.0599136492102012 0.480064196537099 0.0
-0.0594276612615146 -0.629230785261058 0.0
-0.0568500708440924 -0.567881546465689 0.0
-0.0542027041648746 -0.506444613266554 0.0
-0.051450624530623 -0.444928426624871 0.0
-0.0485786163870526 -0.38334282410188 0.0
-0.0455814288196299 -0.321697600261087 0.0
-0.0424597510201836 -0.260002595118827 0.0
-0.0392179184304756 -0.198268096164064 0.0
-0.0358612145245064 -0.136505399188616 0.0
-0.0323935605697286 -0.0747267367748057 0.0
-0.0288162486965819 -0.0129457303662791 0.0
-0.0251267043368729 0.0488225798836973 0.0
-0.0213170832825205 0.110561776356418 0.0
-0.0173737617786953 0.172255216687705 0.0
-0.0132811983067785 0.233887402386751 0.0
-0.00903578343728434 0.295446954687252 0.0
-0.00467455309470625 0.356931063650461 0.0
-0.000350454822920379 0.418363297649824 0.0
0.00344652153162372 0.47979147260059 0.0
0.002098739511293 -0.631370078436892 0.0
0.00462794474142228 -0.569986509686377 0.0
0.00726581490717641 -0.508508368880345 0.0
0.0100382944118472 -0.446945096609351 0.0
0.0129541137045962 -0.385305931118327 0.0
0.0160145468891621 -0.323599292388447 0.0
0.0192174612899121 -0.26183326021822 0.0
0.0225594510706529 -0.200016076455305 0.0
0.0260377223209281 -0.138156836429242 0.0
0.0296515750312326 -0.0762655882963772 0.0
0.0334032279004245 -0.0143538329956579 0.0
0.0372983628075843 0.0475655128863528 0.0
0.0413459927266359 0.109478295620523 0.0
0.0455560694345627 0.171370371934938 0.0
0.0499313128012799 0.233228851910487 0.0
0.0544481674306209 0.295044690765965 0.0
0.059016487769229 0.356815863742269 0.0
0.0633993966690605 0.418541846817819 0.0
0.0671654390793174 0.480163007601812 0.0
0.0636562470076723 -0.633287685701508 0.0
0.0661407840628226 -0.571862670572191 0.0
0.0687766360960685 -0.510333886967413 0.0
0.0715773295751084 -0.448711451662278 0.0
0.074544179297857 -0.387003561348418 0.0
0.0776747383377561 -0.325216813320161 0.0
0.0809659618199138 -0.263357095600795 0.0
0.0844156817786433 -0.201430219296202 0.0
0.0880237138064326 -0.13944270431428 0.0
0.0917926452711082 -0.0774019727796768 0.0
0.0957280875232494 -0.0153169020162884 0.0
0.0998383279457377 0.0468021407866895 0.0
0.10413256044353 0.108943240081181 0.0
0.108615863376137 0.171093520392388 0.0
0.113277530600945 0.233238917025215 0.0
0.118067803045005 0.295363862050909 0.0
0.122857001862415 0.357446735500244 0.0
0.127388244060498 0.419441282979087 0.0
0.131277699140392 0.481254473881921 0.0
0.125229011949382 -0.634990066262094 0.0
0.127676762698132 -0.573519720770495 0.0
0.130318850594603 -0.511934529446483 0.0
0.133154450924453 -0.450244518589516 0.0
0.136177500396878 -0.388456160687492 0.0
0.139382489586334 -0.326573665091252 0.0
0.142766105358736 -0.264600223314492 0.0
0.146327814957593 -0.202538740730034 0.0
0.150070251420191 -0.140392683799953 0.0
0.153999391592356 -0.0781663515266298 0.0
0.158124202092279 -0.0158655462557008 0.0
0.162455400100434 0.0465021421611464 0.0
0.167002284321016 0.108926723376262 0.0
0.17176582527376 0.171395285798966 0.0
0.176725011463765 0.233889765323319 0.0
0.181813198041617 0.296383126937498 0.0
0.186884374727407 0.358830133922241 0.0
0.191679739752935 0.421152991701596 0.0
0.195809610776756 0.483236167419262 0.0
0.186799080590409 -0.636503243263287 0.0
0.189221768513724 -0.574987280650883 0.0
0.191878428361153 -0.513343791673137 0.0
0.194753880993281 -0.451581506921539 0.0
0.19783573214412 -0.389704343968473 0.0
0.201116428878845 -0.327713514485653 0.0
0.204593124910104 -0.265608968697755 0.0
0.208267371826142 -0.20339014779946 0.0
0.212144892275777 -0.141056842489955 0.0
0.216235254135373 -0.0786095092832464 0.0
0.220550995345669 -0.0160500644885251 0.0
0.225105697861247 0.0466175368527927 0.0
0.229909936015545 0.109386062507464 0.0
0.234963536953976 0.172243307713961 0.0
0.240241868904676 0.235167831855654 0.0
0.245674460091786 0.298122145868185 0.0
0.251115778502278 0.361041101628391 0.0
0.25630848028847 0.423817681368694 0.0
0.260825617564484 0.486295490191987 0.0
0.2483481366451 -0.63787338317281 0.0
0.250760121365577 -0.576315535923629 0.0
0.253438614452564 -0.514615902436863 0.0
0.256356333389749 -0.452780431625266 0.0
0.25949646833001 -0.390809674840261 0.0
0.262850657674222 -0.328701270634221 0.0
0.266417275496515 -0.266451356714252 0.0
0.27020040663868 -0.204055242259335 0.0
0.274209160421999 -0.141508183033902 0.0
0.278456988154959 -0.0788056392346662 0.0
0.282960470905102 -0.0159440808164937 0.0
0.287737057680366 0.0470782725274017 0.0
0.292800824104205 0.110259763186288 0.0
0.298155132331092 0.173592649472527 0.0
0.30378063269415 0.237057082312622 0.0
0.309617188185257 0.300611489292705 0.0
0.315536429801806 0.364176630846175 0.0
0.321293466019676 0.427613314414096 0.0
0.326419535210017 0.49069792973742 0.0
0.309858780317606 -0.639167228108453 0.0
0.312274778178234 -0.577575675162374 0.0
0.314979810230846 -0.515826205374876 0.0
0.317938891697211 -0.453920625720177 0.0
0.321133158228525 -0.391855537333135 0.0
0.32455466525925 -0.329624513678919 0.0
0.328203684040336 -0.267219345834821 0.0
0.332087191996167 -0.204630489766903 0.0
0.336217906391258 -0.141847584660543 0.0
0.340613424825653 -0.0788594460072965 0.0
0.345294919180804 -0.0156546250561026 0.0
0.350284964621091 0.0477780393059088 0.0
0.355603880595375 0.111447782520434 0.0
0.361264066863667 0.175359027656198 0.0
0.3672614598112 0.239504486870047 0.0
0.373562564451171 0.303853132572058 0.0
0.380080318354638 0.368327571635615 0.0
0.386615782246492 0.432763764811867 0.0
0.392697337408529 0.496844414710542 0.0
0.37131508915698 -0.640472090350172 0.0
0.373746806624434 -0.578859682117154 0.0
0.376479099441432 -0.517070931068442 0.0
0.379474730399077 -0.455102927920025 0.0
0.382714905967599 -0.39294787124865 0.0
0.386193178183977 -0.330595054116298 0.0
0.389912184326239 -0.268031697108149 0.0
0.393881913360249 -0.205242887548466 0.0
0.39811866177182 -0.142211561462224 0.0
0.402644185969501 -0.0789179258707021 0.0
0.407484543357139 -0.0153393708168574 0.0
0.41266840729077 0.048549772397074 0.0
0.418224680875052 0.112777622660641 0.0
0.424179680121339 0.177373228747953 0.0
0.430554051211088 0.242361315849105 0.0
0.437358841515422 0.307751305845625 0.0
0.444583767313389 0.373511074159856 0.0
0.452148993015565 0.439504158312779 0.0
0.45971721358032 0.505339978249973 0.0
0.432702731223321 -0.641894525424547 0.0
0.435155101468588 -0.580278587455883 0.0
0.437910648620319 -0.518466429116155 0.0
0.440933614645353 -0.456449171081822 0.0
0.444207214133982 -0.394214920861266 0.0
0.447727184759591 -0.331749564709109 0.0
0.451498527240313 -0.26903647035944 0.0
0.45553388750046 -0.206055517270662 0.0
0.459852638117191 -0.142782276114361 0.0
0.464480182476576 -0.0791865697973925 0.0
0.469447082873442 -0.015231282187956 0.0
0.474788059356554 0.0491294780261329 0.0
0.480541203672926 0.113952261932981 0.0
0.486748626494488 0.179306876872746 0.0
0.493460372706214 0.245278097900411 0.0
0.500744410224511 0.311966302589887 0.0
0.508703883560515 0.379478668009017 0.0
0.517492779983373 0.447881278683541 0.0
0.527253764765179 0.516989757209923 0.0
