-0.516122441214703 -0.688792241712871 0.0
0.718745462904651 -0.724257849276442 0.0
-0.456757724285126 0.61237245798111 0.0
0.61237245798111 0.61237245798111 0.0
-0.455010042670167 -0.69161158411668 0.0
0.718327660558614 -0.662523807941076 0.0
0.564564477789769 0.56499584913525 0.0
-0.458023724029242 0.533482038456217 0.0
-0.393932150434709 -0.694269724971995 0.0
0.718488112836818 -0.600222690097601 0.0
0.509362680947628 0.536045542679765 0.0
-0.465531507563592 0.459888594201844 0.0
-0.332936537762712 -0.697009016265501 0.0
0.718761456155945 -0.53736805271241 0.0
0.452568266365566 0.516371615965771 0.0
-0.471054698231751 0.389082149882503 0.0
-0.272021731663777 -0.699980340915852 0.0
0.718833765129763 -0.473999661789962 0.0
0.39530617870603 0.501965437888855 0.0
-0.474721324708033 0.320314460790162 0.0
-0.211164807108994 -0.703270265446614 0.0
0.718447964193582 -0.41017605560234 0.0
0.337856361794761 0.490907861269083 0.0
-0.477313302081169 0.253138430269072 0.0
-0.150323161820019 -0.706912918768034 0.0
0.717382449440817 -0.345975292740378 0.0
0.280322210828421 0.482180494488735 0.0
-0.479463120907985 0.187201652147554 0.0
-0.0894404325293011 -0.71089256806092 0.0
0.715475777389823 -0.281491369503225 0.0
0.222775432780582 0.475197689167278 0.0
-0.481602401821225 0.122209462553903 0.0
-0.0284517391656554 -0.715159043109816 0.0
0.712687955643665 -0.216813133779708 0.0
0.165296555122363 0.469626907494271 0.0
-0.483949592881823 0.0579213379300741 0.0
0.0327156652597362 -0.719633117528176 0.0
0.709162499167781 -0.151980884510897 0.0
0.107991352692015 0.465370553689874 0.0
-0.486518161664392 -0.00583950214455654 0.0
0.0941467959266175 -0.724175206735595 0.0
0.705208243188168 -0.0869413060989005 0.0
0.0509807439812809 0.463128859506353 0.0
-0.489192992319945 -0.0691793865522098 0.0
0.155937876436884 -0.728503942883288 0.0
0.701140481565685 -0.0215475999698859 0.0
-0.00559920485160354 0.4584869240174 0.0
-0.491858387874129 -0.132144535286486 0.0
0.218161471853948 -0.732184643205199 0.0
0.697079138988287 0.044386343236386 0.0
-0.0624605793440353 0.454981003164427 0.0
-0.494507838155419 -0.194742947980722 0.0
0.280806697896115 -0.734782417241281 0.0
0.692897953016242 0.111036154355073 0.0
-0.119271492991171 0.45947559337702 0.0
-0.497471967420715 -0.256962447898051 0.0
0.343759786471937 -0.736040544973723 0.0
0.688308761650203 0.178561865947329 0.0
-0.175654307898584 0.464119106053688 0.0
-0.499444164006773 -0.31908753287218 0.0
0.406842559154383 -0.73593621935322 0.0
0.682902197836468 0.24711792687022 0.0
-0.231120881138172 0.472700604861254 0.0
-0.501663977710277 -0.381160656790796 0.0
0.469866841967653 -0.734631943474388 0.0
0.676132302169126 0.316869360577817 0.0
-0.287623885471906 0.481436891413698 0.0
-0.504586281702483 -0.443001915804341 0.0
0.532669258306911 -0.732406979653683 0.0
0.66724042009902 0.388011038473104 0.0
-0.345147629025965 0.493094450034204 0.0
-0.507513097610592 -0.504646735246266 0.0
0.595125251613961 -0.729618524599672 0.0
0.655076479030033 0.460786165390956 0.0
-0.400028867346141 0.513916045922655 0.0
-0.510514522481241 -0.56613743197059 0.0
0.657156577209498 -0.726706058588237 0.0
0.637733822161009 0.535481031832278 0.0
-0.452364882751503 0.545349237731594 0.0
-0.513280079615509 -0.627505177380142 0.0
-0.45220439942145 -0.630304633061586 0.0
-0.449380936595521 -0.568883437397441 0.0
-0.446390449881539 -0.50730355542649 0.0
-0.443508165329175 -0.445635600985045 0.0
-0.440673783344009 -0.383881369396034 0.0
-0.438394783442543 -0.32189608785258 0.0
-0.436343248861959 -0.259514618028088 0.0
-0.433562972105318 -0.196802187657913 0.0
-0.430910156738495 -0.133865031077701 0.0
-0.428243063625348 -0.0706365089349608 0.0
-0.425595267845527 -0.0070667455443234 0.0
-0.423109547726402 0.0568886736050024 0.0
-0.42092030464589 0.121290554514032 0.0
-0.41901722957456 0.186225124508359 0.0
-0.417185987610571 0.251786121003114 0.0
-0.415033353562837 0.318030610389214 0.0
-0.412045287143289 0.384893247769822 0.0
-0.407675740062462 0.451978216335672 0.0
-0.4014288343182 0.517844560245219 0.0
-0.39110707214324 -0.632927301134592 0.0
-0.388202626344766 -0.571476342940295 0.0
-0.385254677794421 -0.509889825810626 0.0
-0.382416897532689 -0.448155960460544 0.0
-0.379772701412547 -0.386201872129087 0.0
-0.377514668836328 -0.32405262315517 0.0
-0.375305482248155 -0.261721559902454 0.0
-0.372745480322827 -0.199077393982474 0.0
-0.370173959141039 -0.136165575955776 0.0
-0.367557467227317 -0.0729864037075973 0.0
-0.36497455850739 -0.00955378852004335 0.0
-0.362630582353922 0.0541002138553199 0.0
-0.360710854128477 0.117946213391669 0.0
-0.359221751957613 0.181953288934359 0.0
-0.357960944619381 0.246045258749287 0.0
-0.35659136701569 0.31003728234731 0.0
-0.354696302147499 0.373566403790521 0.0
-0.351441997643749 0.436014262176071 0.0
-0.41096748802087 0.456233158151409 0.0
-0.330036360940169 -0.63568023561378 0.0
-0.327077331127438 -0.574237215094081 0.0
-0.32417560629357 -0.512655692629538 0.0
-0.321451603381969 -0.45090901583117 0.0
-0.31897098016778 -0.388980320343786 0.0
-0.316746952556273 -0.326893814277038 0.0
-0.314535194748379 -0.264619095735986 0.0
-0.312135023231142 -0.202096345830307 0.0
-0.309654433605897 -0.13935700402128 0.0
-0.307080908166241 -0.076439236243893 0.0
-0.304534262724158 -0.0134173594411455 0.0
-0.302324673950332 0.0496031578629978 0.0
-0.300712762592798 0.112532166592751 0.0
-0.299697062208462 0.175293033500818 0.0
-0.29902658127607 0.237782941383269 0.0
-0.298316112040186 0.299854394516061 0.0
-0.297018909997567 0.361354128591697 0.0
-0.358738891821119 0.374567138461437 0.0
-0.356168139477279 0.433399600869722 0.0
-0.269004150810807 -0.638687228062097 0.0
-0.266009864814973 -0.577290223360432 0.0
-0.26317684269789 -0.515766764295579 0.0
-0.260584827658945 -0.454097876911531 0.0
-0.258247898140129 -0.392277043614491 0.0
-0.256104283466708 -0.330307291536847 0.0
-0.25396829208643 -0.2681674074186 0.0
-0.251698933752244 -0.205838780861948 0.0
-0.249281940947197 -0.143356293462932 0.0
-0.246680363201723 -0.0807842405237467 0.0
-0.244057607924653 -0.0182421796628848 0.0
-0.241903256728353 0.0441154599815379 0.0
-0.240567578631086 0.106203375441655 0.0
-0.239976536986217 0.168000722372802 0.0
-0.239755736524786 0.229500197907746 0.0
-0.239438212460321 0.290703803619777 0.0
-0.301414260490257 0.299942984269342 0.0
-0.300449696185268 0.360015434380857 0.0
-0.29722609509266 0.419770741175402 0.0
-0.208002303112477 -0.64203205513733 0.0
-0.204989176957176 -0.580712816611004 0.0
-0.202242617991858 -0.519287129952826 0.0
-0.199792404890213 -0.457735431509523 0.0
-0.197602516876937 -0.396048823060908 0.0
-0.195573780843978 -0.334223189054679 0.0
-0.193545778078148 -0.272246396249741 0.0
-0.191378590545864 -0.210116205435624 0.0
-0.188966135620836 -0.147865012324965 0.0
-0.186203787780366 -0.0855651202246077 0.0
-0.183312145098345 -0.0233707216845465 0.0
-0.181111498155027 0.038519351860508 0.0
-0.180041103745347 0.100074501991235 0.0
-0.179855614349962 0.161371244415469 0.0
-0.180019944958458 0.222482772386738 0.0
-0.241787772396852 0.229232129664603 0.0
-0.241939145712834 0.289779246948026 0.0
-0.24091954391995 0.350228832389546 0.0
-0.237860509398709 0.411016780079193 0.0
-0.14700519197199 -0.64574095808393 0.0
-0.143993523017393 -0.584514934385969 0.0
-0.141354349020992 -0.523200102884025 0.0
-0.139059620978084 -0.461771481301623 0.0
-0.137027704750947 -0.400215381251589 0.0
-0.135135570721745 -0.338522094652737 0.0
-0.133226305640107 -0.276679098820872 0.0
-0.131132996000095 -0.214680137045294 0.0
-0.128651611067699 -0.152539829437125 0.0
-0.125542694439759 -0.0903204278161394 0.0
-0.12210922257643 -0.0282208022399357 0.0
-0.11980862624567 0.0334782438515784 0.0
-0.119090406148619 0.0948511717687207 0.0
-0.119361822133031 0.156075189940654 0.0
-0.180767681475599 0.160974708323206 0.0
-0.181601769936112 0.221640590511167 0.0
-0.181975552444885 0.282104299967455 0.0
-0.181430332414719 0.342503102927289 0.0
-0.179499712885228 0.403033395452981 0.0
-0.085978014532119 -0.649791486620321 0.0
-0.0830008574072263 -0.58866083762876 0.0
-0.0804985278986763 -0.527452808557032 0.0
-0.0783790321825205 -0.466135391826661 0.0
-0.0765210729922511 -0.404688442415937 0.0
-0.0747846991290097 -0.34309336038977 0.0
-0.0730057626901034 -0.281325466496252 0.0
-0.0709756975997725 -0.219354907131772 0.0
-0.0683652832103848 -0.157154992240382 0.0
-0.0646678629606297 -0.0947498706741212 0.0
-0.0602898732835973 -0.0324073520905398 0.0
-0.0579596986557811 0.0294290918835774 0.0
-0.0577993122547069 0.0910570056746951 0.0
-0.118664863558478 0.0947512962653633 0.0
-0.119838919302216 0.155673698287715 0.0
-0.120928326410688 0.216359113927116 0.0
-0.121636069291644 0.276855435244867 0.0
-0.121737617117907 0.337300517104538 0.0
-0.121214780670497 0.397981295268958 0.0
-0.0248841075221356 -0.654131074190545 0.0
-0.0219938225627189 -0.593093314082876 0.0
-0.0196689204105945 -0.531986315354178 0.0
-0.0177529067544143 -0.470773707588577 0.0
-0.0160949475236845 -0.409429350065104 0.0
-0.0145466611207362 -0.347921867842898 0.0
-0.0129361190787028 -0.286201628580409 0.0
-0.0110087065916712 -0.224189943913924 0.0
-0.00827170541977566 -0.161772067256208 0.0
-0.00367062428051644 -0.0988535831520584 0.0
0.00232857155384263 -0.0357458305926176 0.0
0.00434117085625708 0.026882746936431 0.0
-0.0556665233476711 0.0302734403143968 0.0
-0.0569862404786918 0.0917320294821734 0.0
-0.0584569527357112 0.15286673120869 0.0
-0.0598216645548311 0.213664210054308 0.0
-0.0609736149386291 0.274170937142493 0.0
-0.0619676202957271 0.334448711232546 0.0
-0.0633904848581591 0.394507631819981 0.0
0.0363116634471484 -0.6586800236835 0.0
0.0390419688179838 -0.597737921447265 0.0
0.0411389971052155 -0.536747378245036 0.0
0.0428124066837424 -0.475678708551137 0.0
0.0442243276911902 -0.414509368769707 0.0
0.0455151879066183 -0.353202044133298 0.0
0.0468501499197436 -0.291679684436796 0.0
0.048512415413276 -0.22978664756942 0.0
0.0511732067297378 -0.167222499059756 0.0
0.0570330173674212 -0.103527968130527 0.0
0.0659253427049302 -0.038244065262908 0.0
0.00840103192465552 -0.0324667226057615 0.0
0.00688216000906996 0.0299977925675378 0.0
0.00513177012853078 0.0918055503124305 0.0
0.00340115679581319 0.153122944282759 0.0
0.00173933549210169 0.214128568889628 0.0
0.000118578062034329 0.275011883411898 0.0
-0.00170752069330144 0.335997942364577 0.0
-0.00492014450254401 0.397310757370604 0.0
0.0976493530673001 -0.663291828844638 0.0
0.100136158752279 -0.60245825567796 0.0
0.101955562863131 -0.541639686916459 0.0
0.103341784155694 -0.480844096357433 0.0
0.104435177535916 -0.42010504116885 0.0
0.105323319120437 -0.359478764477549 0.0
0.106079221679826 -0.299057414846389 0.0
0.106814194052307 -0.239003725635615 0.0
0.107864561547438 -0.179610015655421 0.0
0.112861458459861 -0.121426468731513 0.0
0.0780497394708221 -0.0890355102001525 0.0
0.0726446689099572 -0.0276277290759154 0.0
0.0699884459640144 0.0338471079475211 0.0
0.0677409820041679 0.0950662899325094 0.0
0.0656175140431972 0.156119157899261 0.0
0.0634945547087535 0.217138499660671 0.0
0.0611951847394984 0.278284739734548 0.0
0.0582922850032785 0.339722331895912 0.0
0.0541415034639317 0.401392235692682 0.0
0.159192197401906 -0.667657081981281 0.0
0.161372367737253 -0.606910108850375 0.0
0.162907240629911 -0.546260978161051 0.0
0.164028808846567 -0.485756211691162 0.0
0.164846269578573 -0.425477685652734 0.0
0.165403704201976 -0.365543556365538 0.0
0.165718934547222 -0.306117324856942 0.0
0.165823375228651 -0.247409804048482 0.0
0.166020268013348 -0.189609938165902 0.0
0.163303816229854 -0.131852546828905 0.0
0.14267394237954 -0.0794978828311367 0.0
0.136815319018368 -0.0206338634733154 0.0
0.13336824859724 0.0393845325604185 0.0
0.130564902732443 0.0998360620039166 0.0
0.127932668278197 0.160512508135915 0.0
0.125205222402983 0.221355995991321 0.0
0.122082809414221 0.282346363511116 0.0
0.118165801464168 0.343389961948962 0.0
0.11337221874636 0.404261241922211 0.0
0.221010208190202 -0.671303583577744 0.0
0.222859074770955 -0.610542160428305 0.0
0.224156724403213 -0.54991092875216 0.0
0.225110791941907 -0.489452787155768 0.0
0.225803510122728 -0.429221098326761 0.0
0.226259986275871 -0.369260455166147 0.0
0.226480640619384 -0.309576661957861 0.0
0.226434521258562 -0.250071975784852 0.0
0.225367863857464 -0.190347413236121 0.0
0.219569013274548 -0.130680647726634 0.0
0.206229447413125 -0.0743038132149582 0.0
0.200422296917723 -0.015313017792242 0.0
0.196548213235435 0.0445642753345326 0.0
0.193303455082151 0.104898829669486 0.0
0.190185257858043 0.165506670250784 0.0
0.186858974343862 0.226285402802229 0.0
0.18299082839976 0.287145305607309 0.0
0.178264529008562 0.347976728928822 0.0
0.17246580953053 0.408770418016324 0.0
0.283118544238127 -0.673787243631118 0.0
0.284631976439524 -0.612876724156125 0.0
0.285741034447872 -0.552060955354496 0.0
0.286595243375799 -0.491360370958638 0.0
0.287227247217703 -0.430782756326048 0.0
0.28760948606817 -0.370304378092489 0.0
0.287649196336718 -0.309849705481052 0.0
0.287010295246246 -0.249268789579193 0.0
0.284575118220701 -0.188531005767193 0.0
0.278324244192282 -0.128503438964517 0.0
0.268987459731783 -0.0699990420783436 0.0
0.26351312837513 -0.0103823815565566 0.0
0.25945017371425 0.0498251293546422 0.0
0.255883699591491 0.110388727988314 0.0
0.252346251641176 0.171171634306018 0.0
0.248481516629564 0.232071663072292 0.0
0.243943027069413 0.29299324637626 0.0
0.238383731545763 0.353854111903501 0.0
0.231462695455627 0.414608304494139 0.0
0.345450394391276 -0.674878907324476 0.0
0.34662956486537 -0.613724773425824 0.0
0.347570426711763 -0.552595285146032 0.0
0.348331517531271 -0.49150051257963 0.0
0.348873256171746 -0.430428650366887 0.0
0.349092710842602 -0.369340278121708 0.0
0.348780185983425 -0.30817240468381 0.0
0.347467985337526 -0.246895532622001 0.0
0.344283411021537 -0.185713802085757 0.0
0.338434808180168 -0.12519168605702 0.0
0.331329693024417 -0.0653928741393637 0.0
0.326241405970636 -0.0050719050571511 0.0
0.322112113822215 0.0556460177415024 0.0
0.31831106264355 0.116628751885385 0.0
0.314419629722824 0.177767625857627 0.0
0.310073846496756 0.238961465223443 0.0
0.304901833469031 0.300107045260011 0.0
0.29850709440274 0.361098496491212 0.0
0.290460848640466 0.421828551403489 0.0
0.40788873261543 -0.67459436991329 0.0
0.408747407256297 -0.613166185607227 0.0
0.40952695604801 -0.551689161945326 0.0
0.410177208061486 -0.490177982352362 0.0
0.410581159336997 -0.428622421401619 0.0
0.410566454706405 -0.36699595821639 0.0
0.409862001818465 -0.3052806233068 0.0
0.408033286930477 -0.243530161831785 0.0
0.404537765949056 -0.181956246081272 0.0
0.399264453099081 -0.120853458758987 0.0
0.393452490141131 -0.0600834572754914 0.0
0.388707029454463 0.000978080230370686 0.0
0.384569174170975 0.0623279582177833 0.0
0.380594721337975 0.123882964345386 0.0
0.376405964350159 0.185544729011069 0.0
0.371630960421652 0.247202576401556 0.0
0.365867225816776 0.308728472822588 0.0
0.358662988161578 0.369972500578082 0.0
0.349504866016326 0.430759922548439 0.0
0.470312228166385 -0.673123635639409 0.0
0.470889307230467 -0.611438184344109 0.0
0.471520614285346 -0.549639359910226 0.0
0.472046996321327 -0.487750768416013 0.0
0.472284058062643 -0.425769931298077 0.0
0.472014695767798 -0.363688545528798 0.0
0.470961080071777 -0.301521272008698 0.0
0.468783893988204 -0.239345552178626 0.0
0.465217578079022 -0.177319768602397 0.0
0.460456558427216 -0.115566898481831 0.0
0.455423044869059 -0.0539237389434272 0.0
0.450949946749342 0.00794223954064936 0.0
0.446828040086607 0.070055081371534 0.0
0.442724942873405 0.132351491540684 0.0
0.438289277590221 0.194733096088147 0.0
0.433137324682244 0.257072358611788 0.0
0.426831327769986 0.319205481891049 0.0
0.418856830343301 0.380920887139533 0.0
0.408595773880545 0.441948102069638 0.0
0.532622570844919 -0.670759524841468 0.0
0.532985122744902 -0.608858152905816 0.0
0.533492928395067 -0.546785826579457 0.0
0.533893889510781 -0.484568593126465 0.0
0.533956236215227 -0.422208879069826 0.0
0.533443975122651 -0.35971176507359 0.0
0.532103896725836 -0.297107582123565 0.0
0.529702436343917 -0.234469115641377 0.0
0.526164414791607 -0.171894670573367 0.0
0.521789130979043 -0.109412445091719 0.0
0.517233383686785 -0.04688060237933 0.0
0.512961540001969 0.0158907902153627 0.0
0.508861844372834 0.078925915730801 0.0
0.504661224918918 0.142172941945936 0.0
0.500019404864836 0.205536454789784 0.0
0.494535637948528 0.268877033016673 0.0
0.48773243542339 0.33199365293789 0.0
0.479024110861492 0.394594353185118 0.0
0.467659589410471 0.456257387495695 0.0
0.594753223736675 -0.667868086674685 0.0
0.5949865794845 -0.605803263167293 0.0
0.595400009222046 -0.543502439589459 0.0
0.595680512945774 -0.48098156098187 0.0
0.595573375494847 -0.418245976318577 0.0
0.594842771509476 -0.35531216990021 0.0
0.593272390020951 -0.292219369021744 0.0
0.590718872876681 -0.229028375742983 0.0
0.587222857194169 -0.165791362172047 0.0
0.583101731002966 -0.10248850546537 0.0
0.578832350331542 -0.039001581310748 0.0
0.574696038875114 0.0247934435640043 0.0
0.570609687905934 0.0889268676536541 0.0
0.566322262475231 0.153372910207615 0.0
0.561489614118641 0.218064491929982 0.0
0.555687067282296 0.282881086016892 0.0
0.548391203035454 0.347612972074109 0.0
0.538934940099826 0.41189572710577 0.0
0.526414416798483 0.475094937976361 0.0
0.656666388496667 -0.664907959553297 0.0
0.656849671379034 -0.602733281660298 0.0
0.657188016393208 -0.540210888214801 0.0
0.65735518151443 -0.47734890083224 0.0
0.657092903209365 -0.414165701454688 0.0
0.656174157272993 -0.350698132940738 0.0
0.654416647906413 -0.287000941550132 0.0
0.65174173300473 -0.223132742868822 0.0
0.648255515434963 -0.159122147983035 0.0
0.644268787289349 -0.0949273353586537 0.0
0.640151789009393 -0.0304385109963549 0.0
0.636087921074774 0.034458604581469 0.0
0.631985285226733 0.0998346046807106 0.0
0.627585475554524 0.165731368300375 0.0
0.622523373628116 0.232163636808476 0.0
0.616334369849124 0.299102942451517 0.0
0.608423656958806 0.366436348692705 0.0
0.597998049360464 0.433870218770322 0.0
0.583950938503899 0.500689157692071 0.0
