-0.772120383931756 -0.652622228298498 0.0
0.454743505687868 -0.691405606506913 0.0
-0.75287424325943 0.61237245798111 0.0
0.61237245798111 0.61237245798111 0.0
-0.710922709101449 -0.655083987365037 0.0
0.456809251694373 -0.630051576495264 0.0
0.530633426506399 0.591618844179343 0.0
-0.73661491870277 0.541569877978417 0.0
-0.64970373250805 -0.657266060084847 0.0
0.459164714264941 -0.568533746639898 0.0
0.454526013955352 0.58002379489445 0.0
-0.731755715486834 0.473704501578172 0.0
-0.588479379450486 -0.659430814169448 0.0
0.461789856133144 -0.506838626324388 0.0
0.38196724848563 0.572439658238428 0.0
-0.730496507265185 0.407869242698895 0.0
-0.527244671404569 -0.661598911018297 0.0
0.464676934195374 -0.444956422795259 0.0
0.311640822869282 0.56712113751104 0.0
-0.730909683149361 0.343238680297396 0.0
-0.465999727685274 -0.663784177299213 0.0
0.467829797037252 -0.382877665362305 0.0
0.242809761396185 0.563295350457286 0.0
-0.732290788131852 0.27935201870819 0.0
-0.404739824677989 -0.665997037123928 0.0
0.471263110546178 -0.320591126343002 0.0
0.175029768671686 0.560556198540007 0.0
-0.73428696119699 0.215952572120614 0.0
-0.343455729684815 -0.668229617796746 0.0
0.47500257747465 -0.258082235918278 0.0
0.108003007466356 0.558658894351027 0.0
-0.736686038026802 0.152892662195326 0.0
-0.28213728901151 -0.670457587162128 0.0
0.47908594336876 -0.195331259136732 0.0
0.0415018654199134 0.557423589206928 0.0
-0.739346675910815 0.090085267745367 0.0
-0.220777119075244 -0.672647593166104 0.0
0.483564416168321 -0.132311564446495 0.0
-0.0246781204624406 0.556641528248744 0.0
-0.742169377901132 0.0274789910558429 0.0
-0.159372585776573 -0.674765184071373 0.0
0.488504284845508 -0.0689869859574026 0.0
-0.0907443108948126 0.555712163512958 0.0
-0.745083073103491 -0.0349541825538164 0.0
-0.097926895625796 -0.67678119304883 0.0
0.493988547828507 -0.00530896158829352 0.0
-0.155852789862352 0.55803552726378 0.0
-0.748041336943092 -0.0972250254930579 0.0
-0.0364487511236811 -0.678676110377814 0.0
0.500118997830621 0.0587877295575735 0.0
-0.220130131803071 0.561248130985535 0.0
-0.751038604299935 -0.159328274620526 0.0
0.0250484591279505 -0.68044268400383 0.0
0.507020109255678 0.123390699220903 0.0
-0.284478412628783 0.562058916363414 0.0
-0.754206159025271 -0.221246148552533 0.0
0.0865483216852115 -0.682087291101837 0.0
0.514848175625106 0.188619374884529 0.0
-0.349306578934417 0.564165136492301 0.0
-0.75656442531381 -0.283082431221617 0.0
0.148032606416608 -0.683630443295784 0.0
0.523812076244546 0.2546401830181 0.0
-0.414741123328378 0.566736680482607 0.0
-0.759090994890736 -0.344952092559491 0.0
0.20948347058673 -0.685106584660233 0.0
0.534218358437628 0.321695961150631 0.0
-0.480712882115414 0.573130580240163 0.0
-0.76204086660581 -0.406761902945241 0.0
0.27088567761505 -0.686562998400266 0.0
0.546568026558624 0.390163141902667 0.0
-0.546723764338092 0.579925932228029 0.0
-0.764765386405003 -0.468416082287513 0.0
0.332228971404412 -0.688057330695103 0.0
0.561784955255857 0.460666021410996 0.0
-0.612920212133782 0.584279770007837 0.0
-0.767434779271754 -0.529916707190429 0.0
0.393511596333837 -0.689652560440488 0.0
0.581869798378908 0.534277232722998 0.0
-0.681410395410256 0.593406522021367 0.0
-0.769750117003156 -0.591314067844413 0.0
-0.708581855227606 -0.593773750263128 0.0
-0.706237341088206 -0.532351113117807 0.0
-0.703603792133189 -0.47080684559201 0.0
-0.700893160268438 -0.40919927121105 0.0
-0.698054237670054 -0.347532523436253 0.0
-0.695531005361913 -0.285781212727998 0.0
-0.693022180456211 -0.223782076159621 0.0
-0.689888942998601 -0.161526107646578 0.0
-0.686874406254602 -0.0991896065989883 0.0
-0.683904857194787 -0.036728379724875 0.0
-0.680993343278255 0.0258926556029795 0.0
-0.67818784783066 0.0887067656193787 0.0
-0.675564642906843 0.151752283258985 0.0
-0.673234648950116 0.215076563754848 0.0
-0.671360928416705 0.278733951981054 0.0
-0.67019593892382 0.342770466519137 0.0
-0.670166957245901 0.407165045532563 0.0
-0.67209872261189 0.471630005292789 0.0
-0.67778668265234 0.534898215274148 0.0
-0.647385473427348 -0.595948665320261 0.0
-0.644977499344905 -0.534540846668165 0.0
-0.642375674953933 -0.473013464691816 0.0
-0.639675165958965 -0.411371300413073 0.0
-0.636937925803619 -0.349579078252021 0.0
-0.634349601901169 -0.287671710393549 0.0
-0.631673750418709 -0.225655517067714 0.0
-0.628677786771324 -0.163447911311959 0.0
-0.625701694376767 -0.101094548716899 0.0
-0.622758812698179 -0.0385927449935406 0.0
-0.619882146712289 0.0240681687879236 0.0
-0.617129445073908 0.0868984187307067 0.0
-0.614585957151275 0.149902206724402 0.0
-0.612372677910371 0.213068170647066 0.0
-0.610661724950439 0.276348596704852 0.0
-0.609702016067732 0.339619379310226 0.0
-0.609856027303498 0.40260489118519 0.0
-0.611581772826649 0.464752545821129 0.0
-0.61392834975203 0.525159785086663 0.0
-0.586154723814315 -0.598119262187647 0.0
-0.583716858451849 -0.536700626777734 0.0
-0.581137310635716 -0.475154955827402 0.0
-0.578479102186593 -0.413475244719856 0.0
-0.575802933482075 -0.351662057077833 0.0
-0.573160776908162 -0.289747396546506 0.0
-0.570414234210428 -0.227716646422796 0.0
-0.567490005755858 -0.165529226808475 0.0
-0.564555690475674 -0.103206992940274 0.0
-0.561650726452987 -0.0407583961676766 0.0
-0.558819251760663 0.0218076821898522 0.0
-0.556123965455063 0.0844743327001608 0.0
-0.553650783966058 0.147208933710387 0.0
-0.551513780501773 0.209953304360178 0.0
-0.549859909620963 0.272609957735862 0.0
-0.548866019106609 0.335028371333775 0.0
-0.548687796463599 0.396999493064288 0.0
-0.549071956039799 0.458291204072766 0.0
-0.548122959532137 0.519011793876684 0.0
-0.524907197585322 -0.600288099498381 0.0
-0.522461537871204 -0.538863550613914 0.0
-0.519909512990399 -0.477313159385783 0.0
-0.517291817174652 -0.415636333076086 0.0
-0.514643944842754 -0.353842399212722 0.0
-0.511971252933524 -0.291946492501601 0.0
-0.509200792875506 -0.229939563578089 0.0
-0.506318674167145 -0.16780911820552 0.0
-0.503417773045638 -0.105573769281547 0.0
-0.500542642496539 -0.0432523303969539 0.0
-0.497740406481852 0.0191306044870026 0.0
-0.49507160043445 0.0815393401353246 0.0
-0.492613306697619 0.143921720346665 0.0
-0.490459506958536 0.206204101813804 0.0
-0.488715369966981 0.268286087652191 0.0
-0.487468835085488 0.330037611268382 0.0
-0.486665299137306 0.391300735100786 0.0
-0.485685660644771 0.4519399940981 0.0
-0.482056300437071 0.511918210059419 0.0
-0.463650052577676 -0.602478829438387 0.0
-0.461209703331472 -0.541060715032756 0.0
-0.458685211932591 -0.479523525019333 0.0
-0.456098272084806 -0.417870240003329 0.0
-0.453464382017603 -0.356110484525413 0.0
-0.450775554959085 -0.294254388882695 0.0
-0.447996505190942 -0.232301848415384 0.0
-0.445134556002624 -0.170256163461577 0.0
-0.442247806329778 -0.108138062406839 0.0
-0.439377790448756 -0.0459729853014811 0.0
-0.436568519092906 0.0162065521434291 0.0
-0.433872766609114 0.0783579970455673 0.0
-0.431352795558227 0.140425785779952 0.0
-0.429076294861426 0.202338929525317 0.0
-0.427100931874239 0.264007747343843 0.0
-0.425423195256437 0.325321655404184 0.0
-0.42382696024929 0.38615666254227 0.0
-0.421514829776174 0.446420053609109 0.0
-0.417283017819359 0.506329227100005 0.0
-0.402381832853785 -0.60470095144975 0.0
-0.399953674393612 -0.543296701409408 0.0
-0.397453729313309 -0.481780958490156 0.0
-0.394888099345879 -0.420158466167379 0.0
-0.392259377592525 -0.358438927500383 0.0
-0.389557659250782 -0.296632173304758 0.0
-0.386767761422773 -0.234744813556526 0.0
-0.383903232027774 -0.172788194868416 0.0
-0.381003744455221 -0.110784257011157 0.0
-0.378104469892611 -0.0487600006731769 0.0
-0.375242502364054 0.0132516598138471 0.0
-0.372459388631731 0.0752106919550801 0.0
-0.369799176841486 0.13706877050559 0.0
-0.367299762921853 0.198769073186406 0.0
-0.364968438461482 0.26024685951281 0.0
-0.362719110791374 0.321437055637894 0.0
-0.360238383453463 0.382303394185283 0.0
-0.356925826711431 0.442939587682517 0.0
-0.352825267704491 0.50370413742344 0.0
-0.341096665482285 -0.606942766215583 0.0
-0.338684654631036 -0.545552858348833 0.0
-0.336204926664658 -0.484058152142892 0.0
-0.333651430999716 -0.42246444256035 0.0
-0.331019201448982 -0.360781561477713 0.0
-0.328299616286678 -0.299019937169678 0.0
-0.325487478322315 -0.237189802541667 0.0
-0.322596580578888 -0.175305496003207 0.0
-0.319655092390817 -0.113387944963233 0.0
-0.31669065408858 -0.0514619915347022 0.0
-0.313731663890016 0.0104434402030082 0.0
-0.310807129456262 0.0722951705641266 0.0
-0.307942412398626 0.134055730426959 0.0
-0.305147285656638 0.195684785233418 0.0
-0.30238818744847 0.257142701574011 0.0
-0.299533598401961 0.318403013645159 0.0
-0.296300372188709 0.37948504999495 0.0
-0.292401378177144 0.440494622878834 0.0
-0.287869963342104 0.501441318526864 0.0
-0.2797876566177 -0.609176618468725 0.0
-0.27739449142602 -0.547796265238015 0.0
-0.274929930063929 -0.486315922836573 0.0
-0.272379414013233 -0.424741992862461 0.0
-0.269734102849556 -0.363084214602918 0.0
-0.266987160528617 -0.301353189752899 0.0
-0.26413788565255 -0.239560333774521 0.0
-0.261198000841725 -0.177720085142573 0.0
-0.258187367974357 -0.115851032658933 0.0
-0.255126010086159 -0.0539745131816341 0.0
-0.252033244308161 0.00788538175394318 0.0
-0.248925810890555 0.0697020475713071 0.0
-0.245812160657552 0.131446910999345 0.0
-0.242679524815098 0.193091977231316 0.0
-0.239469394411167 0.254615719032365 0.0
-0.23604570483473 0.316019181215137 0.0
-0.232201223836437 0.377354166369164 0.0
-0.227743040718001 0.438729310061011 0.0
-0.222400389906354 0.500286824774108 0.0
-0.218449538060672 -0.611367207595087 0.0
-0.216077191901977 -0.54998855556055 0.0
-0.213622412398943 -0.488512237516514 0.0
-0.211065915559809 -0.426945039556936 0.0
-0.208397606124837 -0.365296360820221 0.0
-0.205612283895541 -0.303576414902126 0.0
-0.202710889003375 -0.241796392200685 0.0
-0.199702238772827 -0.179969629495152 0.0
-0.19659949747795 -0.118112320230617 0.0
-0.193415372618932 -0.056242882290018 0.0
-0.190160368153566 0.00561777707749761 0.0
-0.186840043336375 0.067446272305886 0.0
-0.183449079174068 0.129216893237021 0.0
-0.179960252994745 0.1909034092382 0.0
-0.176309053495797 0.252482927950896 0.0
-0.17238619955509 0.313944196413278 0.0
-0.168062541715152 0.375291159212449 0.0
-0.163218734386078 0.436526120463084 0.0
-0.157413072499403 0.497618702118999 0.0
-0.157079988798752 -0.613479458200325 0.0
-0.154729602028668 -0.552093611322636 0.0
-0.152279070683839 -0.490609791397899 0.0
-0.149708106251183 -0.429035123329358 0.0
-0.147007293015872 -0.367378504149102 0.0
-0.144172839322854 -0.305649385887156 0.0
-0.14120581212337 -0.243858087143407 0.0
-0.138111756406457 -0.18201655063607 0.0
-0.134897848435447 -0.120139052886607 0.0
-0.131569613504596 -0.0582421331773906 0.0
-0.12812886037634 0.00365473856944344 0.0
-0.124570693718172 0.0655287169193692 0.0
-0.120878347291031 0.127353036697652 0.0
-0.117015760177064 0.189097499053471 0.0
-0.112921820427888 0.250729088150075 0.0
-0.108517040167859 0.312212183153953 0.0
-0.103731105109922 0.37350120205431 0.0
-0.0985184176672993 0.434525448218504 0.0
-0.0932037383402267 0.495308057063122 0.0
-0.0956805327746014 -0.615484593246104 0.0
-0.0933519556652368 -0.5540831674317 0.0
-0.0908999943107015 -0.492581006559637 0.0
-0.088306747384824 -0.430985558364824 0.0
-0.0855648531680355 -0.369305060424615 0.0
-0.0826716612518578 -0.307547913897722 0.0
-0.0796274218072308 -0.245723185902103 0.0
-0.0764340573265827 -0.183841248774178 0.0
-0.0730928438075518 -0.121914573387618 0.0
-0.0696018897982329 -0.0599579551209624 0.0
-0.0659540057461974 0.00201066647593519 0.0
-0.0621338722030695 0.0639697599345567 0.0
-0.058114175606167 0.125893859377939 0.0
-0.053851956955372 0.187754558670855 0.0
-0.0492898267111668 0.249522198823982 0.0
-0.0443697433198403 0.311170075223212 0.0
-0.0390657133800641 0.372683407192382 0.0
-0.0335014968284704 0.43410100138495 0.0
-0.0283908063566993 0.495540566512402 0.0
-0.0342563326869416 -0.617364159087304 0.0
-0.0319475864211125 -0.555940299182885 0.0
-0.0294883347204509 -0.49441079806756 0.0
-0.0268658324040823 -0.432783270813622 0.0
-0.0240755769501837 -0.371065023472075 0.0
-0.0211156769824258 -0.30926305168592 0.0
-0.0179848295973148 -0.247384749534634 0.0
-0.0146809190066145 -0.185438517601122 0.0
-0.0111991093096043 -0.123434580277828 0.0
-0.00752976728099109 -0.0613852737635702 0.0
-0.00365648681545769 0.000694216370063988 0.0
0.000446157109874537 0.0627856585147997 0.0
0.00481461418952465 0.124867838628423 0.0
0.00949595694024979 0.186918017356347 0.0
0.0145400429895345 0.24891403425324 0.0
0.0199762993623297 0.310839189288759 0.0
0.0257548531563541 0.372691796340316 0.0
0.0316073487992518 0.434485458101935 0.0
0.0369858621539099 0.496131822397612 0.0
0.0271842702273981 -0.619112375946553 0.0
0.0294773630737859 -0.557661377536896 0.0
0.0319498502501099 -0.496098021704062 0.0
0.0346074720303369 -0.434429689918294 0.0
0.0374516784393866 -0.37266233509587 0.0
0.0404841386429477 -0.310801108583499 0.0
0.043708352960564 -0.248851242489943 0.0
0.0471308796759529 -0.186818628032417 0.0
0.0507628972455934 -0.124710603414805 0.0
0.0546219346535336 -0.0625362182624933 0.0
0.0587334796933644 -0.000306901151715816 0.0
0.0631322893288634 0.0619633966871325 0.0
0.067862237949826 0.124258117207734 0.0
0.0729719769949617 0.18655885852065 0.0
0.0785011186422524 0.248845706695902 0.0
0.0844480474072837 0.311098248148964 0.0
0.0907068150195999 0.373291814192013 0.0
0.0969977014108254 0.435367849329731 0.0
0.10289524227384 0.49719920570542 0.0
0.0886309225565151 -0.620737396568343 0.0
0.0909147347575756 -0.559257128896253 0.0
0.0934061379689236 -0.497656290924248 0.0
0.0961032248355413 -0.435941373403359 0.0
0.0990048261273841 -0.374116466783781 0.0
0.102113063804512 -0.312184431728132 0.0
0.105434201380144 -0.250147869780997 0.0
0.108979567393045 -0.188009644740643 0.0
0.112766829572004 -0.125773622841873 0.0
0.116821413659587 -0.0634449237796516 0.0
0.121177640457501 -0.00103063051278383 0.0
0.12587902641556 0.0614598538148352 0.0
0.130976204130138 0.124014105423637 0.0
0.136519587408225 0.186616060909339 0.0
0.142541788330905 0.249243636163101 0.0
0.149023814516816 0.311864246894589 0.0
0.155846305148508 0.374422169699237 0.0
0.162749186929881 0.436818570955011 0.0
0.169331472375331 0.498909496711274 0.0
0.150071822894899 -0.622261802838358 0.0
0.152354400100204 -0.560753052015723 0.0
0.154869513549096 -0.499114291960506 0.0
0.157608393451021 -0.437350298230201 0.0
0.160568240143947 -0.375462819634037 0.0
0.163752369058046 -0.313452053271867 0.0
0.167170274677307 -0.251317565907875 0.0
0.170838286715777 -0.189058713582375 0.0
0.174780634509148 -0.126675315181084 0.0
0.179030613589079 -0.0641678869273685 0.0
0.183631302358086 -0.0015384295082185 0.0
0.188635079967689 0.0612089292407447 0.0
0.194100322972997 0.124066530085961 0.0
0.200082699958881 0.187021113672138 0.0
0.206617279211204 0.250048676574735 0.0
0.213688901705358 0.313105529387186 0.0
0.221192893635079 0.376112933002085 0.0
0.228892308186712 0.438940164445193 0.0
0.236358337782163 0.501403627419462 0.0
0.211495047739883 -0.623722449169773 0.0
0.213784973423677 -0.562189195500755 0.0
0.216326888820003 -0.500515489359589 0.0
0.219107394517017 -0.438703611060096 0.0
0.222123380214197 -0.376752659933471 0.0
0.225380031396046 -0.314659910470112 0.0
0.228890404388313 -0.252421531940685 0.0
0.232675948018076 -0.190032866845342 0.0
0.236767450570685 -0.12748898448722 0.0
0.241206057348512 -0.0647848211258211 0.0
0.246043748848986 -0.00191593828215416 0.0
0.251342525827767 0.0611207073530502 0.0
0.257170903214196 0.124324905551705 0.0
0.263595868252798 0.187690046344612 0.0
0.27066795388092 0.25119583357563 0.0
0.278397745700636 0.314796014742537 0.0
0.286720831978935 0.378398266832072 0.0
0.295438269707034 0.441838444422752 0.0
0.304088072888411 0.504860637876073 0.0
0.272889485884786 -0.625169423018306 0.0
0.275194131979455 -0.563618981498192 0.0
0.277763423644717 -0.50191690586612 0.0
0.280582568526525 -0.440062619236095 0.0
0.283649378070292 -0.378052540414974 0.0
0.286971368890104 -0.315880829572578 0.0
0.290565319195228 -0.253539930195335 0.0
0.294457756405974 -0.19102065368226 0.0
0.298685880563857 -0.128312495296574 0.0
0.303298567993695 -0.0654035007190481 0.0
0.308356870408936 -0.00228073649469278 0.0
0.313933430156166 0.0610692023356701 0.0
0.320109925379147 0.124658486956669 0.0
0.326971764372563 0.188494788464758 0.0
0.334599017515632 0.252573260093786 0.0
0.343051856138715 0.316861926427805 0.0
0.352341657864266 0.381274178124462 0.0
0.362356598102161 0.445621356661211 0.0
0.372659350522252 0.509542624421624 0.0
0.334245247059743 -0.626663567341886 0.0
0.336568664722648 -0.565106471655636 0.0
0.339162934563999 -0.503386589501017 0.0
0.342014833805454 -0.441500979957614 0.0
0.345123732690857 -0.379443263061037 0.0
0.348499740620313 -0.317204382808013 0.0
0.352163303399571 -0.25477295704493 0.0
0.356145726429027 -0.192135004291878 0.0
0.360490174747332 -0.129273795849654 0.0
0.365252808660153 -0.0661691594894795 0.0
0.370503566896459 -0.00279725679584014 0.0
0.376326337260646 0.0608698017236333 0.0
0.382818364002233 0.124863459511046 0.0
0.390089453380707 0.189217141860716 0.0
0.398261785416526 0.253960469898026 0.0
0.40747019393984 0.319106497519042 0.0
0.417853392415758 0.384620645173253 0.0
0.429494625980743 0.450346331462746 0.0
0.442175140754153 0.515834726651886 0.0
0.395554188694972 -0.628271220711078 0.0
0.397895589708447 -0.566721032707235 0.0
0.400509789129674 -0.505000194455044 0.0
0.403385448729556 -0.443102284057049 0.0
0.40652409188248 -0.381018047454584 0.0
0.409938465276728 -0.318735829770354 0.0
0.413652250729776 -0.256241240989319 0.0
0.417700758758695 -0.193516162000674 0.0
0.422132120554105 -0.130537838767739 0.0
0.427008669436008 -0.0672772971974661 0.0
0.432408172126435 -0.00369795501212642 0.0
0.43842503828111 0.0602464421093729 0.0
0.445172185487648 0.124613950886507 0.0
0.452785671789707 0.189477247111858 0.0
0.461435636010182 0.254925396409097 0.0
0.471348808857908 0.321063839905765 0.0
0.482845641733399 0.388002289807892 0.0
0.496377740536981 0.455794094706546 0.0
0.512442438479703 0.524184974853076 0.0
