-0.78347072649806 -0.649452356057163 0.0
0.442739713909925 -0.684734107950791 0.0
-0.776086449623108 0.61237245798111 0.0
0.61237245798111 0.61237245798111 0.0
-0.722262662796872 -0.651659510813446 0.0
0.444687526289309 -0.62339212709959 0.0
0.528176432726782 0.594178116596297 0.0
-0.756231153320274 0.542599042644635 0.0
-0.661035027839612 -0.653585688773584 0.0
0.446888699711171 -0.561905490153939 0.0
0.450325583851352 0.58422109755903 0.0
-0.749455722281061 0.47523265852083 0.0
-0.599801547969934 -0.655488402105675 0.0
0.449338595157747 -0.500263181598168 0.0
0.376352071789429 0.57770498432248 0.0
-0.747024660476917 0.409776024658836 0.0
-0.538558593437839 -0.657383102665801 0.0
0.452039929197842 -0.438456860123495 0.0
0.304800796140513 0.573079866064466 0.0
-0.746644054561733 0.345454428011131 0.0
-0.477308953418153 -0.659284010813115 0.0
0.455005078693178 -0.376478285951923 0.0
0.234869863444303 0.569688998492606 0.0
-0.747452126189257 0.281819165855434 0.0
-0.416050955152458 -0.661206115253591 0.0
0.458256919268118 -0.314317545205942 0.0
0.166076570961248 0.567197762211761 0.0
-0.749013584416178 0.218621555358906 0.0
-0.354778154163549 -0.6631487841286 0.0
0.461830163629906 -0.251961550061422 0.0
0.0980948909310373 0.565405201607421 0.0
-0.751067469593655 0.155721108885565 0.0
-0.293482438256498 -0.665096044894002 0.0
0.465773309472958 -0.189392198417958 0.0
0.0306718046313971 0.564154839560317 0.0
-0.753441392203391 0.0930372806044745 0.0
-0.232157443713845 -0.667022735674339 0.0
0.47015095347627 -0.126584575241033 0.0
-0.0364248858091696 0.563237627334193 0.0
-0.75601518286461 0.0305243292601448 0.0
-0.170800449324713 -0.66890154679701 0.0
0.475046294935116 -0.0635042358966968 0.0
-0.103435525316358 0.561999865051983 0.0
-0.75870353431159 -0.0318409517969169 0.0
-0.109413518000474 -0.670708909313684 0.0
0.480563653534874 -0.00010428797097464 0.0
-0.169385439018051 0.564355864613136 0.0
-0.7614498059814 -0.0940653594700219 0.0
-0.0480032810381651 -0.672429137227373 0.0
0.486831495996525 0.0636788578347287 0.0
-0.234339876716817 0.567581925462758 0.0
-0.764240219088934 -0.156140500455181 0.0
0.0134197128491789 -0.67405693977568 0.0
0.494007540998339 0.127931084766898 0.0
-0.29936811442638 0.567869398940145 0.0
-0.767187226010877 -0.218046931555112 0.0
0.0748424998473816 -0.675598729337862 0.0
0.502289969057146 0.192769662575223 0.0
-0.365020608867339 0.569497112503568 0.0
-0.769342763197008 -0.279868426055253 0.0
0.136250761181851 -0.677072986030341 0.0
0.511942269313732 0.258357761186853 0.0
-0.431421358719539 0.571467327555745 0.0
-0.77166480478737 -0.341729764708623 0.0
0.197630873838162 -0.678509745604829 0.0
0.52334648311365 0.324932439130733 0.0
-0.498447057901412 0.577595683157008 0.0
-0.774390753013748 -0.403547252205825 0.0
0.258971929321354 -0.679948949487895 0.0
0.537116349663826 0.392858347759557 0.0
-0.565427527703161 0.58397235045676 0.0
-0.776877940833618 -0.465212394506819 0.0
0.320267780359655 -0.681437091353942 0.0
0.554360082708082 0.462731673490337 0.0
-0.632599291343439 0.587260240501691 0.0
-0.779299420758425 -0.526725133132565 0.0
0.381519957416277 -0.683020902436728 0.0
0.57740682273585 0.535543126048306 0.0
-0.702494404369235 0.59517267159393 0.0
-0.781359334436488 -0.588133579506019 0.0
-0.720180957062771 -0.590340183050213 0.0
-0.718092953209652 -0.528909130639352 0.0
-0.715706778837774 -0.467356854923501 0.0
-0.713230800111771 -0.405742609404369 0.0
-0.710617784969181 -0.344070326977154 0.0
-0.708304913391882 -0.282326231815624 0.0
-0.705993220918745 -0.220345472950489 0.0
-0.703067784726444 -0.158109561148116 0.0
-0.700257696313098 -0.0958030868633388 0.0
-0.697497092704748 -0.0333834562044362 0.0
-0.694807015388318 0.0291828148435121 0.0
-0.692245749073565 0.0919277280346277 0.0
-0.689904045876274 0.154888870059393 0.0
-0.687914030341952 0.218113619374298 0.0
-0.686470790342957 0.281657284185256 0.0
-0.68587684421196 0.34556717792974 0.0
-0.686641156501325 0.409819758625946 0.0
-0.689728355464589 0.474102672046637 0.0
-0.697170281615587 0.537027430559229 0.0
-0.658978311835193 -0.592260290878509 0.0
-0.656826310069436 -0.530844521576942 0.0
-0.654469065369401 -0.46930951704505 0.0
-0.652000442642995 -0.407661499514898 0.0
-0.649482673721005 -0.345868100152008 0.0
-0.647099470245804 -0.283964650925867 0.0
-0.644620801687246 -0.221954995251596 0.0
-0.641824518014194 -0.159758748784269 0.0
-0.639046896357412 -0.097421910062233 0.0
-0.636306958632367 -0.0349415834105381 0.0
-0.633645192772545 0.0276934336685309 0.0
-0.631129519604 0.0904944787174146 0.0
-0.628859622087531 0.153467541705216 0.0
-0.626977419415345 0.216603551446434 0.0
-0.625685697853488 0.279856652618901 0.0
-0.625278531441676 0.343101266672753 0.0
-0.626184001264705 0.406049548270823 0.0
-0.62894425802204 0.468111073102507 0.0
-0.632529234835789 0.528344561796151 0.0
-0.597741692848236 -0.594167225755821 0.0
-0.595558734460168 -0.532738178942549 0.0
-0.593219995563217 -0.4711821224209 0.0
-0.590788103431621 -0.409493352340997 0.0
-0.588324579267706 -0.347673039245793 0.0
-0.585882745477656 -0.285752607910813 0.0
-0.583329651800768 -0.223716871020952 0.0
-0.580597843055348 -0.161525395576491 0.0
-0.577855338195111 -0.0991992396705997 0.0
-0.575146562266894 -0.0367455973392491 0.0
-0.572522754840058 0.0258281951988 0.0
-0.57005647615805 0.0885070230578334 0.0
-0.567847525116654 0.151260016778211 0.0
-0.566029546257859 0.214029946599283 0.0
-0.564776742865514 0.276717910148735 0.0
-0.564302434841353 0.339166910182939 0.0
-0.564803982302641 0.401153246833575 0.0
-0.566025642021173 0.462427464161182 0.0
-0.565807290499761 0.523132148800636 0.0
-0.536489581811376 -0.596059872214776 0.0
-0.534296891803643 -0.534620901535316 0.0
-0.531980725238053 -0.473055166708454 0.0
-0.529583022324528 -0.411362740728005 0.0
-0.527141335112786 -0.349552885923145 0.0
-0.524663733802389 -0.287640065562947 0.0
-0.522081792742205 -0.225614391970182 0.0
-0.519385676572129 -0.163462634951759 0.0
-0.516670335952744 -0.10120219368436 0.0
-0.513984976664204 -0.0388505078383357 0.0
-0.511383399423003 0.0235690800637662 0.0
-0.508935415398004 0.0860216548486743 0.0
-0.506730911230892 0.148454723551612 0.0
-0.504881196556831 0.210792101132015 0.0
-0.503513768750908 0.272926989614783 0.0
-0.502741503691699 0.334716946473897 0.0
-0.502520968859474 0.395984630678575 0.0
-0.502161120544278 0.456577207899865 0.0
-0.498823982782701 0.516465353170799 0.0
-0.47523062518331 -0.597963231412788 0.0
-0.473040208840783 -0.536526338004866 0.0
-0.470745924369643 -0.474968235456347 0.0
-0.468372566084045 -0.413292278805666 0.0
-0.465938804630251 -0.351507736724956 0.0
-0.463439969345447 -0.289623889242638 0.0
-0.460844595967638 -0.227639640106809 0.0
-0.458163243117155 -0.165557324948389 0.0
-0.455456611076838 -0.103396620950422 0.0
-0.452770489801128 -0.0411821485301018 0.0
-0.450154899923598 0.0210537901060363 0.0
-0.447670834420599 0.0832677548312395 0.0
-0.445391498820862 0.145401462186833 0.0
-0.443398394342547 0.207378335248724 0.0
-0.441764491448304 0.269098885293642 0.0
-0.440496332163735 0.330437145135574 0.0
-0.439358801388178 0.391248794640343 0.0
-0.437443390862812 0.451423654632141 0.0
-0.433382697192529 0.511193837864193 0.0
-0.413965222717809 -0.599892098497593 0.0
-0.411782678653168 -0.538465419632356 0.0
-0.409506808641708 -0.476924048446573 0.0
-0.407148542853689 -0.415272950461465 0.0
-0.404714483853859 -0.353521326728604 0.0
-0.402198215263988 -0.291678121219613 0.0
-0.399587783675686 -0.229748997344039 0.0
-0.396899390290281 -0.167744471486453 0.0
-0.394175195813639 -0.105685855909981 0.0
-0.391453958885455 -0.0436000280924561 0.0
-0.388777707462761 0.0184793651692956 0.0
-0.386194510960797 0.0805102805981767 0.0
-0.383756543418264 0.142440583691663 0.0
-0.381510604520412 0.204207271589262 0.0
-0.379470397977411 0.265736646290721 0.0
-0.377543956713931 0.326952515996356 0.0
-0.375376443804188 0.387809527264906 0.0
-0.372278577020018 0.448408214195245 0.0
-0.368319254591915 0.509145676101938 0.0
-0.352689319038327 -0.601842484249996 0.0
-0.350517133099174 -0.54042789669329 0.0
-0.348254964491646 -0.478904567326142 0.0
-0.345902959291973 -0.417278409423809 0.0
-0.343460626907499 -0.355558699766259 0.0
-0.340922680593488 -0.293755031250811 0.0
-0.338286527674558 -0.231876828239236 0.0
-0.335567973232348 -0.169937831055622 0.0
-0.332797114615484 -0.107958723427065 0.0
-0.330004185444522 -0.0459646983557227 0.0
-0.327221030273854 0.016014118308381 0.0
-0.324480946638848 0.0779422270234428 0.0
-0.321813962364335 0.139778465566823 0.0
-0.31923325150192 0.201477297516025 0.0
-0.316702978003461 0.262992683698291 0.0
-0.314073977131193 0.324292159114913 0.0
-0.311018964355432 0.38539415741428 0.0
-0.30720371796248 0.446413933142279 0.0
-0.302650167660781 0.507347372196064 0.0
-0.291397441513859 -0.603795301478829 0.0
-0.289236725498844 -0.542389721634898 0.0
-0.286982881468068 -0.480879860229202 0.0
-0.284628391353523 -0.419272122768062 0.0
-0.282168932455149 -0.357575659882736 0.0
-0.279600551168883 -0.295800299982456 0.0
-0.276924402519978 -0.233956782641777 0.0
-0.274153421482516 -0.172059139267647 0.0
-0.271308514824889 -0.110125959319295 0.0
-0.268411028981076 -0.0481791625470438 0.0
-0.265481940961316 0.0137558223673096 0.0
-0.262539738697223 0.0756501462436242 0.0
-0.259593862218462 0.137471998803151 0.0
-0.256629653771267 0.199189295406089 0.0
-0.253579369101083 0.260776336145154 0.0
-0.250283702554312 0.322232195116082 0.0
-0.246496920037135 0.383613162950482 0.0
-0.241981048245859 0.445039048815858 0.0
-0.236380879057972 0.506666746553704 0.0
-0.230085113276794 -0.605723450025114 0.0
-0.227936270969035 -0.544320751097996 0.0
-0.225685118297563 -0.482816142782782 0.0
-0.223319632027532 -0.421216245609594 0.0
-0.220833829979797 -0.359529807732993 0.0
-0.218224655685289 -0.297766302832374 0.0
-0.215493999619582 -0.235936341463866 0.0
-0.21265092284935 -0.174052989664658 0.0
-0.209708518897296 -0.112132600522945 0.0
-0.206679344956086 -0.0501943207712993 0.0
-0.203573587753857 0.011739499166776 0.0
-0.200395881290103 0.0736431754702315 0.0
-0.197138316299244 0.135487748926999 0.0
-0.193767291037633 0.197242859357639 0.0
-0.190204727008545 0.258881090253005 0.0
-0.186317641292413 0.320387320339684 0.0
-0.181944079129648 0.381762447154861 0.0
-0.176920316130165 0.443003452981442 0.0
-0.170672928736022 0.504064478228277 0.0
-0.168750065267389 -0.607598887379907 0.0
-0.166612849032026 -0.546191752877576 0.0
-0.164358750330309 -0.484682808789136 0.0
-0.161974291083799 -0.423078769941016 0.0
-0.159453320698679 -0.361387776679644 0.0
-0.156793187315395 -0.299618542541498 0.0
-0.153994844594804 -0.237780872837139 0.0
-0.151062961634433 -0.175886543053275 0.0
-0.148003351213444 -0.113950112952268 0.0
-0.144819746489747 -0.0519889815117098 0.0
-0.141511502645346 0.00997579356659321 0.0
-0.138070025642188 0.0719188760501954 0.0
-0.134472494256821 0.133809930392614 0.0
-0.130672651938946 0.195613985511062 0.0
-0.126592993101124 0.257292006909386 0.0
-0.122130624291578 0.318800763713849 0.0
-0.117185927358702 0.380083789459281 0.0
-0.111673643839213 0.441053297355591 0.0
-0.10592869852938 0.501735865234502 0.0
-0.10739313326827 -0.609398269821031 0.0
-0.105266364277407 -0.547979667017403 0.0
-0.103003773550861 -0.486457195815719 0.0
-0.100593139943559 -0.424837576599806 0.0
-0.0980291046206651 -0.363128149474947 0.0
-0.0953089242618358 -0.301336556598354 0.0
-0.0924315369344674 -0.239471393797739 0.0
-0.0893967448165566 -0.177542930941054 0.0
-0.0862030241793365 -0.115563983146719 0.0
-0.0828448966975549 -0.0535502412603013 0.0
-0.0793104256445243 0.00847877391159057 0.0
-0.0755777019539001 0.0704991097488849 0.0
-0.0716099216731471 0.132481900093824 0.0
-0.067350395723098 0.194394303574701 0.0
-0.0627227190766582 0.256201287443254 0.0
-0.0576448279741167 0.317870176437496 0.0
-0.0520639310887504 0.379381066403599 0.0
-0.0460926635072469 0.44077794359861 0.0
-0.040538472897245 0.502207143637568 0.0
-0.046018130915221 -0.61110678967264 0.0
-0.043899333335875 -0.549670960569819 0.0
-0.041622849785677 -0.48812728769685 0.0
-0.0391798288068894 -0.426482291433836 0.0
-0.0365661535657395 -0.364742228689835 0.0
-0.0337784369441105 -0.302913309121563 0.0
-0.0308127735133379 -0.241002474260117 0.0
-0.0276635988618196 -0.179018032272187 0.0
-0.0243217422342407 -0.116970512627894 0.0
-0.0207720827625088 -0.0548730202750908 0.0
-0.0169910826835034 0.00725793526164353 0.0
-0.0129438234582347 0.0694021447288763 0.0
-0.00858110630791992 0.131535696920704 0.0
-0.00383906187354774 0.193632470770385 0.0
0.0013530040721287 0.255666487213331 0.0
0.00704733647345723 0.317617569814764 0.0
0.0132106748201558 0.379483502516838 0.0
0.0195605336078355 0.441283448381048 0.0
0.0255046856459666 0.502917925377353 0.0
0.015368482701943 -0.612720458224996 0.0
0.0174832959274638 -0.551263540306688 0.0
0.0197787612903196 -0.489693159160299 0.0
0.02225910310143 -0.428015231567871 0.0
0.0249272600111411 -0.366234540139206 0.0
0.0277878854057944 -0.304355443855802 0.0
0.0308484001815596 -0.242382733431034 0.0
0.0341201653395968 -0.180322174140243 0.0
0.0376202641193073 -0.118181285886328 0.0
0.0413736420003032 -0.0559696336836107 0.0
0.0454152897680698 0.00630045188435095 0.0
0.0497922438723856 0.0686136656338506 0.0
0.0545640832800706 0.130951590132476 0.0
0.0597987806268375 0.193293457788322 0.0
0.0655577756407315 0.255616623351911 0.0
0.0718596985044685 0.317898101976649 0.0
0.0786076964281941 0.380111403627164 0.0
0.0855121467784873 0.44219276497078 0.0
0.0921340082354582 0.504002060546826 0.0
0.0767586183545173 -0.614247300104841 0.0
0.078874822982557 -0.5527677476758 0.0
0.0811936768632611 -0.491167746624485 0.0
0.0837145979744797 -0.429452027956315 0.0
0.0864398947058508 -0.367623479049426 0.0
0.0893761411403638 -0.305684221916794 0.0
0.092534791724316 -0.243636453520911 0.0
0.0959332927727166 -0.181482873436204 0.0
0.0995967540453769 -0.119227377552391 0.0
0.103559899933927 -0.0568753052765675 0.0
0.107868834494956 0.00556581846753625 0.0
0.112581970523987 0.0680858623841394 0.0
0.11776834745914 0.130671295180597 0.0
0.123499969858981 0.193304448156817 0.0
0.129832295637788 0.255961006255386 0.0
0.136765806819033 0.318605286760416 0.0
0.144191001895974 0.381176385901708 0.0
0.151846587153324 0.443566342121733 0.0
0.159329047447623 0.505620181938542 0.0
0.138142966152545 -0.615707683818106 0.0
0.140266752137554 -0.554206584817069 0.0
0.142612154296047 -0.492576973221374 0.0
0.145174810544457 -0.430821751084958 0.0
0.147957317099357 -0.368941583803879 0.0
0.150968773418141 -0.306936084775724 0.0
0.154225013977888 -0.244804515676909 0.0
0.157749703227244 -0.182546068595048 0.0
0.161575960029171 -0.120160466426435 0.0
0.165748158882404 -0.0576481753778122 0.0
0.170323311072237 0.00498878419367257 0.0
0.175371155328394 0.06774612041995 0.0
0.180971075989308 0.13061572301694 0.0
0.187202793269378 0.193583346393436 0.0
0.194126388166338 0.256623019732962 0.0
0.201748876207255 0.319687213641207 0.0
0.209980778219894 0.382690095336794 0.0
0.218591843517844 0.445490007207549 0.0
0.227152673347149 0.507892334740838 0.0
0.199512175859609 -0.617133798490639 0.0
0.201649480483901 -0.555615081199116 0.0
0.204022692389196 -0.493959037074368 0.0
0.206625796650515 -0.432166259996023 0.0
0.209462715141923 -0.370235088836329 0.0
0.212545507441213 -0.308162498328623 0.0
0.215894537233113 -0.245944540458803 0.0
0.219539659867611 -0.183576463124515 0.0
0.223521866748339 -0.121053178835941 0.0
0.227895020561832 -0.0583693753414071 0.0
0.232727031273091 0.00447970582804963 0.0
0.238099597026264 0.0674974184228452 0.0
0.244104883466585 0.130683680249465 0.0
0.250836952901293 0.19403148803667 0.0
0.258375263128131 0.257518970059293 0.0
0.266758538342063 0.321095933105012 0.0
0.27594636474589 0.384662136976916 0.0
0.28575530911156 0.448040722080101 0.0
0.29572362653634 0.51096169024543 0.0
0.260857676916694 -0.618567960079325 0.0
0.263012704163481 -0.557038415764921 0.0
0.265412563603731 -0.495362501533817 0.0
0.268052253143563 -0.433538536218301 0.0
0.27093777593503 -0.371562718696222 0.0
0.274084296254592 -0.309429323398499 0.0
0.277516645448442 -0.247130955637504 0.0
0.281270651589192 -0.184658485012217 0.0
0.285394863979305 -0.122001285640825 0.0
0.289952338856283 -0.059147077834472 0.0
0.295021874672099 0.00391758183202533 0.0
0.300698022895501 0.0672067154091324 0.0
0.307088847977087 0.130733047252481 0.0
0.314310517351116 0.194504387003516 0.0
0.322477655584304 0.258514913972609 0.0
0.33168766432289 0.322729260955206 0.0
0.341989255316015 0.387052891815287 0.0
0.35330073119591 0.451282236924748 0.0
0.365191833333217 0.515035342090492 0.0
0.32217206016178 -0.62005909886301 0.0
0.324345741907182 -0.558528135351084 0.0
0.326768604479134 -0.496842787537305 0.0
0.329438571656718 -0.434999987137787 0.0
0.332363777799518 -0.372993844418906 0.0
0.335562410088928 -0.310815909328576 0.0
0.339063480045055 -0.248455304127506 0.0
0.342908294143411 -0.185898354211827 0.0
0.347152318393929 -0.12312839718275 0.0
0.351867141547945 -0.0601250750197325 0.0
0.357142040376832 0.00313586988649322 0.0
0.363084839718146 0.0666829144068207 0.0
0.369821901062679 0.130548114850498 0.0
0.377497904112129 0.19476524289087 0.0
0.386276491582353 0.259363401666824 0.0
0.396341745574287 0.324353005220881 0.0
0.407889607540811 0.389692084127865 0.0
0.421061911592061 0.45520687925167 0.0
0.435673960156707 0.520415464653685 0.0
0.383449817448337 -0.621655956219629 0.0
0.385639229164146 -0.560135386823032 0.0
0.388079703934939 -0.498457535740055 0.0
0.390771148552783 -0.436617041923243 0.0
0.393723863963955 -0.374605796983025 0.0
0.396958809956274 -0.312413179971355 0.0
0.400508540283588 -0.250025686868612 0.0
0.404418866403154 -0.187425926560547 0.0
0.408750937977923 -0.124591699388807 0.0
0.413583483151403 -0.061494397393002 0.0
0.419014875014938 0.00190238110450164 0.0
0.425165157672493 0.0656448498361328 0.0
0.432178825336145 0.129791048832536 0.0
0.440230823513605 0.194413418940718 0.0
0.44954000241251 0.259600069170302 0.0
0.460396162528761 0.325453597861062 0.0
0.473203998407718 0.392076053589594 0.0
0.488525933851336 0.459500622044002 0.0
0.506978604009078 0.527422133430209 0.0
