-0.790952671658908 -0.647158016613491 0.0
0.434673748401139 -0.678880180044045 0.0
-0.794008791446686 0.61237245798111 0.0
0.61237245798111 0.61237245798111 0.0
-0.729736418702764 -0.649108152478165 0.0
0.436481703298755 -0.6175476250131 0.0
0.526357022001168 0.59626291618655 0.0
-0.77132767144675 0.543426681815058 0.0
-0.668503289507016 -0.650778494718623 0.0
0.438509156292396 -0.556087102529556 0.0
0.447194420158404 0.58765135517238 0.0
-0.762998677867206 0.476425112342592 0.0
-0.60726531601819 -0.65242172969788 0.0
0.440764164663971 -0.494489919776314 0.0
0.37214310232094 0.582016435711736 0.0
-0.759596345288496 0.411232816655641 0.0
-0.546020034577213 -0.654050370824242 0.0
0.443258385714198 -0.432749087487021 0.0
0.2996504624225 0.577963042577459 0.0
-0.758538208431643 0.347124558683097 0.0
-0.484772164267593 -0.655679703638089 0.0
0.446011604806895 -0.370857430163154 0.0
0.228869166675228 0.574928020242432 0.0
-0.758838870197488 0.283662056247604 0.0
-0.423522103199333 -0.657328573815837 0.0
0.449053825877164 -0.308806081722928 0.0
0.159289227629582 0.57263528128006 0.0
-0.759998820216857 0.220602447871384 0.0
-0.362265209003657 -0.659001925541057 0.0
0.452427499302255 -0.246583071448373 0.0
0.0905640486341901 0.57092040279402 0.0
-0.761719412061835 0.157810308615087 0.0
-0.300994591306747 -0.66068998096764 0.0
0.456190226564724 -0.184171481599228 0.0
0.0224215219954445 0.569647082105283 0.0
-0.76380450480643 0.0952096756636636 0.0
-0.239704355386753 -0.662373508540852 0.0
0.460417794569671 -0.121547606819466 0.0
-0.0453919264062114 0.568607898514845 0.0
-0.766118295364362 0.0327588347568343 0.0
-0.178391448105503 -0.664030274466839 0.0
0.46520738516446 -0.058678193029316 0.0
-0.113142543532262 0.567112859224857 0.0
-0.768564864917882 -0.0295619997044578 0.0
-0.117056838507598 -0.665640599846807 0.0
0.470680786564337 0.00448249208021105 0.0
-0.17975585976691 0.569457173420171 0.0
-0.771080089074504 -0.0917568239396827 0.0
-0.0557053910504454 -0.667191341483007 0.0
0.476988125725303 0.0679968388330854 0.0
-0.24524143320825 0.572652813521143 0.0
-0.773644270222869 -0.153815107075244 0.0
0.00565467679080309 -0.668678326034824 0.0
0.484313860285579 0.131949290310889 0.0
-0.310797981446196 0.572509100498054 0.0
-0.776356258527156 -0.2157164249428 0.0
0.0670131862998536 -0.670107582636671 0.0
0.492889514812886 0.196455020848679 0.0
-0.377097607209122 0.573731806079868 0.0
-0.778290888159167 -0.277529284870357 0.0
0.128358950099184 -0.671495564468914 0.0
0.503021603012726 0.261673668940477 0.0
-0.444258333288757 0.575201453789813 0.0
-0.780391920188745 -0.339386585052051 0.0
0.189681702889235 -0.67286835785514 0.0
0.515151061726412 0.327835730977987 0.0
-0.512120396394986 0.581072966349374 0.0
-0.782883452397272 -0.401212169829441 0.0
0.250973952590375 -0.674259560991605 0.0
0.529978665945306 0.395292534232438 0.0
-0.579863875132218 0.587079246242579 0.0
-0.785127128073538 -0.462887613013009 0.0
0.312232742388929 -0.675706215979879 0.0
0.548752936469779 0.464609814998229 0.0
-0.64778834468908 0.589520812766018 0.0
-0.787297159926366 -0.524411567469131 0.0
0.373462037256698 -0.67724149560796 0.0
0.574046694022595 0.536696571338482 0.0
-0.71877855792697 0.59647976290677 0.0
-0.789100565325812 -0.585829806411444 0.0
-0.727914270904457 -0.587780606121696 0.0
-0.726083378166329 -0.52634190798953 0.0
-0.723947819375866 -0.464781661347173 0.0
-0.721713259712657 -0.403160139322054 0.0
-0.719335985340702 -0.341481075152185 0.0
-0.71724830329168 -0.279739664624832 0.0
-0.715153589474254 -0.217769253890473 0.0
-0.712454365102848 -0.155543839290686 0.0
-0.70986912443913 -0.0932546029005503 0.0
-0.707337723567655 -0.0308598897405463 0.0
-0.704887043096241 0.0316727673077571 0.0
-0.702583013303202 0.0943745662904343 0.0
-0.700527326829271 0.157282628968518 0.0
-0.698868379424927 0.220444329789544 0.0
-0.697826138544092 0.283915366990974 0.0
-0.697742373588332 0.347742842323986 0.0
-0.699190457720695 0.411897827159455 0.0
-0.703245191063146 0.476039395713765 0.0
-0.712120252037088 0.538660540635952 0.0
-0.666707677855277 -0.589445573203166 0.0
-0.664812097748384 -0.528022030081035 0.0
-0.662703026844597 -0.466479155909174 0.0
-0.660473708397237 -0.404824272184553 0.0
-0.658187056645912 -0.343027167429071 0.0
-0.656025598639695 -0.281123552243986 0.0
-0.653764223070166 -0.219115153174281 0.0
-0.65118843646328 -0.156922848207376 0.0
-0.64863167386042 -0.094593114394525 0.0
-0.64611706093905 -0.0321228154172158 0.0
-0.643690577217705 0.0304996718541994 0.0
-0.641427759589882 0.0932864267589145 0.0
-0.639439294324518 0.156244489725809 0.0
-0.637883274095807 0.219365847788802 0.0
-0.636986410355291 0.28260468404692 0.0
-0.637078161308141 0.345831677875586 0.0
-0.638637902900537 0.408745007033812 0.0
-0.642272247283074 0.470718465034732 0.0
-0.646874095289661 0.530784658990994 0.0
-0.605468556885982 -0.591091793338221 0.0
-0.603540803569281 -0.529653125313829 0.0
-0.601447126293263 -0.468087201786525 0.0
-0.599250366670964 -0.406389305887022 0.0
-0.597013063837916 -0.344561064259023 0.0
-0.59478974248685 -0.282633462433194 0.0
-0.592451573181715 -0.220590686311785 0.0
-0.589935365830482 -0.158392272410081 0.0
-0.587409347448311 -0.0960588190264956 0.0
-0.584921530359052 -0.0335966444359408 0.0
-0.582528366862111 0.0289879108304489 0.0
-0.580309800777081 0.0916807477798895 0.0
-0.578376191370047 0.154451724151602 0.0
-0.576876228551969 0.217243352809277 0.0
-0.576005169557949 0.279954159837343 0.0
-0.57600448922228 0.342420131417528 0.0
-0.577103247859386 0.404404026257404 0.0
-0.579039708887941 0.465642970672197 0.0
-0.579430257131976 0.52631653888974 0.0
-0.544216093962245 -0.592716454871324 0.0
-0.542276593434872 -0.531265101975445 0.0
-0.540201472783422 -0.469686143372615 0.0
-0.53803415002069 -0.407980172544629 0.0
-0.53581405274321 -0.346156405930659 0.0
-0.533551415574612 -0.284228772115785 0.0
-0.531181174979699 -0.222186655451383 0.0
-0.528696397627142 -0.160016253997368 0.0
-0.52619343094086 -0.0977341908884755 0.0
-0.523724780491389 -0.0353570306826212 0.0
-0.521349091556366 0.0270925682251989 0.0
-0.519143037056639 0.0895798770710532 0.0
-0.517206106951435 0.152051568339182 0.0
-0.515662704964836 0.214428758009274 0.0
-0.514657207962454 0.276598857764528 0.0
-0.514321083851853 0.338409096250639 0.0
-0.514617609481282 0.399667101564382 0.0
-0.514793152745249 0.460209631429768 0.0
-0.51171193660566 0.520022724015855 0.0
-0.482959976919642 -0.594346259083231 0.0
-0.481019761626576 -0.532894137777309 0.0
-0.478961925952981 -0.471319211163156 0.0
-0.47681409434205 -0.409625135306335 0.0
-0.474597569899729 -0.34782090868235 0.0
-0.47231021942137 -0.285915146284394 0.0
-0.469923341744364 -0.223905967575432 0.0
-0.467449727918736 -0.161795013835408 0.0
-0.464951799731876 -0.0996012978613335 0.0
-0.462478279167003 -0.0373489898461695 0.0
-0.460083442658646 0.0249295322362215 0.0
-0.457834227509955 0.0871898401958917 0.0
-0.455811862714783 0.149371199360963 0.0
-0.454108025613795 0.211392359168137 0.0
-0.45280683637914 0.273145980217003 0.0
-0.451921390082809 0.334494233935033 0.0
-0.451198907140703 0.395278023307652 0.0
-0.449637611458414 0.455376799423628 0.0
-0.445739059517941 0.515037274815033 0.0
-0.421701835563583 -0.596000350873334 0.0
-0.41976541146667 -0.53455622818878 0.0
-0.417720968103882 -0.472995194777286 0.0
-0.415583475007692 -0.411322388121942 0.0
-0.413362696324728 -0.34954661550391 0.0
-0.411054788206059 -0.287676125347064 0.0
-0.408650033620698 -0.225715848329813 0.0
-0.406166355642871 -0.163675708085711 0.0
-0.403647468885012 -0.101576635693377 0.0
-0.401134478794335 -0.0394455394831076 0.0
-0.398672763646211 0.0226832182235016 0.0
-0.396314941022859 0.0847658750014288 0.0
-0.394118929801895 0.14674719119506 0.0
-0.392137784268758 0.20855926680528 0.0
-0.390389293076983 0.270121476400421 0.0
-0.388775378904542 0.331349328434384 0.0
-0.386905832074758 0.392191436997714 0.0
-0.38401800198532 0.452755358125914 0.0
-0.380203170107176 0.513468417736325 0.0
-0.360438765771213 -0.597680623757671 0.0
-0.358507415229687 -0.536247458760745 0.0
-0.356471307549897 -0.474702959429254 0.0
-0.354335534454812 -0.413053104744039 0.0
-0.352103000971624 -0.351306712795759 0.0
-0.349770773572883 -0.289472702594595 0.0
-0.347337937212647 -0.227559859008094 0.0
-0.344821454872034 -0.165581478949816 0.0
-0.342252472858518 -0.103558107178452 0.0
-0.339662739199753 -0.0415152688812695 0.0
-0.337086235492462 0.0205159127749794 0.0
-0.334559013756173 0.0824980766250418 0.0
-0.332114093175477 0.144387152172741 0.0
-0.329766538879244 0.206133574058367 0.0
-0.327477699756567 0.267686460175705 0.0
-0.325082938354969 0.329009089943217 0.0
-0.322217879562223 0.390120062854507 0.0
-0.318509967003906 0.451143014380987 0.0
-0.313973025496566 0.512063177785181 0.0
-0.299166130284729 -0.599374313145921 0.0
-0.297239716312226 -0.537950288136191 0.0
-0.29520629131295 -0.476419305396602 0.0
-0.293063773429818 -0.414787710979629 0.0
-0.290811139227633 -0.353064138166131 0.0
-0.288446338434779 -0.291257761735067 0.0
-0.285971548399769 -0.229378757628742 0.0
-0.283400175586097 -0.167440824575289 0.0
-0.280753426977394 -0.105462552954264 0.0
-0.278053122124392 -0.0434663206718512 0.0
-0.275320934029196 0.0185213992735663 0.0
-0.272576072546949 0.0804700140360801 0.0
-0.269828041311246 0.142345216130972 0.0
-0.26705986333183 0.204111804465798 0.0
-0.264195439832589 0.265740996863966 0.0
-0.261055665550796 0.327230682467068 0.0
-0.257362924736685 0.388641182758472 0.0
-0.252843335396903 0.45010131782494 0.0
-0.24707651883918 0.511779000137824 0.0
-0.237879820765806 -0.601060245379713 0.0
-0.235957558534689 -0.539640493914627 0.0
-0.233921000771741 -0.478116358679127 0.0
-0.231763567380281 -0.416494228167102 0.0
-0.2294821351984 -0.35478224983045 0.0
-0.22707488295034 -0.292989239697962 0.0
-0.224543947519473 -0.231125290114555 0.0
-0.221898046639464 -0.169203205450068 0.0
-0.219149649085454 -0.107239422025066 0.0
-0.216310585670923 -0.0452536140376818 0.0
-0.21339014528058 0.0167307890913535 0.0
-0.210391538219513 0.0786863710505065 0.0
-0.207304048020367 0.140581727064824 0.0
-0.204088149913448 0.202383422690491 0.0
-0.200653953296113 0.264060769011255 0.0
-0.19684846265481 0.325596050828666 0.0
-0.192482735510424 0.386988346205992 0.0
-0.187357772245425 0.448231018698812 0.0
-0.180798137540425 0.509266170021979 0.0
-0.176577402019091 -0.602715372963393 0.0
-0.174658042392958 -0.541293723480121 0.0
-0.172612682093613 -0.47976824462052 0.0
-0.170432776784655 -0.418145189217529 0.0
-0.168114256156053 -0.356431982931888 0.0
-0.165654835222444 -0.294636656115824 0.0
-0.163054819847358 -0.232768521663132 0.0
-0.160317607379515 -0.170839144224411 0.0
-0.1574473263551 -0.108863228563019 0.0
-0.154445652944661 -0.0468587644039815 0.0
-0.151309323456866 0.0151520434668114 0.0
-0.148026092080332 0.0771420292829409 0.0
-0.14456755183873 0.139078224718353 0.0
-0.140878478434871 0.200922153572481 0.0
-0.136867372431971 0.262630400065835 0.0
-0.132411805331185 0.324154206359619 0.0
-0.12738833461004 0.38542901743631 0.0
-0.121680511960266 0.446353834321498 0.0
-0.115633158321939 0.50695768945165 0.0
-0.115259013087312 -0.604320126341603 0.0
-0.113340696738742 -0.542890524348176 0.0
-0.111281174142593 -0.481355695740837 0.0
-0.109072126284024 -0.419721617920311 0.0
-0.106709182283713 -0.357994781939435 0.0
-0.104188927660611 -0.296182110530362 0.0
-0.101508659713035 -0.23429171970446 0.0
-0.0986658888255672 -0.172333695891985 0.0
-0.0956562404467379 -0.110321020082214 0.0
-0.0924707327869262 -0.0482699719794202 0.0
-0.0890929705625369 0.0137988178471397 0.0
-0.0854950826914172 0.0758596529243591 0.0
-0.0816319500460547 0.137881187109248 0.0
-0.0774351527860188 0.199827319929867 0.0
-0.0728123636489684 0.261659033072482 0.0
-0.0676618072930257 0.323339123891038 0.0
-0.0619092529000008 0.384843574473766 0.0
-0.0556591914069067 0.446219965710459 0.0
-0.0497942797725567 0.507636838313091 0.0
-0.0539272977791703 -0.605862115721894 0.0
-0.0520073186792574 -0.544419597118698 0.0
-0.0499287026632366 -0.482868695362698 0.0
-0.0476849663023074 -0.421214877234988 0.0
-0.0452716239578911 -0.359463417073893 0.0
-0.0426834575911611 -0.297619771730832 0.0
-0.0399138650714176 -0.235690404615423 0.0
-0.0369539116712929 -0.173683433196878 0.0
-0.0337903379938099 -0.111609505314406 0.0
-0.0304029954700653 -0.0494821989452196 0.0
-0.0267619826820345 0.012681080782075 0.0
-0.0228241076748212 0.0748587287725139 0.0
-0.0185292815564211 0.137024877512734 0.0
-0.0137995277749581 0.199150891214547 0.0
-0.00854692346814859 0.261207857983747 0.0
-0.00270068347396997 0.323172778405762 0.0
0.00371904811337066 0.38504273636313 0.0
0.0104179774559154 0.44684103636813 0.0
0.0167699870466415 0.508459351743169 0.0
0.00741283657601271 -0.607338347032198 0.0
0.00933813109978872 -0.545879654303855 0.0
0.0114401322245884 -0.484307892046389 0.0
0.0137226784779772 -0.422627623256404 0.0
0.0161906184059065 -0.360842548569545 0.0
0.0188516498383088 -0.298956264881404 0.0
0.0217169584547806 -0.236973087813611 0.0
0.0248023670202231 -0.174898558632916 0.0
0.028130306798044 -0.112740211997922 0.0
0.031732292994717 -0.0505078833762153 0.0
0.0356515714645331 0.0117855280376913 0.0
0.0399456676883067 0.0741237904539329 0.0
0.0446873847024942 0.136487139084219 0.0
0.0499607560574559 0.19885299927667 0.0
0.0558451253404612 0.261196516647871 0.0
0.0623754397938668 0.323492476359568 0.0
0.0694618281818668 0.385712678588612 0.0
0.0768066248679047 0.44778904273027 0.0
0.0839613427538509 0.509571330189552 0.0
0.0687551257091028 -0.608756337211489 0.0
0.0706901283288436 -0.547280332323865 0.0
0.0728187923790425 -0.485685298935713 0.0
0.0751424725893336 -0.423974387223524 0.0
0.0776669970866902 -0.362149381917981 0.0
0.0804031676209152 -0.300211687420088 0.0
0.083367224884153 -0.23816305481833 0.0
0.0865821311540126 -0.176005929365576 0.0
0.0900795729149327 -0.113744103436238 0.0
0.0939023459046949 -0.0513829601984517 0.0
0.098106626081258 0.0110697535117587 0.0
0.102763394688464 0.0736034406029654 0.0
0.107957046453378 0.136203757749545 0.0
0.113777398272922 0.198851741342669 0.0
0.120298510368495 0.261521153613152 0.0
0.127536404608338 0.324173564861477 0.0
0.135389102293316 0.386743606460836 0.0
0.143594228732685 0.449115825429259 0.0
0.151747176147643 0.51112661981529 0.0
0.130092245028116 -0.610134279660698 0.0
0.132041486602935 -0.548642232210546 0.0
0.13419857216945 -0.487024234490865 0.0
0.136563552499979 -0.425281537215337 0.0
0.139144073745911 -0.363413808925407 0.0
0.141954526216108 -0.301420073849924 0.0
0.145016448786223 -0.239299230805791 0.0
0.148359992846036 -0.177050222685193 0.0
0.152026006895242 -0.114672576942252 0.0
0.156068353337293 -0.0521666032405415 0.0
0.160555823742996 0.010465766578187 0.0
0.165572676292934 0.0732201798201231 0.0
0.171215692921073 0.136088166258216 0.0
0.177584301892584 0.199054575751262 0.0
0.184758801979335 0.262091590242719 0.0
0.19276377029969 0.325148174673303 0.0
0.201521385419555 0.388132310754595 0.0
0.21080636491179 0.450893224138475 0.0
0.220189239043238 0.513227581778652 0.0
0.191416882801082 -0.611500196235881 0.0
0.19338403947127 -0.549995928285451 0.0
0.195569279217368 -0.488358250451081 0.0
0.197973343814918 -0.426586281446491 0.0
0.200606490808401 -0.364677631707744 0.0
0.203486933635268 -0.302628919757392 0.0
0.206641508859261 -0.240435991529002 0.0
0.210107409188959 -0.1780939094191 0.0
0.213934396664043 -0.115597353048192 0.0
0.218187119549819 -0.0529407122879754 0.0
0.222946847120066 0.00988110184240607 0.0
0.228311638009855 0.0728717108453436 0.0
0.234393119449968 0.136031052280398 0.0
0.24130739859613 0.199351564159279 0.0
0.24915716762899 0.262809653145919 0.0
0.258003342781612 0.326351276130784 0.0
0.267823965636579 0.389869004206598 0.0
0.278447069374801 0.453175068041408 0.0
0.289410788433317 0.51598812667018 0.0
0.252722478170246 -0.612889694010027 0.0
0.254709131464959 -0.55137950690483 0.0
0.25691994733404 -0.489728650011749 0.0
0.259358521233462 -0.427934454569811 0.0
0.262038088957879 -0.365992831318641 0.0
0.264980576858287 -0.303898040828161 0.0
0.268217876054446 -0.241642717633899 0.0
0.271793854446881 -0.179217678723258 0.0
0.27576673256425 -0.116612103716963 0.0
0.28021150192334 -0.0538133665558421 0.0
0.285221746954415 0.00919243488436516 0.0
0.29091010854351 0.072419789316161 0.0
0.297406238422164 0.135881695702228 0.0
0.304851205361721 0.199585684280059 0.0
0.313387253572049 0.26352445460932 0.0
0.323141079185067 0.327658846734894 0.0
0.3341901497286 0.391886545712489 0.0
0.346475061770092 0.455990557068353 0.0
0.35956952470694 0.519571413951448 0.0
0.314003593227151 -0.614341612836742 0.0
0.316008175283622 -0.552833937634704 0.0
0.318239937321643 -0.491180181175037 0.0
0.320706386315029 -0.42937707403054 0.0
0.323423327197734 -0.367419032195259 0.0
0.326416039149157 -0.305298013058688 0.0
0.329720985770184 -0.243003462238914 0.0
0.333388052105393 -0.180521860766969 0.0
0.337483111718772 -0.117836502084518 0.0
0.342090658043789 -0.0549267902545409 0.0
0.347315989307703 0.0082319163279472 0.0
0.353286589225845 0.0716685168146661 0.0
0.360152514461587 0.135415331302763 0.0
0.36808653076442 0.199505891162152 0.0
0.377285283847409 0.263967933773807 0.0
0.387971539346753 0.328808201499072 0.0
0.400385417094642 0.393976480233703 0.0
0.414712546635976 0.45928227561091 0.0
0.430790944727029 0.524214836724313 0.0
0.375256835816506 -0.615890019997143 0.0
0.377274800871614 -0.554395173554796 0.0
0.379521884548059 -0.492755357006031 0.0
0.382007623504832 -0.430966041390439 0.0
0.384749975962991 -0.369020025462606 0.0
0.387777073985083 -0.306907486621728 0.0
0.391129137745384 -0.244615569338743 0.0
0.394860924289218 -0.182127371507325 0.0
0.3990445287682 -0.119421018510645 0.0
0.403772315201602 -0.0564680725341458 0.0
0.40915963997716 0.0067678115206776 0.0
0.415347492330856 0.0703328031057905 0.0
0.422505928694599 0.134284719422584 0.0
0.430841052359805 0.198695264366691 0.0
0.44061031882574 0.263650683162046 0.0
0.452152954437855 0.329249317773439 0.0
0.465938799635578 0.395583680284419 0.0
0.482614117790701 0.46266533280405 0.0
0.5028810305422 0.530141390506963 0.0
