-0.793433116341301 -0.646317707293558 0.0
0.431947284788071 -0.676449929600105 0.0
-0.800797867774963 0.61237245798111 0.0
0.61237245798111 0.61237245798111 0.0
-0.732213818230138 -0.648153282994305 0.0
0.433688631391339 -0.615121098639256 0.0
0.525687062397115 0.597092168515621 0.0
-0.777036104050474 0.543748976564654 0.0
-0.670979040746409 -0.649710183349185 0.0
0.435634940335521 -0.553671241239517 0.0
0.446036298636464 0.589017357127991 0.0
-0.768099397383313 0.476882489069441 0.0
-0.609740168750623 -0.6512389029961 0.0
0.437799332667393 -0.492092658524328 0.0
0.370580247927291 0.583734384200869 0.0
-0.764311195398814 0.411784789948798 0.0
-0.548495213048127 -0.652751116854239 0.0
0.44019711093144 -0.430378935503567 0.0
0.297731856276738 0.579908992046163 0.0
-0.76297875623829 0.34775209648813 0.0
-0.487249589317933 -0.654262712695242 0.0
0.442851107153035 -0.368523329031798 0.0
0.226627838327311 0.577015062501767 0.0
-0.763069367968741 0.284350481099606 0.0
-0.426004407829248 -0.655794090998255 0.0
0.445794252064342 -0.306517377220922 0.0
0.156748520133649 0.574799840309505 0.0
-0.764059054551498 0.221339286506159 0.0
-0.364755621029926 -0.657352320120475 0.0
0.449072148519156 -0.244349523712241 0.0
0.0877398449258857 0.573113601229332 0.0
-0.765634895632873 0.158584941415918 0.0
-0.303496712402656 -0.658929922186679 0.0
0.452746072172876 -0.182003277814113 0.0
0.0193226256736239 0.571828329104829 0.0
-0.767591818090598 0.0960131540785184 0.0
-0.242221883308086 -0.660509831315151 0.0
0.456896288052364 -0.119455360903424 0.0
-0.0487647819740242 0.570737740842511 0.0
-0.769788192660907 0.0335836768684464 0.0
-0.180927884212687 -0.662071640736314 0.0
0.461625535204352 -0.0566729332347481 0.0
-0.116798515879819 0.569139146629511 0.0
-0.772124192207897 -0.0287220358639483 0.0
-0.119615209781199 -0.663597045495331 0.0
0.467062504935608 0.00638933066238619 0.0
-0.18366664602531 0.571468840057986 0.0
-0.774532974477896 -0.0909069773777099 0.0
-0.0582880033601424 -0.665073765132755 0.0
0.473365837321261 0.0697933787759328 0.0
-0.249355626557349 0.574641715709964 0.0
-0.776992715929672 -0.152959874798671 0.0
0.00304644731360724 -0.666497945202231 0.0
0.480730437980053 0.133623072171278 0.0
-0.315113164419392 0.574325906958355 0.0
-0.779597333041603 -0.214860011331971 0.0
0.0643790623999899 -0.667875354232778 0.0
0.489400777010632 0.197992663199885 0.0
-0.381660437835397 0.575384314556333 0.0
-0.781430170394513 -0.276670115994196 0.0
0.125699882663772 -0.669221541741894 0.0
0.499699963513783 0.263060161421952 0.0
-0.449112221430294 0.576652914418414 0.0
-0.783429657576653 -0.338526297782656 0.0
0.186999953327519 -0.670560930609481 0.0
0.51209150855255 0.329052991687646 0.0
-0.517296173612878 0.582412017276504 0.0
-0.785814861040739 -0.400355330273802 0.0
0.248273106893446 -0.671924505230585 0.0
0.527309318294706 0.396316280338445 0.0
-0.585331614785998 0.588264133239927 0.0
-0.787949113799768 -0.462034996356105 0.0
0.309517606937657 -0.673345461867752 0.0
0.54665480782859 0.465401892755578 0.0
-0.653540656749754 0.590376462324122 0.0
-0.790006767998322 -0.523563554862311 0.0
0.370738313765636 -0.674851514736993 0.0
0.572791091004456 0.537183047833923 0.0
-0.72494751677621 0.596966869650788 0.0
-0.791696141615199 -0.584985706000078 0.0
-0.730506913164458 -0.586822422005115 0.0
-0.728790224805772 -0.52538066283903 0.0
-0.726766608288721 -0.46381708446113 0.0
-0.724640664620927 -0.402192414756198 0.0
-0.722370143038561 -0.340510300629906 0.0
-0.720385506779892 -0.27876935822505 0.0
-0.718391228233427 -0.216802127986589 0.0
-0.715796301623826 -0.154579698855564 0.0
-0.71331510639217 -0.0922957803653964 0.0
-0.7108895854286 -0.0299090077344779 0.0
-0.708548737219907 0.0326127450153894 0.0
-0.706361295216689 0.0953004020539085 0.0
-0.70443301850414 0.158190920515917 0.0
-0.702918421648159 0.221331647208424 0.0
-0.702046910224714 0.284778316206105 0.0
-0.702175230081274 0.348577627092987 0.0
-0.703901387720312 0.412697752744261 0.0
-0.708342168100511 0.47678469026586 0.0
-0.71777908218949 0.539280952302277 0.0
-0.669299174516293 -0.588374177311006 0.0
-0.667517477292405 -0.526947394833549 0.0
-0.665519335011685 -0.465401176068819 0.0
-0.663397829687549 -0.403743257271487 0.0
-0.661216243418864 -0.34194423292983 0.0
-0.659156696057123 -0.28003996771558 0.0
-0.656995978627755 -0.218031328122824 0.0
-0.654522436417987 -0.155839570499692 0.0
-0.652068358259013 -0.0935114053949875 0.0
-0.649658339817939 -0.0310435865699819 0.0
-0.647340352125666 0.0315756672920228 0.0
-0.645192736045108 0.0943586831476979 0.0
-0.643330284600798 0.15731281307329 0.0
-0.641917188252146 0.2204302670924 0.0
-0.641189235354254 0.283664903140237 0.0
-0.641489339789107 0.346885362849891 0.0
-0.643316328751056 0.409783469127146 0.0
-0.6473008619918 0.471717984072751 0.0
-0.652302713389965 0.531712926528176 0.0
-0.608059773851161 -0.589905415271355 0.0
-0.606245340002667 -0.528462822794822 0.0
-0.604261345679239 -0.466892838550743 0.0
-0.602170834501945 -0.405191119458344 0.0
-0.600036819598778 -0.343359463517724 0.0
-0.597914311119367 -0.281428685947094 0.0
-0.595676043648048 -0.219382686860121 0.0
-0.593260387286452 -0.157180959098865 0.0
-0.590835576282001 -0.0948439633866774 0.0
-0.588450895083583 -0.0323777069260705 0.0
-0.586164680172059 0.0302118005791461 0.0
-0.584059587405803 0.0929107566986252 0.0
-0.582249903817843 0.15568914516645 0.0
-0.580889961242153 0.21848914550211 0.0
-0.580182942969201 0.281207960619499 0.0
-0.580380916356155 0.343678448490577 0.0
-0.581724737968165 0.405657736225626 0.0
-0.583949326260699 0.466877966335121 0.0
-0.584582058170924 0.527535493165515 0.0
-0.546808161959353 -0.591412977281742 0.0
-0.544981072951208 -0.52995673986043 0.0
-0.543014044546616 -0.468372571647176 0.0
-0.540951182651764 -0.40666126730967 0.0
-0.538832694178974 -0.344832025576846 0.0
-0.536669649326158 -0.282898563810736 0.0
-0.53439823475527 -0.220849967718549 0.0
-0.532012552256383 -0.158672216526364 0.0
-0.529609396668508 -0.0963816749236466 0.0
-0.527242426082513 -0.0339946164385437 0.0
-0.524972016905185 0.0284664956652679 0.0
-0.522877336146257 0.0909669067105831 0.0
-0.521061406398406 0.153452838259126 0.0
-0.51965348118654 0.215844210566138 0.0
-0.518804197292405 0.278026043592478 0.0
-0.51865185305648 0.339841479338347 0.0
-0.519161756736651 0.401092474834363 0.0
-0.519554901876302 0.46161266930908 0.0
-0.516579223703735 0.521396323850251 0.0
-0.485554389286018 -0.592924379348216 0.0
-0.483725269127664 -0.531466425914677 0.0
-0.481773700677206 -0.469885103290325 0.0
-0.479728494602672 -0.408184185383587 0.0
-0.477611997613764 -0.346372566638634 0.0
-0.47542303140554 -0.284458603088257 0.0
-0.473133894176262 -0.222440107989503 0.0
-0.47075814312407 -0.160318467743951 0.0
-0.468358754364304 -0.0981124740025132 0.0
-0.465985446359583 -0.0358461650559195 0.0
-0.463693983701723 0.0264479993564138 0.0
-0.461553424548479 0.0887251480162471 0.0
-0.45964789779641 0.15092353681285 0.0
-0.458072778752713 0.212960062097824 0.0
-0.456916210322566 0.274724349699393 0.0
-0.456193441190889 0.336074096673059 0.0
-0.455644264208726 0.396844870509283 0.0
-0.454229878056716 0.456913031705118 0.0
-0.450401452754488 0.516531616256471 0.0
-0.424300498108212 -0.594460490468483 0.0
-0.422473405734313 -0.533009847695167 0.0
-0.420533227252656 -0.471441546821945 0.0
-0.418496549413038 -0.409760790031841 0.0
-0.416374352674498 -0.347976229946741 0.0
-0.414163735405121 -0.286095843181874 0.0
-0.411855756875871 -0.224124276581169 0.0
-0.409468894315864 -0.16207123519895 0.0
-0.40704733469422 -0.0999575245577617 0.0
-0.40463294025238 -0.0378100889204753 0.0
-0.402272215150061 0.0243364078912996 0.0
-0.40001934742727 0.0864375173187628 0.0
-0.397934268152527 0.148436789123208 0.0
-0.396072214381456 0.210264444505208 0.0
-0.39445227838024 0.271837241999969 0.0
-0.392973663983528 0.333067637244855 0.0
-0.391231963154935 0.393902241559843 0.0
-0.388435711562633 0.454451738727358 0.0
-0.384685590416553 0.515154917497679 0.0
-0.363043956268815 -0.596025431791409 0.0
-0.361219695175292 -0.534585471193278 0.0
-0.359285706563466 -0.473033340014903 0.0
-0.35724900741671 -0.411375033756442 0.0
-0.355113776114952 -0.349619184237004 0.0
-0.352877910586584 -0.287774441558422 0.0
-0.350541037124771 -0.225849337733391 0.0
-0.348120439761872 -0.163856999175054 0.0
-0.345647527653798 -0.10181792269621 0.0
-0.343154473517706 -0.0397577668599639 0.0
-0.340675908541256 0.022291957779899 0.0
-0.338248758230003 0.0842931751301701 0.0
-0.335906991059466 0.146200707368288 0.0
-0.333666175594097 0.207963470296478 0.0
-0.33148630808717 0.269528787961846 0.0
-0.329196429266761 0.330858444440977 0.0
-0.326417416346267 0.391971341122418 0.0
-0.322761816247774 0.452994550462971 0.0
-0.318240675794924 0.513909208064705 0.0
-0.301780376885864 -0.597608779760382 0.0
-0.299958326272106 -0.536178153732786 0.0
-0.298024763613189 -0.474639752173337 0.0
-0.295979678185826 -0.412999879568519 0.0
-0.293823249567128 -0.351266951465832 0.0
-0.291554060425852 -0.289449873637807 0.0
-0.289174558409897 -0.227558590371049 0.0
-0.286698191852777 -0.165606661744316 0.0
-0.284146129626664 -0.103612670147454 0.0
-0.281540205593164 -0.0415991603009973 0.0
-0.27890218040194 0.0204070053605384 0.0
-0.276251349653092 0.0823745806433736 0.0
-0.273597035260381 0.144268323805017 0.0
-0.270921138805485 0.20605187733548 0.0
-0.268144072935316 0.26769534442766 0.0
-0.265078774129016 0.329196271476042 0.0
-0.26143505752113 0.390616663942561 0.0
-0.256925243950629 0.452088848580781 0.0
-0.251104341956127 0.513784830289775 0.0
-0.240505729391506 -0.599191522396675 0.0
-0.238684656650311 -0.53776582706976 0.0
-0.236745638874639 -0.476235052233131 0.0
-0.234684127131704 -0.414605467399497 0.0
-0.232497999624259 -0.352884960761564 0.0
-0.230185787125677 -0.291082069476229 0.0
-0.227749580813117 -0.229206663376541 0.0
-0.225197813078389 -0.16727142563032 0.0
-0.222542547366148 -0.105292804724033 0.0
-0.219795158211789 -0.0432906560028769 0.0
-0.216964400844207 0.0187112016494783 0.0
-0.214052737564698 0.08068471745602 0.0
-0.211048155803883 0.142597588575749 0.0
-0.207908610545683 0.204415258747346 0.0
-0.204539385589719 0.266105869791216 0.0
-0.20077948022393 0.327650833714702 0.0
-0.196429347767891 0.389048670683371 0.0
-0.191276427589457 0.450291474100684 0.0
-0.184606601393307 0.511316765553354 0.0
-0.179217461363045 -0.600752409465964 0.0
-0.17739575388692 -0.53932589152805 0.0
-0.17544561313766 -0.477795061283603 0.0
-0.17336028865783 -0.416165953433449 0.0
-0.171136381439594 -0.354445681904406 0.0
-0.168771602674315 -0.292641980940004 0.0
-0.166265852755431 -0.230763943494427 0.0
-0.163621874258526 -0.168823024198267 0.0
-0.160842972653278 -0.106833954117955 0.0
-0.157929847194562 -0.0448149177119859 0.0
-0.15487802989495 0.017211476925025 0.0
-0.151673660385876 0.0792174067092698 0.0
-0.148285956182767 0.141168950070653 0.0
-0.144655993413956 0.203026361197363 0.0
-0.140686617444997 0.264744642343525 0.0
-0.136247628951601 0.32627303348948 0.0
-0.131206274194293 0.387543985900813 0.0
-0.125434171058985 0.448451473996973 0.0
-0.119280418218555 0.50902536812305 0.0
-0.117915401950936 -0.602273204029467 0.0
-0.116090971587225 -0.540840166037013 0.0
-0.114124443291683 -0.479301704966949 0.0
-0.112008855483885 -0.417663462793235 0.0
-0.109740060389931 -0.355931560335195 0.0
-0.107314221110269 -0.294112604552319 0.0
-0.104727833847408 -0.232214490620173 0.0
-0.101977351374402 -0.170247198955693 0.0
-0.0990571187251321 -0.108223737365823 0.0
-0.0959566131660255 -0.0461605711631985 0.0
-0.0926575200174242 0.0159212892562634 0.0
-0.0891294575587955 0.0779955320219014 0.0
-0.0853238758149714 0.140029922562689 0.0
-0.0811675965037082 0.201987181889458 0.0
-0.0765619239890051 0.26382683558787 0.0
-0.0713973078879047 0.32550999438538 0.0
-0.0655912028086114 0.387011043036256 0.0
-0.0592451253839343 0.44837880949027 0.0
-0.0532709236766871 0.509790205023907 0.0
-0.0566017133949271 -0.603742334462477 0.0
-0.0547718081893682 -0.542298101967708 0.0
-0.0527841727990935 -0.480745631824018 0.0
-0.0506330537250899 -0.419089929154819 0.0
-0.0483136418544463 -0.357335842318285 0.0
-0.0458198344606919 -0.295488495923308 0.0
-0.0431438110380973 -0.233554129397072 0.0
-0.0402751560458413 -0.171540747009216 0.0
-0.0371988467141493 -0.109459000228289 0.0
-0.0338926011184108 -0.0473226030500112 0.0
-0.0303238596498884 0.0148507461782043 0.0
-0.0264460250452068 0.077038962228451 0.0
-0.0221945845177427 0.13921548511224 0.0
-0.0174858958622576 0.201350767745413 0.0
-0.0122251898011521 0.263414806332469 0.0
-0.00633439713902571 0.325383506889338 0.0
0.000171404818921345 0.387253612655825 0.0
0.00699324926441626 0.449049931092139 0.0
0.0134922529077027 0.510660675362315 0.0
0.00471931716117259 -0.605157080838057 0.0
0.00655817075405043 -0.543698615821715 0.0
0.00857086262840961 -0.482127608982709 0.0
0.010761297829607 -0.42044804270574 0.0
0.0131352614264265 -0.358663151733708 0.0
0.0157018151873481 -0.296776195662569 0.0
0.0184737823604564 -0.234791265472467 0.0
0.021468892579359 -0.172713774205238 0.0
0.0247118300553421 -0.110551217996684 0.0
0.0282368413538034 -0.0483134886935852 0.0
0.0320905632105884 0.0139863470179967 0.0
0.0363347837056068 0.0763317537553217 0.0
0.0410476301676243 0.13870249740237 0.0
0.046319548609942 0.201075342460837 0.0
0.0522369717638928 0.263424588453746 0.0
0.05884124488371 0.325724122801857 0.0
0.0660451791887563 0.387945016481605 0.0
0.0735480069922561 0.450017457998555 0.0
0.0808979345345536 0.511787317166477 0.0
0.0660421444482927 -0.606524652320701 0.0
0.0678939050122595 -0.545050961014796 0.0
0.0699344600231467 -0.483459184981385 0.0
0.0721661522502558 -0.42175180683028 0.0
0.0745963801106437 -0.35993013837806 0.0
0.0772377728899871 -0.297995264233606 0.0
0.0801086074506412 -0.235948722006328 0.0
0.0832341626990135 -0.173792816786954 0.0
0.0866488543505986 -0.111531256889527 0.0
0.0903987908701163 -0.0491693955839354 0.0
0.0945442422958665 0.0132849830766467 0.0
0.0991612567310577 0.0758211485664013 0.0
0.104340375137152 0.138424480782958 0.0
0.110178496204754 0.201075531250809 0.0
0.116757022417432 0.263747300050131 0.0
0.12409805053641 0.32640023785277 0.0
0.132102499844658 0.388967169356722 0.0
0.140507623241651 0.451329683485487 0.0
0.148908661410558 0.513320855176774 0.0
0.127360219926278 -0.607862279998359 0.0
0.129228722459125 -0.546374687931728 0.0
0.131298326035732 -0.484762550316318 0.0
0.133571040500525 -0.423026427571381 0.0
0.136056678682798 -0.361165559008861 0.0
0.138771872020959 -0.299178700314173 0.0
0.141740552023064 -0.237064570151834 0.0
0.144995562656744 -0.174821974600625 0.0
0.148580927245819 -0.112450323476545 0.0
0.152554368182018 -0.0499498224372604 0.0
0.156989431102651 0.012677673512881 0.0
0.161976194027964 0.0754278243925487 0.0
0.167618370566754 0.138292041076957 0.0
0.174023193694233 0.201254814977478 0.0
0.181278912027942 0.264287564106393 0.0
0.189416943674337 0.327337805108564 0.0
0.198363960243374 0.390311011493524 0.0
0.207896621155124 0.453052794211175 0.0
0.217585628355619 0.515356457104491 0.0
0.188667025021836 -0.609196234010747 0.0
0.190555022269924 -0.547698505258586 0.0
0.192652791964367 -0.486069317759477 0.0
0.194963941314009 -0.424307175310692 0.0
0.197501390226813 -0.362409366527807 0.0
0.200285926783938 -0.300372334030631 0.0
0.203347077029715 -0.238191806829757 0.0
0.20672505395709 -0.175862737923006 0.0
0.21047319515452 -0.113379678083359 0.0
0.214660508484813 -0.0507368631024729 0.0
0.219373625153466 0.012070958984072 0.0
0.224717131296918 0.0750475368733596 0.0
0.230810376103189 0.138192815634263 0.0
0.237778161846099 0.201498977729771 0.0
0.245732280117671 0.264941671016317 0.0
0.254742262460596 0.328465212980124 0.0
0.264793244564355 0.391959207484704 0.0
0.275717635599333 0.455231509048798 0.0
0.287053631140567 0.517996387523814 0.0
0.249956778963226 -0.610559359148094 0.0
0.251864802713397 -0.549057585158021 0.0
0.25398759995028 -0.487417811659551 0.0
0.256332328707603 -0.425636951055881 0.0
0.258915228855673 -0.363710766472829 0.0
0.26176103494814 -0.301633479586046 0.0
0.26490455244577 -0.239397703617939 0.0
0.26839293807559 -0.176994201624938 0.0
0.27228833234038 -0.114412042942037 0.0
0.276670526551331 -0.0516384330832979 0.0
0.281639013423557 0.0113407354968688 0.0
0.287313622275497 0.0745401427653678 0.0
0.293832536918076 0.137972871198741 0.0
0.301346608866869 0.20164626631866 0.0
0.310008857123816 0.265552303800845 0.0
0.319957313501454 0.329650116395433 0.0
0.331280464075684 0.393834062258427 0.0
0.343927321369438 0.457881639506384 0.0
0.35747302611367 0.521386524834991 0.0
0.31122480944103 -0.611986391760998 0.0
0.313150312494848 -0.550488601419301 0.0
0.315293125528441 -0.48884844424844 0.0
0.317664676607975 -0.427062540637484 0.0
0.32028393994674 -0.365125398093098 0.0
0.32317912695799 -0.303029107637359 0.0
0.326389762523631 -0.240763214609191 0.0
0.329969223093674 -0.17831423106359 0.0
0.333987580583676 -0.115665400520582 0.0
0.338534496097793 -0.0527960021416741 0.0
0.343721645580923 0.0103187788173428 0.0
0.349684296786529 0.0737080068470898 0.0
0.35658183729534 0.137404062287057 0.0
0.36459802470397 0.201440269962553 0.0
0.373942332144545 0.265843619441529 0.0
0.38485244766355 0.330619068498367 0.0
0.39758537649105 0.39571267395033 0.0
0.412343227129087 0.460926801096282 0.0
0.428972165088681 0.525739110280639 0.0
0.372468549339818 -0.613505494674995 0.0
0.374406374647536 -0.552021392603998 0.0
0.376563499048632 -0.490397611805774 0.0
0.378953389893761 -0.428629939037353 0.0
0.381597162625573 -0.366711520386747 0.0
0.384525904647265 -0.304632833086162 0.0
0.387782971781653 -0.242381254546735 0.0
0.391426745528302 -0.17994004439946 0.0
0.395533718009227 -0.117287418790693 0.0
0.400201693252865 -0.0543949685626938 0.0
0.405552764806382 0.00877365857909412 0.0
0.411736186911935 0.0722646188401067 0.0
0.418932046285244 0.136135596290723 0.0
0.427358594971519 0.200457875731202 0.0
0.437288239660558 0.265316708261596 0.0
0.449079215513441 0.330808296483378 0.0
0.463226214456383 0.397020624775787 0.0
0.480407071720849 0.463955565878743 0.0
0.501355149363741 0.531240180218647 0.0
