-0.795171787264587 -0.645672180941363 0.0
0.430004118318244 -0.674443053597539 0.0
-0.806061732769012 0.61237245798111 0.0
0.61237245798111 0.61237245798111 0.0
-0.733950162187575 -0.647409763582926 0.0
0.431686667653871 -0.613117240095251 0.0
0.525176565080489 0.597761694782484 0.0
-0.781456874605384 0.544003786897085 0.0
-0.6727143334052 -0.648869921052324 0.0
0.433561967825363 -0.551676147883847 0.0
0.445151539131986 0.590120230480624 0.0
-0.77203963048513 0.477241934336514 0.0
-0.611475175225705 -0.650301218504289 0.0
0.435647215491488 -0.490112909329683 0.0
0.369383400065283 0.585121235443639 0.0
-0.767943228694874 0.412216119874961 0.0
-0.550231082731357 -0.651714804477036 0.0
0.437960682648408 -0.428421587454906 0.0
0.296259568625989 0.581479513400649 0.0
-0.766389122180819 0.348240424763143 0.0
-0.488987996721804 -0.653127127199035 0.0
0.440527692904298 -0.366595790252346 0.0
0.224905010301916 0.578698810308599 0.0
-0.766307720748269 0.284884550615115 0.0
-0.427747548409621 -0.654559841196878 0.0
0.443383565796736 -0.304627374512304 0.0
0.154792862512689 0.576545215977605 0.0
-0.767156023220743 0.221909603713484 0.0
-0.3665061138712 -0.656021677749702 0.0
0.446576463402707 -0.24250510315074 0.0
0.0855634506651406 0.57488092375729 0.0
-0.768610048634244 0.159183459828966 0.0
-0.3052574279515 -0.657506934520124 0.0
0.450170625788621 -0.180212809240895 0.0
0.0169321786504848 0.57358471252509 0.0
-0.770457835335954 0.096633120363075 0.0
-0.243995729839885 -0.659000201852079 0.0
0.454249911738371 -0.117727533952984 0.0
-0.0513688309343374 0.572451458964941 0.0
-0.772553289574508 0.0342194665636342 0.0
-0.182717583858648 -0.660482457909989 0.0
0.458921501397366 -0.0550167465060028 0.0
-0.11962339737241 0.570769058898779 0.0
-0.774793614646457 -0.0280750992606052 0.0
-0.121423085457567 -0.661936426134306 0.0
0.464319584505777 0.00796457198875781 0.0
-0.186690745079559 0.573082188154268 0.0
-0.77710992364498 -0.0902528123371376 0.0
-0.060115788983565 -0.663350453282072 0.0
0.470609561888279 0.0712780236951729 0.0
-0.252538557112838 0.576231598253029 0.0
-0.779478802014526 -0.152301853669342 0.0
0.00119776805388141 -0.664720883622801 0.0
0.477994611062325 0.135006990303904 0.0
-0.318452413361473 0.575777115725239 0.0
-0.781990419839426 -0.21420131992773 0.0
0.0625093872087967 -0.666053224694756 0.0
0.486729417061047 0.199264934791274 0.0
-0.385192833964041 0.576701889251817 0.0
-0.783734812146184 -0.276009421331461 0.0
0.123810090721391 -0.667362251213917 0.0
0.49715013913361 0.264208448304095 0.0
-0.452871647780128 0.577807886306921 0.0
-0.785646144993293 -0.3378648189054 0.0
0.1850919676497 -0.668671001269819 0.0
0.509737980853727 0.330062274473764 0.0
-0.521307301766278 0.583471547392138 0.0
-0.787939536916764 -0.399696616555763 0.0
0.246349900543742 -0.670008310353113 0.0
0.525252718358396 0.397166156228402 0.0
-0.589570322744696 0.589196253182093 0.0
-0.789979765658884 -0.461379644733702 0.0
0.307583111402268 -0.671404237304125 0.0
0.545036847129816 0.466060055865909 0.0
-0.657999733981318 0.591047187228553 0.0
-0.791941124709148 -0.522911901348071 0.0
0.368797144682279 -0.67288207353158 0.0
0.571822954159681 0.53758707253127 0.0
-0.729730310807714 0.597345756817305 0.0
-0.79353309930202 -0.584337153231256 0.0
-0.732341628286753 -0.586076256688191 0.0
-0.730722452078638 -0.524632084684311 0.0
-0.728794729291808 -0.463065831442522 0.0
-0.72676217194221 -0.401438602073261 0.0
-0.724583735603474 -0.33975397070777 0.0
-0.722688380056164 -0.278013233115612 0.0
-0.720781578079948 -0.216048269058137 0.0
-0.718277383317869 -0.153827871720491 0.0
-0.715886810053252 -0.0915477117189032 0.0
-0.713553391321113 -0.0291666263679809 0.0
-0.711307719391865 0.033347258353241 0.0
-0.709220648773373 0.096024659913874 0.0
-0.7074010438758 0.158902403350087 0.0
-0.706008129400654 0.222027791413999 0.0
-0.705278618543647 0.285456525939137 0.0
-0.705580895102995 0.349234849250379 0.0
-0.707532131193901 0.413328332375005 0.0
-0.712281694668344 0.47737194936297 0.0
-0.722163064369823 0.539766983873294 0.0
-0.67113318653064 -0.587531434734134 0.0
-0.669448732631605 -0.526102037970692 0.0
-0.667545645620556 -0.464553110104947 0.0
-0.665516897808377 -0.402892709233171 0.0
-0.663426098315533 -0.341092057946483 0.0
-0.661455039389072 -0.279187142420624 0.0
-0.659382043554141 -0.217178129868467 0.0
-0.656997664386658 -0.154986533457847 0.0
-0.654633210091546 -0.0926592666933063 0.0
-0.652314369900063 -0.0301929892986355 0.0
-0.650090608186436 0.0324242010727002 0.0
-0.648042389505014 0.0952048075347768 0.0
-0.646287646966416 0.158156386169378 0.0
-0.644995266617684 0.221271246064124 0.0
-0.64440805720581 0.284502857083919 0.0
-0.644879358220334 0.347718039383895 0.0
-0.646923047070263 0.410603284495362 0.0
-0.65118822340504 0.472505153698296 0.0
-0.656507454149173 0.532441648457586 0.0
-0.609893917010374 -0.588964887253528 0.0
-0.60817624224298 -0.527519157219621 0.0
-0.60628629541377 -0.465945931430892 0.0
-0.604287322088278 -0.404241159374253 0.0
-0.602242735075866 -0.342406772143369 0.0
-0.600207925958963 -0.280473445896397 0.0
-0.598056864604808 -0.218424835917418 0.0
-0.595729113734557 -0.156220389969753 0.0
-0.593392848106879 -0.0938804761221873 0.0
-0.591098286025399 -0.0314108662527366 0.0
-0.588905170090946 0.0311826696668807 0.0
-0.586898204402492 0.0938865255091449 0.0
-0.585194670279598 0.156670725214617 0.0
-0.583953227861154 0.219477099398238 0.0
-0.583383162030329 0.282201692071313 0.0
-0.583744699189965 0.344674758267001 0.0
-0.585287734633063 0.406648874426389 0.0
-0.587744168925976 0.467852395405575 0.0
-0.588570805908086 0.528495881307155 0.0
-0.548643471388624 -0.590373324759595 0.0
-0.546912363997482 -0.528913244964985 0.0
-0.545038103330793 -0.467325001967483 0.0
-0.543065383389363 -0.40560954926882 0.0
-0.541035042929405 -0.343776070016233 0.0
-0.538958805957671 -0.281838109902864 0.0
-0.536773827165388 -0.219784510651725 0.0
-0.534474979169851 -0.157601079706381 0.0
-0.532159345266761 -0.0953039930319921 0.0
-0.529881418156134 -0.032909310934129 0.0
-0.527702854148108 0.0295606328001771 0.0
-0.525704689897111 0.0920710287311646 0.0
-0.52399262213237 0.15456769916499 0.0
-0.522699597829923 0.21696957270175 0.0
-0.521981032421933 0.27915974093178 0.0
-0.521980417684629 0.340978114326548 0.0
-0.52266442691456 0.402222274914896 0.0
-0.523233755277033 0.46272381040723 0.0
-0.520344984773421 0.522484412010841 0.0
-0.487392165092769 -0.591784974403222 0.0
-0.485657908603339 -0.530322502167651 0.0
-0.483797637896302 -0.468736264623185 0.0
-0.481841136706519 -0.407030128474069 0.0
-0.479811581707143 -0.345212904041055 0.0
-0.477708532538849 -0.283292739351175 0.0
-0.475505042880992 -0.221267202646182 0.0
-0.473215220880602 -0.159137482736524 0.0
-0.470902411391197 -0.0969222080177862 0.0
-0.468617038741977 -0.0346453252874115 0.0
-0.466415949884603 0.0276606257808456 0.0
-0.46436977232294 0.0899504075105721 0.0
-0.462564804877895 0.152161465049735 0.0
-0.461099205656346 0.2142092288908 0.0
-0.460064137260974 0.275980951591566 0.0
-0.459476373976662 0.337330874799367 0.0
-0.459069660017273 0.398090549137745 0.0
-0.457775866896656 0.458134309690982 0.0
-0.454006939121817 0.517720432258334 0.0
-0.426142336197516 -0.593222083299297 0.0
-0.424408623495784 -0.531766456073981 0.0
-0.422558126748383 -0.470192656098959 0.0
-0.420608731388476 -0.408505934194858 0.0
-0.41857237107812 -0.346714817128078 0.0
-0.41644686000595 -0.284827062520404 0.0
-0.414223825000098 -0.222847089818842 0.0
-0.411922119433702 -0.160784432409447 0.0
-0.409586229109392 -0.0986598010340755 0.0
-0.407258528383367 -0.0365001722684297 0.0
-0.404986314392421 0.0256595492565041 0.0
-0.402824908727063 0.087774373880798 0.0
-0.400835714198197 0.149786903554328 0.0
-0.399075564421238 0.211625897770262 0.0
-0.397564447259226 0.273206095541956 0.0
-0.396199287586081 0.334437631547163 0.0
-0.394564361049483 0.395265695808788 0.0
-0.39184550903637 0.455803604770555 0.0
-0.388151133065082 0.516499000207541 0.0
-0.364891713203838 -0.59469051103402 0.0
-0.363158962529166 -0.533245422757011 0.0
-0.361312922071395 -0.471687604764396 0.0
-0.359362132792085 -0.410023059345335 0.0
-0.357311756759436 -0.348260264158556 0.0
-0.355160308018994 -0.28640764974735 0.0
-0.352907784879687 -0.224473542196777 0.0
-0.350571656796191 -0.162470929183244 0.0
-0.348183461834335 -0.100420266522144 0.0
-0.345775619861831 -0.0383473134215244 0.0
-0.343383178285331 0.0237161210625734 0.0
-0.341043648095271 0.0857314081650742 0.0
-0.338791636932776 0.14765251475117 0.0
-0.33664299700621 0.209427187940994 0.0
-0.334556544028203 0.271001384926843 0.0
-0.332356225037168 0.332335788465965 0.0
-0.329651215117066 0.393449643609173 0.0
-0.326042394306556 0.454472792216101 0.0
-0.32153879726837 0.515383143573054 0.0
-0.303636074767295 -0.596181638855545 0.0
-0.30190328246406 -0.534746104681617 0.0
-0.300055845963718 -0.473202273951831 0.0
-0.298095374542758 -0.411556407220422 0.0
-0.296022961064794 -0.349816736767102 0.0
-0.293837635990813 -0.287991944876701 0.0
-0.291541996422201 -0.226091782593558 0.0
-0.289149450026708 -0.164129691153478 0.0
-0.286681053488937 -0.102124237064653 0.0
-0.284158562333383 -0.0400980852718931 0.0
-0.281603710330538 0.0219216087419158 0.0
-0.2790357596823 0.0839031015849842 0.0
-0.276463784693828 0.145810438630416 0.0
-0.273868697678612 0.20760638303443 0.0
-0.271168058554597 0.269260204246354 0.0
-0.268168440611835 0.330769236435204 0.0
-0.264569721159479 0.39219686209271 0.0
-0.260073460576794 0.453678163478976 0.0
-0.25421561347514 0.515388285221759 0.0
-0.242371423064355 -0.597678107101764 0.0
-0.240637008377507 -0.536248078077483 0.0
-0.2387822465396 -0.474712565619911 0.0
-0.236804157823532 -0.413077728984899 0.0
-0.234701360065146 -0.351351235897695 0.0
-0.232472599478578 -0.289541388307619 0.0
-0.230119859889071 -0.227657866037665 0.0
-0.227651269990676 -0.165713242541719 0.0
-0.225078488450745 -0.103723961050915 0.0
-0.222412438997943 -0.0417100028507414 0.0
-0.21966136007697 0.0203045260988868 0.0
-0.216827024395381 0.0822910992254524 0.0
-0.213896295342797 0.144216736498501 0.0
-0.210825038540459 0.206046037302075 0.0
-0.207514634661441 0.26774627370952 0.0
-0.203797691952028 0.32929823207645 0.0
-0.199466283668279 0.390700053495443 0.0
-0.194297252505447 0.451942878503002 0.0
-0.187546446848907 0.512960670570611 0.0
-0.181095089201482 -0.599160027775013 0.0
-0.179357163791644 -0.537730070826845 0.0
-0.177489418458568 -0.476195583513719 0.0
-0.175486465831607 -0.414562407060605 0.0
-0.173345372360634 -0.352837389556621 0.0
-0.171063774363728 -0.291028013017749 0.0
-0.168641174709887 -0.229143178991751 0.0
-0.16607971689478 -0.167194237351973 0.0
-0.163381969872538 -0.105195920677788 0.0
-0.160547770579519 -0.0431665451741451 0.0
-0.157571605416369 0.0188709887272411 0.0
-0.154438241840649 0.0808883707894839 0.0
-0.151114923429222 0.142850966515964 0.0
-0.147539709030029 0.20471807759529 0.0
-0.143610891714232 0.266443518476237 0.0
-0.139192076808547 0.327975017577251 0.0
-0.134143158935881 0.389242730454886 0.0
-0.128326437499718 0.450136715850169 0.0
-0.122094526101718 0.510687431620835 0.0
-0.11980663859674 -0.600610161197567 0.0
-0.118062950130104 -0.539174852216554 0.0
-0.116177044194525 -0.477634143508994 0.0
-0.11414295968197 -0.415993386815548 0.0
-0.111956648103284 -0.354258387889816 0.0
-0.109613859261284 -0.292435483368845 0.0
-0.107110374679152 -0.230532373713977 0.0
-0.104441727378918 -0.168558934794921 0.0
-0.101601163787089 -0.106528172942978 0.0
-0.0985768538732302 -0.0444566742154431 0.0
-0.0953488741457844 0.0176342813725573 0.0
-0.0918847655970504 0.0797179320810322 0.0
-0.0881331747300627 0.141761384562959 0.0
-0.0840170760975687 0.203726478155742 0.0
-0.0794326699085279 0.265571639351747 0.0
-0.0742642239762526 0.327256687495204 0.0
-0.0684226408808621 0.388754752443822 0.0
-0.0620071512212813 0.450115572415065 0.0
-0.0559525123227278 0.51152249779732 0.0
-0.0585078385116003 -0.602017529248992 0.0
-0.0567556197424822 -0.540572415429147 0.0
-0.0548470162087495 -0.479019370399308 0.0
-0.0527767624956211 -0.417363006448144 0.0
-0.0505397066346512 -0.355607810984781 0.0
-0.0481289614081447 -0.293758623742083 0.0
-0.0455356587970138 -0.231821485314065 0.0
-0.0427481279478103 -0.169804287867849 0.0
-0.0397498662166199 -0.10771766097696 0.0
-0.0365168178756535 -0.0455753980796324 0.0
-0.0330142333497037 0.016604603051826 0.0
-0.0291927346805481 0.0787999147029181 0.0
-0.024984225433574 0.140983470393844 0.0
-0.0203005054892572 0.203125043958567 0.0
-0.0150413309892839 0.265193802091215 0.0
-0.00912284171760615 0.327164797452466 0.0
-0.00255610887125316 0.38903447649142 0.0
0.00435623008533138 0.450828769856361 0.0
0.010965441392814 0.512433136855197 0.0
0.00279752487383394 -0.603379576365579 0.0
0.0045615815134433 -0.541921786940306 0.0
0.00649654439219664 -0.480352075428722 0.0
0.00860647449650268 -0.418673936100629 0.0
0.0108979920813459 -0.356890210665832 0.0
0.0133813260947042 -0.29500386934665 0.0
0.0160706801975064 -0.233018803121464 0.0
0.0189853759992064 -0.170940300286748 0.0
0.0221519631488917 -0.108775801035946 0.0
0.0256069322611108 -0.0465352133123396 0.0
0.0293996859743891 0.015768295695878 0.0
0.0335954670829768 0.0781179854340881 0.0
0.0382766944225192 0.140493286327019 0.0
0.0435389585336775 0.202870471856204 0.0
0.0494743567907894 0.265223191829939 0.0
0.0561293307491376 0.327524621715054 0.0
0.0634188368558164 0.389745231724891 0.0
0.0710397267018477 0.451813818145938 0.0
0.0785377888191233 0.513573190928532 0.0
0.0641044825722565 -0.604703213586316 0.0
0.0658839660499227 -0.543231862741041 0.0
0.067847705344949 -0.481643386155444 0.0
0.0699989389133482 -0.41993971013662 0.0
0.0723464061785992 -0.358121748589222 0.0
0.0749042719500938 -0.296190310984978 0.0
0.0776925087788736 -0.234146743987812 0.0
0.0807383103615794 -0.171993218750601 0.0
0.0840783321666803 -0.109733352125484 0.0
0.0877613832823103 -0.0473724463011682 0.0
0.0918510520444993 0.015081715054769 0.0
0.0964274734370124 0.0776183268573012 0.0
0.101586126198793 0.140222579231442 0.0
0.107429579733564 0.202874662385375 0.0
0.114045100160958 0.26554698254168 0.0
0.121459629033918 0.328199097405525 0.0
0.129576416515208 0.390762386100615 0.0
0.138132507993011 0.453116091453149 0.0
0.146723193699259 0.515090679678304 0.0
0.125407105239073 -0.606004849940899 0.0
0.127205273805268 -0.544521300562367 0.0
0.129198506591935 -0.48291453958145 0.0
0.131390483113101 -0.421184555507185 0.0
0.133792830214856 -0.359330225851309 0.0
0.13642404189032 -0.297350072740988 0.0
0.139310026213707 -0.235242651219853 0.0
0.14248583722685 -0.173006637201419 0.0
0.145998087418342 -0.110641323988191 0.0
0.149907628878494 -0.0481468097498669 0.0
0.154291843298526 0.0144751376622341 0.0
0.15924548657481 0.0772202139076206 0.0
0.164877826490138 0.14007975697121 0.0
0.171302333483284 0.203037986382224 0.0
0.178613595863384 0.266065713562884 0.0
0.186848481149694 0.329109293775489 0.0
0.195937257090149 0.39207219757217 0.0
0.205658205868367 0.45479717426569 0.0
0.215582339101253 0.517074896528062 0.0
0.186699505238576 -0.607309298868811 0.0
0.188518357690495 -0.545817260764637 0.0
0.19053970390798 -0.484195542040962 0.0
0.192769536892254 -0.422442137880064 0.0
0.195222980937997 -0.360554062022244 0.0
0.197922949119946 -0.298527598361918 0.0
0.200901176995958 -0.236358364013606 0.0
0.204200344069817 -0.174041205443909 0.0
0.20787669038311 -0.111570550375209 0.0
0.21200274422399 -0.0489404905821043 0.0
0.216669448575953 0.013854376702443 0.0
0.221986621311363 0.0768179195595446 0.0
0.228079783777029 0.139950100043777 0.0
0.235080671215786 0.203242896250987 0.0
0.243108314069633 0.266671336291857 0.0
0.252239086521268 0.330178405932615 0.0
0.262463766027075 0.393651324783941 0.0
0.273618294809623 0.456894474715286 0.0
0.285241108082353 0.519618705412164 0.0
0.247976521073378 -0.608647135316977 0.0
0.249815742071587 -0.547152523533638 0.0
0.251861614319305 -0.485522274335628 0.0
0.254124225086802 -0.423752950364101 0.0
0.2566222855434 -0.361840179774806 0.0
0.259382838045851 -0.299778136476922 0.0
0.262443072871709 -0.237559400198307 0.0
0.265852822153825 -0.175174674073791 0.0
0.269677396884871 -0.112612921851914 0.0
0.274000451792138 -0.0498611970351232 0.0
0.278926217435269 0.013094787475374 0.0
0.284580270152944 0.0762698740600904 0.0
0.291107596815227 0.139677210242196 0.0
0.298666828727655 0.203323974940633 0.0
0.307419530940358 0.267201525198196 0.0
0.317512705232634 0.331267571171102 0.0
0.329043546879119 0.395413754247803 0.0
0.34196774610651 0.459413161096629 0.0
0.355861749949826 0.522854112724875 0.0
0.309234087693109 -0.610049749322665 0.0
0.311090349991583 -0.548560262018772 0.0
0.313155435261213 -0.486931614275591 0.0
0.315443972733401 -0.425160323045788 0.0
0.317977535882628 -0.363240954722537 0.0
0.32078673940053 -0.301165694012771 0.0
0.323913605634855 -0.238924152613714 0.0
0.327414342214344 -0.176502852888946 0.0
0.331362406515448 -0.113884982837827 0.0
0.335851608062702 -0.0510497064317781 0.0
0.340998724885818 0.012027941390963 0.0
0.346945233854893 0.0753771603458001 0.0
0.353857944969242 0.139030365384975 0.0
0.361929333834999 0.203020676653278 0.0
0.371379016122926 0.267374410799046 0.0
0.382456443619406 0.332094981774914 0.0
0.39543189537856 0.397125312431121 0.0
0.410520401843381 0.462261926446354 0.0
0.427574578049939 0.526973296229111 0.0
0.370470292807199 -0.611540521398776 0.0
0.372337964164081 -0.550065361571091 0.0
0.37441650097557 -0.488454988651507 0.0
0.376722574932393 -0.426705435400239 0.0
0.379279887479532 -0.364810120391994 0.0
0.382121943138452 -0.30275975349024 0.0
0.385294649057325 -0.24054188794099 0.0
0.388859317672637 -0.178139898791047 0.0
0.392895977628949 -0.115532058293113 0.0
0.397506789931263 -0.0526899635175346 0.0
0.402819226309384 0.0104227561734271 0.0
0.408989119913026 0.0738522479155414 0.0
0.416204518217872 0.137656069664439 0.0
0.424693284473055 0.201905116550782 0.0
0.434739613441959 0.266683736932806 0.0
0.446716676401131 0.332086235838391 0.0
0.461138619293755 0.398196677614535 0.0
0.478707863636215 0.465008764114015 0.0
0.500181885154582 0.532133172322725 0.0
