-0.51985327383117 -0.687241938686175 0.0
0.713888676681455 -0.728767168643967 0.0
-0.468679392337799 0.61237245798111 0.0
0.61237245798111 0.61237245798111 0.0
-0.458750113840958 -0.690270130765263 0.0
0.713784480114564 -0.667005224141376 0.0
0.564524657558211 0.564097932857331 0.0
-0.465542097193549 0.53327961546127 0.0
-0.39768174842027 -0.693133024751695 0.0
0.714249436589838 -0.604656305315974 0.0
0.509261025853997 0.534423319520343 0.0
-0.470640563876077 0.45963197280061 0.0
-0.336695562830483 -0.696061732557226 0.0
0.714802332788584 -0.541736194523003 0.0
0.452373057063842 0.514281888027664 0.0
-0.474776781785102 0.388967998409384 0.0
-0.27579364159778 -0.699200370342366 0.0
0.715117330923669 -0.478288415842097 0.0
0.395019927407692 0.49961078158174 0.0
-0.477599507203639 0.320399645639767 0.0
-0.214957757082858 -0.702637199979712 0.0
0.714925668554648 -0.414377371523688 0.0
0.337490100260145 0.488437452437177 0.0
-0.479651263773417 0.253423678132528 0.0
-0.154150155238256 -0.706412178308599 0.0
0.713997422730285 -0.350089501544371 0.0
0.279885034263951 0.47970714380985 0.0
-0.481440735540698 0.187672713161841 0.0
-0.09331911487464 -0.710517071785586 0.0
0.712174998671983 -0.285528019946062 0.0
0.222271350594218 0.472811676197428 0.0
-0.483335213690468 0.122852327170376 0.0
-0.0324045652085809 -0.714910843577968 0.0
0.709445827811452 -0.220786282298534 0.0
0.164723312828336 0.467407993116776 0.0
-0.485528017024871 0.0587254956744396 0.0
0.0286604941667394 -0.719530342826481 0.0
0.706006360604393 -0.155896859610342 0.0
0.107338938764235 0.463401093737755 0.0
-0.48803314057109 -0.00488418043574073 0.0
0.0899545286259379 -0.724272294406855 0.0
0.70221969386588 -0.090785858908075 0.0
0.0502316542988584 0.461498318220231 0.0
-0.490741109885551 -0.0680875142621855 0.0
0.151571527362681 -0.728924520062326 0.0
0.698416104484037 -0.0252852426540921 0.0
-0.00658076919873503 0.457530388755981 0.0
-0.493527318719765 -0.130937086494224 0.0
0.213604127190003 -0.733087674390081 0.0
0.694683951453808 0.0408013424725983 0.0
-0.0637506940934729 0.454825819484329 0.0
-0.496360077939875 -0.193445072298307 0.0
0.276079719627326 -0.73627933497849 0.0
0.690856716770874 0.107651576100456 0.0
-0.120820985558533 0.459518445212916 0.0
-0.49951941664574 -0.25560054442863 0.0
0.338913297426694 -0.738154995565987 0.0
0.686620134670411 0.175426167616926 0.0
-0.17755273323133 0.464607768420769 0.0
-0.501753336665075 -0.317662244156431 0.0
0.401931860629649 -0.738623524236051 0.0
0.681549230222219 0.244281872968558 0.0
-0.233548567372268 0.473342077156907 0.0
-0.504255692806674 -0.379680430902804 0.0
0.464936150630389 -0.737816834661619 0.0
0.675086755219177 0.314388864032707 0.0
-0.290700684980029 0.482755103477567 0.0
-0.507434945609418 -0.441495293931757 0.0
0.527746981049867 -0.736010710911637 0.0
0.666464450320791 0.385951475381359 0.0
-0.348921192914796 0.494917050311631 0.0
-0.510602374944906 -0.503124420566528 0.0
0.590225415950125 -0.733571753278152 0.0
0.654528109151457 0.459231839006949 0.0
-0.405008573719809 0.51479319801698 0.0
-0.513827043021963 -0.564604526310214 0.0
0.652281648456801 -0.730954138003372 0.0
0.637393784048774 0.534563969517981 0.0
-0.45896917001995 0.545449928330353 0.0
-0.516805426158154 -0.625963548806058 0.0
-0.455740904024833 -0.628972800832648 0.0
-0.452705934182873 -0.567562789282356 0.0
-0.449488667738806 -0.505996236981581 0.0
-0.446360793979222 -0.444343545505007 0.0
-0.443275507675864 -0.382605521445803 0.0
-0.44072735219728 -0.320655854757412 0.0
-0.438401096886788 -0.258326654019431 0.0
-0.435398705763834 -0.195670704957853 0.0
-0.432559511764166 -0.132798816102876 0.0
-0.429772242439674 -0.0696453369379441 0.0
-0.427095773219403 -0.00615869687760835 0.0
-0.424678133247301 0.0577113260751047 0.0
-0.422642780139109 0.122032934448288 0.0
-0.420976422207733 0.186898807647615 0.0
-0.419489373532159 0.252410094298198 0.0
-0.417849145231689 0.318637024526398 0.0
-0.415651816418448 0.385536401295105 0.0
-0.412558046035866 0.452737973445968 0.0
-0.408437137913871 0.518807635298541 0.0
-0.394658071307104 -0.6317998597598 0.0
-0.391541950071992 -0.570356897264296 0.0
-0.388362430953715 -0.50877863498098 0.0
-0.3852745171603 -0.447054257154218 0.0
-0.382365990597984 -0.385115424069966 0.0
-0.379829806426657 -0.322984213181831 0.0
-0.377349613305929 -0.260671210826864 0.0
-0.374555414067114 -0.198052087568802 0.0
-0.37179183344039 -0.135169084116161 0.0
-0.369055380446613 -0.0720222626242763 0.0
-0.366453135032648 -0.00862211998432505 0.0
-0.364188725786203 0.0550097761120068 0.0
-0.362424326602075 0.118855752948976 0.0
-0.361156881941295 0.182892849424125 0.0
-0.360206237592248 0.24705077867457 0.0
-0.359286412604818 0.311150052597398 0.0
-0.358059990655826 0.374826560354012 0.0
-0.355847103824196 0.437441926222722 0.0
-0.415182532664452 0.45693006822907 0.0
-0.333604465125709 -0.634737630636476 0.0
-0.330433091426455 -0.573295648900431 0.0
-0.327293862778297 -0.511713139828442 0.0
-0.324310454382378 -0.449964871710413 0.0
-0.321554436613513 -0.388033996254341 0.0
-0.319046525140464 -0.325942669292952 0.0
-0.316559973656482 -0.263661724477202 0.0
-0.313914405318326 -0.201134306136625 0.0
-0.311233644363227 -0.138391383173354 0.0
-0.308540902342697 -0.0754718164309474 0.0
-0.305994598168652 -0.0124461067544307 0.0
-0.303889419033025 0.0505951807217026 0.0
-0.302441376824791 0.113573605091161 0.0
-0.30163356313442 0.17641256657833 0.0
-0.30124102925253 0.23900115991556 0.0
-0.300925199878644 0.301176849732595 0.0
-0.300186756271106 0.362756435056147 0.0
-0.361663346258638 0.375899155133072 0.0
-0.359355086464858 0.434933637782899 0.0
-0.27259401587543 -0.637906306553107 0.0
-0.2693857303418 -0.576501628776376 0.0
-0.266307722427418 -0.514965877134534 0.0
-0.263446625299601 -0.453281060940329 0.0
-0.260824995729 -0.391440476469679 0.0
-0.258390757241491 -0.329446698852678 0.0
-0.255972436506023 -0.267279932285291 0.0
-0.253445142281389 -0.204924214206231 0.0
-0.250816631454273 -0.142417147927582 0.0
-0.248098253413815 -0.0798273564729073 0.0
-0.245514738037338 -0.0172727368252195 0.0
-0.243509533340254 0.0451138112387394 0.0
-0.242352964395281 0.107256258203624 0.0
-0.241955412155708 0.169121003014067 0.0
-0.241980043507841 0.230678748577983 0.0
-0.241995621059032 0.291905981789266 0.0
-0.303825979072734 0.30126614924569 0.0
-0.303126179575839 0.361310865404285 0.0
-0.299941346239169 0.420960610985221 0.0
-0.211621308517442 -0.641392381720946 0.0
-0.208390621031701 -0.580056787612617 0.0
-0.20539025643684 -0.518607904425952 0.0
-0.202661115807522 -0.457027493594233 0.0
-0.200177635648084 -0.395306941663479 0.0
-0.197850317643586 -0.333442591628585 0.0
-0.195529434874229 -0.271424420654604 0.0
-0.193087925169514 -0.209254315324178 0.0
-0.190446024148245 -0.146971796495654 0.0
-0.187569195210781 -0.0846602217617483 0.0
-0.184787133314648 -0.0224762612735864 0.0
-0.182801897811424 0.0394201828961213 0.0
-0.181918926960197 0.101005466881277 0.0
-0.18189479298465 0.162329402264351 0.0
-0.182252082245801 0.223438706831631 0.0
-0.243947745948044 0.230374353350405 0.0
-0.244261996272792 0.290843152148213 0.0
-0.243371112108892 0.351157399374219 0.0
-0.240223252207547 0.411754966717834 0.0
-0.150663290220025 -0.645228349098463 0.0
-0.147427222001231 -0.583978258814485 0.0
-0.144523501835431 -0.522631025237192 0.0
-0.141939419200142 -0.461163299089387 0.0
-0.139604672145674 -0.399562085326564 0.0
-0.137404202170241 -0.337818990514461 0.0
-0.13518742736054 -0.275924842110617 0.0
-0.13279561097125 -0.213880148889302 0.0
-0.130052756828625 -0.151712817632896 0.0
-0.126824843364399 -0.0895076763597557 0.0
-0.123627137740066 -0.0274740712600468 0.0
-0.121628201394039 0.0341873728849473 0.0
-0.121078225692382 0.0955488609731156 0.0
-0.121451360105066 0.156741807154294 0.0
-0.18283801141211 0.161884810511201 0.0
-0.183727610524454 0.222480848887801 0.0
-0.184166330879556 0.282853295575481 0.0
-0.183612927260259 0.343152386249154 0.0
-0.181556696509735 0.403618882449185 0.0
-0.0896869850553686 -0.649399106140989 0.0
-0.0864736171171736 -0.58823751058274 0.0
-0.0836934950058556 -0.526988644737519 0.0
-0.0812731749406422 -0.465621753594325 0.0
-0.0791018330803479 -0.40411744193184 0.0
-0.0770441295466644 -0.342459220700953 0.0
-0.0749362821087499 -0.280627498873833 0.0
-0.0725694918926063 -0.218603120219105 0.0
-0.0696374615867567 -0.156382330609763 0.0
-0.065793298844213 -0.0940345558805276 0.0
-0.0618907146325401 -0.0318606418420479 0.0
-0.0599594164838075 0.0298629265561788 0.0
-0.0598940563301419 0.0913915458977644 0.0
-0.120803017850809 0.0953522390405919 0.0
-0.121930839486529 0.156187956481384 0.0
-0.123011499884788 0.216782405299732 0.0
-0.123703966497161 0.277189590428064 0.0
-0.123723782203294 0.33755330775521 0.0
-0.123019923102769 0.398149613959216 0.0
-0.0286567713142857 -0.653861080826925 0.0
-0.0255122712128467 -0.592785202674849 0.0
-0.0228938698589746 -0.531626165086183 0.0
-0.0206640696395207 -0.470346948222217 0.0
-0.0186792552069299 -0.408921183639039 0.0
-0.0167904362046256 -0.347319662968705 0.0
-0.0148175536330197 -0.285499653477299 0.0
-0.0124904717851025 -0.223399149036473 0.0
-0.00931584841735326 -0.160943930545256 0.0
-0.00447129859717645 -0.0981369640852565 0.0
0.000563871571809062 -0.0354030261715021 0.0
0.00211458113678303 0.0268866017343069 0.0
-0.0580559582825677 0.0304517593446056 0.0
-0.059201624566511 0.0917627736340987 0.0
-0.0605747093084238 0.152789118389044 0.0
-0.0618754377247466 0.213510336270223 0.0
-0.0629453729653563 0.273963105013469 0.0
-0.0637861450144755 0.334208595839671 0.0
-0.0649448606933474 0.39426592901088 0.0
0.0324610570594655 -0.65855176086804 0.0
0.0354688444423064 -0.597562318153028 0.0
0.0378760156778531 -0.536499191910928 0.0
0.0398777910951268 -0.475326895766773 0.0
0.0416355415056042 -0.414016938629049 0.0
0.0432988192845892 -0.352527468248191 0.0
0.0450549709456204 -0.290782703917805 0.0
0.0472315311511754 -0.22864659995906 0.0
0.0505712888322099 -0.165891470864176 0.0
0.0569950112808934 -0.102275277056776 0.0
0.0638679496003904 -0.0379050140055842 0.0
0.00540138661848018 -0.0330155792794516 0.0
0.00432496985609685 0.0291859842909746 0.0
0.00280958100591451 0.0909182144666991 0.0
0.00122895529697996 0.152225810434999 0.0
-0.000308716504479459 0.213230242231447 0.0
-0.00178470577774935 0.274097051414272 0.0
-0.00339762607404037 0.335041075982896 0.0
-0.00621757010477453 0.396280900040659 0.0
0.0937013698116801 -0.663365420258112 0.0
0.0964881897830237 -0.60247461589131 0.0
0.0986297043501319 -0.541552437829505 0.0
0.100355764815135 -0.480587030288222 0.0
0.101818005602582 -0.419576981099639 0.0
0.103135636061884 -0.358511801861057 0.0
0.104457629829934 -0.297351372460915 0.0
0.106085537173117 -0.235994074678976 0.0
0.108898453740996 -0.174229420670088 0.0
0.11719542890478 -0.111996419962684 0.0
0.071452158611985 -0.0936656478976211 0.0
0.0690560921140722 -0.0306812198212737 0.0
0.0671281288705745 0.0315054541770807 0.0
0.0652557236676361 0.0931178534921201 0.0
0.0633803119345891 0.15439169251252 0.0
0.0614628102009746 0.215522626037044 0.0
0.0593819220064384 0.276703020679195 0.0
0.0567668618798848 0.338119306823605 0.0
0.053029445402223 0.39975777337444 0.0
0.155115612928812 -0.668071690250459 0.0
0.157604160211077 -0.607287612399462 0.0
0.159446981159282 -0.546565394732686 0.0
0.160872261313859 -0.485950366399292 0.0
0.161987048697217 -0.425530600491938 0.0
0.162830030269278 -0.365451733399801 0.0
0.163402680363245 -0.3059625922168 0.0
0.163688427721429 -0.247504443946442 0.0
0.16383588201491 -0.19081933421329 0.0
0.15880656433756 -0.136692538424231 0.0
0.13739614776573 -0.0839570923194136 0.0
0.133159771711185 -0.0240197392964595 0.0
0.130411670089233 0.0366024496401554 0.0
0.128030834272616 0.0974172957677474 0.0
0.125704610878867 0.158308535586752 0.0
0.123242099713284 0.219268385486983 0.0
0.120394656715265 0.280310522531353 0.0
0.116800977569945 0.341375509197349 0.0
0.112374212982905 0.402276194088215 0.0
0.216783186557949 -0.672227835117451 0.0
0.218939868437032 -0.611475950939259 0.0
0.220524030518697 -0.550849181893739 0.0
0.221743919762799 -0.490405979439901 0.0
0.222680330969421 -0.430226476338096 0.0
0.223358749773126 -0.370396427537999 0.0
0.223789451190455 -0.310973326208893 0.0
0.223962293491474 -0.251889425084433 0.0
0.222913662061786 -0.192654751624879 0.0
0.215485994863039 -0.133604992220139 0.0
0.201774225320727 -0.0776282974435976 0.0
0.196953279239497 -0.0183365192736741 0.0
0.193661214609555 0.041791121525847 0.0
0.190825452072614 0.102313655891505 0.0
0.188034601084216 0.163050421639196 0.0
0.185006435037113 0.223910166151471 0.0
0.181442471630901 0.284819415169675 0.0
0.177043826857367 0.34568823376514 0.0
0.171585330161968 0.406518382993495 0.0
0.278751502930524 -0.675324078622511 0.0
0.280575951106436 -0.614459233508628 0.0
0.281966535604511 -0.553701488460446 0.0
0.283081337182404 -0.493082127231458 0.0
0.283958912006996 -0.43262055584605 0.0
0.284579691210402 -0.372299211834983 0.0
0.284855722452132 -0.312030582220346 0.0
0.284387443820346 -0.251615507141595 0.0
0.281708091906129 -0.190996522593873 0.0
0.274527201852738 -0.131385470585496 0.0
0.265087181226074 -0.0730886644307189 0.0
0.260257981652593 -0.0133489304350787 0.0
0.256684340700175 0.0469892913880828 0.0
0.253507604015003 0.10766443022026 0.0
0.250307054182631 0.168533905295654 0.0
0.24675898086594 0.229498506451835 0.0
0.242537835077699 0.290470852346863 0.0
0.237302657244507 0.351378051150231 0.0
0.230695772270165 0.41217919430762 0.0
0.34097905034252 -0.677034771692019 0.0
0.342476573320839 -0.615933988573562 0.0
0.343706246372093 -0.554870748138587 0.0
0.344737652995308 -0.493856408269273 0.0
0.345536407384991 -0.432877021189849 0.0
0.345998998909278 -0.371883502790654 0.0
0.345890684701096 -0.310793099147647 0.0
0.344640305681823 -0.249564310598128 0.0
0.341201485971872 -0.188480383700367 0.0
0.334858465238323 -0.128197067104117 0.0
0.32779780206519 -0.0685018661723779 0.0
0.323180643492612 -0.00811021729830117 0.0
0.319479643357091 0.0527001546675724 0.0
0.316054370258106 0.113771281962257 0.0
0.312505769538366 0.174988017941597 0.0
0.308487638542516 0.236250023261578 0.0
0.303638449903415 0.297458468968519 0.0
0.297559812714372 0.358512153406017 0.0
0.289803043847044 0.419303910659801 0.0
0.403353619722891 -0.677311922217716 0.0
0.404536010458851 -0.615924085663717 0.0
0.405611913201409 -0.554494707448999 0.0
0.406538842967032 -0.493034908979514 0.0
0.40719928859654 -0.431528239134959 0.0
0.407409242574916 -0.369939006902884 0.0
0.406860091037471 -0.308242836320727 0.0
0.405044268834351 -0.246510817655397 0.0
0.401362429473448 -0.185005542238323 0.0
0.395862440056547 -0.124029438130472 0.0
0.390176926085184 -0.0632971843907565 0.0
0.385815685871222 -0.00217190115028508 0.0
0.382068818342704 0.0592665644475812 0.0
0.378461875777472 0.120913829776791 0.0
0.374620529393533 0.182665414835544 0.0
0.370179929227461 0.244410496310332 0.0
0.364740277536813 0.30602318613316 0.0
0.357843085231094 0.367354704147629 0.0
0.348953665137667 0.428225986627375 0.0
0.465746135329722 -0.676323034473368 0.0
0.466647188761291 -0.61465745078208 0.0
0.467577350020024 -0.552880465289529 0.0
0.468379098934616 -0.49101140275374 0.0
0.468861728740961 -0.42904250044668 0.0
0.468791306950741 -0.366961212047402 0.0
0.46785813948906 -0.30478525523458 0.0
0.465684774479015 -0.242609997858822 0.0
0.462015222299614 -0.180618865524304 0.0
0.45719198494515 -0.118916554857084 0.0
0.452333804546469 -0.0572616089333203 0.0
0.448203707188887 0.00468184200596146 0.0
0.444451996589271 0.0668971807094733 0.0
0.440712555377696 0.12930523627502 0.0
0.436627976933114 0.191802584060198 0.0
0.431814284346457 0.25426124513895 0.0
0.425831416076156 0.31651799843869 0.0
0.418155999814643 0.378359454474818 0.0
0.40814911169915 0.439506261131212 0.0
0.528047801861007 -0.674362708614765 0.0
0.528730370813308 -0.612461324736455 0.0
0.529534718169241 -0.550387287447099 0.0
0.530204163253325 -0.488163249929545 0.0
0.530496956954027 -0.425788473770546 0.0
0.530160654624497 -0.363267599540622 0.0
0.52892107422754 -0.300636570424674 0.0
0.52653491311565 -0.237980751361038 0.0
0.522966903142513 -0.175406219256148 0.0
0.518631103974768 -0.112918543400708 0.0
0.514282717217824 -0.0503335987733056 0.0
0.510336947876293 0.0125385436449631 0.0
0.506597590171094 0.0756996122072574 0.0
0.502759455676005 0.139087183965175 0.0
0.498470944534701 0.202602959420747 0.0
0.493326418068385 0.266107935569458 0.0
0.486843429944494 0.329401309149459 0.0
0.478427616713752 0.392187431255548 0.0
0.467310496943047 0.454031057819212 0.0
0.590183298255131 -0.671808317974886 0.0
0.590731099726903 -0.609727066070887 0.0
0.591435895630241 -0.547405257053833 0.0
0.591975397454998 -0.484856314956499 0.0
0.592083593449481 -0.422084572407181 0.0
0.59151111862704 -0.359108417437258 0.0
0.590031700117993 -0.295972727811841 0.0
0.587511465953041 -0.232745151850362 0.0
0.584041245228039 -0.169476068235102 0.0
0.580023011277776 -0.106125472011722 0.0
0.575984193438655 -0.0425514893340457 0.0
0.572170091010814 0.0213691809383679 0.0
0.568440715198473 0.0856550548100849 0.0
0.564515084090611 0.150275424395045 0.0
0.560034967640301 0.215163780382305 0.0
0.55456819531047 0.280202435720229 0.0
0.547585412415086 0.345183984798932 0.0
0.53841323646808 0.409742221539609 0.0
0.526138913554492 0.473228629155637 0.0
0.652108594870131 -0.66913352486342 0.0
0.65260132689821 -0.606929217851704 0.0
0.65322458901024 -0.544367705929194 0.0
0.653641180530068 -0.481456514018105 0.0
0.653581453627667 -0.418215803676686 0.0
0.652808068285663 -0.354686677934495 0.0
0.651137328631298 -0.290929650374539 0.0
0.648511564365842 -0.227006614514367 0.0
0.645089044329783 -0.162940045348163 0.0
0.64124503540429 -0.0986708360993488 0.0
0.637377163244128 -0.0340735635857497 0.0
0.633638345498509 0.0309677280190247 0.0
0.629891847734781 0.0965203664789625 0.0
0.625851065351299 0.162626784244723 0.0
0.621135708432448 0.229305365529231 0.0
0.615272013844305 0.296533219143999 0.0
0.607658327081183 0.364204571202076 0.0
0.597497708966067 0.43203423862744 0.0
0.583688481320912 0.499311702706648 0.0
