-0.796229899974256 -0.645217789551776 0.0
0.428790189342945 -0.672916849194132 0.0
-0.809757828712463 0.61237245798111 0.0
0.61237245798111 0.61237245798111 0.0
-0.735006634496164 -0.64687833622287 0.0
0.430425103216729 -0.611593292634867 0.0
0.524824980658067 0.598260251660014 0.0
-0.784555756883552 0.544187208856652 0.0
-0.673770227181906 -0.648262694155169 0.0
0.432243330005931 -0.550158843137318 0.0
0.444540599064871 0.590940717313116 0.0
-0.7747934566183 0.47749978667671 0.0
-0.612531179442911 -0.649617841476948 0.0
0.434265073582831 -0.488607271646116 0.0
0.368554773170163 0.586152187000718 0.0
-0.770473056780921 0.412524253481148 0.0
-0.551288170156977 -0.65095464771459 0.0
0.436510823172496 -0.426933006886102 0.0
0.295237915693616 0.582646202123353 0.0
-0.768755610909168 0.348588080327353 0.0
-0.490047499166092 -0.652290027514897 0.0
0.439007768123967 -0.365129919177627 0.0
0.223707233122906 0.579948770093172 0.0
-0.768545526112493 0.28526374712047 0.0
-0.428811142632373 -0.65364655807371 0.0
0.44179301055184 -0.30319009649438 0.0
0.153431072838271 0.577840006445943 0.0
-0.769286414966786 0.222313683507614 0.0
-0.367575749118465 -0.65503416049378 0.0
0.444916608885271 -0.241102528251751 0.0
0.0840459509294495 0.576190992264279 0.0
-0.770646544278164 0.159606822500729 0.0
-0.306335203670678 -0.65644838641889 0.0
0.448444983018318 -0.178851274020326 0.0
0.015263542021836 0.574885630908955 0.0
-0.772409152094224 0.0970710957986591 0.0
-0.245083745454764 -0.657874985449711 0.0
0.452464617103334 -0.116413597141301 0.0
-0.0531883780244824 0.573719862038704 0.0
-0.774425058910708 0.0346681878688898 0.0
-0.183817781301855 -0.659295896288615 0.0
0.457085919547038 -0.0537571820698395 0.0
-0.121599005774028 0.571975258467305 0.0
-0.776589438116995 -0.0276188323590875 0.0
-0.122537098944821 -0.660694545427121 0.0
0.462447062271857 0.00916277210575452 0.0
-0.188807507428729 0.574272267151369 0.0
-0.778832022931482 -0.0897916762476021 0.0
-0.0612448106218845 -0.662059693163218 0.0
0.46871832791674 0.0724076111372788 0.0
-0.254767807846479 0.577400143125378 0.0
-0.781128328922907 -0.151838161686893 0.0
5.31029714171353e-05 -0.663387786598784 0.0
0.476108850174697 0.136060345238072 0.0
-0.320791904759024 0.57684313235512 0.0
-0.783565935089258 -0.213737289969702 0.0
0.061349093731246 -0.664684100250358 0.0
0.484880647853317 0.200233810618349 0.0
-0.387668822465635 0.577668133271614 0.0
-0.785239795817367 -0.275544026372631 0.0
0.122634905215929 -0.665962798006882 0.0
0.495379222107762 0.265083465705518 0.0
-0.455508028330594 0.578653468180686 0.0
-0.787080845737968 -0.337398875232494 0.0
0.183903390581511 -0.667245856877379 0.0
0.508098405768835 0.330831921205133 0.0
-0.524121900015173 0.584242597659792 0.0
-0.789301350751325 -0.399232647387062 0.0
0.245150196576165 -0.668560487258686 0.0
0.523816382881206 0.397814673072756 0.0
-0.592545620445269 0.589870390950478 0.0
-0.79126730225873 -0.460918087717572 0.0
0.306375234921463 -0.669934395864975 0.0
0.54390474174976 0.466562404184676 0.0
-0.661129667046325 0.591531013918734 0.0
-0.793152800233915 -0.522453046420639 0.0
0.367584526629479 -0.671387584396925 0.0
0.57114487727347 0.537895118856501 0.0
-0.733088024685484 0.597617406657785 0.0
-0.794668324683282 -0.583880542770785 0.0
-0.733475266461797 -0.58554288968796 0.0
-0.731932608855595 -0.524096987712445 0.0
-0.730080409438247 -0.462528795222779 0.0
-0.728121667432318 -0.40089969565122 0.0
-0.72601625088584 -0.339213206014707 0.0
-0.724191941018177 -0.277472542706743 0.0
-0.72235507460733 -0.215509111802904 0.0
-0.719923381780683 -0.153290047202706 0.0
-0.717605264256088 -0.0910123897526732 0.0
-0.715345358260102 -0.0286351074991184 0.0
-0.713175333495726 0.0338734992992424 0.0
-0.711167484650351 0.0965439998778525 0.0
-0.709432808711046 0.159413114960053 0.0
-0.708133797866513 0.22252809113338 0.0
-0.707512271469846 0.285944557732318 0.0
-0.707944781380431 0.349708335686309 0.0
-0.710061972855795 0.413782953571875 0.0
-0.715036070621134 0.47779514966033 0.0
-0.725236602095032 0.540116146822655 0.0
-0.672266455926524 -0.586922377287413 0.0
-0.670658323904968 -0.52549105833411 0.0
-0.668830120748581 -0.463940148948839 0.0
-0.666874736736845 -0.402277934649023 0.0
-0.664856034796223 -0.34047608912755 0.0
-0.662955539820363 -0.278570683429686 0.0
-0.660952726983031 -0.216561362850014 0.0
-0.658639738557599 -0.154369800672679 0.0
-0.656347069522538 -0.0920430688220342 0.0
-0.654101134872623 -0.0295777538892979 0.0
-0.651952399455657 0.0330381297115226 0.0
-0.649982768215204 0.0958171972795647 0.0
-0.648312330463749 0.15876712323238 0.0
-0.647113226851464 0.221880240740263 0.0
-0.646633161324091 0.285109668398171 0.0
-0.647232764293548 0.348320814131821 0.0
-0.649436434794079 0.411196210809866 0.0
-0.653906075590095 0.473073571679971 0.0
-0.659454378883942 0.532967103720155 0.0
-0.611027542114447 -0.588279421730426 0.0
-0.609385812549263 -0.526831409335067 0.0
-0.607569999405637 -0.465255849709301 0.0
-0.605643515476531 -0.403548902416453 0.0
-0.60367007087701 -0.341712592908404 0.0
-0.601705320675017 -0.279777489611481 0.0
-0.599624138227196 -0.217727056606232 0.0
-0.597366918296203 -0.155520704193954 0.0
-0.595101714894865 -0.0931787437567594 0.0
-0.592879350418859 -0.0307067826113634 0.0
-0.590760500948529 0.0318895698697859 0.0
-0.588831253116931 0.0945968276952094 0.0
-0.587210935907615 0.157385012130679 0.0
-0.586061196594348 0.220195660443417 0.0
-0.585595554653161 0.282923932731774 0.0
-0.586079912872111 0.34539816403688 0.0
-0.587770437909649 0.407367643163657 0.0
-0.590396692208906 0.46855813443681 0.0
-0.591365213834451 0.529190923244594 0.0
-0.549778311662313 -0.589610747916846 0.0
-0.548122540880066 -0.528147921227844 0.0
-0.546321466335031 -0.466556804323991 0.0
-0.544420232963043 -0.404838465055307 0.0
-0.542460140436818 -0.343002072427175 0.0
-0.540453375069295 -0.281061041762514 0.0
-0.538337778614266 -0.219004031708086 0.0
-0.5361087387018 -0.156816726094778 0.0
-0.53386347766209 -0.0945151728165075 0.0
-0.531657016448885 -0.0321152856281275 0.0
-0.529551849676443 0.030360684040938 0.0
-0.527630264149691 0.0928778724349554 0.0
-0.525999770879711 0.155381797399729 0.0
-0.524795846811262 0.21779065900249 0.0
-0.524177197522739 0.279986157566384 0.0
-0.524290886379996 0.341805904132671 0.0
-0.525104423606319 0.403044431180654 0.0
-0.525803942727022 0.463532123268384 0.0
-0.52298136374851 0.523276592136793 0.0
-0.488529253253944 -0.590945143669031 0.0
-0.48686946271938 -0.52947949265864 0.0
-0.485081288610639 -0.467889850360586 0.0
-0.483195239429146 -0.406180148972077 0.0
-0.481235089979088 -0.344359134286293 0.0
-0.479200916566621 -0.282434798773754 0.0
-0.477066290661376 -0.220404529273854 0.0
-0.474845668565051 -0.1582693721017 0.0
-0.472602593130673 -0.0960478416133172 0.0
-0.470387920843866 -0.033763821521643 0.0
-0.468259191656122 0.0285500879286983 0.0
-0.466288065331659 0.0908483834615503 0.0
-0.464562293003078 0.153067929460291 0.0
-0.46318191383354 0.215123114667749 0.0
-0.462240133047488 0.27689951752636 0.0
-0.461754700477187 0.338248966558183 0.0
-0.461454953503381 0.399000272560973 0.0
-0.460251870973301 0.459026591605572 0.0
-0.456529868567016 0.518590101855863 0.0
-0.427282895951805 -0.592305861253933 0.0
-0.425622502994592 -0.530846778546187 0.0
-0.423842903536459 -0.469269231390331 0.0
-0.421962933548303 -0.407578501803154 0.0
-0.419995205206272 -0.345783020103528 0.0
-0.417938024251037 -0.283890379457143 0.0
-0.415783388278786 -0.221904829623554 0.0
-0.413550366542301 -0.159835776959112 0.0
-0.411283591072167 -0.0977038617439492 0.0
-0.409025726857498 -0.0355360800288988 0.0
-0.406824554991056 0.026632496072769 0.0
-0.404736117466295 0.0887564970637541 0.0
-0.402822773167623 0.150777859046123 0.0
-0.401142397268409 0.212624316995125 0.0
-0.399715520326951 0.274209202273561 0.0
-0.398437358349604 0.335441054672773 0.0
-0.396884075401223 0.39626415763223 0.0
-0.394225420850033 0.456793814930508 0.0
-0.390575509556065 0.517483831803226 0.0
-0.366037132723637 -0.593700000643341 0.0
-0.364376271441396 -0.532251410181269 0.0
-0.36259984162554 -0.47068978536202 0.0
-0.360717485192282 -0.409021126032617 0.0
-0.3587350544736 -0.347253790132385 0.0
-0.35665147358932 -0.285396040915121 0.0
-0.354466961856676 -0.223456047529076 0.0
-0.352199062274837 -0.16144669016157 0.0
-0.349879335074839 -0.0993883873423105 0.0
-0.347540299435344 -0.0373069609404894 0.0
-0.345217216875983 0.0247655777198249 0.0
-0.342947928645083 0.0867902187860044 0.0
-0.34076740815184 0.148720336303676 0.0
-0.338691620302595 0.210502868052704 0.0
-0.336678455749324 0.272082832650456 0.0
-0.334548164133857 0.333420183240333 0.0
-0.331901557279523 0.394534481683004 0.0
-0.328331277301217 0.455557575172619 0.0
-0.323845034703274 0.516465055931335 0.0
-0.304787839066857 -0.595120216434681 0.0
-0.303125228654898 -0.533681389470899 0.0
-0.301346052892041 -0.472134006411832 0.0
-0.299453077678124 -0.410484284745924 0.0
-0.297448024404775 -0.348740312638944 0.0
-0.295330203148441 -0.28691059924256 0.0
-0.293102264610703 -0.225004744619315 0.0
-0.290777523295298 -0.163036092886315 0.0
-0.28837688316418 -0.101023186769282 0.0
-0.285921965133871 -0.038988763323733 0.0
-0.283434400486915 0.0230398283240335 0.0
-0.280933341152997 0.0850305080306381 0.0
-0.278427597436513 0.1469468343307 0.0
-0.275897291373881 0.208750970564158 0.0
-0.27325787247041 0.270411627203968 0.0
-0.270311321409469 0.331926030375122 0.0
-0.266750424282543 0.393358578381537 0.0
-0.262269151398103 0.454846309329597 0.0
-0.256390079031256 0.516566554971791 0.0
-0.243531020466636 -0.596550305175513 0.0
-0.241864833131597 -0.535117442274253 0.0
-0.240076951483351 -0.47357893658565 0.0
-0.238165501512977 -0.411940852302143 0.0
-0.236129593326719 -0.350210682826949 0.0
-0.233968076935627 -0.288396545594345 0.0
-0.231682799016578 -0.226507968821787 0.0
-0.229281602671792 -0.1645574320704 0.0
-0.226775782372023 -0.102561358758521 0.0
-0.224175859959512 -0.0405398025707082 0.0
-0.221489621210839 0.0214829452624027 0.0
-0.218718260492318 0.0834780412277032 0.0
-0.215847752528668 0.145412048909024 0.0
-0.212832388483751 0.207248997932128 0.0
-0.209570689114971 0.268955579462386 0.0
-0.205890648326309 0.330512176844862 0.0
-0.201578348893591 0.391916696906371 0.0
-0.196403128825362 0.453159622142859 0.0
-0.189599678956994 0.514172415282197 0.0
-0.18226390642847 -0.597971323687191 0.0
-0.180592063784017 -0.536539216688616 0.0
-0.17878983286201 -0.475002567867102 0.0
-0.176852768822507 -0.413367059522274 0.0
-0.174778222008315 -0.351639329770018 0.0
-0.172563715869921 -0.289826661382826 0.0
-0.170208402485695 -0.227937800879878 0.0
-0.167713924863712 -0.165984005130195 0.0
-0.165082248678252 -0.103979988757215 0.0
-0.16231251400073 -0.0419441411851842 0.0
-0.159398376493938 0.0201004520246327 0.0
-0.156323537761505 0.0821251602154532 0.0
-0.153053745669686 0.144094872335167 0.0
-0.149524821302451 0.205968248618516 0.0
-0.145631732560507 0.267698299847125 0.0
-0.141233606463218 0.329231721282123 0.0
-0.136185070460714 0.390497069225788 0.0
-0.130341809991945 0.451381633197148 0.0
-0.124058990025432 0.511916220628724 0.0
-0.120985857173803 -0.599366713843439 0.0
-0.119306001626477 -0.537930130661688 0.0
-0.117484318416367 -0.476388322596804 0.0
-0.115515512898275 -0.414746409512057 0.0
-0.11339554649581 -0.353009949505733 0.0
-0.111119805946402 -0.291185065186335 0.0
-0.108683490040803 -0.22927929787985 0.0
-0.106081399150587 -0.167302428649549 0.0
-0.103305916246873 -0.105267441472975 0.0
-0.100344196046785 -0.0431909851113495 0.0
-0.0971750820654601 0.0189054946006103 0.0
-0.0937645460705491 0.0809949454675734 0.0
-0.0900591465074097 0.143044039122185 0.0
-0.0859790274779944 0.205014024616026 0.0
-0.0814166700351739 0.266862583137782 0.0
-0.0762518728913797 0.32854864262117 0.0
-0.0703908365056891 0.390044442366573 0.0
-0.063931158553308 0.45140031636487 0.0
-0.0578238291049025 0.512804071873416 0.0
-0.0596983423249943 -0.600725887566073 0.0
-0.0580077126031393 -0.539280530991122 0.0
-0.0561621852684744 -0.477727633092776 0.0
-0.0541567776388088 -0.416071498107014 0.0
-0.0519860200936185 -0.354316331492232 0.0
-0.0496423898972466 -0.292466747564879 0.0
-0.0471161942924571 -0.230528623894696 0.0
-0.0443947879135494 -0.168509751303367 0.0
-0.0414605315603799 -0.10642072102486 0.0
-0.0382880211309059 -0.0442753580655217 0.0
-0.0348408594681912 0.0179083258351661 0.0
-0.0310675974330909 0.0801076905204974 0.0
-0.0268974932843531 0.142295343118699 0.0
-0.0222390077282074 0.20444060844669 0.0
-0.0169879099329555 0.266512091371549 0.0
-0.0110561402530486 0.32848424966121 0.0
-0.00445185966797295 0.390353301476662 0.0
0.00251973663880243 0.452145926613664 0.0
0.00920305465655423 0.513745581459996 0.0
0.00159522422560872 -0.602046367679851 0.0
0.00329979578868521 -0.540589483638618 0.0
0.00517260660442273 -0.479021303342643 0.0
0.00721791253969598 -0.417344943409919 0.0
0.00944301352799192 -0.355562940334983 0.0
0.0118590531922606 -0.293678035672099 0.0
0.0144813007158423 -0.23169395644844 0.0
0.0173302938695708 -0.16961588032524 0.0
0.0204339942405961 -0.1074511844203 0.0
0.0238305759970718 -0.0452097625323236 0.0
0.0275714998839595 0.0170951750968653 0.0
0.0317245608934592 0.0794467730975498 0.0
0.0363753295394741 0.14182425566939 0.0
0.0416231575110089 0.204203577139081 0.0
0.047564272108592 0.266557946770329 0.0
0.0542488335072163 0.328860038777933 0.0
0.0615934081929895 0.391079880715619 0.0
0.069293252594164 0.4531452517593 0.0
0.0768925940900209 0.514896771471506 0.0
0.0628902986241883 -0.603334805092374 0.0
0.0646121120066731 -0.541865581297845 0.0
0.0665143273798587 -0.480280111930445 0.0
0.0686009224955314 -0.418579897135675 0.0
0.070881685891769 -0.356765543018852 0.0
0.0733719641759206 -0.294837641455693 0.0
0.0760930223220522 -0.232797382393232 0.0
0.0790735009770979 -0.170646820431261 0.0
0.0823517341319573 -0.108389484590932 0.0
0.0859785392646322 -0.046030615666133 0.0
0.0900199561481018 0.0164220305737452 0.0
0.0945591229393282 0.0789576256009303 0.0
0.0996951325450206 0.141561254187063 0.0
0.10553469472884 0.204212875477038 0.0
0.112169355317908 0.266884490406397 0.0
0.119629609388842 0.329535025642635 0.0
0.127820474521603 0.392094824495898 0.0
0.136478982619214 0.454441450833752 0.0
0.145200637926051 0.516403512769153 0.0
0.124181406264542 -0.60460696273839 0.0
0.125923280679612 -0.543126783488227 0.0
0.127855266443707 -0.481524553383852 0.0
0.129982347567096 -0.419799825788773 0.0
0.132317543032112 -0.357951198273853 0.0
0.134880764380221 -0.295977006822419 0.0
0.1376994132229 -0.233875670888579 0.0
0.140810200760459 -0.17164575411512 0.0
0.144261666055101 -0.109286445741196 0.0
0.148116974131866 -0.0467977441774228 0.0
0.15245632607078 0.0158186701060621 0.0
0.157377901748409 0.0785585445735918 0.0
0.162995023097053 0.141413190589833 0.0
0.169425707210162 0.204366654758952 0.0
0.176769166797828 0.267389329159633 0.0
0.185066265560934 0.330426745739973 0.0
0.194249963288147 0.393380948325082 0.0
0.204099866628916 0.456092653919542 0.0
0.214187432138424 0.51835067983077 0.0
0.185463121347997 -0.605886538917333 0.0
0.187226490561051 -0.544399067454405 0.0
0.189186497676546 -0.482783408243823 0.0
0.191350958005259 -0.421037170551331 0.0
0.193736668696714 -0.3591571531997 0.0
0.196368148351882 -0.297139509936538 0.0
0.199278791869942 -0.234979761773003 0.0
0.202513117502858 -0.172672662357244 0.0
0.206129513344022 -0.110212533375374 0.0
0.210203097013666 -0.0475933438273246 0.0
0.214827967895939 0.015190438014684 0.0
0.220117760723024 0.0781427865716481 0.0
0.226202489787737 0.14126369430486 0.0
0.233218931423908 0.204545005606421 0.0
0.241291381802766 0.267961310199928 0.0
0.25050121019857 0.331454641067958 0.0
0.260843360792892 0.394910516735838 0.0
0.272156495988988 0.458130861199611 0.0
0.283979519144903 0.520824142330275 0.0
0.246730734467112 -0.607202392835217 0.0
0.248514656266987 -0.545713407176662 0.0
0.250498768534085 -0.484090712826803 0.0
0.252695367723861 -0.422330605016618 0.0
0.255125027824505 -0.360428600479938 0.0
0.257816526623563 -0.298378825980838 0.0
0.260808837358798 -0.236173824866091 0.0
0.264153777640093 -0.173804244307343 0.0
0.267918994860472 -0.111258958027543 0.0
0.272190974572201 -0.0485248949603034 0.0
0.277077404233468 0.0144123764673613 0.0
0.282708040712619 0.0775678286489027 0.0
0.289232808948084 0.140954663670918 0.0
0.296815978935919 0.204579939486519 0.0
0.305625306249451 0.268434556576062 0.0
0.315814298345277 0.332475183637884 0.0
0.327486503528666 0.39659149785862 0.0
0.340602592425811 0.460553445304591 0.0
0.354740323427446 0.523945628376302 0.0
0.30798062306582 -0.608583406819301 0.0
0.309781201321258 -0.547100354130221 0.0
0.311783889117069 -0.485480696444285 0.0
0.314005712077504 -0.423720863814955 0.0
0.316470196436664 -0.361815455762564 0.0
0.319209758558894 -0.299756716774716 0.0
0.322268281402085 -0.237534298478194 0.0
0.325704065883207 -0.175134721558115 0.0
0.329593055443793 -0.112541123453904 0.0
0.334032089764149 -0.0497325739135313 0.0
0.33914165917372 0.0133160103196107 0.0
0.345067745262344 0.0766339314219746 0.0
0.351982530369804 0.140253624475246 0.0
0.360084786976912 0.204208041652363 0.0
0.369601443816086 0.268522973293463 0.0
0.380790427172712 0.333200656569199 0.0
0.393931589622361 0.398181677857078 0.0
0.409249353606759 0.46325830532344 0.0
0.426601327581733 0.527892523252766 0.0
0.369211351688299 -0.610049405738225 0.0
0.371022617329142 -0.548581110217564 0.0
0.373038083970122 -0.486981078523919 0.0
0.375276818100745 -0.425245519704013 0.0
0.377764460922962 -0.363368049217154 0.0
0.380536324612348 -0.301339543525454 0.0
0.383640211277078 -0.239147678845481 0.0
0.387139593630665 -0.176775906915009 0.0
0.391117089769046 -0.114202531968362 0.0
0.395678034917121 -0.0513991468901553 0.0
0.4009538046565 0.0116706379790502 0.0
0.407104993829462 0.075052961226829 0.0
0.414325396784441 0.138805272937778 0.0
0.422849796713991 0.202998145824139 0.0
0.432970853254094 0.26771519865459 0.0
0.445072437113525 0.333049234646742 0.0
0.459682600892547 0.399081280370125 0.0
0.477521317209508 0.465798850758733 0.0
0.499363364574639 0.532800575572019 0.0
