-0.79665309129912 -0.644954521652637 0.0
0.428265489728809 -0.671915633472657 0.0
-0.811856091022491 0.61237245798111 0.0
0.61237245798111 0.61237245798111 0.0
-0.735428825844331 -0.646562209211898 0.0
0.429866365775443 -0.610593516967366 0.0
0.524631677903007 0.598578869045108 0.0
-0.786308457365732 0.54429594428866 0.0
-0.674192199829098 -0.647894814049005 0.0
0.431644229804341 -0.549163397638531 0.0
0.444203458051624 0.591463512364048 0.0
-0.776342594690206 0.477652496190028 0.0
-0.6129534800034 -0.649198139496428 0.0
0.433621164482745 -0.487619470650552 0.0
0.368095572387636 0.586807554841965 0.0
-0.771887164834757 0.412706143793322 0.0
-0.551711520835494 -0.650482977300097 0.0
0.435819067321385 -0.42595640680515 0.0
0.294669613541964 0.583386506619906 0.0
-0.770068866165494 0.348792580059817 0.0
-0.490472819169493 -0.651766577055897 0.0
0.438266315501528 -0.364168244880503 0.0
0.223038845713177 0.580740690420125 0.0
-0.769777295860648 0.285486093733429 0.0
-0.429239531064422 -0.653072084942595 0.0
0.441001137475701 -0.302247215615649 0.0
0.152669142758887 0.578659169267197 0.0
-0.770448464997438 0.222549983053936 0.0
-0.368008440634614 -0.654410128955083 0.0
0.444074774327879 -0.24018244441211 0.0
0.0831949903086862 0.577018690935349 0.0
-0.771746266877519 0.159853851646422 0.0
-0.306773497073613 -0.655776993206346 0.0
0.447554986411942 -0.177958125133687 0.0
0.0143260177790145 0.575706476299677 0.0
-0.773451260346621 0.0973262038131342 0.0
-0.245528916203789 -0.657159096295237 0.0
0.451529853065334 -0.11555165323421 0.0
-0.0542124253694914 0.574519341242474 0.0
-0.775412571123025 0.0349292065689692 0.0
-0.184270989341782 -0.658538923705917 0.0
0.456111726562971 -0.0529308440120819 0.0
-0.122712541442962 0.572735492924604 0.0
-0.77752428265902 -0.027353680621801 0.0
-0.122999300108125 -0.659900292567627 0.0
0.461441161439187 0.00994896474215886 0.0
-0.190002344770123 0.57501858441932 0.0
-0.779715406593442 -0.0895238730595419 0.0
-0.0617166767284837 -0.661232177889477 0.0
0.467691347895724 0.0731489460363519 0.0
-0.256027510676505 0.578128809482072 0.0
-0.78196090044784 -0.151568999732877 0.0
-0.000428747267684556 -0.662531050972091 0.0
0.47507495421105 0.136751850426162 0.0
-0.32211476626536 0.577507476146824 0.0
-0.784346891151944 -0.213468047157839 0.0
0.0608573487783846 -0.663802002385817 0.0
0.483858336986654 0.200870073224459 0.0
-0.389069995021115 0.578268998612106 0.0
-0.785971473512742 -0.275274024396816 0.0
0.122133805467424 -0.665058775900148 0.0
0.494392506250333 0.265658284163549 0.0
-0.457001096450217 0.579178306441548 0.0
-0.78776339779764 -0.33712853944724 0.0
0.183393950024613 -0.666322645970654 0.0
0.507178721768893 0.331337631580721 0.0
-0.525717357249528 0.584716878047697 0.0
-0.789933194877409 -0.398963465487756 0.0
0.244633898670796 -0.667619767421837 0.0
0.523005959950165 0.398240746661175 0.0
-0.594233152038757 0.590281190374413 0.0
-0.791847819840186 -0.460650345607929 0.0
0.305853978973918 -0.668976339783697 0.0
0.54326278315383 0.466892158492204 0.0
-0.662905069142969 0.591825217099324 0.0
-0.793681095770657 -0.522186981564249 0.0
0.367060483928037 -0.67041028335585 0.0
0.570758845008292 0.538096836859261 0.0
-0.734993201795412 0.597781679501313 0.0
-0.795144281279249 -0.583615865548526 0.0
-0.733950243054074 -0.585225528480894 0.0
-0.732459957196391 -0.523778572061219 0.0
-0.730659728969034 -0.462209194951857 0.0
-0.728752033375452 -0.400578947930787 0.0
-0.726697328379663 -0.338891307934543 0.0
-0.724922550580989 -0.277150638215549 0.0
-0.723134721638592 -0.215188081060576 0.0
-0.720753860066708 -0.152969765235333 0.0
-0.718486541235872 -0.0906935007882831 0.0
-0.716278021057763 -0.0283183249814909 0.0
-0.714160535495757 0.0341873588650101 0.0
-0.712207139745345 0.0968540257857066 0.0
-0.710529982585526 0.159718318790723 0.0
-0.709293356735453 0.222827422165401 0.0
-0.708741935083162 0.286236876248415 0.0
-0.709256873362622 0.349992186558871 0.0
-0.711476439521579 0.414055592571081 0.0
-0.716585774511834 0.47804891219322 0.0
-0.7269745674441 0.540325821864207 0.0
-0.672741296620889 -0.586553321148551 0.0
-0.671185422294641 -0.525120788980187 0.0
-0.669408768658013 -0.46356865567441 0.0
-0.667504159974034 -0.401905338963872 0.0
-0.665535619703096 -0.340102785501992 0.0
-0.663684459807019 -0.278197113262742 0.0
-0.661730912933821 -0.21618763503112 0.0
-0.659468088774382 -0.153996101622425 0.0
-0.657225851819215 -0.091669691022454 0.0
-0.655030981379868 -0.0292049411277503 0.0
-0.652934454142786 0.0334101791559557 0.0
-0.651018930687142 0.0961883393508924 0.0
-0.649405661086523 0.159137263000809 0.0
-0.648268572671895 0.222249268103886 0.0
-0.647858091388417 0.285477230543468 0.0
-0.648538931515816 0.348685692909318 0.0
-0.650841400392628 0.411554849329531 0.0
-0.655434561160393 0.47341728238853 0.0
-0.661119584716283 0.533285327296013 0.0
-0.611502803649562 -0.587858392735408 0.0
-0.609913081446857 -0.526408971004664 0.0
-0.608148340819609 -0.464832012607298 0.0
-0.606272105669867 -0.403123803363913 0.0
-0.60434826374604 -0.34128642397341 0.0
-0.60243260785388 -0.279350367955496 0.0
-0.600400574827191 -0.217298970220689 0.0
-0.598193032970526 -0.155091616087021 0.0
-0.595977864991154 -0.0927485909862964 0.0
-0.59380617504111 -0.0302754053673075 0.0
-0.591739104931644 0.0323224210881156 0.0
-0.589863457880242 0.0950314632171491 0.0
-0.588299655739282 0.157821726902642 0.0
-0.587210973330619 0.22063456174095 0.0
-0.586813268837616 0.283364596987807 0.0
-0.587375605674464 0.345839041808216 0.0
-0.5891576504952 0.407805287800682 0.0
-0.59188756300202 0.468987695596955 0.0
-0.592943246494745 0.529614109638531 0.0
-0.550254619444045 -0.589137576738534 0.0
-0.548650443529318 -0.527673106123362 0.0
-0.546899843127204 -0.466080328002804 0.0
-0.545048252188582 -0.404360378327089 0.0
-0.543137245091996 -0.342522413257915 0.0
-0.54117927216763 -0.280579761004269 0.0
-0.539112579015483 -0.218520962236726 0.0
-0.536932818033546 -0.156331625823769 0.0
-0.534737211776867 -0.0940277267506582 0.0
-0.532581013020153 -0.0316250917910452 0.0
-0.530527121312547 0.0308540752742566 0.0
-0.528658458993991 0.0933748769082111 0.0
-0.527083491890495 0.155882651208888 0.0
-0.525939059535938 0.218295174137841 0.0
-0.525385665024459 0.280493343675194 0.0
-0.525572333124323 0.342313457429214 0.0
-0.526466982324366 0.403548341466582 0.0
-0.52724739263314 0.46402785563695 0.0
-0.524468738622692 0.523763481967792 0.0
-0.48900731909708 -0.590420038018523 0.0
-0.487398535722767 -0.528952537666057 0.0
-0.485660146914083 -0.467360987412291 0.0
-0.483823113285454 -0.405649355880419 0.0
-0.481911563455949 -0.343826344068555 0.0
-0.479925865630319 -0.281899842932908 0.0
-0.47783987438096 -0.219867123412635 0.0
-0.475668200704407 -0.157729143205472 0.0
-0.47347442781275 -0.0955043466520393 0.0
-0.471309584434595 -0.0332165752373211 0.0
-0.469231527389652 0.0291015411392939 0.0
-0.467312423330877 0.0914043508900763 0.0
-0.46564076823375 0.153628389124647 0.0
-0.464317591187269 0.215687452591374 0.0
-0.463437182176237 0.277466170975083 0.0
-0.463017772582223 0.338815017201281 0.0
-0.462786122501361 0.399561304898492 0.0
-0.461641274685229 0.459577688981974 0.0
-0.457952166950523 0.519128727723087 0.0
-0.427763526646579 -0.591729641263272 0.0
-0.426153375588126 -0.530268598822837 0.0
-0.424422802659521 -0.468689011945859 0.0
-0.422591224902854 -0.406996175310703 0.0
-0.420671649945623 -0.345198452997713 0.0
-0.418662651895596 -0.283303330015137 0.0
-0.416556410397752 -0.221314945527145 0.0
-0.414372063851713 -0.159242622556511 0.0
-0.412154254752454 -0.0971069516458547 0.0
-0.409945735527824 -0.0349349299530956 0.0
-0.407794480785631 0.0272382843059381 0.0
-0.405756858194796 0.0893671137734568 0.0
-0.403895686012131 0.151393123594448 0.0
-0.402269349207664 0.213243475063935 0.0
-0.400898608101952 0.274830713779662 0.0
-0.399677633132823 0.336062504481403 0.0
-0.398177911357946 0.39688268603632 0.0
-0.39556004034406 0.457407791313581 0.0
-0.391941589747476 0.518095052613157 0.0
-0.366521214239114 -0.593074220897955 0.0
-0.364909652513068 -0.531623696139881 0.0
-0.363181436493581 -0.470060066503535 0.0
-0.361346869661391 -0.408389320478858 0.0
-0.359412198057563 -0.346619732785926 0.0
-0.357376556184111 -0.284759454350573 0.0
-0.355240246496631 -0.222816548514514 0.0
-0.353020791643455 -0.160803819706365 0.0
-0.350749688374853 -0.09874165159075 0.0
-0.348459430250716 -0.0366558880302205 0.0
-0.346185314693136 0.0254213578843713 0.0
-0.343965282911091 0.0874508725437182 0.0
-0.341834428259941 0.149385706285842 0.0
-0.339808693340568 0.211172352525234 0.0
-0.337845359569043 0.272755319155027 0.0
-0.335762495991471 0.334094183019534 0.0
-0.333156098544302 0.395208743359001 0.0
-0.329614136124772 0.456232019291539 0.0
-0.325143621844843 0.517138227215727 0.0
-0.305276297065205 -0.594447174656221 0.0
-0.303661876310273 -0.533006588464457 0.0
-0.301930065401607 -0.471457418569297 0.0
-0.300084313477543 -0.409805842594838 0.0
-0.298126688683741 -0.348059847568612 0.0
-0.296056624546241 -0.286227824005138 0.0
-0.29387674777145 -0.224319266787926 0.0
-0.291600249771774 -0.162347446949301 0.0
-0.289247866821169 -0.100330876597037 0.0
-0.286841056643252 -0.0382923167821366 0.0
-0.284401301876524 0.0237407902205324 0.0
-0.281947599198063 0.0857361899908116 0.0
-0.279488515403858 0.147657182554722 0.0
-0.277003630348391 0.209465611494714 0.0
-0.274407102691365 0.271129897071693 0.0
-0.271498217241675 0.332647240498832 0.0
-0.267965668256149 0.394082654004783 0.0
-0.263499097906116 0.455574297721739 0.0
-0.25761346237811 0.517300739702821 0.0
-0.244024765623414 -0.595832966354939 0.0
-0.242405513596969 -0.534398664646937 0.0
-0.240664134854721 -0.472858766949424 0.0
-0.23879939509569 -0.411219262369302 0.0
-0.23681065908842 -0.349487521948542 0.0
-0.234696786910166 -0.287671535086016 0.0
-0.23245948171777 -0.225780721913857 0.0
-0.230106346374614 -0.163827488041666 0.0
-0.227648381971131 -0.101828225683258 0.0
-0.225095790172173 -0.0398030097356621 0.0
-0.222456003778886 0.0222237835164114 0.0
-0.2197297897419 0.084223151410257 0.0
-0.216902516596515 0.146161420653802 0.0
-0.21392747784093 0.208002322294332 0.0
-0.210701465572643 0.269712246231112 0.0
-0.207049753467866 0.331271376468559 0.0
-0.20275494143715 0.392677505629838 0.0
-0.197582045034736 0.453920738217481 0.0
-0.190753635768268 0.514931119039142 0.0
-0.18276377286958 -0.597213190752382 0.0
-0.181137505653117 -0.535780096457322 0.0
-0.179380933461315 -0.474242608718439 0.0
-0.177490139360345 -0.412606292846378 0.0
-0.175462593033377 -0.350877640641482 0.0
-0.173295691027861 -0.289063795987391 0.0
-0.170988309922915 -0.227173393340984 0.0
-0.168541722814913 -0.165217614045393 0.0
-0.165957460366357 -0.103211140314531 0.0
-0.163234169460116 -0.0411723806971228 0.0
-0.160364932055171 0.0208754973242088 0.0
-0.157332738127586 0.0829037055909144 0.0
-0.15410237518454 0.144876888639865 0.0
-0.150608277982022 0.20675337054294 0.0
-0.146743407613337 0.268485734070058 0.0
-0.142364232965154 0.330020110266479 0.0
-0.137322289021187 0.391284152041925 0.0
-0.131469415957311 0.452163553374979 0.0
-0.125162219635318 0.512689245790516 0.0
-0.121492541417225 -0.598571668087826 0.0
-0.119856851156097 -0.537134661175953 0.0
-0.11808003895077 -0.475592701172334 0.0
-0.116157157928319 -0.413950744323816 0.0
-0.114084114632943 -0.352214178036175 0.0
-0.111856012925357 -0.290388975886696 0.0
-0.109467634379478 -0.228482563470387 0.0
-0.106913270443744 -0.166504643877742 0.0
-0.10418471565801 -0.104468164433471 0.0
-0.101268445302225 -0.0423897848198536 0.0
-0.0981424945997098 0.0197089810606657 0.0
-0.0947718301127577 0.0818009440703354 0.0
-0.091101703592005 0.143852558797948 0.0
-0.0870505238715487 0.205824770040209 0.0
-0.0825085273354853 0.267674864059153 0.0
-0.0773528444171601 0.329361280458871 0.0
-0.0714868875092518 0.390855749042206 0.0
-0.0650072489928202 0.452208903719032 0.0
-0.0588741896165352 0.513610995147256 0.0
-0.0602123486279024 -0.599898011229157 0.0
-0.058564494537863 -0.538452885106084 0.0
-0.0567631519459784 -0.476900629214523 0.0
-0.0548034410413606 -0.415245336636044 0.0
-0.0526796319375099 -0.353491020779146 0.0
-0.0503837510468762 -0.291642139694005 0.0
-0.0479055419494583 -0.22970445249919 0.0
-0.0452317066320902 -0.167685667600348 0.0
-0.0423438572501988 -0.105596329310616 0.0
-0.0392157160526408 -0.0434502540702361 0.0
-0.0358098362060491 0.0187345102895115 0.0
-0.0320734705870705 0.0809352340908159 0.0
-0.0279342440829545 0.143124372275122 0.0
-0.0232985801597875 0.205271027729698 0.0
-0.0180598353124873 0.267343514148457 0.0
-0.0121274160378381 0.329315965487402 0.0
-0.00550769633131736 0.39118445958794 0.0
0.00149276291417772 0.452976058740828 0.0
0.00821454983704654 0.51457300314346 0.0
0.00107362802545633 -0.601189752372594 0.0
0.00273670930220053 -0.539733820070743 0.0
0.00456587247792811 -0.478167154868943 0.0
0.00656557113013005 -0.416492619963025 0.0
0.00874358991762449 -0.354712546180463 0.0
0.0111116937130623 -0.292829517375316 0.0
0.0136858597503644 -0.230847142043221 0.0
0.0164874209691595 -0.168770510263403 0.0
0.0195452482765323 -0.106606937773589 0.0
0.0228985842177751 -0.0443662828174541 0.0
0.0266001778203507 0.0179382501853635 0.0
0.0307194026944721 0.0802897738282772 0.0
0.0353437605757064 0.14266743029607 0.0
0.0405748937784603 0.205047026791147 0.0
0.0465115412223633 0.267401549925757 0.0
0.053206145401414 0.329703402060153 0.0
0.0605763461947438 0.391922349729831 0.0
0.0683166344658249 0.453985559372758 0.0
0.0759705071896481 0.51573235987588 0.0
0.0623611121575131 -0.602453341371743 0.0
0.064042524295863 -0.5409858308693 0.0
0.0659014357960758 -0.47940280101233 0.0
0.0679423608084996 -0.41770547050247 0.0
0.0701757992248941 -0.355894239701943 0.0
0.0726178803492392 -0.293969550825495 0.0
0.0752907120181806 -0.231932480962217 0.0
0.0782238650973644 -0.169784994938459 0.0
0.0814567375347495 -0.107530547020437 0.0
0.0850414031655495 -0.0451743157986039 0.0
0.0890454180957399 0.0172759892975017 0.0
0.0935537619379798 0.0798095600134733 0.0
0.0986677310765163 0.142411456683658 0.0
0.104496554611287 0.205061541384833 0.0
0.111134393190563 0.2677316128112 0.0
0.118613955204702 0.330380255058668 0.0
0.126841460598072 0.39293722269119 0.0
0.13555413904818 0.455279110317622 0.0
0.144347844175849 0.517233447561505 0.0
0.1236449135068 -0.603704098226597 0.0
0.12534718842524 -0.542226401071628 0.0
0.127235989269732 -0.480627558679302 0.0
0.129317183808343 -0.418906840381948 0.0
0.131604710358144 -0.357062657176415 0.0
0.134119404118606 -0.295093216419955 0.0
0.136889627857313 -0.232996839539326 0.0
0.139953144917052 -0.170772005294144 0.0
0.143359701228507 -0.108417821026737 0.0
0.147173893512503 -0.0459342029189112 0.0
0.151477651638938 0.0166772470656835 0.0
0.156371241227568 0.0794123376862645 0.0
0.161970445386011 0.142262398628891 0.0
0.16839604257434 0.205211410614897 0.0
0.175750072908934 0.268229555378039 0.0
0.184075892669559 0.331261917894469 0.0
0.193308238734622 0.394209745039287 0.0
0.203227753587762 0.456912608630331 0.0
0.213406468284594 0.519158280938845 0.0
0.184919893645487 -0.604964983575125 0.0
0.186644103799476 -0.543480726972625 0.0
0.188560813070962 -0.48186940043998 0.0
0.19067903370561 -0.420128363021977 0.0
0.19301664996981 -0.35825426907272 0.0
0.195599215125119 -0.29624318014523 0.0
0.198461181545267 -0.234090545943583 0.0
0.201648223789955 -0.171791050228008 0.0
0.205220063314273 -0.109338935321965 0.0
0.209253407473291 -0.0467280784785455 0.0
0.213844277796342 0.0160471503543846 0.0
0.219108621152198 0.0789908134038277 0.0
0.225179167151727 0.142102948453031 0.0
0.232195741816704 0.205375350352355 0.0
0.240285846114472 0.268782382882857 0.0
0.249533935892989 0.332265558390802 0.0
0.259937623517516 0.395709452536376 0.0
0.271337493202237 0.458914629599808 0.0
0.283273174982537 0.521588266664154 0.0
0.246181623182301 -0.606263742734105 0.0
0.247926433256732 -0.544778611341173 0.0
0.249866932329647 -0.483161166657273 0.0
0.252016841742403 -0.421407529593663 0.0
0.254397933996343 -0.359513137959234 0.0
0.257040096982217 -0.297472079955494 0.0
0.259983431812763 -0.23527686756663 0.0
0.263280995196239 -0.172918104494046 0.0
0.267001874188608 -0.110384599358988 0.0
0.271234280917093 -0.0476631936406863 0.0
0.27608799594785 0.0152606452320582 0.0
0.281695295764807 0.0784019831022181 0.0
0.288209074890641 0.141774070789065 0.0
0.295796994890745 0.205383910614215 0.0
0.304630547704269 0.269222150715034 0.0
0.314867203282375 0.333244871689101 0.0
0.326614464657113 0.397340645772778 0.0
0.339836306065876 0.461277679644447 0.0
0.354111886474662 0.524638594947596 0.0
0.307426752543807 -0.60762765196701 0.0
0.30918791791318 -0.546148927883216 0.0
0.311146548342466 -0.484535389703998 0.0
0.313321198154284 -0.422783405266002 0.0
0.31573664342403 -0.360887587376678 0.0
0.318426447173176 -0.298840211759209 0.0
0.321435662438439 -0.236630949639293 0.0
0.324823888336115 -0.174246315596824 0.0
0.328668591022411 -0.11166941053966 0.0
0.333068448395406 -0.0488792406931823 0.0
0.33814618774866 0.014149354910374 0.0
0.344050493236511 0.0774457448218688 0.0
0.350956761726094 0.141042377043406 0.0
0.359067528594364 0.204972097991271 0.0
0.368614094376669 0.269260372070147 0.0
0.379859468256991 0.333908721917281 0.0
0.39308930314199 0.398856347322009 0.0
0.408533893291684 0.463893061948053 0.0
0.426054546905256 0.528477281733331 0.0
0.368654139684463 -0.609074287871286 0.0
0.370425494831014 -0.547610548678514 0.0
0.372396445881917 -0.486017432676906 0.0
0.374587582846934 -0.424291256284935 0.0
0.377025785136971 -0.36242575641344 0.0
0.379747510796085 -0.300411911715303 0.0
0.382801747742436 -0.238237472469726 0.0
0.386253301596066 -0.175885934940482 0.0
0.390186368947332 -0.113335620090603 0.0
0.394708202406738 -0.0505581162952718 0.0
0.399952520724829 0.0124829768326165 0.0
0.40608276428198 0.0758337860873998 0.0
0.413296150664106 0.139551679669421 0.0
0.421831574292742 0.203707003418123 0.0
0.431986713479994 0.268382881763132 0.0
0.444151775246282 0.333671129151298 0.0
0.458863054844489 0.399650825281419 0.0
0.476850997160696 0.466305633608565 0.0
0.498901090681279 0.533226968562923 0.0
