-0.79646893227304 -0.644885710200033 0.0
0.428406118093049 -0.671468712126222 0.0
-0.812339603900909 0.61237245798111 0.0
0.61237245798111 0.61237245798111 0.0
-0.735244263230698 -0.64646663605644 0.0
0.429987973589763 -0.610147170027435 0.0
0.524596045612578 0.598711249660088 0.0
-0.786701292087805 0.544327325214945 0.0
-0.674007695051029 -0.64777336607894 0.0
0.431743816709127 -0.548718930029056 0.0
0.444139757873258 0.591677934443145 0.0
-0.776676820181802 0.477696728155402 0.0
-0.612769399423528 -0.649050999760885 0.0
0.433696443598409 -0.487178384435852 0.0
0.368006124284611 0.587073630934809 0.0
-0.772178095526271 0.412758373600941 0.0
-0.551528293941824 -0.650310430667974 0.0
0.435868316893406 -0.425520316029198 0.0
0.29455587378922 0.583684706775793 0.0
-0.770323857357818 0.34885054819401 0.0
-0.49029091263732 -0.651569092086645 0.0
0.438288292796212 -0.36373883538058 0.0
0.222902024758244 0.581057610766102 0.0
-0.77000026549979 0.28554828091608 0.0
-0.429059432150755 -0.652850332950752 0.0
0.440995040521627 -0.301826227160906 0.0
0.152510237126723 0.578985100465682 0.0
-0.770641597401012 0.222615258028708 0.0
-0.367830642549502 -0.654164998072453 0.0
0.444040240350451 -0.239771663640934 0.0
0.0830147233028237 0.577346243882648 0.0
-0.771910791456815 0.159921358321531 0.0
-0.30659847897994 -0.655509579732523 0.0
0.447492121605934 -0.177559383769085 0.0
0.0141247518791209 0.576029684600606 0.0
-0.773587866641871 0.0973952970871778 0.0
-0.245357118384518 -0.656870675737051 0.0
0.451439292055731 -0.115166829496418 0.0
-0.0544348151792006 0.574832871031918 0.0
-0.775521651230535 0.0349994015034271 0.0
-0.18410278600856 -0.658230907429664 0.0
0.455994720489264 -0.0525618680237055 0.0
-0.12295677638135 0.573033524468667 0.0
-0.77760607813106 -0.0272827544847115 0.0
-0.122834972145519 -0.659574174894079 0.0
0.461299693707569 0.010300098073632 0.0
-0.190266966496601 0.575305951808716 0.0
-0.77977009156155 -0.0894525160188815 0.0
-0.0615563861858143 -0.66088947568217 0.0
0.467528276158132 0.0734801497160968 0.0
-0.256308612944698 0.578403598862342 0.0
-0.781988598553489 -0.151497492977155 0.0
-0.000272514906099155 -0.662173235778743 0.0
0.474894182409462 0.137060892847668 0.0
-0.322411358684912 0.577757446890825 0.0
-0.784347413955311 -0.21339673167626 0.0
0.0610096617333854 -0.663430423213288 0.0
0.483665037382365 0.201154483384169 0.0
-0.389385821222866 0.578493342304838 0.0
-0.785945933053289 -0.275202589969208 0.0
0.122282509997129 -0.664674569068807 0.0
0.494193445864322 0.265915184499795 0.0
-0.45733925652403 0.579373022372601 0.0
-0.787711829734863 -0.337057028035366 0.0
0.183539533871045 -0.665926626253452 0.0
0.506982800579954 0.331563431829168 0.0
-0.526080738553899 0.584887058422353 0.0
-0.789855047412834 -0.398892318237031 0.0
0.244777017997111 -0.667212293536938 0.0
0.52282515192114 0.398430532312997 0.0
-0.594619011238867 0.590423343378843 0.0
-0.791743209578804 -0.460579692047279 0.0
0.30599542807281 -0.668557147455017 0.0
0.543113824942353 0.467038309824778 0.0
-0.663311508134426 0.591926415145824 0.0
-0.793549817232 -0.522116994815581 0.0
0.367201126090316 -0.669978284626852 0.0
0.57066623378055 0.538185429144322 0.0
-0.73543032375434 0.597837329948975 0.0
-0.794986651271249 -0.583546434682801 0.0
-0.733792197203917 -0.58512940254986 0.0
-0.732328264417806 -0.523682033238905 0.0
-0.730554556391205 -0.462112201164356 0.0
-0.728673229735742 -0.400481509557765 0.0
-0.72664498986133 -0.338793413132267 0.0
-0.724896292413436 -0.277052636315183 0.0
-0.723134624750655 -0.215090271905783 0.0
-0.720780866158979 -0.152872108280217 0.0
-0.71854061149197 -0.0905961264180969 0.0
-0.716359249862171 -0.0282213739723671 0.0
-0.714269074574974 0.034283712598294 0.0
-0.712343222752867 0.0969495679424627 0.0
-0.710694010376945 0.159812785922518 0.0
-0.709486050750788 0.222920489031758 0.0
-0.708964589441163 0.286328129545777 0.0
-0.709511769343694 0.350081047644537 0.0
-0.711767542933707 0.414141060236657 0.0
-0.71691991118115 0.478128676783756 0.0
-0.727362877444724 0.540393277961375 0.0
-0.6725832733851 -0.586431329411032 0.0
-0.671053724029678 -0.524998273148811 0.0
-0.669303399581534 -0.463445655307834 0.0
-0.667425071960715 -0.401781930088056 0.0
-0.665482823750392 -0.339979135728269 0.0
-0.663657814779762 -0.278073400205631 0.0
-0.661730617710114 -0.216063900488457 0.0
-0.659494674458966 -0.153872385392368 0.0
-0.657279428190821 -0.0915460847904268 0.0
-0.655111664577882 -0.0290815141357706 0.0
-0.653042386239014 0.033533366116242 0.0
-0.651154324621026 0.0963112258229947 0.0
-0.649568889632821 0.159259778254224 0.0
-0.648460313239172 0.222371307161592 0.0
-0.648079544232029 0.285598593617045 0.0
-0.648792134183814 0.348805935982185 0.0
-0.651129639161078 0.411672941802529 0.0
-0.655762636886735 0.473530973778813 0.0
-0.66148968146891 0.533392217821891 0.0
-0.611345156742333 -0.587710666943134 0.0
-0.609781645313657 -0.526260689687503 0.0
-0.608043040717673 -0.464683247574278 0.0
-0.606192912620017 -0.402974667352297 0.0
-0.604295199859257 -0.341137045442957 0.0
-0.602405705084521 -0.279200835796855 0.0
-0.600400076339435 -0.217149310115621 0.0
-0.598219293862824 -0.154941841800973 0.0
-0.596031032843421 -0.0925987194906617 0.0
-0.593886362334047 -0.0301254233459395 0.0
-0.591846425837373 0.0324725498167188 0.0
-0.589998078172516 0.0951817850392999 0.0
-0.588461875822961 0.157972275775794 0.0
-0.587401352242986 0.220785315727167 0.0
-0.587032792844429 0.283515397202597 0.0
-0.587625887041396 0.345989456105457 0.0
-0.589441025088331 0.407954444564674 0.0
-0.592206032573813 0.469134493885509 0.0
-0.593292518414569 0.529759432444265 0.0
-0.550097706069185 -0.588964424932632 0.0
-0.548519540297318 -0.52749938915958 0.0
-0.546794838774799 -0.465906134754177 0.0
-0.544969150179902 -0.404185818180161 0.0
-0.54308413014018 -0.342347584334408 0.0
-0.541152290652065 -0.280404719465835 0.0
-0.539111992561383 -0.218345713352191 0.0
-0.536958904854786 -0.156156148351617 0.0
-0.534790121814354 -0.093851979828681 0.0
-0.532660838805898 -0.0314490043224415 0.0
-0.530633932800623 0.0310305930248104 0.0
-0.528792350995615 0.0935519111614324 0.0
-0.527244655820825 0.156060248087684 0.0
-0.52612788049443 0.218473281137394 0.0
-0.525602830528853 0.280671721755196 0.0
-0.525818886793709 0.342491568352247 0.0
-0.526743998425429 0.4037252911546 0.0
-0.527554053161765 0.464202800022091 0.0
-0.524796051268305 0.523937068169754 0.0
-0.48885149936055 -0.590221944641591 0.0
-0.487268442708179 -0.528753891671312 0.0
-0.485555678632815 -0.467161890489143 0.0
-0.483744333892781 -0.405449915925775 0.0
-0.481858639745535 -0.343626644406992 0.0
-0.479899028643543 -0.281699920907115 0.0
-0.477839403150206 -0.219666967208967 0.0
-0.47569434085243 -0.157528706008862 0.0
-0.473527317661094 -0.0953035540268196 0.0
-0.471389283979727 -0.0330153285391885 0.0
-0.469338046108301 0.0293033468002423 0.0
-0.467445759950284 0.0916067970297733 0.0
-0.465800965419382 0.153831489967372 0.0
-0.464504796712353 0.215891093052153 0.0
-0.463651680936163 0.277670026036266 0.0
-0.463259866328535 0.339018471077278 0.0
-0.463055465653617 0.399763465188533 0.0
-0.461934824313426 0.459777737468092 0.0
-0.458263628746348 0.519326596751175 0.0
-0.427609164637045 -0.591507299171691 0.0
-0.426024382140337 -0.530045749337466 0.0
-0.424319131800648 -0.468465775415292 0.0
-0.42251302961583 -0.4067726655245 0.0
-0.420619190292795 -0.344974748618897 0.0
-0.418636232737234 -0.283079459471388 0.0
-0.416556333452159 -0.221090887092965 0.0
-0.414398561396421 -0.159018315187746 0.0
-0.412207445072257 -0.0968823045790713 0.0
-0.41002563290382 -0.0347098334583609 0.0
-0.407901014334347 0.0274639383488892 0.0
-0.405889899439629 0.0895934022696178 0.0
-0.404055080579789 0.151620053441777 0.0
-0.402454934074347 0.213470936952172 0.0
-0.401110158798935 0.2750584392148 0.0
-0.399914593039461 0.336290064901849 0.0
-0.398438605801306 0.397109637807286 0.0
-0.395840763551606 0.457634095072777 0.0
-0.392239680704299 0.518321342846959 0.0
-0.366368673863013 -0.592828545134649 0.0
-0.364782056382234 -0.531377598703016 0.0
-0.363078841953814 -0.469813694790715 0.0
-0.361269545530868 -0.408142801782287 0.0
-0.359360507518017 -0.34637314934804 0.0
-0.357350875810328 -0.284512833273367 0.0
-0.355240905135297 -0.222569864228003 0.0
-0.353048014727332 -0.1605570039045 0.0
-0.350803565534742 -0.0984946040637875 0.0
-0.348539914856065 -0.0364084896859738 0.0
-0.346292232585435 0.0256692259987975 0.0
-0.344098344749308 0.087699305023061 0.0
-0.341993235177085 0.149634745826216 0.0
-0.339992709727615 0.211421964676597 0.0
-0.338053789826053 0.273005385350617 0.0
-0.335993946771396 0.334344549878118 0.0
-0.333408021814332 0.395459383928851 0.0
-0.329882946576932 0.456483206733082 0.0
-0.325425631260184 0.517389822980397 0.0
-0.305125930999468 -0.594179290860747 0.0
-0.303535974900914 -0.532738411496609 0.0
-0.30182883639594 -0.471189131473721 0.0
-0.300008166781949 -0.409537593155067 0.0
-0.298076099651728 -0.347791728112695 0.0
-0.296032041899906 -0.285959865839836 0.0
-0.2938785289101 -0.224051444752278 0.0
-0.291628612596182 -0.162079689208515 0.0
-0.28930286228199 -0.100063075660279 0.0
-0.286922560900543 -0.0380243422709596 0.0
-0.284509014291174 0.0240090754579362 0.0
-0.282081038113493 0.0860049113443748 0.0
-0.2796469980002 0.147926435493444 0.0
-0.277186208064011 0.20973545108773 0.0
-0.274612399248671 0.271400352442265 0.0
-0.271724127518982 0.332918385843442 0.0
-0.268209079166814 0.394354751859826 0.0
-0.263755881103414 0.455847880568271 0.0
-0.257877681861313 0.517576627736795 0.0
-0.243876899341007 -0.595544179102314 0.0
-0.242281591816807 -0.534109753936994 0.0
-0.240564560818516 -0.472569959338991 0.0
-0.238724741981538 -0.410930732192843 0.0
-0.236761521418842 -0.349199377040543 0.0
-0.234673685204135 -0.287383815833721 0.0
-0.232462800045666 -0.225493407993136 0.0
-0.230136290193382 -0.163540508525324 0.0
-0.227704952495234 -0.101541470004845 0.0
-0.225178770096551 -0.0395163398718068 0.0
-0.222564944128943 0.0225105186762825 0.0
-0.219863988930561 0.0845100998817581 0.0
-0.217060977360473 0.146448711254229 0.0
-0.214108818212468 0.20829005342968 0.0
-0.210903756797461 0.270000488446291 0.0
-0.20727030755616 0.331560193168156 0.0
-0.202990162502421 0.392966952303044 0.0
-0.197827250951662 0.454210765484434 0.0
-0.191001164970046 0.515221357124231 0.0
-0.182618686053878 -0.596904938405188 0.0
-0.18101582189802 -0.535471927781087 0.0
-0.179283292201299 -0.473934800489744 0.0
-0.177417294354439 -0.41229905129159 0.0
-0.175415261392046 -0.350571094432743 0.0
-0.173274462268339 -0.288758000312781 0.0
-0.170993589939803 -0.226868339009577 0.0
-0.168573697215397 -0.164913238149938 0.0
-0.166016069136924 -0.102907337069103 0.0
-0.163319086218039 -0.0408690130558536 0.0
-0.160475539305523 0.0211785842152953 0.0
-0.157468089889095 0.0832066686326576 0.0
-0.154261134714814 0.145179868882622 0.0
-0.15078861632338 0.207056473783066 0.0
-0.146942860945445 0.268789008081334 0.0
-0.142579559970973 0.330323501948456 0.0
-0.137549384335243 0.391587401359051 0.0
-0.131703138530932 0.452465995984226 0.0
-0.125397677943714 0.512990126479316 0.0
-0.121350449039167 -0.598245468696686 0.0
-0.119737623151368 -0.536808784782893 0.0
-0.117984584333669 -0.475267480169647 0.0
-0.116086421438779 -0.413626421858635 0.0
-0.114038934510445 -0.351890909709446 0.0
-0.111837041751543 -0.290066839116589 0.0
-0.109475292681385 -0.228161568794915 0.0
-0.106947715359589 -0.166184745808548 0.0
-0.104245814883809 -0.10414927142978 0.0
-0.10135574937393 -0.0420717692678012 0.0
-0.0982552000903344 0.0200262717448105 0.0
-0.0949087263455627 0.0821176743698671 0.0
-0.0912610944295335 0.144168889545419 0.0
-0.0872301204275921 0.206140839630617 0.0
-0.0827053244171274 0.267990763641481 0.0
-0.0775630228528978 0.329677017747588 0.0
-0.0717057944885277 0.391171214065704 0.0
-0.0652298432019057 0.452524003784039 0.0
-0.0590975754137181 0.513926053774234 0.0
-0.0600733837207175 -0.599555401145298 0.0
-0.0584478865450781 -0.538110863060222 0.0
-0.0566701020854877 -0.476559587342701 0.0
-0.0547350865004202 -0.414905560374511 0.0
-0.052636924932414 -0.353152700460809 0.0
-0.0503673982097674 -0.291305384984745 0.0
-0.0479159698450723 -0.229369305185058 0.0
-0.0452690354909179 -0.167352111728024 0.0
-0.0424078733469953 -0.105264299095017 0.0
-0.0393058365125135 -0.0431196407125043 0.0
-0.0359250601029304 0.0190638516722628 0.0
-0.0322123110266634 0.0812634762891178 0.0
-0.0280946377162243 0.143451705342771 0.0
-0.0234777794035628 0.205597643991846 0.0
-0.0182543078175157 0.267669586469761 0.0
-0.0123328080743747 0.329641621545598 0.0
-0.0057190108212093 0.39150978751433 0.0
0.00128039089236436 0.45330116969651 0.0
0.0080052359736862 0.514897602687639 0.0
0.00120942831080499 -0.600832217285405 0.0
0.00285059702569778 -0.539377155713961 0.0
0.00465634636299783 -0.477811816461464 0.0
0.00663131070458982 -0.41613894220453 0.0
0.0087835419632586 -0.354360765237858 0.0
0.011125108966977 -0.292479789485552 0.0
0.0136723144037927 -0.230499556692104 0.0
0.0164468384891966 -0.168425098611348 0.0
0.0194779293550628 -0.106263677555877 0.0
0.0228052497283227 -0.0440251011748129 0.0
0.0264820293362654 0.0182774744549257 0.0
0.0305782032668902 0.0806272068230836 0.0
0.0351819342379041 0.143003275988402 0.0
0.0403956302653017 0.205381513010949 0.0
0.0463188703827236 0.267734904273251 0.0
0.0530049035731534 0.330035821026523 0.0
0.060371899801256 0.39225396585107 0.0
0.0681144341679746 0.454316316421944 0.0
0.0757760844113224 0.516061830717586 0.0
0.0624938160576146 -0.602082237396754 0.0
0.0641536637165018 -0.540615887727025 0.0
0.0659892206748329 -0.479034540799299 0.0
0.0680053080761608 -0.417339287880964 0.0
0.0702127727525368 -0.355530433396696 0.0
0.0726281009371259 -0.293608344723554 0.0
0.0752737663936871 -0.231574036456792 0.0
0.0781797243778401 -0.169429416893187 0.0
0.0813857902444363 -0.107177885256552 0.0
0.0849445060162173 -0.0448245639321668 0.0
0.088923967395196 0.0176228957513353 0.0
0.0934097856673231 0.0801537437403224 0.0
0.0985039957531894 0.142753093413328 0.0
0.104316667568926 0.205400844869601 0.0
0.110942858693802 0.268068805638246 0.0
0.118416115238637 0.330715521753728 0.0
0.126643286251089 0.393270629446558 0.0
0.135362013678822 0.455610490818057 0.0
0.144168613797373 0.517562355984092 0.0
0.123774699071005 -0.603320558751668 0.0
0.12545563078106 -0.541844306508441 0.0
0.127321043864156 -0.480247504650232 0.0
0.12937723657322 -0.418529298839218 0.0
0.131638563816348 -0.356688014367415 0.0
0.134126261710826 -0.294721794176291 0.0
0.136869092571295 -0.232628905652654 0.0
0.139905235898721 -0.170407776564903 0.0
0.143284890556438 -0.108057461308591 0.0
0.147073164729652 -0.0455778183509076 0.0
0.15135258128278 0.0170296132666647 0.0
0.156224101164512 0.079760707741386 0.0
0.161804317323641 0.142606855919501 0.0
0.168214923655522 0.205552083439958 0.0
0.175558936039108 0.268566583105002 0.0
0.183880662081803 0.331595392200186 0.0
0.193115685437114 0.394539623131521 0.0
0.203045392590278 0.457238625505546 0.0
0.213242508776615 0.519479959632353 0.0
0.185047048008529 -0.604569805018531 0.0
0.186749988028696 -0.543087253543065 0.0
0.18864318689122 -0.481478314691779 0.0
0.190736191570984 -0.419740241435379 0.0
0.193047355580283 -0.357869620991906 0.0
0.195602665584851 -0.295862466882821 0.0
0.198436998951581 -0.233714188375318 0.0
0.201596471637752 -0.171419428569091 0.0
0.205141287676563 -0.108972383803377 0.0
0.209148703116897 -0.0463668775564421 0.0
0.213715379092701 0.0164027814293357 0.0
0.218958014103423 0.0793407200838063 0.0
0.225010213344445 0.14244703611675 0.0
0.232012796788127 0.205713566127594 0.0
0.240094350074676 0.269114678497111 0.0
0.24934046195143 0.332591828952496 0.0
0.259749889672217 0.396029453965541 0.0
0.271164337655592 0.459227907217642 0.0
0.28312442898318 0.521894199390458 0.0
0.246306537963695 -0.605857240756702 0.0
0.248030000348918 -0.544374027679654 0.0
0.249946794348902 -0.48275929643406 0.0
0.252071243299341 -0.421009093751896 0.0
0.254425620684651 -0.359118816914798 0.0
0.257040267835392 -0.297082529449309 0.0
0.259955727188801 -0.23489272233537 0.0
0.263225514689911 -0.172539974124656 0.0
0.266919222864125 -0.110013059714619 0.0
0.27112564281624 -0.0472987770234844 0.0
0.275955233677786 0.0156174579097522 0.0
0.281541071891119 0.0787507641777965 0.0
0.288036987604167 0.142114437283659 0.0
0.295611718194814 0.205715500365394 0.0
0.304437971668471 0.269544578494757 0.0
0.31467458065773 0.333557661182634 0.0
0.326430567099458 0.397643139826009 0.0
0.339671528807367 0.461568962351501 0.0
0.353978148349553 0.524917569172817 0.0
0.307549919584907 -0.607209479234821 0.0
0.309289537713371 -0.545732811497402 0.0
0.311224229385584 -0.484122280181929 0.0
0.313373171992522 -0.42237422098028 0.0
0.315761654908519 -0.360483244159903 0.0
0.318423701237721 -0.298441631786098 0.0
0.321404811905952 -0.236239058507199 0.0
0.324765055296798 -0.173862033488721 0.0
0.328582418751834 -0.111293641270415 0.0
0.332956181926049 -0.0485128619110396 0.0
0.338009781323895 0.0145054968816282 0.0
0.34389274066958 0.0777908310820078 0.0
0.350781445362321 0.141375598100858 0.0
0.35887958684592 0.205292615898745 0.0
0.368419822140353 0.269567256043455 0.0
0.379666780955774 0.334200847415279 0.0
0.392908086843649 0.399132247052874 0.0
0.408376373338908 0.464150747530384 0.0
0.42593542658045 0.528714250980452 0.0
0.368776157377351 -0.608643209121425 0.0
0.370525711257906 -0.547181555940078 0.0
0.372472496538751 -0.485591682033377 0.0
0.374637718228464 -0.423869943159179 0.0
0.377048759475985 -0.362010122698929 0.0
0.379742531585006 -0.300003238377068 0.0
0.382768468086969 -0.237837068334036 0.0
0.386191846716298 -0.17549512549406 0.0
0.390097393565094 -0.11295573804822 0.0
0.394592977132772 -0.0501904960844557 0.0
0.399813045815987 0.01283699732203 0.0
0.40592190784641 0.076172851254982 0.0
0.413117811062052 0.139874382566407 0.0
0.421640876887376 0.204011823287164 0.0
0.431790275609291 0.268668077613757 0.0
0.443958102755162 0.333934557888447 0.0
0.458683150482408 0.399889619016585 0.0
0.476699213847947 0.466515629469167 0.0
0.498795999618462 0.533401932692379 0.0
