-0.795686058445129 -0.645017370093554 0.0
0.429204682752048 -0.67158925868449 0.0
-0.811204481124878 0.61237245798111 0.0
0.61237245798111 0.61237245798111 0.0
-0.734461566634787 -0.646598070536866 0.0
0.430782940652335 -0.61026738790568 0.0
0.524717564947038 0.598654002906762 0.0
-0.785731357431858 0.544279431210537 0.0
-0.673225316765401 -0.647905270355973 0.0
0.432535571018408 -0.548838498180505 0.0
0.444348901192393 0.591578336159048 0.0
-0.775794121403839 0.477629625313079 0.0
-0.611987520586464 -0.649183842120336 0.0
0.434484917098011 -0.487296949361805 0.0
0.368285970957343 0.586943226709212 0.0
-0.771344550554206 0.412677507496362 0.0
-0.550747038877255 -0.65044493115859 0.0
0.43665315504713 -0.425637504582372 0.0
0.294896476639786 0.583532556850994 0.0
-0.769519925717194 0.348758133194301 0.0
-0.489510282286556 -0.651705994184323 0.0
0.439068903191308 -0.363854248714081 0.0
0.2232968294348 0.580890576127624 0.0
-0.769214386846483 0.28544613517971 0.0
-0.428279289300529 -0.652990211436579 0.0
0.441770578268882 -0.301939431139567 0.0
0.15295470826099 0.578808398405772 0.0
-0.769866365756723 0.222505074928134 0.0
-0.367050727086917 -0.654308148956779 0.0
0.444809548537369 -0.239882181826373 0.0
0.0835057985300682 0.577164009760752 0.0
-0.771141273691265 0.159804692403305 0.0
-0.30581843945207 -0.65565597673539 0.0
0.44825363222546 -0.177666695845301 0.0
0.0146606899412996 0.575845545238224 0.0
-0.772820732673489 0.0972735405251595 0.0
-0.244576550208529 -0.657019975995579 0.0
0.452190888600852 -0.115270376547595 0.0
-0.0538543008276477 0.574650819837389 0.0
-0.774754671318528 0.0348737765734455 0.0
-0.183321269815249 -0.65838248799495 0.0
0.456733562948133 -0.0526610647614793 0.0
-0.122330151154182 0.572859926702659 0.0
-0.776837810247117 -0.0274111919170848 0.0
-0.122052108485649 -0.659727184607902 0.0
0.462022008026893 0.0102058456239734 0.0
-0.189599500169783 0.575125259402156 0.0
-0.778999679047147 -0.0895828683707374 0.0
-0.0607718250201653 -0.661042892192072 0.0
0.468229109413349 0.0733914246469213 0.0
-0.255609010141715 0.578215801683128 0.0
-0.781215643546056 -0.151629013700914 0.0
0.000514020130813397 -0.662325922566763 0.0
0.475567115813751 0.136978251599299 0.0
-0.321679409713992 0.577584828150992 0.0
-0.783572362418913 -0.213528807812951 0.0
0.0617983534082087 -0.66358118589651 0.0
0.484301822904455 0.201078452036355 0.0
-0.388613783952278 0.578333575487606 0.0
-0.785168575509943 -0.275335277208054 0.0
0.123073430677914 -0.664822214187073 0.0
0.494783482894835 0.265846280614767 0.0
-0.456519715287339 0.57923078827088 0.0
-0.786932099428612 -0.33718999065425 0.0
0.184332631085023 -0.66607002937871 0.0
0.507512286954049 0.331502241258402 0.0
-0.525208902375751 0.584747246336762 0.0
-0.789073484934606 -0.399024949957018 0.0
0.245572102816478 -0.667350487197214 0.0
0.52327559071276 0.398377919048412 0.0
-0.593699818516273 0.590291988348707 0.0
-0.790960634847356 -0.460711955896016 0.0
0.306792169371885 -0.668689443539885 0.0
0.543459213012192 0.46699600891591 0.0
-0.662345526616553 0.591830892955486 0.0
-0.792766689930078 -0.52224898760243 0.0
0.36799905868952 -0.670104452602494 0.0
0.570867797004711 0.538157879542186 0.0
-0.734395754639674 0.597782210486477 0.0
-0.794203628626668 -0.583678214097965 0.0
-0.733009305885015 -0.585260937013013 0.0
-0.731545223669612 -0.523813757828395 0.0
-0.729772022439701 -0.462244142750699 0.0
-0.727891807723726 -0.400613647085054 0.0
-0.725865188446525 -0.338925721613962 0.0
-0.724118565522345 -0.277184664394291 0.0
-0.722359622791958 -0.215221712497932 0.0
-0.720008604131897 -0.153002982222168 0.0
-0.717771057526499 -0.0907260449094378 0.0
-0.715592009098819 -0.0283498954217266 0.0
-0.713503299250315 0.0341570704881498 0.0
-0.711577469108303 0.0968253047505652 0.0
-0.709926017543622 0.159691385308029 0.0
-0.708712396862777 0.222802379677478 0.0
-0.708180139191858 0.286213662174043 0.0
-0.708708746557762 0.349970572221977 0.0
-0.710933896989244 0.414035396707113 0.0
-0.716036363173237 0.478031003230358 0.0
-0.726398594475067 0.540315855615784 0.0
-0.671800529449851 -0.586563303318591 0.0
-0.67027087042854 -0.525130382560589 0.0
-0.668521100160398 -0.463577973466756 0.0
-0.666643984658954 -0.40191447481316 0.0
-0.664703576524141 -0.34011183188363 0.0
-0.662880971209871 -0.278206151666221 0.0
-0.66095662915005 -0.216196672943757 0.0
-0.658723665412215 -0.15400505528933 0.0
-0.656511350652492 -0.0916785310420402 0.0
-0.65434611938679 -0.0292136198001953 0.0
-0.652278515019387 0.033401690462857 0.0
-0.650390656221342 0.0961800177755063 0.0
-0.6488031120942 0.15912900813172 0.0
-0.64768893551368 0.222240895324563 0.0
-0.647297394132919 0.285468518450977 0.0
-0.647991621079971 0.348676560652003 0.0
-0.650299747675587 0.411545808901938 0.0
-0.65488820545877 0.473410338910449 0.0
-0.660561878748606 0.533283848842502 0.0
-0.610562704700672 -0.587843644916409 0.0
-0.608999093735915 -0.52639393572586 0.0
-0.607261138254801 -0.464816879238257 0.0
-0.605412408209953 -0.403108758671905 0.0
-0.603516778049517 -0.341271647666389 0.0
-0.601629941131392 -0.279336001200441 0.0
-0.599627384813527 -0.217285092433969 0.0
-0.597449832788888 -0.155078292353544 0.0
-0.595264735870477 -0.0927359244504271 0.0
-0.59312281461027 -0.0302635062924349 0.0
-0.591084752226488 0.0323334210216231 0.0
-0.58923679186001 0.0950414021832302 0.0
-0.587698667083963 0.157830421625696 0.0
-0.586632799935342 0.220641849993144 0.0
-0.586253987723074 0.283370438793065 0.0
-0.586830003790806 0.345843707767044 0.0
-0.588619174881786 0.407809634237572 0.0
-0.59135006195582 0.468993287335704 0.0
-0.592410391860575 0.529621805641715 0.0
-0.549315627166386 -0.5890991945397 0.0
-0.547737367097901 -0.527634640393904 0.0
-0.54601344330937 -0.466042048594597 0.0
-0.544189356498665 -0.40432254918515 0.0
-0.542306656931895 -0.342485279229289 0.0
-0.540377717928738 -0.280543531009443 0.0
-0.538340716927347 -0.218485809909953 0.0
-0.53619109082709 -0.156297719457695 0.0
-0.534025687881742 -0.0939952506793602 0.0
-0.531899361164706 -0.0315942282873818 0.0
-0.529874540511772 0.0308831509638337 0.0
-0.528033589635452 0.0934020118418576 0.0
-0.526484310670126 0.155907751393147 0.0
-0.525362761311073 0.218318274037419 0.0
-0.524828551967488 0.280514721920641 0.0
-0.52502980997803 0.342333811091382 0.0
-0.525934136646805 0.403569005932519 0.0
-0.526722014629646 0.464050814543435 0.0
-0.523960918953455 0.523791228348062 0.0
-0.488069794433313 -0.590359262289763 0.0
-0.486486662979887 -0.52889192047373 0.0
-0.484774822258432 -0.467300879712664 0.0
-0.482965285026401 -0.405590091326191 0.0
-0.481082137460825 -0.343768229058539 0.0
-0.479125648506686 -0.281843149384398 0.0
-0.477069529157251 -0.219812092081729 0.0
-0.474928137463193 -0.15767599919135 0.0
-0.472764701507611 -0.0954533042416459 0.0
-0.470629847456975 -0.0331678203042178 0.0
-0.468580967326455 0.0291478694534329 0.0
-0.466689691604578 0.0914481903603649 0.0
-0.465043905292074 0.153669804223353 0.0
-0.463743963664034 0.215726711948414 0.0
-0.462883482924744 0.277503863047506 0.0
-0.462480263923628 0.338852214083017 0.0
-0.462261711910339 0.399599739759653 0.0
-0.461130749012728 0.459619791837163 0.0
-0.457462038682136 0.519176775451292 0.0
-0.426827747923673 -0.591647720589857 0.0
-0.425242941786307 -0.53018708218508 0.0
-0.423538774860381 -0.468608328439796 0.0
-0.421734681853148 -0.406916722109628 0.0
-0.4198435974518 -0.345120589683797 0.0
-0.41786396140769 -0.283227375376703 0.0
-0.41578776071184 -0.221241179654355 0.0
-0.413633859362876 -0.159171292444862 0.0
-0.411446553132094 -0.0970382670026311 0.0
-0.409268199873789 -0.0348690445747976 0.0
-0.407146329384922 0.0273012961208836 0.0
-0.405136814521983 0.0894272906134208 0.0
-0.403301939397161 0.151450664215057 0.0
-0.401699555310274 0.213298803082303 0.0
-0.400350010477743 0.274884560911874 0.0
-0.399147529604189 0.336115995275648 0.0
-0.397664938571585 0.396937335590929 0.0
-0.395065913047544 0.457465082894854 0.0
-0.39146765692391 0.518155073760588 0.0
-0.365587380522957 -0.592972330080651 0.0
-0.364000838212775 -0.531522440226838 0.0
-0.362298883929096 -0.469959946458869 0.0
-0.360491793302204 -0.408290788811019 0.0
-0.35858570188373 -0.346523191641708 0.0
-0.356579574031619 -0.284665254611533 0.0
-0.354473486702113 -0.22272499053482 0.0
-0.352284676375232 -0.160715153343026 0.0
-0.350044301210127 -0.0986560680782015 0.0
-0.347784476785209 -0.0365735021032323 0.0
-0.345540086860251 0.0255005310060654 0.0
-0.343348631602645 0.0875269468919646 0.0
-0.341244759886239 0.149458962899976 0.0
-0.339244030224921 0.211243284610405 0.0
-0.337303558288818 0.272824677013067 0.0
-0.335241810208777 0.334162985135632 0.0
-0.332656150394697 0.395278142225175 0.0
-0.329136114756874 0.456302889938346 0.0
-0.32468910341145 0.517211598129156 0.0
-0.304344534627425 -0.594326370653331 0.0
-0.302754811847977 -0.53288662819435 0.0
-0.3010491302724 -0.471338866667032 0.0
-0.299230860164518 -0.409689198518581 0.0
-0.297301919058816 -0.347945547262395 0.0
-0.295261537951085 -0.286116240985987 0.0
-0.293112095771818 -0.224210712381915 0.0
-0.290866492831358 -0.16224216775044 0.0
-0.288545137708852 -0.100229045160973 0.0
-0.286169132612383 -0.038194015209796 0.0
-0.283759584032141 0.0238355913456971 0.0
-0.281335106387261 0.0858276574361043 0.0
-0.278903912061787 0.147745650466082 0.0
-0.276445331964823 0.209551611213436 0.0
-0.273873540717626 0.271214170246499 0.0
-0.270988345125791 0.332730685063585 0.0
-0.267479521707943 0.394166113816024 0.0
-0.263038004371948 0.455658302866124 0.0
-0.257180972232785 0.517385449316264 0.0
-0.243095134943076 -0.595694169457521 0.0
-0.241500283977176 -0.534260897652243 0.0
-0.239784928705352 -0.472722649783148 0.0
-0.237947702418598 -0.411085334503879 0.0
-0.235987779385199 -0.349356247661609 0.0
-0.233903789338021 -0.287543306554678 0.0
-0.231697172904241 -0.225655859549237 0.0
-0.229375242272587 -0.163706236784554 0.0
-0.226948685093706 -0.101710745180622 0.0
-0.22442737398531 -0.0396893583900682 0.0
-0.2218184063145 0.0223336694524756 0.0
-0.21912222554026 0.0843294835821022 0.0
-0.216323926874014 0.146264588151468 0.0
-0.213376656172024 0.20810291963121 0.0
-0.210177305292751 0.269811083202273 0.0
-0.206551605040951 0.331369437807766 0.0
-0.202282929505764 0.392775864486563 0.0
-0.197137374312848 0.454020532293941 0.0
-0.190340732246716 0.515033946389805 0.0
-0.181836274757853 -0.597057179539624 0.0
-0.180234154498482 -0.535625281486147 0.0
-0.178503539970535 -0.474089657764054 0.0
-0.176640327315863 -0.412455780638189 0.0
-0.174641757895281 -0.350730057776965 0.0
-0.172504975148835 -0.288919553907357 0.0
-0.170228584567327 -0.227032824883974 0.0
-0.167813573915448 -0.165080968959841 0.0
-0.165261178532301 -0.103078574683117 0.0
-0.162569746548424 -0.0410439402279479 0.0
-0.159732068062261 0.0209998998169146 0.0
-0.156730867769212 0.083024318568462 0.0
-0.153530730964209 0.144994155119 0.0
-0.150066013652021 0.20686796165484 0.0
-0.146229793290197 0.268598572721665 0.0
-0.141878880450769 0.330132379726008 0.0
-0.136865326154835 0.391397319943976 0.0
-0.131041725319071 0.4522794771612 0.0
-0.124763981078997 0.51280939382803 0.0
-0.120567121653737 -0.598399078290099 0.0
-0.118955383168939 -0.536963417587371 0.0
-0.117204513971865 -0.475423513476019 0.0
-0.115309325929629 -0.413784220233146 0.0
-0.113265463137607 -0.352050835804195 0.0
-0.111067759240737 -0.290229250823908 0.0
-0.108710722072155 -0.228326808586333 0.0
-0.106188368177873 -0.166353124737456 0.0
-0.103492219454591 -0.104321047815164 0.0
-0.100608487231521 -0.0422471211163623 0.0
-0.0975149621936879 0.0198472816502501 0.0
-0.0941764046532386 0.081935141218455 0.0
-0.0905379286482875 0.143983115577474 0.0
-0.0865179141955444 0.205952384069816 0.0
-0.0820067098067198 0.267800484598724 0.0
-0.0768816894289885 0.329486095322751 0.0
-0.0710465680607026 0.390981106651319 0.0
-0.0645977826033517 0.452335911119139 0.0
-0.0584927256460437 0.513739567511613 0.0
-0.0592889012679602 -0.599709330946096 0.0
-0.0576648765054792 -0.538265686748509 0.0
-0.055889521100636 -0.476715660208622 0.0
-0.0539576615912738 -0.415063238119473 0.0
-0.0518632770715124 -0.353312343333754 0.0
-0.0495981130442419 -0.291467350854686 0.0
-0.0471516426313089 -0.229533937319614 0.0
-0.0445103085238447 -0.167519723103724 0.0
-0.0416554776670393 -0.105435152824614 0.0
-0.0385606475823853 -0.0432939254511717 0.0
-0.0351881773646669 0.0188860524305105 0.0
-0.0314851720818281 0.0810822212678102 0.0
-0.0273791749154732 0.143267237054889 0.0
-0.0227766105490174 0.205410429166307 0.0
-0.0175709124080505 0.267480343356801 0.0
-0.0116715749300703 0.329451303828749 0.0
-0.00508484203577314 0.39131941519955 0.0
0.00188369673768787 0.453111432259335 0.0
0.00857619907907829 0.514709605084093 0.0
0.00199525806292013 -0.600985309055487 0.0
0.0036345488392181 -0.539530979709312 0.0
0.00543761857959635 -0.477966700489567 0.0
0.00740926184114796 -0.416295229513616 0.0
0.00955757516383616 -0.354518810511513 0.0
0.0118946080034117 -0.292639947978216 0.0
0.0144365990359157 -0.230662171436915 0.0
0.0172051201159839 -0.168590486428301 0.0
0.0202292557501903 -0.1064321128061 0.0
0.0235484305819557 -0.044196795788878 0.0
0.0272155356811004 0.0181023960619869 0.0
0.031300036504067 0.0804487387326516 0.0
0.0358894699138339 0.142821567083682 0.0
0.0410854655201554 0.20519690510098 0.0
0.0469867502998267 0.267547961477129 0.0
0.0536458849041598 0.329847320190578 0.0
0.0609810141737899 0.392064822874835 0.0
0.068687642529475 0.454127690894199 0.0
0.0763102264553555 0.51587543959598 0.0
0.0632811263728598 -0.602233278174965 0.0
0.0649386966401341 -0.540767473381531 0.0
0.0667713487432691 -0.479186968109602 0.0
0.0687839751617143 -0.417492883451493 0.0
0.0709873986938399 -0.355685540518262 0.0
0.0733980298009587 -0.293765309358553 0.0
0.0760382236943404 -0.231733195166025 0.0
0.0789377658472586 -0.169591085820845 0.0
0.0821362330085911 -0.107342348299938 0.0
0.0856858361940181 -0.0449920580986098 0.0
0.0896542208425996 0.017452199841268 0.0
0.0941264043412733 0.0799797682144684 0.0
0.0992036763786355 0.142575888126133 0.0
0.104995247591797 0.205220631383292 0.0
0.111595331853564 0.267886026436083 0.0
0.119036916943046 0.3305308900104 0.0
0.127226892877535 0.39308521799667 0.0
0.135903516894844 0.455425886464334 0.0
0.144663665758524 0.517380673331698 0.0
0.124563556164417 -0.603468339439865 0.0
0.126241847793023 -0.541992425582134 0.0
0.128104172576233 -0.480396224509476 0.0
0.130156797512512 -0.418678921706507 0.0
0.132413983696831 -0.356838860274471 0.0
0.134896837784482 -0.29487418549366 0.0
0.137633951966663 -0.232783157313831 0.0
0.140663277067467 -0.170564189206614 0.0
0.144034700868534 -0.108216314632128 0.0
0.147812910883191 -0.0457393621823099 0.0
0.152079872797579 0.0168651729869464 0.0
0.15693583500538 0.0795932314097126 0.0
0.162496528095806 0.14243630550851 0.0
0.168882691659994 0.205378575967347 0.0
0.176196440652659 0.26839047021697 0.0
0.184481469290087 0.331417382952856 0.0
0.19367325784125 0.394360964094195 0.0
0.203553627974266 0.45706127556244 0.0
0.213696103431632 0.519306508135555 0.0
0.18583744663946 -0.604713190150113 0.0
0.187537452339316 -0.543230759507189 0.0
0.189427434319487 -0.481622163246706 0.0
0.19151680219816 -0.419884695074867 0.0
0.193823752535458 -0.358014954711994 0.0
0.196374096036273 -0.296008954103759 0.0
0.199202494152669 -0.233862095351663 0.0
0.202354780113285 -0.171569012760104 0.0
0.205890779163388 -0.109123893005213 0.0
0.209887242351857 -0.0465205469779427 0.0
0.21444017241207 0.0162467373793843 0.0
0.219665440051976 0.0791821256744284 0.0
0.225695663693318 0.142285788361906 0.0
0.232670575668749 0.205549695488355 0.0
0.240717698486313 0.268948454372812 0.0
0.249921772495493 0.332423936304362 0.0
0.260281150597902 0.395861254903988 0.0
0.271637833209146 0.459061717674956 0.0
0.283533686047915 0.521733305285933 0.0
0.247098399753843 -0.605995261342229 0.0
0.248818728782886 -0.544511952079559 0.0
0.250732236999992 -0.482897291082611 0.0
0.252853016767499 -0.421147352889675 0.0
0.255203136469474 -0.359257534502531 0.0
0.257812725849042 -0.297221890571961 0.0
0.260722073498373 -0.235032903504775 0.0
0.263984365316062 -0.17268114739138 0.0
0.267668754179625 -0.11015539750945 0.0
0.271863449360466 -0.0474424551136411 0.0
0.27667815769322 0.0154722625395967 0.0
0.282245015869781 0.078603885192152 0.0
0.288716731686353 0.141965748115676 0.0
0.296260774962256 0.205564973652142 0.0
0.305048519083631 0.26939239932131 0.0
0.315237527308763 0.33340443256255 0.0
0.326935871862805 0.397490226705104 0.0
0.340109064420355 0.461418975279155 0.0
0.354339413147216 0.524774756630084 0.0
0.308343091691371 -0.607341465587785 0.0
0.310079484171866 -0.545864501418815 0.0
0.312010872340471 -0.484253751343478 0.0
0.314156142006199 -0.422505549991572 0.0
0.316540350731566 -0.360614490535845 0.0
0.319197286700879 -0.298572837849723 0.0
0.322172167939117 -0.236370255439252 0.0
0.32552469373001 -0.173993249740481 0.0
0.329332360028565 -0.111424911490514 0.0
0.333693798258604 -0.0486442346108205 0.0
0.338731609533775 0.0143739555612638 0.0
0.344594273363516 0.0776590417587962 0.0
0.351456912750273 0.141243487576269 0.0
0.359521739456444 0.205160163706031 0.0
0.369019719002641 0.269434591541517 0.0
0.380213602742044 0.334068444906895 0.0
0.393389115417958 0.399001311478981 0.0
0.408777658932691 0.464023938796911 0.0
0.426244248421074 0.528596814117441 0.0
0.369570404619411 -0.608768989873741 0.0
0.371316728027656 -0.547306872166124 0.0
0.373260219057004 -0.485716448660397 0.0
0.375421781100546 -0.423994046725444 0.0
0.377828557994467 -0.362133421608584 0.0
0.380517213482805 -0.300125567605306 0.0
0.38353687817892 -0.237958245492321 0.0
0.386952431953822 -0.175614958398843 0.0
0.390848070555793 -0.113074034068127 0.0
0.395330963427165 -0.0503070725948441 0.0
0.40053465819948 0.0127223034101821 0.0
0.40662233236089 0.0760601785546474 0.0
0.413790845862167 0.139763850416608 0.0
0.422278633490195 0.203903556191317 0.0
0.432382796803579 0.268562267171959 0.0
0.444492832351582 0.333831605618118 0.0
0.459144237548836 0.399790469603592 0.0
0.477066988169632 0.466422568532822 0.0
0.49904848710734 0.533320437852494 0.0
