-0.794295755179834 -0.645356433757487 0.0
0.430669387853374 -0.672273927922337 0.0
-0.808459889888763 0.61237245798111 0.0
0.61237245798111 0.61237245798111 0.0
-0.733072001209394 -0.646962893407236 0.0
0.43225879501632 -0.610950826190871 0.0
0.524995840627825 0.598406725339708 0.0
-0.783406398485113 0.544151469744955 0.0
-0.671836315447876 -0.648296253171065 0.0
0.434026348125535 -0.549518769534812 0.0
0.444830090049848 0.5911642606972 0.0
-0.773700661066939 0.477449367590256 0.0
-0.610599095294034 -0.649601694615392 0.0
0.435992736023705 -0.487971857013676 0.0
0.368933904497333 0.586415899436441 0.0
-0.769391449982866 0.412460769492144 0.0
-0.549359034527402 -0.65089083074392 0.0
0.438178999243733 -0.426304702777976 0.0
0.295689796870782 0.582929575736644 0.0
-0.767660916563615 0.348511771945934 0.0
-0.488122258015307 -0.652181002895155 0.0
0.440612809811315 -0.364511270021379 0.0
0.22422121799336 0.580238986482209 0.0
-0.767422518787411 0.285175451825971 0.0
-0.426890501499872 -0.653494859294813 0.0
0.443331649704548 -0.302583684064273 0.0
0.154000103855341 0.57812826844703 0.0
-0.768124695647599 0.222214701784116 0.0
-0.365660173327782 -0.654842191486798 0.0
0.446385836538212 -0.240510942715472 0.0
0.084665359288702 0.576470937965477 0.0
-0.769438741671328 0.159498684887293 0.0
-0.304424941743082 -0.656218310990951 0.0
0.449841911605618 -0.178277106374668 0.0
0.0159305717929294 0.57515270537862 0.0
-0.771150015623557 0.0969554011245789 0.0
-0.24317885711445 -0.657608677453408 0.0
0.453786324771035 -0.115859451745792 0.0
-0.0524745574815755 0.573971498796229 0.0
-0.773110939291506 0.0345464955974339 0.0
-0.181918161607452 -0.658994925400497 0.0
0.458329275726747 -0.0532257111063048 0.0
-0.120836791206308 0.572212675262292 0.0
-0.775217956944421 -0.0277450801886225 0.0
-0.120642495220574 -0.66036017687382 0.0
0.463608536420316 0.00966880823959898 0.0
-0.188004510366198 0.574474087525538 0.0
-0.777401836082721 -0.0899212225026756 0.0
-0.059354832314663 -0.661692884191057 0.0
0.469793780691487 0.0728852507752332 0.0
-0.253933562909798 0.577562623955839 0.0
-0.779638913541832 -0.151970017388637 0.0
0.00193897914092688 -0.662989168663173 0.0
0.47709329882693 0.136506289587966 0.0
-0.319924029386587 0.576986551083297 0.0
-0.782017873675888 -0.213870854281943 0.0
0.0632315193277442 -0.664253941060096 0.0
0.485767977310035 0.200644227832613 0.0
-0.38675939948706 0.577786340420526 0.0
-0.783634733701935 -0.27567876457326 0.0
0.124514651190976 -0.665500942426293 0.0
0.496161783436469 0.265453702231432 0.0
-0.454548509505453 0.578748011678185 0.0
-0.785418775186991 -0.337534199910623 0.0
0.185781327254825 -0.666751648764565 0.0
0.508766384141277 0.331156047493793 0.0
-0.523108550459891 0.584293643191795 0.0
-0.787582359487275 -0.399368206168282 0.0
0.247027253881733 -0.668032679175932 0.0
0.52435667626417 0.398084691071583 0.0
-0.591482791234152 0.589883268431515 0.0
-0.789493243105257 -0.461054028845693 0.0
0.308252330888451 -0.669371062104311 0.0
0.544298683308082 0.466766701336676 0.0
-0.660014708091888 0.591535051658301 0.0
-0.791324188787298 -0.522589877657557 0.0
0.369462446329273 -0.67078607607198 0.0
0.571363624535224 0.53801503829037 0.0
-0.731897793809043 0.597613548251342 0.0
-0.792787065594969 -0.584018131255971 0.0
-0.731593410980362 -0.58562647355816 0.0
-0.730103311124269 -0.524180034205011 0.0
-0.728305283733709 -0.462611245423838 0.0
-0.726401624140021 -0.400981513178747 0.0
-0.724352493603453 -0.339294302683886 0.0
-0.722584695305953 -0.277552687272599 0.0
-0.720805839864173 -0.215588224788991 0.0
-0.718433959078084 -0.153368025048446 0.0
-0.716175559163118 -0.0910886855089441 0.0
-0.713974797665799 -0.0287090762284248 0.0
-0.711862550760951 0.0338025281952179 0.0
-0.709910087633313 0.0964766605599688 0.0
-0.708227110700024 0.159349921751467 0.0
-0.706974438736236 0.222469335651286 0.0
-0.706391619476707 0.285890208727754 0.0
-0.706851910565937 0.34965802964998 0.0
-0.708980793904007 0.413736390465775 0.0
-0.713941768596748 0.477754007049928 0.0
-0.724089822010065 0.540091330550641 0.0
-0.670384917745213 -0.58695490996876 0.0
-0.668829354687394 -0.52552271704703 0.0
-0.667055041208046 -0.463971134712382 0.0
-0.665154767753341 -0.402308409460016 0.0
-0.663192471609549 -0.340506202204061 0.0
-0.661349283593108 -0.278600568281129 0.0
-0.659405088039411 -0.216591005989126 0.0
-0.657151983809676 -0.154398983566913 0.0
-0.654919349615287 -0.0920716933868148 0.0
-0.652732910350141 -0.0296056842801755 0.0
-0.650642266092949 0.0330109933005616 0.0
-0.648728242491424 0.0957908524198051 0.0
-0.647109573510366 0.158741409865087 0.0
-0.645956659095136 0.221854821169456 0.0
-0.645514895603185 0.285084109107179 0.0
-0.646141758581253 0.348294916876838 0.0
-0.648357292471114 0.41117088041753 0.0
-0.652818088138472 0.473052582156534 0.0
-0.658343909696209 0.532956960746575 0.0
-0.609147318156947 -0.588262298974661 0.0
-0.607557943173003 -0.526813615820143 0.0
-0.605795828388014 -0.465237738495631 0.0
-0.603924491826927 -0.403530817932378 0.0
-0.602007631258243 -0.341694864579472 0.0
-0.600100713388769 -0.279760376042859 0.0
-0.59807868508555 -0.217710688765178 0.0
-0.595881632885331 -0.155505174634931 0.0
-0.59367678104629 -0.0931642280240903 0.0
-0.591514189464059 -0.0306934739925985 0.0
-0.589453620866271 0.0319014306100426 0.0
-0.58758004672567 0.0946069316124351 0.0
-0.586011425226435 0.157392994129722 0.0
-0.58490770338582 0.220201176392823 0.0
-0.584480281198459 0.282926851696028 0.0
-0.584992474476845 0.345398935099397 0.0
-0.586697736474477 0.407367845218677 0.0
-0.5893262994011 0.468560758289361 0.0
-0.590303940611768 0.529197644448166 0.0
-0.547900285128756 -0.589546188829991 0.0
-0.546296474888767 -0.528083105075014 0.0
-0.54454888861838 -0.466492246754049 0.0
-0.542702813531301 -0.404774668304531 0.0
-0.540799508782792 -0.342939501932959 0.0
-0.538851007372322 -0.281000094054026 0.0
-0.536794999340837 -0.218945030916245 0.0
-0.534626435252249 -0.156759983658798 0.0
-0.532441806474249 -0.0944610388357944 0.0
-0.530295339827276 -0.0320641128039124 0.0
-0.528248594413283 0.0304085484040897 0.0
-0.526382743608565 0.0929221139742489 0.0
-0.524803974072738 0.155422204313549 0.0
-0.523646199438515 0.217827257518381 0.0
-0.523066333905413 0.280019441481341 0.0
-0.523209625222583 0.341837185947921 0.0
-0.524042888828655 0.40307629417429 0.0
-0.524757493888679 0.463568473718598 0.0
-0.521969617435783 0.523322387741799 0.0
-0.486654153072372 -0.590835670596777 0.0
-0.485045793485119 -0.52937025690997 0.0
-0.483310857580131 -0.467781533182822 0.0
-0.481479961937588 -0.40607339625958 0.0
-0.47957679890104 -0.344254539068293 0.0
-0.477601243584743 -0.282332887471067 0.0
-0.475526571562519 -0.220305766729137 0.0
-0.47336673169248 -0.15817419391725 0.0
-0.471184566274188 -0.0959566686696102 0.0
-0.469030130879914 -0.0336770257397871 0.0
-0.466960038718712 0.0286322188073443 0.0
-0.465044879170568 0.0909257047303647 0.0
-0.463371181490739 0.153140537927445 0.0
-0.462037633267135 0.21519150361672 0.0
-0.461136079848224 0.276964810061982 0.0
-0.460683378844021 0.338313248384509 0.0
-0.460410081127122 0.39906695782481 0.0
-0.459234761221491 0.459100510203168 0.0
-0.45555317175936 0.518675797220187 0.0
-0.425411283457033 -0.592154013969698 0.0
-0.423801706596275 -0.530695671927884 0.0
-0.422075067484901 -0.469119706612353 0.0
-0.420250236301849 -0.407431335745595 0.0
-0.41833967789619 -0.345638916229719 0.0
-0.416341425386733 -0.28374996218058 0.0
-0.414247085631406 -0.221768648346696 0.0
-0.412075178770196 -0.159704318740831 0.0
-0.409869648752118 -0.0975775456693605 0.0
-0.407672374175571 -0.0354152207108795 0.0
-0.405530248042801 0.0267477350667152 0.0
-0.403498322938259 0.0888661697124673 0.0
-0.401637887260807 0.150882331768152 0.0
-0.400005741849309 0.21272439928222 0.0
-0.398621576194247 0.274306315654373 0.0
-0.397380676491752 0.335537406747132 0.0
-0.395861804305617 0.396362745619719 0.0
-0.393240760963096 0.456897590487255 0.0
-0.389630984819535 0.51759299032561 0.0
-0.364169407029929 -0.593508164331668 0.0
-0.362558711014645 -0.532060788293205 0.0
-0.360834958552872 -0.470501366048835 0.0
-0.35900773029787 -0.408835800167058 0.0
-0.357082653385255 -0.347072349649933 0.0
-0.355058307160669 -0.285219177911956 0.0
-0.352934455998173 -0.223284356132454 0.0
-0.350728070252832 -0.161280667745624 0.0
-0.348470035718844 -0.099228419811203 0.0
-0.346192117025306 -0.0371532873503569 0.0
-0.343928748719136 0.0249129111047789 0.0
-0.341716888878993 0.0869314182096939 0.0
-0.339590618187007 0.148855936715604 0.0
-0.337565124283004 0.210633824715324 0.0
-0.3355979464237 0.272210613239067 0.0
-0.333510087834255 0.333546794090808 0.0
-0.330905032755491 0.394662206441152 0.0
-0.327378521022356 0.455688160480123 0.0
-0.322939084567106 0.516600562502167 0.0
-0.302924249835389 -0.594890527595069 0.0
-0.301311163432361 -0.533453342650547 0.0
-0.299584405068962 -0.471908719539072 0.0
-0.297746573691772 -0.410262745001196 0.0
-0.295799083338499 -0.348523381875617 0.0
-0.293740834218349 -0.286699017104386 0.0
-0.291573978133221 -0.224799129541792 0.0
-0.289311246686128 -0.162836937839195 0.0
-0.286972889507986 -0.100830841496009 0.0
-0.284579816827862 -0.0388034016831955 0.0
-0.282152907079242 0.0232182505437145 0.0
-0.279710545692447 0.0852023050713419 0.0
-0.277260829386218 0.14711265112341 0.0
-0.274783372048909 0.208911843444552 0.0
-0.272193634512586 0.270569012145051 0.0
-0.269294605887849 0.332081698753364 0.0
-0.265781197275112 0.393514202119052 0.0
-0.261349954622011 0.455002942975689 0.0
-0.255527932012451 0.516724510441692 0.0
-0.241671682490983 -0.596284611113393 0.0
-0.240054428794255 -0.534853769427604 0.0
-0.238318757145978 -0.473318514862477 0.0
-0.23646251688633 -0.41168475030089 0.0
-0.234484429839816 -0.349959820333729 0.0
-0.232382880390673 -0.288151700668076 0.0
-0.230159187036018 -0.226269778973318 0.0
-0.227820610371775 -0.164326387431753 0.0
-0.225377817909226 -0.102337782942267 0.0
-0.222840672908902 -0.0403238208924315 0.0
-0.220216289043584 0.0216914476435355 0.0
-0.217505211117449 0.0836794710305109 0.0
-0.214692861963397 0.14560716433115 0.0
-0.211733227195941 0.207438965645813 0.0
-0.208525008802381 0.269141996429528 0.0
-0.204897089559628 0.330696993375873 0.0
-0.200637081556181 0.392102047679184 0.0
-0.195516488766523 0.453347778518588 0.0
-0.188776469703119 0.514366562938216 0.0
-0.1804088129455 -0.59767117237517 0.0
-0.178785401268748 -0.536241422755368 0.0
-0.177035252714319 -0.474708457252617 0.0
-0.175153535266211 -0.413077771780779 0.0
-0.173137134900241 -0.351355837694971 0.0
-0.170983064003553 -0.289549781747177 0.0
-0.168689929456046 -0.227668195974057 0.0
-0.166258802031705 -0.165722174202909 0.0
-0.163691055859949 -0.103726247214662 0.0
-0.160985232368516 -0.0416985873113762 0.0
-0.158134401771944 0.0203379820878983 0.0
-0.155121732249742 0.0823551493616727 0.0
-0.151912562186043 0.144318189469228 0.0
-0.148442546373872 0.206186216748119 0.0
-0.144606872226487 0.267912745309734 0.0
-0.140265336476314 0.329444993647389 0.0
-0.135273595687471 0.390712091055345 0.0
-0.129488861454981 0.451602108462784 0.0
-0.123264947665288 0.512145085053763 0.0
-0.11913489043464 -0.599033353794271 0.0
-0.117503083118474 -0.537599428306353 0.0
-0.115733456721229 -0.476061687065471 0.0
-0.11382022043554 -0.414425045993746 0.0
-0.111758803286895 -0.352694885804992 0.0
-0.109544047047302 -0.290877165378716 0.0
-0.107170600078097 -0.22897926391956 0.0
-0.104632711012291 -0.167010790399066 0.0
-0.101922216016755 -0.104984534312663 0.0
-0.0990257402499367 -0.0429169149377559 0.0
-0.0959216361131155 0.0191708988491475 0.0
-0.092575460087524 0.0812521911349324 0.0
-0.088933491067152 0.143294037082269 0.0
-0.0849158096024028 0.2052581521844 0.0
-0.0804151143993332 0.267102719473674 0.0
-0.075311688738712 0.328787144068321 0.0
-0.0695123477685823 0.390283987566286 0.0
-0.0631144090537598 0.451643106293236 0.0
-0.057063186710491 0.513049943998118 0.0
-0.0578512815087557 -0.60036026172254 0.0
-0.0562084645650307 -0.538917832098155 0.0
-0.0544150859269371 -0.477369344360084 0.0
-0.0524655627929528 -0.415718890648897 0.0
-0.0503538368249964 -0.353970496977975 0.0
-0.0480718194212454 -0.292128613629673 0.0
-0.0456092740316886 -0.2301989554829 0.0
-0.0429530344332427 -0.168189139822961 0.0
-0.0400849689687191 -0.106109561311085 0.0
-0.0369792220000931 -0.043973813122729 0.0
-0.0335990060272878 0.0182003720909331 0.0
-0.0298925739010016 0.0803906907587525 0.0
-0.0257890178859413 0.142570148330411 0.0
-0.021196798927865 0.20470851900639 0.0
-0.0160118405488711 0.266774868868133 0.0
-0.0101462668702632 0.328744034627656 0.0
-0.00360800033451888 0.39061228967331 0.0
0.00329966777088782 0.452405707769505 0.0
0.00992425594075158 0.514007771473721 0.0
0.00343869673926459 -0.601649091286223 0.0
0.00509552244410504 -0.54019537215145 0.0
0.00691596892715288 -0.478631909155153 0.0
0.00890498493156265 -0.416961609884738 0.0
0.0110704995290847 -0.355186838491092 0.0
0.0134242289645298 -0.2933101797808 0.0
0.0159819681434966 -0.231335204905618 0.0
0.0187647352627074 -0.169266924743793 0.0
0.0218009216199331 -0.107112527262194 0.0
0.0251290680236297 -0.0448816832247126 0.0
0.028800921555182 0.0174126653715532 0.0
0.0328844626693066 0.0797539859888839 0.0
0.0374653327963407 0.142121883822529 0.0
0.0426428562709925 0.204492742279041 0.0
0.0485132288793702 0.266840210750905 0.0
0.0551268292507094 0.329137324379011 0.0
0.0624012023971784 0.39135426245236 0.0
0.0700335956340009 0.453418918536994 0.0
0.0775701370592044 0.515172289777255 0.0
0.064730591007564 -0.602906122250396 0.0
0.0664045445141601 -0.541440263399773 0.0
0.0682540611369298 -0.479859780616066 0.0
0.0702838833415634 -0.418165980692093 0.0
0.0725044492306163 -0.356359313246639 0.0
0.0749316705894428 -0.294440227673069 0.0
0.0775873100055257 -0.232409771979071 0.0
0.0805004402983023 -0.170269848934669 0.0
0.0837097560298249 -0.108023815409906 0.0
0.0872663518246779 -0.0456767089214632 0.0
0.0912364483640297 0.0167639602316721 0.0
0.0957032603833777 0.0792876612578313 0.0
0.100765865995471 0.1418798356732 0.0
0.106530931954424 0.204520856874973 0.0
0.113090096163785 0.267183180271606 0.0
0.120474386002245 0.329826194037785 0.0
0.128590121263629 0.392380722591113 0.0
0.137176350533507 0.454724893649284 0.0
0.145830600942624 0.516687816735309 0.0
0.126019009433004 -0.604146680851706 0.0
0.127712730198113 -0.542670015391257 0.0
0.12959158232143 -0.481072996272223 0.0
0.131661352670986 -0.419355011777881 0.0
0.133935707801217 -0.357514525785209 0.0
0.136435104539167 -0.295549751782494 0.0
0.139187406345687 -0.233458987856571 0.0
0.142229702740686 -0.17124066886752 0.0
0.145610819925717 -0.108893838473344 0.0
0.149394107636038 -0.0464183226270317 0.0
0.153659840805854 0.0161844084178031 0.0
0.158506165162625 0.0789103614851311 0.0
0.164046294280642 0.141751168386426 0.0
0.170398157800615 0.20469126988743 0.0
0.177661098259667 0.267701543271244 0.0
0.185876622187767 0.330728133809702 0.0
0.194979131245143 0.393673886131409 0.0
0.204750542431303 0.456380494938817 0.0
0.214765261203387 0.518637618833693 0.0
0.187298598510608 -0.605393943008824 0.0
0.189013362090628 -0.54391006389087 0.0
0.190919732706002 -0.482299783945541 0.0
0.193026320604638 -0.420560585032905 0.0
0.195350547953741 -0.358689158736951 0.0
0.197917450338144 -0.296681560963665 0.0
0.200760844068804 -0.234533218767154 0.0
0.203925568549358 -0.172238788323611 0.0
0.207470223370726 -0.109792481845364 0.0
0.211470017023116 -0.0471881379751501 0.0
0.216019013543617 0.0155799359495642 0.0
0.221230695076491 0.0785159171637556 0.0
0.22723484874286 0.141620058539944 0.0
0.234168051245152 0.20488454887406 0.0
0.242154618506225 0.268284457859786 0.0
0.251276451128806 0.331762528129547 0.0
0.261529921244547 0.395205345313596 0.0
0.272756459037739 0.458416313103498 0.0
0.284499379572005 0.52110550760416 0.0
0.248564708718291 -0.60667614645087 0.0
0.250299464272321 -0.54519073863578 0.0
0.252229413760723 -0.483573520773407 0.0
0.254367591538179 -0.421820699114901 0.0
0.256735162607025 -0.359927710523601 0.0
0.259361390568574 -0.29788861560904 0.0
0.262285627249762 -0.235695899362045 0.0
0.265559952956497 -0.173340150663579 0.0
0.269252151147372 -0.110810177811741 0.0
0.273448705538545 -0.0480928310500443 0.0
0.278257158490308 0.0148264190981656 0.0
0.283806986717764 0.0779626695347373 0.0
0.290247736114476 0.14132928694994 0.0
0.297743279826245 0.204933563854978 0.0
0.306461111846285 0.268766772561481 0.0
0.316554886588761 0.332786226679033 0.0
0.328129230491379 0.396882754924109 0.0
0.341147803331266 0.460828266355928 0.0
0.355194562357476 0.52421027133652 0.0
0.309813766835512 -0.608021455026014 0.0
0.311564590875864 -0.546541849019019 0.0
0.313512615107029 -0.484927668084825 0.0
0.315675519988051 -0.423175279464394 0.0
0.318077393559513 -0.361279244413439 0.0
0.320751104981293 -0.299231786057902 0.0
0.323740871301595 -0.237022540741726 0.0
0.327105198625482 -0.174638013072461 0.0
0.330920094952849 -0.112061320567042 0.0
0.335282311332573 -0.0492715091550207 0.0
0.340312088351431 0.0137565304828573 0.0
0.346154997744199 0.0770521268729864 0.0
0.352982668422751 0.140647743456802 0.0
0.360993212493434 0.204576377222689 0.0
0.370412865292739 0.268863927681951 0.0
0.381498999521524 0.333512928213489 0.0
0.394531549936317 0.398464733280182 0.0
0.409737051909578 0.463513470594962 0.0
0.42698037070602 0.5281252608306 0.0
0.371044385202594 -0.609448921400116 0.0
0.372805379126284 -0.547983791428108 0.0
0.374765748917447 -0.486389041153438 0.0
0.376945177937784 -0.424660902703623 0.0
0.379369835932418 -0.362793028262585 0.0
0.382075449512542 -0.30077632523779 0.0
0.385110110807489 -0.238598490299116 0.0
0.388537446404817 -0.176242988239007 0.0
0.392440078198558 -0.113688136103728 0.0
0.396923179870608 -0.0509055494951129 0.0
0.402117787775606 0.0121411158196119 0.0
0.408183970723333 0.0754979143681097 0.0
0.415314802525172 0.13922215501473 0.0
0.423744134999233 0.203384193016068 0.0
0.433763453340807 0.268067340782459 0.0
0.445755174134997 0.33336401781788 0.0
0.460245700355398 0.399354890701844 0.0
0.477953968676955 0.466027577922041 0.0
0.499658389341563 0.532982986905485 0.0
