-0.792274060827018 -0.645909836914821 0.0
0.432821308164412 -0.673503838919344 0.0
-0.804127955436707 0.61237245798111 0.0
0.61237245798111 0.61237245798111 0.0
-0.73105161884876 -0.647566200618901 0.0
0.434435226659642 -0.612178595461785 0.0
0.525430601035886 0.597971898123288 0.0
-0.779744914064655 0.543943956559509 0.0
-0.669816794725636 -0.64894960883367 0.0
0.436234219063021 -0.550740901263143 0.0
0.445582325022857 0.590440309439407 0.0
-0.770410839109249 0.477155538985676 0.0
-0.608580320616758 -0.650306079594224 0.0
0.438236194758209 -0.489184382731102 0.0
0.36994797138844 0.585497831827726 0.0
-0.766330020494749 0.412106580706793 0.0
-0.54734061796194 -0.651647938276087 0.0
0.440460249249913 -0.427503383050184 0.0
0.296932817100584 0.581882964423475 0.0
-0.764755364364803 0.348108878812225 0.0
-0.486103361952191 -0.652992302944256 0.0
0.442932433308926 -0.365691650441703 0.0
0.225671070432126 0.57911056903617 0.0
-0.764630746313249 0.284732815382821 0.0
-0.424869813205549 -0.654360945097276 0.0
0.445688643555666 -0.303741097073307 0.0
0.155641197601365 0.57695256101335 0.0
-0.765420355138471 0.221740040401112 0.0
-0.363635973799193 -0.655762390255628 0.0
0.4487774408368 -0.241640496076465 0.0
0.086487079710164 0.575274679192274 0.0
-0.766804725222998 0.158998673663615 0.0
-0.302395239680893 -0.657190548223622 0.0
0.452263258943047 -0.179373677593558 0.0
0.0179269705195866 0.573958356081826 0.0
-0.76857505910227 0.0964357507084097 0.0
-0.241141555969732 -0.658629538584823 0.0
0.456229917239737 -0.116917696853397 0.0
-0.0503041423885454 0.572801423411494 0.0
-0.770587652475403 0.0340120470372438 0.0
-0.179871233542831 -0.660059846631342 0.0
0.460784293438694 -0.0542400870397912 0.0
-0.118486467759255 0.571097480461304 0.0
-0.772741605622857 -0.0282902428356093 0.0
-0.11858414472435 -0.661463707111504 0.0
0.466059984151691 0.00870401791197928 0.0
-0.185492959697292 0.573357133200656 0.0
-0.774969578413518 -0.0904736516082889 0.0
-0.0572836401086371 -0.66282898056489 0.0
0.472221476869899 0.0719759295193051 0.0
-0.251294065805294 0.576447700538901 0.0
-0.777249398202252 -0.152526772469321 0.0
0.00402393507389583 -0.664151507530208 0.0
0.479470673384902 0.135658537103607 0.0
-0.31715769044701 0.575965229780603 0.0
-0.779672989610927 -0.214429287304254 0.0
0.0653305652851844 -0.665436244335277 0.0
0.488060535576695 0.199864520394665 0.0
-0.383836197067143 0.57685308519972 0.0
-0.781331469543142 -0.276239580478071 0.0
0.12662744068387 -0.66669733507746 0.0
0.498324878803044 0.264749259647749 0.0
-0.451440478011196 0.577924919827133 0.0
-0.783156995367659 -0.338096290444027 0.0
0.187906787629147 -0.667957078897564 0.0
0.510741588325547 0.330535617258337 0.0
-0.519796162430597 0.583525144461365 0.0
-0.785364972917021 -0.399928819775254 0.0
0.249163566873804 -0.669243445589106 0.0
0.526065396430041 0.397560292794982 0.0
-0.587985645161247 0.58919501006075 0.0
-0.787322521397031 -0.4616127195046 0.0
0.310396973191255 -0.670585506312194 0.0
0.545630256178309 0.466357959447872 0.0
-0.656337581676283 0.591036074658618 0.0
-0.789201987740394 -0.523146537065853 0.0
0.371612345860688 -0.672005505462475 0.0
0.572153099881123 0.537761536247166 0.0
-0.727956581104011 0.59732846471629 0.0
-0.790714819292277 -0.584573093645181 0.0
-0.729522391115804 -0.586231079970213 0.0
-0.727982212827642 -0.524785892766964 0.0
-0.726135827211255 -0.46321847227892 0.0
-0.72418598061818 -0.401589987420854 0.0
-0.722092047249312 -0.339903935123115 0.0
-0.720281738645507 -0.278161366267524 0.0
-0.718462313814959 -0.216194303355947 0.0
-0.716047949425239 -0.153971506934844 0.0
-0.713747174689652 -0.0916880567645073 0.0
-0.711502761407098 -0.0293026129472176 0.0
-0.709344106479111 0.0332167619190971 0.0
-0.707340533004022 0.095900754166838 0.0
-0.705598977052376 0.158786034063601 0.0
-0.704276172996689 0.221919596637056 0.0
-0.703605454816642 0.285356681620656 0.0
-0.703950306106636 0.349143032218624 0.0
-0.705920212795298 0.413244236554807 0.0
-0.710651516755842 0.47729793280004 0.0
-0.720455771053793 0.53971839522671 0.0
-0.668314365659013 -0.587609412524734 0.0
-0.666708899740353 -0.526178486677922 0.0
-0.66488673983371 -0.464628272715786 0.0
-0.662940753552329 -0.402966769068299 0.0
-0.660934699269267 -0.341165155846232 0.0
-0.659049869325202 -0.279259410510378 0.0
-0.657065090192664 -0.217249481163786 0.0
-0.654770734116747 -0.155056524253059 0.0
-0.652496592866223 -0.0927276580670317 0.0
-0.650267320312421 -0.0302594827304107 0.0
-0.648131088568887 0.0323598553342039 0.0
-0.646166754878009 0.0951427081101646 0.0
-0.644490236585102 0.158096389770299 0.0
-0.643267831175284 0.221212921573662 0.0
-0.642738913267545 0.284445577008081 0.0
-0.643252118981967 0.347661419283153 0.0
-0.645314808612202 0.410548394072952 0.0
-0.649568033404012 0.472457077348981 0.0
-0.654854090498167 0.532409583971915 0.0
-0.607077007125485 -0.588968119153276 0.0
-0.605437985651484 -0.527521163472387 0.0
-0.603628691957621 -0.465947180064184 0.0
-0.601712565672495 -0.404242099106536 0.0
-0.599753035416106 -0.342407827406821 0.0
-0.597805235157915 -0.280474949283597 0.0
-0.595743180915505 -0.218426918986392 0.0
-0.59350593490203 -0.156223105891805 0.0
-0.591260501026149 -0.0938840166732556 0.0
-0.589055965787566 -0.0314154578323897 0.0
-0.586950711644388 0.0311767188571545 0.0
-0.585027783015147 0.0938787868644548 0.0
-0.583402420697721 0.156660655185575 0.0
-0.582230750549358 0.219464136467517 0.0
-0.581718889838519 0.282185520543296 0.0
-0.582123179371295 0.34465583378699 0.0
-0.583689384787632 0.406629244005576 0.0
-0.586150118971125 0.467836201971663 0.0
-0.586989995052859 0.528485536878339 0.0
-0.54582980808659 -0.590305190145228 0.0
-0.544176757589332 -0.528844516155758 0.0
-0.54238285267734 -0.467256394256992 0.0
-0.540493027017298 -0.405541755887924 0.0
-0.538548078198871 -0.343709732680811 0.0
-0.536559502139228 -0.281773773873616 0.0
-0.534464191125091 -0.21972260867575 0.0
-0.532256351859283 -0.157542022053535 0.0
-0.53003200875051 -0.095248262152716 0.0
-0.527844476639609 -0.0328574087505014 0.0
-0.525754018863517 0.0296081924618211 0.0
-0.523840012487635 0.0921137544707163 0.0
-0.522206177171773 0.154605217841066 0.0
-0.520983119439749 0.217001824081748 0.0
-0.520323559458105 0.2791873169128 0.0
-0.520368226837597 0.341002790069414 0.0
-0.5210826270544 0.402247712437429 0.0
-0.5216749105158 0.462755712093954 0.0
-0.51883713785775 0.522530148850861 0.0
-0.484582854864723 -0.591649338397531 0.0
-0.482925859701784 -0.530187035951202 0.0
-0.481145588022044 -0.468601939460119 0.0
-0.479272000590027 -0.406897862757997 0.0
-0.477328157852213 -0.345083541294415 0.0
-0.475313311785545 -0.283167028836143 0.0
-0.473200053315234 -0.221145803428771 0.0
-0.47100172822323 -0.159021015631006 0.0
-0.468780651054565 -0.0968112871162303 0.0
-0.466586055670895 -0.0345405094361551 0.0
-0.464473406929881 0.0277588825613985 0.0
-0.46251173302177 0.0900418408386746 0.0
-0.460785502491489 0.152246145316466 0.0
-0.459390840326958 0.214287793492098 0.0
-0.458416845886776 0.276054958862031 0.0
-0.457878890995339 0.337403313543696 0.0
-0.457512371159068 0.398166410206187 0.0
-0.456260153418867 0.458220756073794 0.0
-0.452550849449557 0.517824256303275 0.0
-0.423338229772341 -0.593022844655058 0.0
-0.421680857293587 -0.531568169947462 0.0
-0.419909959959259 -0.469996541879088 0.0
-0.418043478118523 -0.408313115717529 0.0
-0.416093122955025 -0.346526312852758 0.0
-0.414056291186471 -0.284643778449231 0.0
-0.411924012402972 -0.222669825394677 0.0
-0.409714317173675 -0.160613902969282 0.0
-0.407470670654762 -0.098496634857506 0.0
-0.405234275159312 -0.0363448578982657 0.0
-0.403051100721206 0.025806731478612 0.0
-0.400974987107341 0.0879134509007646 0.0
-0.399065728607802 0.149918352567387 0.0
-0.397378534315176 0.211750844647004 0.0
-0.395932096035648 0.27332657323516 0.0
-0.394623361802292 0.334556850204894 0.0
-0.393040321020494 0.39538806536607 0.0
-0.390377627189719 0.455933509076643 0.0
-0.386742753213894 0.516636783611693 0.0
-0.362093410185568 -0.594431321544815 0.0
-0.360436027034714 -0.532987923207564 0.0
-0.358669176891046 -0.471433242320674 0.0
-0.356801302113799 -0.409773136280127 0.0
-0.354837219083099 -0.348015939111469 0.0
-0.352774915018446 -0.286169938080702 0.0
-0.35061369806057 -0.22424331985593 0.0
-0.348370179145783 -0.162248937165702 0.0
-0.346074890827574 -0.100207091834628 0.0
-0.343759125651493 -0.0381433371127537 0.0
-0.341456692970866 0.0239107925465264 0.0
-0.339203778334432 0.0859170330378762 0.0
-0.337033643811196 0.147829831585484 0.0
-0.334960957625037 0.209597555676291 0.0
-0.332943966447378 0.271166925482051 0.0
-0.330807658768591 0.332499434394065 0.0
-0.328165067586934 0.393614762190646 0.0
-0.3246216135939 0.454641989388541 0.0
-0.320187647104415 0.515559520890849 0.0
-0.300843942092188 -0.595865746934613 0.0
-0.29918556211187 -0.534432565685723 0.0
-0.297416939588026 -0.472892735170145 0.0
-0.295539418172962 -0.411252320724266 0.0
-0.293553617420678 -0.34951937117221 0.0
-0.29145794272113 -0.287702391886017 0.0
-0.289254236329512 -0.225810959831829 0.0
-0.286955030924669 -0.163858337647655 0.0
-0.284580404480564 -0.101862888295812 0.0
-0.282151048605109 -0.0398470247624232 0.0
-0.279687568172997 0.0221624127780905 0.0
-0.277208072871712 0.0841340747784136 0.0
-0.274720557773883 0.146032492659458 0.0
-0.272205152016452 0.207821008851714 0.0
-0.269579388574026 0.269469518448394 0.0
-0.266651274561061 0.330975833026076 0.0
-0.263123779550846 0.392403204670099 0.0
-0.258702290430593 0.453885815889697 0.0
-0.252929534945797 0.515597699563685 0.0
-0.239585618121055 -0.597308290162176 0.0
-0.237924740809059 -0.535881197063921 0.0
-0.236148493938621 -0.474350438941893 0.0
-0.234253461493555 -0.412721933892061 0.0
-0.23223766396295 -0.351003130641853 0.0
-0.230099138613105 -0.289202124594482 0.0
-0.227839070883195 -0.227328392067088 0.0
-0.225464713984543 -0.165394294084133 0.0
-0.222986786695391 -0.103416033785906 0.0
-0.220415225163741 -0.0414133050921494 0.0
-0.217757258531075 0.020590136227902 0.0
-0.215013681032658 0.08256619181528 0.0
-0.212170518238201 0.144482400266411 0.0
-0.209183156400554 0.206303967190976 0.0
-0.205953209149628 0.267998807999693 0.0
-0.202314561641321 0.329548245411436 0.0
-0.198061532303221 0.390950714117991 0.0
-0.192974211835439 0.452197579814173 0.0
-0.186318193908573 0.513224162798531 0.0
-0.178315582274087 -0.598738577317115 0.0
-0.176650455152723 -0.537312066865039 0.0
-0.174861044256572 -0.475782989319885 0.0
-0.172941356659334 -0.414156907271381 0.0
-0.170887746256767 -0.352440422663555 0.0
-0.168697072426927 -0.290640789110578 0.0
-0.166368014241169 -0.228766683163326 0.0
-0.163901854195434 -0.166829217850488 0.0
-0.161300272891564 -0.104842858467756 0.0
-0.158562208178568 -0.0428256044184727 0.0
-0.155681266032936 0.019200028088481 0.0
-0.152641409027471 0.0812061986045859 0.0
-0.149409256980329 0.143158843704237 0.0
-0.1459226017161 0.205017940269501 0.0
-0.142080038200632 0.266738055871231 0.0
-0.137746146342882 0.328267708239908 0.0
-0.132782353261453 0.389537922119191 0.0
-0.127053276082182 0.450439933903678 0.0
-0.120909622800373 0.511003076580109 0.0
-0.117033231747481 -0.600138887920888 0.0
-0.115361786467493 -0.538707475003001 0.0
-0.11355418655961 -0.477172749160147 0.0
-0.111603701036382 -0.415539757631683 0.0
-0.109505467124207 -0.353814044030875 0.0
-0.107254407402695 -0.292001704670643 0.0
-0.104845471837999 -0.230110202994966 0.0
-0.102273362438699 -0.168149163695939 0.0
-0.0995305031613103 -0.106131309028327 0.0
-0.0966042674081403 -0.0440728889950884 0.0
-0.0934739920726163 0.0180052232695601 0.0
-0.0901065906889538 0.0800767617182083 0.0
-0.08645028312136 0.142109429838904 0.0
-0.082427937710501 0.204065759334108 0.0
-0.0779360688905697 0.265904924694127 0.0
-0.0728596668579443 0.327587459879521 0.0
-0.0671105748202716 0.389086980370147 0.0
-0.0607876692416281 0.450452521625299 0.0
-0.0548173361311863 0.511863942984039 0.0
-0.0557401804266606 -0.601497762023528 0.0
-0.0540598738524486 -0.540056941277076 0.0
-0.0522297229998326 -0.47851038432491 0.0
-0.0502435382247563 -0.416862387484654 0.0
-0.0480952702717176 -0.355117173024684 0.0
-0.0457771742607383 -0.293279339603139 0.0
-0.0432795606641807 -0.231354689451688 0.0
-0.0405899732674996 -0.169350860805614 0.0
-0.0376911674505535 -0.107278195484039 0.0
-0.0345584070445486 -0.0451501470261443 0.0
-0.0311563536861938 0.0170157968123937 0.0
-0.0274351788370671 0.0791977038586871 0.0
-0.023326533407482 0.141369095311123 0.0
-0.0187422154250778 0.203500409449154 0.0
-0.0135822165524805 0.265561496541667 0.0
-0.00776297175434254 0.327527972814239 0.0
-0.00129524305185772 0.389396371491262 0.0
0.00552109884015912 0.451191737694174 0.0
0.0120419259533413 0.512799588238244 0.0
0.00555992695843181 -0.602812138329556 0.0
0.00725214791168109 -0.54135898753004 0.0
0.00910832727982111 -0.479796209289659 0.0
0.0111335857810253 -0.41812698743522 0.0
0.0133354992638937 -0.356353909322263 0.0
0.0157251633859321 -0.29447971474927 0.0
0.0183175761497682 -0.232508066098544 0.0
0.0211327845407026 -0.17044400737449 0.0
0.0241979870267282 -0.108294701757256 0.0
0.027550228116146 -0.0460697303410334 0.0
0.0312393433080701 0.016218133190495 0.0
0.0353308556726567 0.0785526224236055 0.0
0.0399072895774501 0.140913728033931 0.0
0.0450641871744258 0.203278355321628 0.0
0.0508935780759696 0.265620803410032 0.0
0.0574421882815853 0.327914782639398 0.0
0.0646263683242581 0.390130994508056 0.0
0.0721458705062308 0.45219841894715 0.0
0.0795492900600196 0.513960445169025 0.0
0.0668622516608407 -0.60408836640378 0.0
0.0685697047909109 -0.542621939813633 0.0
0.0704541535228978 -0.481040781043493 0.0
0.07251999866453 -0.419346530376871 0.0
0.0747769631078858 -0.35753987118881 0.0
0.0772400661366995 -0.295621403568953 0.0
0.0799300325409945 -0.233592265983016 0.0
0.0828747097549796 -0.171454407206072 0.0
0.0861112993297366 -0.109211192170346 0.0
0.0896890307600618 -0.0468676256545986 0.0
0.0936717670644263 0.0155688679045011 0.0
0.0981397584457139 0.078087919375335 0.0
0.103188455835397 0.140675241668649 0.0
0.108920347219856 0.203311632824358 0.0
0.115422800619629 0.265970167497562 0.0
0.122723491897185 0.32861108562347 0.0
0.130727533479985 0.391166483822098 0.0
0.139174902415057 0.453516453185178 0.0
0.147663864928863 0.515492224522968 0.0
0.128160981788696 -0.605342204634844 0.0
0.129886658020854 -0.543863786692863 0.0
0.131799944866381 -0.482264658591022 0.0
0.133905735491992 -0.420544565841874 0.0
0.136216634471477 -0.358702189420715 0.0
0.138751959597712 -0.296735871520515 0.0
0.141538317798267 -0.234643989207388 0.0
0.144611336934251 -0.17242502994466 0.0
0.148018066458155 -0.110078074392657 0.0
0.151819640978953 -0.0476029691000548 0.0
0.156093556250141 0.0149988246593949 0.0
0.160934515641766 0.0777233808449094 0.0
0.166451614403765 0.140562505213451 0.0
0.17275816661697 0.203500993647407 0.0
0.179948906282361 0.26651036927442 0.0
0.188061584839731 0.329537891367108 0.0
0.197028523371457 0.392488217835955 0.0
0.206631350656695 0.455205557721166 0.0
0.216445409473807 0.517481855987564 0.0
0.189450331151359 -0.60659769620091 0.0
0.191195996171609 -0.545110890996509 0.0
0.193136641641252 -0.483497035459662 0.0
0.195279456544283 -0.421753938376837 0.0
0.19764050678581 -0.359878456089847 0.0
0.200243486350318 -0.297866728780792 0.0
0.203120769506202 -0.235714235875502 0.0
0.206315524812152 -0.173415681499509 0.0
0.209884316903491 -0.110965334033948 0.0
0.213899816646402 -0.0483570959583755 0.0
0.218452917375766 0.0144146688933874 0.0
0.2236532055196 0.0773541226591182 0.0
0.229625848443189 0.140461605344166 0.0
0.236502251127741 0.203729596226978 0.0
0.244401416525069 0.267133824986513 0.0
0.25340042396079 0.330618320434618 0.0
0.263492062064442 0.39407187969171 0.0
0.274516263170346 0.45730108583515 0.0
0.286017928354195 0.520019202153343 0.0
0.250725221480253 -0.607884505957207 0.0
0.252490402495058 -0.546395090168335 0.0
0.254454786220968 -0.484772828880453 0.0
0.256629565670476 -0.423014155349191 0.0
0.259034341183423 -0.36111458047173 0.0
0.261696889309866 -0.299068181005028 0.0
0.264654975569071 -0.236867451348986 0.0
0.267958834551601 -0.174503009933814 0.0
0.271673989844257 -0.111963725977975 0.0
0.275884100596377 -0.0492365397979521 0.0
0.280693183416643 0.0136929760596767 0.0
0.286226391269571 0.076839842158289 0.0
0.292628127664413 0.140217441842476 0.0
0.30005639565146 0.203833291760857 0.0
0.308672308418581 0.267679288757225 0.0
0.318622991374709 0.331714087414064 0.0
0.330007107955813 0.395831028126455 0.0
0.34278461712343 0.45980611271949 0.0
0.35654101105269 0.523232007400487 0.0
0.31198165619097 -0.609232977222587 0.0
0.313762990640696 -0.547748477044568 0.0
0.315745838999492 -0.486127799184775 0.0
0.317945808955598 -0.424367369138655 0.0
0.320385318909528 -0.362461697358793 0.0
0.323095668702451 -0.300402937504816 0.0
0.326119390104162 -0.238180679312122 0.0
0.329513008084788 -0.175781422236412 0.0
0.333350086538915 -0.113188326122017 0.0
0.337724310231843 -0.0503805217941461 0.0
0.342752086903572 0.0126669910999508 0.0
0.348574275692117 0.0759834464003222 0.0
0.355356841768395 0.139601294263265 0.0
0.363291238235143 0.203553712427079 0.0
0.372595984325333 0.267867168761864 0.0
0.383519608994135 0.332545505090777 0.0
0.396332362238497 0.397532775197016 0.0
0.411252187165262 0.462628267953965 0.0
0.428142185720681 0.527306638876614 0.0
0.373217790803849 -0.610665372263489 0.0
0.375009756603251 -0.549194770855747 0.0
0.377005408960282 -0.487592060707797 0.0
0.379222340657969 -0.425853310719072 0.0
0.381685048528789 -0.363971995190065 0.0
0.38442766542197 -0.30193887043082 0.0
0.387496542749754 -0.239741519871621 0.0
0.390953234444928 -0.177363337208681 0.0
0.394877785730901 -0.114782612711941 0.0
0.39937212464675 -0.0519709763058892 0.0
0.404563219416152 0.0111078754557923 0.0
0.410606112128799 0.074499964054637 0.0
0.417687756154287 0.138262635463974 0.0
0.426034588721525 0.202466458077218 0.0
0.435928992944162 0.26719532028759 0.0
0.447741878346954 0.33254295263384 0.0
0.461984782910762 0.398592886199782 0.0
0.479358329321936 0.465339003686247 0.0
0.50062494260708 0.532395478828318 0.0
