-0.789585589229192 -0.646683095963984 0.0
0.435691233321146 -0.675245764800696 0.0
-0.798243927955627 0.61237245798111 0.0
0.61237245798111 0.61237245798111 0.0
-0.728365066738505 -0.648410663932396 0.0
0.437340855477703 -0.613917493910853 0.0
0.526021638952106 0.597354670416567 0.0
-0.774775804795107 0.543659262217813 0.0
-0.667131499893953 -0.649865275471 0.0
0.439185374697986 -0.552471811618435 0.0
0.44660430684798 0.589415802645762 0.0
-0.765947202697696 0.476749837146115 0.0
-0.605896103909116 -0.65129426008456 0.0
0.441238827121309 -0.490901679059941 0.0
0.371325362575017 0.584201429597688 0.0
-0.762177978856841 0.411615402658521 0.0
-0.544656927134888 -0.652710939971528 0.0
0.443517599666737 -0.429201057433048 0.0
0.298621024634925 0.580407187525676 0.0
-0.760816899505402 0.347548795449441 0.0
-0.483419026105737 -0.654132137109382 0.0
0.446045492658174 -0.367363391932305 0.0
0.227640101887753 0.577520981037482 0.0
-0.760848991462255 0.284116634170453 0.0
-0.422183001986345 -0.655578421124269 0.0
0.448856212787993 -0.305380293589523 0.0
0.157869923229987 0.575297424736351 0.0
-0.761759768654825 0.221078729795574 0.0
-0.36094428767899 -0.657056564872699 0.0
0.451995906343731 -0.243240216028655 0.0
0.0889611200755999 0.57359131123367 0.0
-0.7632422786573 0.158301663730596 0.0
-0.299695893879111 -0.658558526269137 0.0
0.455526122302963 -0.180926658073173 0.0
0.0206382675160527 0.572278047854028 0.0
-0.765095632236117 0.095711072930661 0.0
-0.238431613589909 -0.660066551944609 0.0
0.459527089330832 -0.1184163501808 0.0
-0.0473565030777607 0.571155232216576 0.0
-0.767181359345729 0.033266488982634 0.0
-0.177147850501525 -0.661559517598511 0.0
0.464101157667631 -0.0556765250449553 0.0
-0.115294593670868 0.569527824613009 0.0
-0.769402141336799 -0.0290509647706162 0.0
-0.115844801215826 -0.663018414629551 0.0
0.469376236266917 0.00733795516632755 0.0
-0.182082190340822 0.571786351841297 0.0
-0.771693185866886 -0.0912447123066151 0.0
-0.0545263445802998 -0.664430275837039 0.0
0.475509744610372 0.0706886706112326 0.0
-0.247709221513486 0.574881330973472 0.0
-0.774034337928161 -0.153304046923996 0.0
0.00680047452375858 -0.665790552682001 0.0
0.482694867155675 0.134458849936002 0.0
-0.313400211171203 0.574529535333163 0.0
-0.77652200559116 -0.215209036485941 0.0
0.0681268020345174 -0.667104272993227 0.0
0.49117373231617 0.198761731551314 0.0
-0.379865718521637 0.575540550522473 0.0
-0.778240124164607 -0.277022768251181 0.0
0.129442881799265 -0.668386156226885 0.0
0.5012662474713 0.263753751486627 0.0
-0.447219286848559 0.576766171635936 0.0
-0.780125231652304 -0.338881410134518 0.0
0.190739920514038 -0.669659667067444 0.0
0.513431375000279 0.329659888244623 0.0
-0.515298076351179 0.582444051603374 0.0
-0.78239701996167 -0.400712048700295 0.0
0.252011834697228 -0.670954678925586 0.0
0.528396091099498 0.39682132100359 0.0
-0.583236756715433 0.588227374799169 0.0
-0.784421418436358 -0.462393376376033 0.0
0.31325683538527 -0.672303130518275 0.0
0.547450062442309 0.465783105294412 0.0
-0.65134383766658 0.590332474027349 0.0
-0.786370277794572 -0.52392439862057 0.0
0.37447950080435 -0.673731414469786 0.0
0.573234798452984 0.537405583282059 0.0
-0.722604341901775 0.5969243257336 0.0
-0.787954302016092 -0.585348579716079 0.0
-0.726763694911781 -0.587077402804094 0.0
-0.725152137412541 -0.525633950455409 0.0
-0.723236597257462 -0.464068366801153 0.0
-0.721220566349447 -0.402441519567387 0.0
-0.719062320865292 -0.340756953577641 0.0
-0.717191031982191 -0.279012910451373 0.0
-0.715313335025818 -0.21704197839878 0.0
-0.71283784660479 -0.15481521113043 0.0
-0.71047623522221 -0.0925256519976382 0.0
-0.708169360004454 -0.0301316502038834 0.0
-0.705944621027123 0.0323990466510235 0.0
-0.703868725983055 0.095097361485294 0.0
-0.702044890936541 0.158000088387613 0.0
-0.700624349805019 0.221154209956757 0.0
-0.699832058658515 0.284614883498923 0.0
-0.700018312055873 0.348428143102819 0.0
-0.701770991249683 0.412562049856482 0.0
-0.706189669873989 0.476665623533645 0.0
-0.715526544578684 0.539197171666256 0.0
-0.66555639968504 -0.588526719627222 0.0
-0.663879768598654 -0.527097548306333 0.0
-0.661989182259574 -0.465549164075721 0.0
-0.65997767421044 -0.403889223892321 0.0
-0.657908791933072 -0.342088227927262 0.0
-0.655964145813416 -0.280182054349545 0.0
-0.653921012794565 -0.218171280616755 0.0
-0.651567306335945 -0.155976608121495 0.0
-0.6492335614997 -0.093645058495296 0.0
-0.646942996997409 -0.0311733010697353 0.0
-0.644741873532872 0.0314503897152572 0.0
-0.642706413745481 0.094238143802744 0.0
-0.640948758431625 0.157196982587167 0.0
-0.639629692710134 0.220318697482895 0.0
-0.638980483292472 0.283556796588647 0.0
-0.639337838457668 0.346780059343128 0.0
-0.641191947784971 0.409681903189052 0.0
-0.645162646802986 0.47162593643661 0.0
-0.650121193576377 0.531641663865304 0.0
-0.604319429158023 -0.589958336964058 0.0
-0.602609589148728 -0.528513756146536 0.0
-0.600732809451143 -0.466942302051804 0.0
-0.598752461599928 -0.405239596446633 0.0
-0.596731640505231 -0.343407402616988 0.0
-0.594725058179963 -0.281476438229356 0.0
-0.592605403407455 -0.219430320468781 0.0
-0.590310318682094 -0.157228404056218 0.0
-0.588006604885948 -0.0948913572519878 0.0
-0.585742061734823 -0.0324252466910803 0.0
-0.583573233848031 0.0301637914214381 0.0
-0.581580592177899 0.0928617641963882 0.0
-0.579875736805204 0.155638451106673 0.0
-0.578609656857085 0.218435925075977 0.0
-0.577981343706318 0.281151591999251 0.0
-0.578237691331873 0.343619169880619 0.0
-0.579613970839805 0.405597727029687 0.0
-0.581845570479627 0.466822150413921 0.0
-0.582495093905406 0.527486895160454 0.0
-0.543072039173744 -0.591370859777424 0.0
-0.541348738869189 -0.529913490425936 0.0
-0.539488560552741 -0.468329043833234 0.0
-0.537535978304754 -0.406618282659 0.0
-0.535531179936763 -0.344790343824465 0.0
-0.533484937762472 -0.282858828667827 0.0
-0.531333031718347 -0.220812667266488 0.0
-0.529068662148804 -0.158637803774691 0.0
-0.526787279508338 -0.0963507226506659 0.0
-0.524540998577942 -0.0339677494194581 0.0
-0.522388361316975 0.028488603403516 0.0
-0.520406346216046 0.0909835660253516 0.0
-0.518695363425504 0.153463458166386 0.0
-0.517381562689295 0.215848543051346 0.0
-0.516611984390082 0.278024626422769 0.0
-0.516521191658032 0.339836349769804 0.0
-0.517072734953031 0.401088147181322 0.0
-0.517496861640294 0.461616464255331 0.0
-0.514587170909993 0.521417940151352 0.0
-0.481823978713171 -0.592792495683465 0.0
-0.480097586299396 -0.531334461987539 0.0
-0.478252426046686 -0.469754265969191 0.0
-0.476317572217936 -0.408055611857473 0.0
-0.474315231798716 -0.346247302533407 0.0
-0.472243809437588 -0.284337578867314 0.0
-0.470074957179059 -0.222324138340401 0.0
-0.467821217759344 -0.160208326297676 0.0
-0.465544232752167 -0.0980089512729515 0.0
-0.46329215681141 -0.0357500084949842 0.0
-0.461118931072917 0.0265361460787924 0.0
-0.459091498521809 0.0888048522536017 0.0
-0.457291559629161 0.150994765937169 0.0
-0.455811777877112 0.213023492307512 0.0
-0.454737515292024 0.274781843503625 0.0
-0.45408205157935 0.336129397829876 0.0
-0.453587097505632 0.396904401892772 0.0
-0.452227809663899 0.456986187393278 0.0
-0.448476943154825 0.516627398860493 0.0
-0.420576942578713 -0.594244167158832 0.0
-0.418851355778352 -0.532794529514448 0.0
-0.41701708511406 -0.471228784402824 0.0
-0.415090798219318 -0.40955200874791 0.0
-0.413083179169017 -0.347772723615508 0.0
-0.410990758634684 -0.285898767001134 0.0
-0.408803784233418 -0.223934654504206 0.0
-0.406539641960779 -0.161889995409408 0.0
-0.40424118220253 -0.099785504499559 0.0
-0.401948722607092 -0.0376479685021464 0.0
-0.399707012338628 0.0244881952440714 0.0
-0.397568274242548 0.0865789155438286 0.0
-0.395590297392439 0.14856831088324 0.0
-0.393826138815392 0.210387439339409 0.0
-0.392293112454138 0.271954248154418 0.0
-0.390890319402547 0.333182755450012 0.0
-0.389217988545645 0.394021192745345 0.0
-0.386495926186786 0.454580277882006 0.0
-0.382823700531426 0.51529358673022 0.0
-0.359328051792967 -0.595729638875375 0.0
-0.357604010918215 -0.534291706887403 0.0
-0.35577541460253 -0.472743469918157 0.0
-0.353849138543528 -0.411090732877674 0.0
-0.351828889963312 -0.349341945213069 0.0
-0.349711851786137 -0.287505577998047 0.0
-0.347496721027336 -0.225589990921175 0.0
-0.345199642498676 -0.163608148284049 0.0
-0.342850700230721 -0.101580364343569 0.0
-0.340480577057555 -0.0395320476778353 0.0
-0.338122263556728 0.0225056321520354 0.0
-0.335810923442349 0.0844950607278075 0.0
-0.333578727218003 0.146391678167583 0.0
-0.331439641393618 0.208145208655363 0.0
-0.329352838708039 0.269703981366987 0.0
-0.327148599728687 0.331030861984537 0.0
-0.324452681238752 0.392145359865971 0.0
-0.320883484892909 0.453173608654288 0.0
-0.316453932514394 0.514097449632805 0.0
-0.298072596142045 -0.597237897865239 0.0
-0.296349510032307 -0.535810216125732 0.0
-0.294520865005822 -0.4742768993977 0.0
-0.29258627245436 -0.412643994554293 0.0
-0.290545263737929 -0.350919681466206 0.0
-0.288395574995829 -0.289112642009856 0.0
-0.286138641002582 -0.227232602408569 0.0
-0.283786747392584 -0.165292901649365 0.0
-0.281359768210728 -0.103311870556801 0.0
-0.2788781280756 -0.0413117387392803 0.0
-0.276362089171586 0.0206810309305124 0.0
-0.273829412243365 0.0826356972972043 0.0
-0.271287971920829 0.144517648249025 0.0
-0.268718596429106 0.20629128327821 0.0
-0.266041592680702 0.267927530494156 0.0
-0.263071675074952 0.329424576951664 0.0
-0.25952261152672 0.390844284260018 0.0
-0.255111744967078 0.452317825017144 0.0
-0.24940318739323 0.514015725879462 0.0
-0.23680625465229 -0.598749241997214 0.0
-0.2350830047743 -0.537327287822387 0.0
-0.23324853040113 -0.47580262708728 0.0
-0.231297667622957 -0.414181210590209 0.0
-0.22922747724035 -0.352470643129211 0.0
-0.227035531790988 -0.290679197995615 0.0
-0.224722852634049 -0.228816487183297 0.0
-0.22229670724764 -0.166894926250764 0.0
-0.21976791241227 -0.104930660944977 0.0
-0.217146532204048 -0.0429431815803241 0.0
-0.214439980248529 0.0190441416643629 0.0
-0.211649413560352 0.0810038112246479 0.0
-0.20876169185445 0.14290419937105 0.0
-0.205734100953496 0.204711544871918 0.0
-0.202472172923343 0.266394841147173 0.0
-0.19881651308951 0.327936223815498 0.0
-0.194570478110889 0.389334632676605 0.0
-0.189525822427595 0.450582496645366 0.0
-0.182981473045006 0.511619117310598 0.0
-0.17552621863299 -0.600241712241375 0.0
-0.173801380718769 -0.538819622755732 0.0
-0.171955564673261 -0.477295787436824 0.0
-0.169981174560696 -0.415675872854141 0.0
-0.167873839301545 -0.353966673151659 0.0
-0.165630222031116 -0.292175629008789 0.0
-0.163249120022097 -0.23031154604069 0.0
-0.160732128934982 -0.168385577338428 0.0
-0.158081373718102 -0.106412113157568 0.0
-0.155296358814862 -0.0444089318862964 0.0
-0.152371444535223 0.0176018539764017 0.0
-0.149291695420113 0.0795930311471839 0.0
-0.146025487103832 0.141531423962195 0.0
-0.142513515027601 0.203378174399688 0.0
-0.138658983859708 0.26508928323758 0.0
-0.134332942417814 0.326615048486024 0.0
-0.129404656237703 0.387889095939111 0.0
-0.123748872348599 0.448806979257231 0.0
-0.117712350058876 0.509397122077618 0.0
-0.114232091290438 -0.601696379178937 0.0
-0.112503828791382 -0.540268363692459 0.0
-0.11064160686062 -0.478737653266096 0.0
-0.108637399188426 -0.417109488320204 0.0
-0.106485951647536 -0.355389648621065 0.0
-0.104182313718391 -0.293584431160593 0.0
-0.10172186861045 -0.231701426914103 0.0
-0.0990999610491593 -0.169750294511663 0.0
-0.0963098413865198 -0.107743677312474 0.0
-0.0933399268764793 -0.0456976078975082 0.0
-0.0901709176039408 0.0163674296436223 0.0
-0.0867715934735151 0.078425767584074 0.0
-0.0830928289468285 0.14044595047909 0.0
-0.0790612905453035 0.202391607527376 0.0
-0.074578684038515 0.264223250899702 0.0
-0.0695364151604104 0.32590293993064 0.0
-0.0638532215686537 0.387405709337434 0.0
-0.0576302568316037 0.448779475623594 0.0
-0.0517684572237575 0.510196601064731 0.0
-0.0529258337704788 -0.603100991558022 0.0
-0.0511916978188285 -0.54166229572484 0.0
-0.0493085809546958 -0.480118228877199 0.0
-0.0472694632420346 -0.418473380802688 0.0
-0.0450683218458087 -0.356732255036619 0.0
-0.042697901807999 -0.294899664782127 0.0
-0.0401492834363963 -0.232981542709358 0.0
-0.0374110029841313 -0.170985566736415 0.0
-0.0344670485849796 -0.108922018193491 0.0
-0.0312942315268198 -0.0468041728459689 0.0
-0.0278592073399722 0.0153508011315421 0.0
-0.0241147776313068 0.0775214611753515 0.0
-0.0199960919616859 0.139682011648821 0.0
-0.0154195066872847 0.201803772183073 0.0
-0.0102905769700174 0.263857633515372 0.0
-0.00453166241963137 0.325820242496897 0.0
0.00184248810351977 0.387688464379674 0.0
0.00853644184142638 0.449485970261691 0.0
0.0149173480901222 0.51110108697819 0.0
0.00838844772755373 -0.604452134158124 0.0
0.0101315900783336 -0.542999644008539 0.0
0.0120393094190337 -0.481437603742851 0.0
0.0141169503154385 -0.41976958947993 0.0
0.0163715846693651 -0.357998505754074 0.0
0.0188134363725357 -0.296127314473224 0.0
0.0214563913984128 -0.234159812122722 0.0
0.0243191486969682 -0.172101097461959 0.0
0.0274272590558468 -0.109958310238693 0.0
0.0308157085916142 -0.0477409213566705 0.0
0.0345317113484234 0.0145385100764446 0.0
0.0386374272169375 0.0768640612966222 0.0
0.0432111175773759 0.13921622331063 0.0
0.048343146575198 0.201572579916592 0.0
0.0541198173701353 0.263908274838123 0.0
0.060582776666484 0.326197895237675 0.0
0.0676465637139347 0.388412826430542 0.0
0.0750141263965075 0.450483524403417 0.0
0.0822373355421529 0.51225665705354 0.0
0.0697053708635584 -0.605756263193399 0.0
0.071461118967281 -0.544288900223149 0.0
0.0733960171268739 -0.482706566966427 0.0
0.0755139744440744 -0.421011373826932 0.0
0.0778237081423688 -0.359204334154759 0.0
0.0803389913310981 -0.29728626223526 0.0
0.083079107523399 -0.235258427478594 0.0
0.0860702107185995 -0.173122849037609 0.0
0.0893474480059002 -0.110882911626587 0.0
0.0929574909093474 -0.04854358653976 0.0
0.0969609760736561 0.013887803766599 0.0
0.101434100700296 0.0764010894404409 0.0
0.106467354092937 0.138982323560521 0.0
0.112157492647467 0.201612841826294 0.0
0.118585987739954 0.264266509651025 0.0
0.125775799357669 0.326904667387171 0.0
0.133630165813707 0.389461087448439 0.0
0.141890079544773 0.451818493738665 0.0
0.150154642148865 0.513811004088453 0.0
0.131018531236872 -0.607029754379897 0.0
0.132790369735132 -0.545548737127777 0.0
0.13475343970267 -0.483946422534238 0.0
0.136911374715198 -0.422223057047873 0.0
0.139275293844536 -0.360377626296013 0.0
0.141862930011241 -0.298408653851485 0.0
0.144699150689407 -0.236314629285006 0.0
0.147817569950926 -0.174094116804883 0.0
0.151262798933083 -0.111746253971423 0.0
0.155092940811924 -0.0492709247405253 0.0
0.159381693924724 0.0133304076766964 0.0
0.164219059247818 0.0760538869487839 0.0
0.169708498568892 0.138891522775058 0.0
0.175956988446258 0.201828546330398 0.0
0.183052882039629 0.264837293399249 0.0
0.191028630489902 0.327866454736881 0.0
0.199813444043815 0.390823059372127 0.0
0.209188225068468 0.453554649729441 0.0
0.218729276147035 0.515856243586489 0.0
0.192321532661362 -0.608297879359715 0.0
0.194111912752784 -0.546806831022606 0.0
0.196102144839949 -0.48518773315039 0.0
0.19829742604025 -0.423438850821755 0.0
0.200711930544076 -0.361557269932489 0.0
0.203367490084372 -0.299539247787561 0.0
0.20629448748575 -0.237380336444927 0.0
0.20953379466598 -0.175075306914889 0.0
0.213139189291646 -0.11261850719933 0.0
0.217179875131652 -0.050003932962219 0.0
0.221742418326505 0.0127739633675926 0.0
0.226931087691225 0.0757193029211997 0.0
0.232864733515057 0.138832510323912 0.0
0.239667660321755 0.202106406630059 0.0
0.247451519170791 0.265517539635854 0.0
0.256286615132154 0.329011575803606 0.0
0.266160526261783 0.392480176376078 0.0
0.276910681667891 0.455734092457662 0.0
0.288083608255537 0.518490809579828 0.0
0.253608693321261 -0.609592314519401 0.0
0.255417947939107 -0.548097144847792 0.0
0.257432163885139 -0.486467588785391 0.0
0.259659961110541 -0.424700394465286 0.0
0.26211876172169 -0.362791173936625 0.0
0.264834281898325 -0.300734023725054 0.0
0.267842100711985 -0.238521447921901 0.0
0.271189920418914 -0.176144102307596 0.0
0.274940174494971 -0.113590937517897 0.0
0.279172667820638 -0.0508490178549291 0.0
0.283986609939165 0.0120959385868921 0.0
0.289501256428325 0.0752588327095962 0.0
0.295853984216234 0.138653040078747 0.0
0.303194746551256 0.202286329409281 0.0
0.311675852320917 0.266151361428061 0.0
0.321435322644038 0.330208483196818 0.0
0.332563328028359 0.394354261506157 0.0
0.345014172323412 0.458370019714355 0.0
0.358374573114598 0.521855186999691 0.0
0.31487542219294 -0.610946462515513 0.0
0.316700967685182 -0.549454977052639 0.0
0.318734210242138 -0.487824979463584 0.0
0.320987866470242 -0.426052973729332 0.0
0.323482033468176 -0.36413339578922 0.0
0.326245839937733 -0.302058297492279 0.0
0.329319498392701 -0.239817197163047 0.0
0.33275681951743 -0.17739657915244 0.0
0.336628029064769 -0.114779653351036 0.0
0.341022631526371 -0.0519456602629 0.0
0.34605181272371 0.0111302541142988 0.0
0.351850008363237 0.0744771890790859 0.0
0.358575451359556 0.138127557680322 0.0
0.366410477973858 0.202114742956068 0.0
0.37556299817026 0.266465911695546 0.0
0.386269302554864 0.331186559341091 0.0
0.398786078996399 0.396224206393338 0.0
0.413318842484777 0.461384850211582 0.0
0.429726985196444 0.526154337188639 0.0
0.376119235529288 -0.612387073887746 0.0
0.377956068996335 -0.550908693511373 0.0
0.380002767023279 -0.489294636462067 0.0
0.382274009159662 -0.42754074037226 0.0
0.384791968702828 -0.365640226767713 0.0
0.387588576061079 -0.303583635072648 0.0
0.390707789670364 -0.241358382507651 0.0
0.394208326276948 -0.17894775256462 0.0
0.398166714228711 -0.116329984085055 0.0
0.402680458947233 -0.0534767104153904 0.0
0.407870988326406 0.00964833200797854 0.0
0.413886495536205 0.0730911319356525 0.0
0.420905583254302 0.136909090030168 0.0
0.429144550147591 0.201173054092369 0.0
0.43887329827185 0.265967660683904 0.0
0.450446902581423 0.33138834713554 0.0
0.464356334877147 0.397522395500105 0.0
0.481276579301226 0.464371956607021 0.0
0.501946658112651 0.531568875724286 0.0
