-0.777095039714867 -0.650330701032951 0.0
0.448972391814814 -0.683044510369878 0.0
-0.77181568145752 0.61237245798111 0.0
0.61237245798111 0.61237245798111 0.0
-0.715884148180111 -0.652362884818467 0.0
0.450768361101534 -0.621702206605064 0.0
0.528729261779826 0.59449219795273 0.0
-0.75245609059529 0.542397546560759 0.0
-0.654657738686211 -0.654122441151449 0.0
0.452802303810225 -0.560220181061835 0.0
0.451267933780319 0.58469020808706 0.0
-0.74585626097173 0.47491677286548 0.0
-0.593429367416885 -0.655862807473265 0.0
0.455070750280459 -0.498588505255552 0.0
0.377592970987758 0.578244053141438 0.0
-0.743454513697887 0.409364940506607 0.0
-0.532195461127287 -0.657602571906698 0.0
0.457578028166357 -0.436799472921517 0.0
0.306285975510584 0.573641551498338 0.0
-0.743024961409824 0.344960374651386 0.0
-0.470958168041235 -0.659357702550136 0.0
0.460338020911911 -0.374845165238646 0.0
0.236564380170871 0.570243596412783 0.0
-0.743735007971307 0.281253326190178 0.0
-0.409714873075905 -0.661143488981554 0.0
0.463374842897245 -0.312715786745843 0.0
0.167956867201446 0.567724948643399 0.0
-0.745165131953755 0.217994428934766 0.0
-0.348458143160472 -0.662958627405927 0.0
0.466724088851053 -0.250398249018946 0.0
0.100145137963237 0.565890620550618 0.0
-0.747064328005351 0.155042434897749 0.0
-0.287178960134909 -0.664785882888822 0.0
0.470434702255794 -0.187874399212829 0.0
0.0328824097740778 0.564589000858295 0.0
-0.749267172251696 0.0923159755010574 0.0
-0.225870193811204 -0.666598563892765 0.0
0.474571205773341 -0.125119287212449 0.0
-0.0340573057120977 0.563617173536418 0.0
-0.751658729501694 0.0297684493071786 0.0
-0.164528507054019 -0.668367791292721 0.0
0.479216111795669 -0.0620985212908965 0.0
-0.100906765702654 0.562335076910843 0.0
-0.754157829697866 -0.0326242434052325 0.0
-0.103155480437434 -0.670068510746179 0.0
0.484472342757731 0.0012345643995961 0.0
-0.166721046636006 0.564574034156153 0.0
-0.756711221266407 -0.0948698418314314 0.0
-0.0417573672705185 -0.671683669004197 0.0
0.490466146257343 0.0649430524501734 0.0
-0.231570047767585 0.567673910297722 0.0
-0.75930799445163 -0.156961017867346 0.0
0.019655586187301 -0.673206698471774 0.0
0.497352050559361 0.12911190298151 0.0
-0.296485845199259 0.567913824226314 0.0
-0.762065601773233 -0.21887968521705 0.0
0.081070661682432 -0.67464276320601 0.0
0.505323816928023 0.193856860888558 0.0
-0.362002092331667 0.569476961693579 0.0
-0.764032424265705 -0.280710987380503 0.0
0.142473731284809 -0.676009052872656 0.0
0.514638798096114 0.259338693163844 0.0
-0.428240706692308 0.571394769780095 0.0
-0.766167408388044 -0.342580178090868 0.0
0.203851288697218 -0.677334208063611 0.0
0.525670200803216 0.325790705551027 0.0
-0.49509428233572 0.577407797722248 0.0
-0.768710342264428 -0.404403616240573 0.0
0.265192422405414 -0.678656634433676 0.0
0.539018151691371 0.39357154227652 0.0
-0.561915945850433 0.583695381973092 0.0
-0.77102010719083 -0.466074147847715 0.0
0.326490782766526 -0.680021166978288 0.0
0.555767607223776 0.463267316476939 0.0
-0.628919632402826 0.587010225907296 0.0
-0.773266022359409 -0.527593030388672 0.0
0.387747371661915 -0.68147289711524 0.0
0.578204086932422 0.535851231473965 0.0
-0.69857611259149 0.594984300605543 0.0
-0.77515492030779 -0.589006453747483 0.0
-0.713973618442635 -0.591038193539164 0.0
-0.712056107843724 -0.529602492614595 0.0
-0.709844410766455 -0.468044487037799 0.0
-0.707546073461842 -0.406423951276297 0.0
-0.705114580644877 -0.3447446485063 0.0
-0.7029869339128 -0.282991862330957 0.0
-0.700866619450935 -0.221000099675733 0.0
-0.698135212248436 -0.158750914705456 0.0
-0.695520470819922 -0.0964283380289948 0.0
-0.692954354142216 -0.0339890254500971 0.0
-0.690455194088071 0.0286009589942662 0.0
-0.688077947050544 0.0913738520339857 0.0
-0.685909212911894 0.154367223794355 0.0
-0.684075759885733 0.217628112852351 0.0
-0.682765407352339 0.281211084309162 0.0
-0.682270143876259 0.345162314599436 0.0
-0.683082434914819 0.40945723956813 0.0
-0.686138796223197 0.473785363487928 0.0
-0.693421839166793 0.536775306810586 0.0
-0.652770956297615 -0.592791323035784 0.0
-0.650789058227079 -0.531369695600319 0.0
-0.648605589778615 -0.469828689074238 0.0
-0.646314864984476 -0.408174387028984 0.0
-0.643979914621367 -0.346374052129874 0.0
-0.641784437015226 -0.28446315978918 0.0
-0.639498227513492 -0.22244510328527 0.0
-0.636897409097741 -0.160238158571486 0.0
-0.634316751553962 -0.0978890211842281 0.0
-0.631772995650645 -0.0353946243165302 0.0
-0.629303831089985 0.0272561932917316 0.0
-0.626973751936826 0.0900744637367628 0.0
-0.624878161807469 0.153065574502148 0.0
-0.623153477792069 0.216219550350869 0.0
-0.621995156098147 0.279489442087529 0.0
-0.621687158034107 0.34274883408998 0.0
-0.622643334570699 0.405710584589343 0.0
-0.62538730101853 0.467789473577323 0.0
-0.628900428569309 0.528053324402267 0.0
-0.591537571682461 -0.594536140519381 0.0
-0.589523790145511 -0.533101893874286 0.0
-0.587358415785963 -0.471540959434172 0.0
-0.585105010609332 -0.409847517080346 0.0
-0.582825554053562 -0.348022662053711 0.0
-0.580573114595778 -0.286097787040356 0.0
-0.5782140967041 -0.224057163861464 0.0
-0.575679514009106 -0.161859960363128 0.0
-0.573135675933567 -0.0995276990610129 0.0
-0.570624661718574 -0.0370677504848284 0.0
-0.568194832278209 0.0255122352098354 0.0
-0.565915237881622 0.0881966522269269 0.0
-0.563881347472517 0.150954000344163 0.0
-0.562221380062105 0.21372640855697 0.0
-0.561102656127393 0.276414621204385 0.0
-0.560729841534007 0.338862148729501 0.0
-0.561290531790721 0.400847531788738 0.0
-0.562527353605365 0.462125562666586 0.0
-0.562329510289353 0.522837830448719 0.0
-0.530291701853349 -0.596274758613761 0.0
-0.528266807046285 -0.534832109688506 0.0
-0.526123606989779 -0.473263608337597 0.0
-0.523904913627957 -0.411569254376884 0.0
-0.521648431707218 -0.349758242947768 0.0
-0.519361768157727 -0.287844915789959 0.0
-0.516975518560186 -0.225819108082666 0.0
-0.51447827802935 -0.163667515951756 0.0
-0.511963122245959 -0.101407870794995 0.0
-0.509476834038036 -0.0390578481023115 0.0
-0.507070277759738 0.0233589390963665 0.0
-0.504809737200091 0.0858073019998968 0.0
-0.502780849788255 0.148234590699855 0.0
-0.50108980647529 0.21056480252536 0.0
-0.499858048340554 0.272692025200054 0.0
-0.499191903702544 0.334475942521392 0.0
-0.499043960168922 0.395743200937144 0.0
-0.498735131293964 0.456346190525064 0.0
-0.495495601831511 0.51626054430333 0.0
-0.46904150609637 -0.598033531991421 0.0
-0.467017146564604 -0.536594905320714 0.0
-0.464895321852164 -0.475036637324917 0.0
-0.462701394477133 -0.413361967017385 0.0
-0.460453872443661 -0.351580057499418 0.0
-0.458147352390609 -0.289700061808613 0.0
-0.455749141541554 -0.227720727410628 0.0
-0.453268127644286 -0.165644386412946 0.0
-0.450763007483484 -0.103490890570008 0.0
-0.448277099629781 -0.0412849587354332 0.0
-0.445857494071491 0.0209410852255106 0.0
-0.443561748574612 0.0831439346277974 0.0
-0.441459073409691 0.145265741847441 0.0
-0.439626423767304 0.207230892119826 0.0
-0.438131952783783 0.268941705186357 0.0
-0.436978392897095 0.330275286703524 0.0
-0.435932390428017 0.391091929434548 0.0
-0.434105183471243 0.451286917662211 0.0
-0.430162118280063 0.511092279171723 0.0
-0.407786764662144 -0.599827335510463 0.0
-0.405768322373863 -0.538400964653775 0.0
-0.403664310543148 -0.476862112735001 0.0
-0.401485803786979 -0.415215545677005 0.0
-0.399238897516495 -0.353470298475542 0.0
-0.396916169312275 -0.291635154776869 0.0
-0.394504238406957 -0.229715628946761 0.0
-0.392017532286535 -0.167722175218155 0.0
-0.389496130608579 -0.105676096391614 0.0
-0.386976330150228 -0.0436041634678657 0.0
-0.384497323804426 0.0184602250416083 0.0
-0.382103969976839 0.0804754939567459 0.0
-0.379844890102342 0.142390310096518 0.0
-0.377763177723017 0.204142949210405 0.0
-0.375869317824315 0.265661626482942 0.0
-0.374070510834639 0.326872758752788 0.0
-0.372018091858404 0.387733821382226 0.0
-0.369039142366486 0.44834572685065 0.0
-0.365200987072967 0.50909770764328 0.0
-0.346522774158952 -0.601651371192852 0.0
-0.344512678698764 -0.540239011392203 0.0
-0.342421735849001 -0.478720704729863 0.0
-0.340249763949325 -0.41710206041708 0.0
-0.337995417016121 -0.355392107103262 0.0
-0.335652151210683 -0.29360021398311 0.0
-0.333215788887553 -0.231735601477447 0.0
-0.330700285191617 -0.169811843514513 0.0
-0.328133635141232 -0.107849446307178 0.0
-0.325543682808194 -0.045873318631455 0.0
-0.322959614457773 0.0160868519756174 0.0
-0.320411841013828 0.0779962146597502 0.0
-0.317927393864235 0.139814532975192 0.0
-0.315516679250918 0.201497538000152 0.0
-0.313142188497319 0.263000820139534 0.0
-0.310656109564939 0.324293728478853 0.0
-0.307737983417703 0.38539584358643 0.0
-0.304062292819596 0.446421239499467 0.0
-0.299654538363044 0.507367350995699 0.0
-0.285243448712715 -0.60348522208582 0.0
-0.283242912869942 -0.542083552666826 0.0
-0.28115972079614 -0.480580893417897 0.0
-0.27898555465354 -0.418983236805955 0.0
-0.276714906734412 -0.357299396793912 0.0
-0.274342349157598 -0.295538903623155 0.0
-0.271867333102345 -0.233712219033301 0.0
-0.269300903093967 -0.171833105463335 0.0
-0.266661892087093 -0.109919844573818 0.0
-0.263969379063924 -0.0479939443683104 0.0
-0.261241912064924 0.0139197225784836 0.0
-0.25849546495641 0.0757930465793842 0.0
-0.255737060343012 0.137595175846807 0.0
-0.252950145867608 0.199295212376338 0.0
-0.250066497152099 0.260868781667583 0.0
-0.246929146748924 0.322316030103989 0.0
-0.243298122734555 0.383693125331576 0.0
-0.23894344106617 0.445118129673696 0.0
-0.233525734921944 0.506745368880968 0.0
-0.223943768196755 -0.605300241480755 0.0
-0.221953439200433 -0.543902861414746 0.0
-0.219872521091961 -0.482407265735537 0.0
-0.217687746920951 -0.420819563823827 0.0
-0.215391653058443 -0.359148087710592 0.0
-0.212979530501003 -0.297401944837765 0.0
-0.21045148451098 -0.235591399375644 0.0
-0.207814681184047 -0.17372916413332 0.0
-0.205080209042314 -0.111831187268971 0.0
-0.202258515510435 -0.0499161079214921 0.0
-0.199357616845042 0.0119943730303233 0.0
-0.196380015987097 0.0738754010713169 0.0
-0.193315923042845 0.135699059361488 0.0
-0.190130528276159 0.197436248419374 0.0
-0.18674591536897 0.259060945385173 0.0
-0.183031348495095 0.32055929057229 0.0
-0.178829296954576 0.381933058095716 0.0
-0.173983223440122 0.443180041754783 0.0
-0.167942323373964 0.504257226129537 0.0
-0.162621005085618 -0.607066829968527 0.0
-0.160640999571375 -0.545666161176569 0.0
-0.158556964763573 -0.484167690378679 0.0
-0.156353776889615 -0.42257754545798 0.0
-0.154023549943964 -0.360903391332715 0.0
-0.151561843458373 -0.29915352426016 0.0
-0.148967782169857 -0.237337350589142 0.0
-0.146244171184322 -0.175466229766425 0.0
-0.143394923054432 -0.11355424472597 0.0
-0.140421850745839 -0.0516182103503484 0.0
-0.137322423174132 0.0103215500316918 0.0
-0.134086306085689 0.0722406291679409 0.0
-0.130689292586605 0.134109857516922 0.0
-0.127084444572335 0.195895688983324 0.0
-0.123194719543213 0.257560745344765 0.0
-0.118919124423521 0.31906363112777 0.0
-0.114161359357556 0.380349998966985 0.0
-0.108841697114265 0.441334858569563 0.0
-0.103292108209125 0.502042714347208 0.0
-0.101275620506488 -0.60876018172061 0.0
-0.0993052196287964 -0.547348964687309 0.0
-0.0972128401011422 -0.485838127106952 0.0
-0.0949842624298756 -0.42423375672785 0.0
-0.0926121885007636 -0.362542685804923 0.0
-0.0900919959105598 -0.300772110915891 0.0
-0.0874207891137675 -0.238930197649227 0.0
-0.0845965735515434 -0.177026761310748 0.0
-0.0816160662177729 -0.11507409572826 0.0
-0.0784720929560419 -0.0530872598873467 0.0
-0.075151146716651 0.00891501107930585 0.0
-0.0716299883993724 0.070909746399613 0.0
-0.0678709086556758 0.1328692909224 0.0
-0.0638169918571374 0.194762242801981 0.0
-0.0593925244952216 0.256555167954248 0.0
-0.0545171161318716 0.318216968126797 0.0
-0.0491403720238931 0.379728852812296 0.0
-0.0433749143116202 0.441133407056599 0.0
-0.038010792778848 0.502569944076867 0.0
-0.0399111270276469 -0.610364141571621 0.0
-0.0379483837825828 -0.54893642664464 0.0
-0.0358426206975068 -0.487405301226461 0.0
-0.0335826925217865 -0.425776642891685 0.0
-0.0311623971815172 -0.364056198547765 0.0
-0.0285764265384327 -0.302249729304323 0.0
-0.025819076253482 -0.240363739555152 0.0
-0.0228830878711781 -0.178406072156628 0.0
-0.0197577066867827 -0.116386723890656 0.0
-0.0164263727751261 -0.0543181599916535 0.0
-0.0128643203660029 0.00778389565477668 0.0
-0.00903571879367493 0.0699001994425978 0.0
-0.00489090998995881 0.132008003085972 0.0
-0.00036615226789999 0.19408251966447 0.0
0.00460851533968565 0.256099163740262 0.0
0.0100843005182838 0.31803893107785 0.0
0.0160279515203515 0.379899838458745 0.0
0.0221621224349256 0.441699416427926 0.0
0.0279044478315695 0.503338735380245 0.0
0.0214662571114894 -0.611873450736237 0.0
0.0234247616463054 -0.550425204978491 0.0
0.0255486249056101 -0.488868080371428 0.0
0.0278445894602798 -0.427207379859908 0.0
0.0303177592893573 -0.365447404232509 0.0
0.0329747016265229 -0.303592085713599 0.0
0.0358245649824113 -0.241645795614403 0.0
0.03888027074417 -0.179613851650124 0.0
0.0421602826489814 -0.117503263655266 0.0
0.0456907048258357 -0.0553229892747544 0.0
0.0495074004136927 0.00691537984466425 0.0
0.0536579095876647 0.0691974379307493 0.0
0.0582018749172996 0.131505840457911 0.0
0.0632068966720817 0.193821041712719 0.0
0.0687338322211972 0.256121669007151 0.0
0.0748012464035076 0.318385819716634 0.0
0.0813143671093799 0.380587571543532 0.0
0.0879889833880689 0.442663802002865 0.0
0.0943919373585282 0.504476017793347 0.0
0.0828486347627924 -0.613294873566324 0.0
0.0848077044494483 -0.551824380869267 0.0
0.0869537304101334 -0.490238162714706 0.0
0.0892887800408024 -0.428540405216739 0.0
0.091817335229701 -0.36673356838886 0.0
0.0945478314038072 -0.30481939019795 0.0
0.0974933492305231 -0.242799688065427 0.0
0.100672738085048 -0.180676758083382 0.0
0.104112264897956 -0.118454039740389 0.0
0.107847517751406 -0.0561363325144041 0.0
0.111925112333089 0.0062694938347027 0.0
0.116403566898322 0.0687541079921613 0.0
0.121351617020829 0.131304945526785 0.0
0.126840687574988 0.193905474750356 0.0
0.132925812468026 0.256532656830362 0.0
0.139608108603289 0.319152169833419 0.0
0.14678090928996 0.381704658439843 0.0
0.154188178144348 0.444084149022401 0.0
0.161432311251981 0.506137673111333 0.0
0.144226846813563 -0.614647454161539 0.0
0.146192142446758 -0.553155609460388 0.0
0.148363216492759 -0.491540126215383 0.0
0.150738365382815 -0.429803465734914 0.0
0.153322295613441 -0.367945937964132 0.0
0.156125879933853 -0.305966829911967 0.0
0.15916645706442 -0.243865082436203 0.0
0.162468921872711 -0.181639552081625 0.0
0.166067315012019 -0.119289587252603 0.0
0.170006571621694 -0.0568152136731399 0.0
0.174343849957389 0.00578208464889804 0.0
0.179148592181936 0.0684986804923597 0.0
0.184499491486549 0.131327293458894 0.0
0.190475401614926 0.194254718810295 0.0
0.19713588667698 0.257256310771481 0.0
0.204488670898141 0.320286302101161 0.0
0.212447200564161 0.383261305308039 0.0
0.220786917216122 0.446042857164681 0.0
0.22908673905682 0.508439424285832 0.0
0.205591656367506 -0.61596192848152 0.0
0.207568691185325 -0.554452425989711 0.0
0.209765910194903 -0.492810660815407 0.0
0.212179820218718 -0.431036910033363 0.0
0.214816333423696 -0.369129233558942 0.0
0.217689175512732 -0.307084347759341 0.0
0.22082008266258 -0.244898060930603 0.0
0.224239960568017 -0.182565376263485 0.0
0.227990482159177 -0.120080939794235 0.0
0.232125765288592 -0.0574391284975556 0.0
0.236713498405056 0.00536519631155876 0.0
0.241834662565081 0.06833586878946 0.0
0.247580278197079 0.131473433701965 0.0
0.25404306632003 0.194771745188314 0.0
0.261301447386651 0.258210189160561 0.0
0.269394243882063 0.321740547313873 0.0
0.278283476099902 0.385265730513242 0.0
0.287792080337911 0.448613519707223 0.0
0.29747036342661 0.511519382151991 0.0
0.266934574354253 -0.617278993500182 0.0
0.26892731269613 -0.55575834046172 0.0
0.271149488266744 -0.494096634423582 0.0
0.273598347020426 -0.432291989076028 0.0
0.276281742249328 -0.370340396051737 0.0
0.279216397822069 -0.308235957718743 0.0
0.282428383607608 -0.245971135323343 0.0
0.285954396948427 -0.183536665098151 0.0
0.289843431436646 -0.120921781540719 0.0
0.294158499377798 -0.0581140454659953 0.0
0.298977812279432 0.00490017851198467 0.0
0.304394764825678 0.0681351539406109 0.0
0.310515737606195 0.131603933015995 0.0
0.317454850126544 0.195314828976091 0.0
0.325324681429478 0.259262909462167 0.0
0.334221303551938 0.32341451334226 0.0
0.344194277148976 0.387678405850069 0.0
0.355167941167734 0.451857024423208 0.0
0.366728106275368 0.515577868531588 0.0
0.328248258281261 -0.618645813776216 0.0
0.330257658301529 -0.557123086942081 0.0
0.332501258977014 -0.495451593269336 0.0
0.334978913525745 -0.433628116640987 0.0
0.337700501878893 -0.371646673650312 0.0
0.340685667604833 -0.30949876866257 0.0
0.343964525785675 -0.247173500146217 0.0
0.347579076688037 -0.184657174653427 0.0
0.35158500830332 -0.121933111021599 0.0
0.356053588864981 -0.058980937973747 0.0
0.361073165570748 0.0042235980212784 0.0
0.366749972322488 0.0677089391984079 0.0
0.373208099242965 0.131507075045686 0.0
0.380589299520698 0.195651716619826 0.0
0.389053744635244 0.260172055871823 0.0
0.398781846523044 0.325079128776466 0.0
0.409966876640762 0.390333048905016 0.0
0.422752832241414 0.45576570778132 0.0
0.436971744399737 0.5209085372627 0.0
0.389527289517889 -0.620109374834575 0.0
0.391550741968394 -0.558595982104788 0.0
0.393810594461568 -0.496931045193799 0.0
0.396308556261361 -0.435109305463039 0.0
0.399056572313714 -0.373122787719062 0.0
0.402076944031025 -0.310960978841002 0.0
0.40540319722856 -0.248610444025844 0.0
0.409081683055228 -0.186053834599269 0.0
0.413173587810554 -0.123268992839334 0.0
0.41775709180043 -0.0602273894637594 0.0
0.422929352907739 0.00310721486637917 0.0
0.428808447313255 0.0667807308597545 0.0
0.43553605458473 0.130850690169192 0.0
0.443283320549656 0.195388754586552 0.0
0.452264084498686 0.260481940229801 0.0
0.462761586601821 0.326231483337582 0.0
0.475172216810728 0.39273818012873 0.0
0.490049893881492 0.460035728989258 0.0
0.50801339781487 0.527827595158624 0.0
