-0.526092707977554 -0.684648281530655 0.0
0.706836448986615 -0.730416633264191 0.0
-0.48176417350769 0.61237245798111 0.0
0.61237245798111 0.61237245798111 0.0
-0.464993787028598 -0.68782846092442 0.0
0.707000715670827 -0.66864234626664 0.0
0.563754985285511 0.564223771056127 0.0
-0.475055058119327 0.5335347823539 0.0
-0.403927133203252 -0.690834733003327 0.0
0.707727087236648 -0.606273654876107 0.0
0.508066011428989 0.534585580745006 0.0
-0.478116716816863 0.460075293094578 0.0
-0.342938968206212 -0.693892208384679 0.0
0.708527217870415 -0.543327075572439 0.0
0.450859341943088 0.514469280438702 0.0
-0.48105020024816 0.389688426922158 0.0
-0.282033827718959 -0.697135972537324 0.0
0.709068677847898 -0.479848271504401 0.0
0.39323862770331 0.499846056247505 0.0
-0.483134323104992 0.321408943646394 0.0
-0.221197778499786 -0.700653599096104 0.0
0.709076382222468 -0.415905363667686 0.0
0.3354710403454 0.48875045342582 0.0
-0.48472306840996 0.254698655275837 0.0
-0.160398059797881 -0.70448988792267 0.0
0.708317697797699 -0.351589899294704 0.0
0.277645255479377 0.480125987670604 0.0
-0.486222892750324 0.189181174079886 0.0
-0.0995880399429574 -0.708644981698746 0.0
0.706641734230864 -0.287009895438532 0.0
0.219817937320918 0.473360816606278 0.0
-0.487941659537551 0.124563851862557 0.0
-0.0387127111118942 -0.713089184981507 0.0
0.704056643332416 -0.222259659446843 0.0
0.162054209994825 0.468108630555672 0.0
-0.490041062887723 0.0606146506452511 0.0
0.0222897868235408 -0.717776211169963 0.0
0.70078870575051 -0.157366080711714 0.0
0.104442405256911 0.464270456803697 0.0
-0.492524038482494 -0.00283923630935241 0.0
0.0834932296989736 -0.722631496925882 0.0
0.69722108510386 -0.0922461133898484 0.0
0.047086909820098 0.462493882867444 0.0
-0.495279364361846 -0.0659084885752267 0.0
0.144990845180178 -0.727486314697106 0.0
0.693679493851138 -0.0267267585804942 0.0
-0.0100488906823362 0.459016915079351 0.0
-0.498175974566155 -0.128647898827105 0.0
0.206888333718631 -0.731960874486184 0.0
0.690237619146819 0.0393880006287632 0.0
-0.067571638637751 0.456893544229037 0.0
-0.501164783735358 -0.191071429887404 0.0
0.269237400789485 -0.735542940372396 0.0
0.686725932211931 0.106276079972589 0.0
-0.124989171395561 0.461470143278579 0.0
-0.504483601626599 -0.253168512408316 0.0
0.331972121378184 -0.737836114096992 0.0
0.682833594094246 0.174100105981844 0.0
-0.182123939802715 0.466683512574282 0.0
-0.506931176414007 -0.31517332863656 0.0
0.394924700934044 -0.738709929940275 0.0
0.678142771484678 0.243020842526332 0.0
-0.238680273321238 0.475297708079512 0.0
-0.509658379123005 -0.377143536271244 0.0
0.457891416338002 -0.738278385165221 0.0
0.672107237556936 0.313215408977094 0.0
-0.296450312367499 0.485019177499387 0.0
-0.513035387353643 -0.438936388176664 0.0
0.520685613119347 -0.736813450897367 0.0
0.663976775773539 0.384900393590162 0.0
-0.355308906590805 0.497316918461125 0.0
-0.5163820472986 -0.500552796757558 0.0
0.583161273975232 -0.734683653131826 0.0
0.652631141262305 0.458362404366862 0.0
-0.41244373783879 0.516195841453596 0.0
-0.519769863933839 -0.562024057735379 0.0
0.645222473584234 -0.732346579255599 0.0
0.636260786649064 0.533993404163635 0.0
-0.467861481936631 0.545882331786446 0.0
-0.522899492163493 -0.623376514794157 0.0
-0.461840313363289 -0.62653894262093 0.0
-0.458655796366637 -0.56513800498459 0.0
-0.455273735945876 -0.503583536555143 0.0
-0.451962183671436 -0.441945510330085 0.0
-0.448684127855351 -0.380224055526267 0.0
-0.445922592079933 -0.318309711691134 0.0
-0.443371622109069 -0.256033134858117 0.0
-0.44018588573323 -0.193436113393761 0.0
-0.437187944974715 -0.130634776062953 0.0
-0.43428999720492 -0.0675651522595454 0.0
-0.431567553507224 -0.00417516170476692 0.0
-0.429172387658874 0.0595884541647701 0.0
-0.427226929393215 0.123797263688541 0.0
-0.425728127144842 0.188546631851933 0.0
-0.424517649457523 0.253941900382412 0.0
-0.423319061721464 0.320062900930399 0.0
-0.421818862401052 0.386884080055418 0.0
-0.419836517451042 0.454057067870274 0.0
-0.417512070028935 0.520158440180826 0.0
-0.400763905848919 -0.629510049375274 0.0
-0.397498372215001 -0.568075550585129 0.0
-0.394150406475234 -0.506506845259485 0.0
-0.390874664062928 -0.444794388232077 0.0
-0.387761270735736 -0.382874232358434 0.0
-0.385002820200135 -0.320766634524629 0.0
-0.382300848289521 -0.258479906390339 0.0
-0.379312171958008 -0.195896403309795 0.0
-0.376384650310985 -0.133056091513911 0.0
-0.373536807675489 -0.0699587487779261 0.0
-0.37089279388656 -0.00661179681395315 0.0
-0.36865400194422 0.0569704742234124 0.0
-0.366974289542824 0.120777419466635 0.0
-0.365857350111299 0.184791057647214 0.0
-0.365151596087961 0.248946341774608 0.0
-0.364616712728605 0.313070868525133 0.0
-0.363977325213006 0.37680557468957 0.0
-0.362664978058325 0.439506411535748 0.0
-0.421885925692589 0.458156886275369 0.0
-0.339715602045512 -0.632573057817799 0.0
-0.336394708839389 -0.571134111332033 0.0
-0.333082053417144 -0.509554107625772 0.0
-0.329902235488267 -0.447809370889363 0.0
-0.326930673058619 -0.385883447716058 0.0
-0.324194226855137 -0.323797099486815 0.0
-0.321481769442992 -0.261522436260325 0.0
-0.318631469747542 -0.199005356804163 0.0
-0.315779958186373 -0.136276142958012 0.0
-0.312976114278806 -0.0733730524471149 0.0
-0.310398817610898 -0.0103618547769996 0.0
-0.308328754691014 0.0526777043196661 0.0
-0.306961324976455 0.115673990715401 0.0
-0.306283957234587 0.178550233066956 0.0
-0.306101735294731 0.241191265559004 0.0
-0.306115584896125 0.303426236573237 0.0
-0.305863005667055 0.365052972858537 0.0
-0.367154139609226 0.37790280258788 0.0
-0.365100334785046 0.437108922057383 0.0
-0.278710893121658 -0.635841664715291 0.0
-0.275352217224573 -0.574432307360768 0.0
-0.272094211380264 -0.512889265273648 0.0
-0.269027464793164 -0.45119553192682 0.0
-0.266180837082971 -0.389344409982307 0.0
-0.263510709827961 -0.327338236340043 0.0
-0.260858922097204 -0.265158416828916 0.0
-0.258115948411508 -0.202790975353556 0.0
-0.255308311752713 -0.140274784982511 0.0
-0.252481981546032 -0.0776796596143133 0.0
-0.249890946571568 -0.0151187667662931 0.0
-0.24794079206834 0.0472898717990241 0.0
-0.246863324928394 0.109473534432099 0.0
-0.24657616102327 0.171388733974903 0.0
-0.246779151016555 0.232990843971635 0.0
-0.247070286449982 0.294238175967089 0.0
-0.308768986332606 0.303505116377085 0.0
-0.308304029050825 0.363543378488581 0.0
-0.305204578294439 0.423135961922487 0.0
-0.217746777670146 -0.639402994859677 0.0
-0.214363287998704 -0.578054635669263 0.0
-0.211175139661663 -0.516588415888901 0.0
-0.208230864916254 -0.454987164271067 0.0
-0.205513207419367 -0.393242490148403 0.0
-0.202941635314593 -0.331351068233024 0.0
-0.200377422390456 -0.269304427684641 0.0
-0.197707018323893 -0.20710731123876 0.0
-0.194874318264168 -0.14480357798545 0.0
-0.191895997759256 -0.0824819110027956 0.0
-0.189150385025599 -0.0202948069646956 0.0
-0.187250640308765 0.0416227659568856 0.0
-0.186440612436783 0.103245667096091 0.0
-0.186497971830726 0.164604178803296 0.0
-0.186991668036659 0.225726209821613 0.0
-0.248599836194431 0.232667458082264 0.0
-0.249048833569002 0.293092433372968 0.0
-0.248284539536556 0.353320079571501 0.0
-0.245132156313751 0.413784666548506 0.0
-0.156802908362973 -0.643295210490009 0.0
-0.15340903426501 -0.582025270780897 0.0
-0.150308274065853 -0.520652207847108 0.0
-0.147499219026419 -0.459153862837198 0.0
-0.144921046303306 -0.397517710812999 0.0
-0.142466867215922 -0.335736279666495 0.0
-0.139994253459502 -0.273802800117051 0.0
-0.137355380774721 -0.211722552127802 0.0
-0.13440182134521 -0.149532311091191 0.0
-0.131080027623379 -0.0873296192576981 0.0
-0.127996847373943 -0.0253204047068905 0.0
-0.126120188360538 0.0363435324198773 0.0
-0.125620753610721 0.0977221120164804 0.0
-0.126032131353564 0.158916880119604 0.0
-0.187359310730408 0.164153445156542 0.0
-0.188282900475042 0.224723998639103 0.0
-0.188774022794373 0.285057364677003 0.0
-0.188229580648073 0.345310399469784 0.0
-0.186122563105627 0.405754546555703 0.0
-0.0958487973842529 -0.647512000251218 0.0
-0.0924688208446444 -0.586325065803776 0.0
-0.0894806706669257 -0.52504365826964 0.0
-0.0868250707945682 -0.463637959398825 0.0
-0.084400582411075 -0.402089136685473 0.0
-0.0820779775218838 -0.340382181388261 0.0
-0.0796975391376184 -0.278501038609725 0.0
-0.0770560173928062 -0.216434012767093 0.0
-0.073874992143771 -0.154193104881658 0.0
-0.069939295526748 -0.0918750481450603 0.0
-0.0662941709437461 -0.0297823644116368 0.0
-0.0645171818371388 0.0319069003054622 0.0
-0.0644515281433389 0.0934019281312935 0.0
-0.125325864234312 0.0975045746958437 0.0
-0.126407250509142 0.158319728496926 0.0
-0.127471353403226 0.218893000583039 0.0
-0.128143963067019 0.279278005684002 0.0
-0.128100545885903 0.33962143921542 0.0
-0.127274553587061 0.40018686799011 0.0
-0.0348509477994066 -0.65202151926101 0.0
-0.0315264797750903 -0.590916316635567 0.0
-0.0286875240397039 -0.52971844336925 0.0
-0.0262116461528723 -0.46839075850131 0.0
-0.0239628680779615 -0.406906973454855 0.0
-0.0217948739255383 -0.345239338191905 0.0
-0.0195254962031279 -0.283349381363218 0.0
-0.0168790732260326 -0.221185593923161 0.0
-0.0133782900425644 -0.158700445628008 0.0
-0.00842040574171127 -0.095956645997333 0.0
-0.00392084591914755 -0.0334122243404124 0.0
-0.00251546252445926 0.0287415141428622 0.0
-0.062677850574903 0.0323936409882817 0.0
-0.0637177234834105 0.0936677025523006 0.0
-0.0650139486267323 0.154676964467321 0.0
-0.0662502403217342 0.215394269780835 0.0
-0.0672375622120514 0.275855453469592 0.0
-0.0679402938451133 0.336128136163705 0.0
-0.0688633505165538 0.396245032309154 0.0
0.0262219661036727 -0.656779202376541 0.0
0.0294268979822046 -0.59575757427463 0.0
0.0320674772928845 -0.534647156350884 0.0
0.0343261328796874 -0.47340986126301 0.0
0.0363602340802389 -0.412014538785592 0.0
0.0383219784735313 -0.350417140106411 0.0
0.0404107308018441 -0.288541821614987 0.0
0.0429818439377771 -0.226260639418718 0.0
0.0468105451686565 -0.163384320931317 0.0
0.0534600730674584 -0.0998006658277961 0.0
0.0592257716458233 -0.0358937679524138 0.0
0.00062380562579189 -0.0313959675440204 0.0
-0.000321978494477292 0.0307231211096629 0.0
-0.00171250370504632 0.0924383434648762 0.0
-0.00318393049115986 0.153751116143164 0.0
-0.00461385833323287 0.21476209421324 0.0
-0.00595803076587057 0.275625936261175 0.0
-0.00738025154352654 0.336548609332163 0.0
-0.0098495882301457 0.397739801905644 0.0
0.0874004978522367 -0.661710636332478 0.0
0.0904017880629999 -0.600787340815558 0.0
0.0927863497024819 -0.539808741898858 0.0
0.0947764542568616 -0.478755191027271 0.0
0.0965253275663196 -0.417611809551604 0.0
0.0981645387093587 -0.356342583232215 0.0
0.0998779010137573 -0.294857568147155 0.0
0.102057499571149 -0.232959746992555 0.0
0.105818713457621 -0.170280798587902 0.0
0.115084559965837 -0.106592361119361 0.0
0.0661312571744227 -0.0929972075247544 0.0
0.0641505850650124 -0.0298131696484245 0.0
0.0624261767766268 0.0324955336748493 0.0
0.0607235324185863 0.0941900634081521 0.0
0.0590012778481787 0.155513732975368 0.0
0.0572405299035801 0.216663649854293 0.0
0.0553470896966049 0.277831295084485 0.0
0.0529900306196073 0.339203178175379 0.0
0.0496215659034783 0.400790499688927 0.0
0.148729409049241 -0.66663265875289 0.0
0.151443045394218 -0.605831900766857 0.0
0.1535253209031 -0.545076039060161 0.0
0.15519793962232 -0.484412272470157 0.0
0.156563302068414 -0.423935177398192 0.0
0.157654185475238 -0.36380812487348 0.0
0.158459636006137 -0.304325270925851 0.0
0.158924882965208 -0.246038389073936 0.0
0.159151856863237 -0.189944891925974 0.0
0.151170309638109 -0.138265773250266 0.0
0.132098985627729 -0.0837973848910593 0.0
0.12820286447628 -0.0235526127082629 0.0
0.125697809460278 0.0372394097945981 0.0
0.123522942221237 0.0981558021002885 0.0
0.121390253639187 0.159105068545331 0.0
0.119131806922325 0.220091235796549 0.0
0.116525078009814 0.281138131534095 0.0
0.1132335816204 0.342204629016001 0.0
0.109155495717427 0.403130554627579 0.0
0.21029432231147 -0.671117065889689 0.0
0.212682812412665 -0.610375816833515 0.0
0.214499792947645 -0.549758447962185 0.0
0.215950261492654 -0.489332157989957 0.0
0.217111188504253 -0.429190720890544 0.0
0.218004517454966 -0.369438673409524 0.0
0.218637681210781 -0.310153033143122 0.0
0.218994097977987 -0.25126782894283 0.0
0.217792993718588 -0.192210366360163 0.0
0.209001654883206 -0.133767465117865 0.0
0.196529270594929 -0.0773515649085013 0.0
0.19203327999107 -0.0179612187858263 0.0
0.188990228800704 0.0422416359061483 0.0
0.186379678737253 0.102821623681436 0.0
0.183812420781764 0.163599140194448 0.0
0.181025522996337 0.224486552224944 0.0
0.177738911074969 0.285418425471839 0.0
0.173662587790344 0.346316523912129 0.0
0.168557966494132 0.407184708590014 0.0
0.272162754292902 -0.674614051491717 0.0
0.274228161728156 -0.613778647905408 0.0
0.275853994458861 -0.553056555602586 0.0
0.277199884828339 -0.492483643945316 0.0
0.278304234920721 -0.432083119876914 0.0
0.27914601804765 -0.371836888871551 0.0
0.279626914238441 -0.311646579489181 0.0
0.279265848600403 -0.251283934914356 0.0
0.276353970276045 -0.190738860351186 0.0
0.268666608259026 -0.131418402777805 0.0
0.259919960145959 -0.0729526741174408 0.0
0.255396041940814 -0.0131514534576748 0.0
0.252075797928684 0.0472361325693866 0.0
0.249141110297588 0.107953976530489 0.0
0.246189499165508 0.168860449612247 0.0
0.242912110004154 0.229859109960141 0.0
0.238995286436983 0.290867885631927 0.0
0.234101885186419 0.35181902078719 0.0
0.227864256733542 0.412672003910787 0.0
0.334309732958782 -0.67674228115813 0.0
0.336059127942399 -0.61567348600376 0.0
0.337532260747375 -0.554647501557473 0.0
0.338801795648148 -0.493674893338997 0.0
0.339832209968709 -0.432738780818935 0.0
0.340512437421299 -0.37178351331901 0.0
0.340578253981098 -0.310716610952027 0.0
0.339381350569226 -0.249503891876014 0.0
0.335797414412871 -0.188492937392593 0.0
0.329334166747432 -0.128340464518292 0.0
0.32271217164674 -0.0685662723420883 0.0
0.318382621699249 -0.00812499082361498 0.0
0.314941121279247 0.0527295569413341 0.0
0.31177431405998 0.113842934351685 0.0
0.308497213499764 0.175101602143793 0.0
0.30477481569722 0.236407944468184 0.0
0.300253745163347 0.297667072363655 0.0
0.294537274786438 0.358781361723075 0.0
0.287168633552675 0.419644375864936 0.0
0.396627662290797 -0.67741791205909 0.0
0.398070646754046 -0.616054225359113 0.0
0.3993971015839 -0.554651171617613 0.0
0.400566093189754 -0.493216892358977 0.0
0.401455849877986 -0.431730940901476 0.0
0.401869127365692 -0.370153321915077 0.0
0.401467609220979 -0.308460478017834 0.0
0.399701875759077 -0.246741342737084 0.0
0.395979045489667 -0.185286926064337 0.0
0.390530830608724 -0.124363811603005 0.0
0.385168398360517 -0.0635831288518018 0.0
0.381082951256691 -0.00241154676841173 0.0
0.377603172389405 0.0590731370753646 0.0
0.374270687692106 0.120768207637605 0.0
0.370721515494912 0.182571098762886 0.0
0.366599338897154 0.244373948977965 0.0
0.361510376859461 0.306054624882416 0.0
0.35499729603189 0.367467632100067 0.0
0.346518849815064 0.428434670074276 0.0
0.458984560895702 -0.676795345201569 0.0
0.460150852649359 -0.615143184215367 0.0
0.461334898475327 -0.553379535650046 0.0
0.462378044815958 -0.491520777346352 0.0
0.463082837432277 -0.429556423121232 0.0
0.463201637047373 -0.367473178433673 0.0
0.462404381901327 -0.305293805457724 0.0
0.460300497913389 -0.243126525453142 0.0
0.456671702229398 -0.181161941997246 0.0
0.451979268944853 -0.119472525718527 0.0
0.447394410813307 -0.0577773301643846 0.0
0.44353508359141 0.0042133256795433 0.0
0.44005937515909 0.0664795453811694 0.0
0.436609886161778 0.128943117360549 0.0
0.432836723160995 0.191503061666285 0.0
0.428362739672108 0.254035039396963 0.0
0.422753118477054 0.316380121874924 0.0
0.415486507968379 0.378328694188406 0.0
0.405919634185743 0.439602507708409 0.0
0.521266750989714 -0.675168177931018 0.0
0.522215615522571 -0.613270535985981 0.0
0.523273870381046 -0.551198990154683 0.0
0.524181134710209 -0.488974019187509 0.0
0.524688038457783 -0.426593667404527 0.0
0.524531112133543 -0.364063750883054 0.0
0.523426004624366 -0.301425153404178 0.0
0.521134326725471 -0.238770040591814 0.0
0.517663316407945 -0.176202233247211 0.0
0.513497576401973 -0.113705390135375 0.0
0.509403963383965 -0.0510806604967623 0.0
0.505729683685277 0.0118405320291204 0.0
0.502276269461374 0.0750566427760015 0.0
0.498742961542519 0.138506617290103 0.0
0.494783905828045 0.202095622178447 0.0
0.489999621402135 0.265689571343307 0.0
0.483913429972783 0.329093482264504 0.0
0.475935353554752 0.3920173720217 0.0
0.465296842640653 0.454028906373913 0.0
0.583394446845934 -0.672916530498011 0.0
0.58420748318562 -0.610831334262583 0.0
0.585164222536857 -0.548503622058511 0.0
0.585936881114331 -0.485945380400413 0.0
0.586252172725683 -0.423160962284927 0.0
0.585853237692493 -0.360170769597681 0.0
0.584511842480677 -0.297023449546157 0.0
0.58210843208473 -0.233789161908823 0.0
0.578771840693732 -0.17051310499597 0.0
0.574945945848757 -0.107141839298477 0.0
0.57115843690877 -0.0435283181412122 0.0
0.567620647980782 0.0204406481259926 0.0
0.564187671224731 0.0847820445783857 0.0
0.560580927106793 0.149467679003137 0.0
0.556447311040959 0.214435796861214 0.0
0.551361207333947 0.279575384207477 0.0
0.544800910135182 0.344687708866204 0.0
0.536101869896897 0.40941696542385 0.0
0.524359697978301 0.473124117368682 0.0
0.6453199714563 -0.670517296447815 0.0
0.646076156168518 -0.608302684775193 0.0
0.646948588082891 -0.545727258213887 0.0
0.647594009496393 -0.4827983458127 0.0
0.647736208889519 -0.419537577373634 0.0
0.647133365082196 -0.355988932593948 0.0
0.645605342640047 -0.29221606330553 0.0
0.643113070333503 -0.228281347660988 0.0
0.639847505153549 -0.164201980693595 0.0
0.636210920960102 -0.0999105379303152 0.0
0.632598342585988 -0.0352794087898165 0.0
0.629142926612357 0.0298033421973708 0.0
0.625702997988124 0.0954056870193313 0.0
0.621994197008501 0.161573336128466 0.0
0.61764188563455 0.228329965006736 0.0
0.612180394893088 0.295660574877661 0.0
0.605019381747905 0.36347138562727 0.0
0.595378922872659 0.431495928152287 0.0
0.582183373683442 0.499051498118406 0.0
