-0.764710726926543 -0.653805272342491 0.0
0.462024112979453 -0.689770554103123 0.0
-0.747624373435974 0.61237245798111 0.0
0.61237245798111 0.61237245798111 0.0
-0.703509361902894 -0.656076689755832 0.0
0.463920636416196 -0.628415162717141 0.0
0.531305236536847 0.591849394417406 0.0
-0.731986181618946 0.541309001119174 0.0
-0.642291225842953 -0.658077276079064 0.0
0.466090971871466 -0.56690053441381 0.0
0.455672683442356 0.580360014316831 0.0
-0.727353546622865 0.473282986963604 0.0
-0.581072147610741 -0.660065479512181 0.0
0.468515900920371 -0.505214366568628 0.0
0.383480697490492 0.572813785781551 0.0
-0.726145272703671 0.407314199308894 0.0
-0.519847186547281 -0.662065814222991 0.0
0.471189179741903 -0.443347574231192 0.0
0.313455996844591 0.567495463340898 0.0
-0.726515146028081 0.342569316598166 0.0
-0.458615669956026 -0.664094181735851 0.0
0.474116128805933 -0.381291044063251 0.0
0.244884297882612 0.563646034285059 0.0
-0.727794075350271 0.278585276900318 0.0
-0.397371707205095 -0.666161263931056 0.0
0.477312625838428 -0.319033670646343 0.0
0.177334818486869 0.560866863488485 0.0
-0.729648453937102 0.215103657692139 0.0
-0.336104834813147 -0.66825818062954 0.0
0.480805193602206 -0.256560861750823 0.0
0.11051899559048 0.5589182082674 0.0
-0.731878257065752 0.151975182008746 0.0
-0.274803777743849 -0.67035882412369 0.0
0.484631890784819 -0.193852792229751 0.0
0.044216739000176 0.557624859744726 0.0
-0.734350575052978 0.0891113446386044 0.0
-0.213460225967865 -0.672427738374282 0.0
0.488843612198103 -0.130882747509739 0.0
-0.0217689701072063 0.556784903772056 0.0
-0.736972180537265 0.0264593610764786 0.0
-0.152070837179664 -0.674428355682312 0.0
0.493505574728547 -0.0676145688901701 0.0
-0.0876366478869427 0.555815437181721 0.0
-0.739676903171761 -0.0360101008251205 0.0
-0.0906383100706674 -0.676329558503988 0.0
0.498698802542798 -0.00399989009139561 0.0
-0.152577680336038 0.558006285639647 0.0
-0.742422303428078 -0.0983091010598453 0.0
-0.0291710012390845 -0.678110108444335 0.0
0.504522045057543 0.0600260038030859 0.0
-0.216723408694637 0.561076677042515 0.0
-0.745206230012589 -0.160433728336375 0.0
0.0323179261026499 -0.679761221588737 0.0
0.511095440637779 0.124549753771354 0.0
-0.280932441655304 0.561851360131939 0.0
-0.748166336152132 -0.222367829409777 0.0
0.0938121942477165 -0.681287871160583 0.0
0.518569279586472 0.189689142621079 0.0
-0.34559380904395 0.563901258323753 0.0
-0.750316288984697 -0.284217445245302 0.0
0.155293631300108 -0.682709214961326 0.0
0.527144070486449 0.255607967195611 0.0
-0.410831212987376 0.566435110653904 0.0
-0.752637069604447 -0.34609809871143 0.0
0.216744363494669 -0.684058329736963 0.0
0.537114220018328 0.322544925042259 0.0
-0.476594754736295 0.572711359824213 0.0
-0.755387325590405 -0.407916260746858 0.0
0.278148994982759 -0.685381091651055 0.0
0.548961855488744 0.390869818351299 0.0
-0.542412716965648 0.57942364362404 0.0
-0.757918700430909 -0.469577815175997 0.0
0.339496910829424 -0.686733741327815 0.0
0.563578325541822 0.461195989267326 0.0
-0.608403374851477 0.583847402435801 0.0
-0.760397322085425 -0.531086397524209 0.0
0.40078568391947 -0.68817803932666 0.0
0.582902065250398 0.534578361534654 0.0
-0.676602913130139 0.593095220679145 0.0
-0.762526601996188 -0.59249021835343 0.0
-0.70135461921932 -0.594759607072252 0.0
-0.699195470720989 -0.533330707101877 0.0
-0.696751522704097 -0.471778684542335 0.0
-0.694234398763909 -0.410162583481768 0.0
-0.691593570796189 -0.348486338702773 0.0
-0.689273900429062 -0.286723137781362 0.0
-0.686976299767704 -0.224708669254899 0.0
-0.684056215987199 -0.162434166792422 0.0
-0.681257027529835 -0.100075403535798 0.0
-0.678502266130999 -0.0375871544594083 0.0
-0.675801772639298 0.0250663476090425 0.0
-0.673199628152912 0.087918806904898 0.0
-0.670767217070563 0.151008714603208 0.0
-0.668609112153795 0.214383208027786 0.0
-0.666879718392815 0.278095891123538 0.0
-0.665818940083541 0.342191376826323 0.0
-0.665834469252762 0.406646719438002 0.0
-0.667717942416768 0.471174025920918 0.0
-0.673206871301222 0.534519427877892 0.0
-0.640157636800776 -0.596752550407865 0.0
-0.637934458796639 -0.535337053826703 0.0
-0.6355215817569 -0.47380158616152 0.0
-0.633014987570775 -0.412150740651782 0.0
-0.630477715382413 -0.350348668058878 0.0
-0.628095842455492 -0.288430489807388 0.0
-0.625632162921933 -0.226402067527465 0.0
-0.622851498547309 -0.16417904859985 0.0
-0.620092880294336 -0.101807951881084 0.0
-0.617367000700826 -0.0392858780489683 0.0
-0.614703623285748 0.0233978197732647 0.0
-0.612156528841742 0.0862530169587203 0.0
-0.609805991322308 0.149283165838085 0.0
-0.607766575855643 0.21247569584494 0.0
-0.606201800916152 0.27578125969797 0.0
-0.605348699244697 0.339074060351106 0.0
-0.605553005623299 0.402078030917812 0.0
-0.607250735793364 0.464244875158762 0.0
-0.60950044442654 0.52468282761315 0.0
-0.578929907678106 -0.598746899450292 0.0
-0.576675741444518 -0.537321368458815 0.0
-0.574284829363442 -0.475768911846477 0.0
-0.571821465156966 -0.414082340234118 0.0
-0.569347019619817 -0.352262110989423 0.0
-0.566913283901084 -0.290340262699101 0.0
-0.564380781083482 -0.228301541452936 0.0
-0.561674247242779 -0.166104832823005 0.0
-0.558959686852545 -0.10377259349886 0.0
-0.556273891606504 -0.041313540566784 0.0
-0.553657711514185 0.0212629992231371 0.0
-0.551169818258205 0.0839394205813702 0.0
-0.548891129179203 0.146682172272984 0.0
-0.546929406614641 0.209432030559309 0.0
-0.545423535141536 0.2720906742819 0.0
-0.544540126963236 0.33450762818591 0.0
-0.544423153090055 0.396475881201252 0.0
-0.544816331803572 0.457768052598481 0.0
-0.543877526460656 0.518492484992166 0.0
-0.517688772104365 -0.600749095360413 0.0
-0.515425269688451 -0.539319497393272 0.0
-0.513061635808308 -0.477764867382033 0.0
-0.510639665239444 -0.416084506791687 0.0
-0.508195087516434 -0.354287686465581 0.0
-0.505732717911536 -0.292389453173072 0.0
-0.503178296592327 -0.230380455602777 0.0
-0.500516078813289 -0.16824813099405 0.0
-0.497836987583047 -0.106011566238349 0.0
-0.495182863164159 -0.043689953553877 0.0
-0.49259749597307 0.018691673328072 0.0
-0.490137384304325 0.0810971484520341 0.0
-0.487874701387275 0.143473953354887 0.0
-0.485897449268367 0.205748462062078 0.0
-0.484303631120458 0.267821130931454 0.0
-0.483173303808947 0.329564270605406 0.0
-0.48244668192167 0.390824675228949 0.0
-0.481517090290723 0.451473499562525 0.0
-0.477987889493039 0.51148019577905 0.0
-0.456440823883287 -0.602784404418933 0.0
-0.454180747759944 -0.541363626450297 0.0
-0.451844308417546 -0.47982538234719 0.0
-0.449453853971492 -0.418172514449042 0.0
-0.447024684279533 -0.356414560589236 0.0
-0.44454792137832 -0.294561560549312 0.0
-0.441986770163031 -0.232613277407087 0.0
-0.439346643013412 -0.170573067993918 0.0
-0.436683465412749 -0.108461961392924 0.0
-0.434036006223821 -0.0463056201969754 0.0
-0.431444955260366 0.0158633025575092 0.0
-0.428959155603348 0.0780023002540831 0.0
-0.426636247068177 0.140056224859922 0.0
-0.424538591325485 0.201955156434158 0.0
-0.422718119285104 0.26361154070227 0.0
-0.421166608565238 0.324918502983915 0.0
-0.419669374279264 0.385757717515914 0.0
-0.417450649562209 0.446043341549386 0.0
-0.413343760131651 0.505992917486987 0.0
-0.395183858621381 -0.604862303472961 0.0
-0.392933901062655 -0.543457892077451 0.0
-0.390621577387648 -0.481944380939078 0.0
-0.388253069393832 -0.420326288719725 0.0
-0.385830324992563 -0.358613170401656 0.0
-0.383342224911116 -0.296814733397636 0.0
-0.38077189985602 -0.234937479488815 0.0
-0.378130893991856 -0.172992758076959 0.0
-0.375456587412333 -0.111002589351283 0.0
-0.372781397664221 -0.0489939416103006 0.0
-0.370139214655885 0.0130004770589066 0.0
-0.367567921546089 0.0749411140978762 0.0
-0.365107470655211 0.136780540978849 0.0
-0.362791431636604 0.198463427841969 0.0
-0.360623259800479 0.259927311853994 0.0
-0.358515660813945 0.321110247989958 0.0
-0.356161867903909 0.381979373070148 0.0
-0.352979594076263 0.44262889513084 0.0
-0.349010475291958 0.50340831789346 0.0
-0.33391120603121 -0.606969902488966 0.0
-0.331675319320767 -0.545582160471611 0.0
-0.329382755367944 -0.484092715888139 0.0
-0.327026930735619 -0.422507025094888 0.0
-0.324601802884172 -0.36083468155061 0.0
-0.322097251654078 -0.299085919440576 0.0
-0.319506245306753 -0.237270804966266 0.0
-0.316840500753938 -0.175403559175964 0.0
-0.314125860774214 -0.113504984241729 0.0
-0.311387301820943 -0.0515996678387911 0.0
-0.308650235972629 0.0102839113479729 0.0
-0.305940403580032 0.0721132807904274 0.0
-0.30327974625652 0.133852022100895 0.0
-0.300674843328382 0.19546127132459 0.0
-0.298090143302523 0.256903304515049 0.0
-0.295395510527483 0.318153787865816 0.0
-0.292315308847208 0.379233416919978 0.0
-0.288572132442432 0.440246767497704 0.0
-0.284203467387476 0.501205658350675 0.0
-0.272615217315775 -0.609077676868839 0.0
-0.27039627575245 -0.54770148434545 0.0
-0.268118491108751 -0.48622898302919 0.0
-0.26576618247932 -0.424666116266893 0.0
-0.263329042428617 -0.363022285577349 0.0
-0.260798500372261 -0.301307813308528 0.0
-0.25817190975975 -0.239533863345763 0.0
-0.255458885144322 -0.177714635416005 0.0
-0.252676998866297 -0.115868434731964 0.0
-0.24984376354185 -0.0540161882159849 0.0
-0.246975795240667 0.00781859949623894 0.0
-0.244087026428136 0.0696101350476064 0.0
-0.241183197380847 0.131330922130235 0.0
-0.238249406797107 0.192954315985468 0.0
-0.235226595331051 0.254460300983589 0.0
-0.231981309435407 0.315851132302722 0.0
-0.228312825366119 0.37717843509038 0.0
-0.224037533764784 0.438548754477569 0.0
-0.21890406965293 0.500100977189149 0.0
-0.211289967608993 -0.611148196668483 0.0
-0.209090281609474 -0.549775316403306 0.0
-0.206822069007354 -0.488308906375441 0.0
-0.204464393347383 -0.426755188932814 0.0
-0.202005358214791 -0.36512313718478 0.0
-0.199437845359439 -0.30342260763056 0.0
-0.196760781107367 -0.24166445951878 0.0
-0.193980886269563 -0.179861691062988 0.0
-0.191109126538122 -0.118030095553161 0.0
-0.188155897804163 -0.0561875665844346 0.0
-0.185129325193821 0.00564568498386555 0.0
-0.182032634831568 0.0674471878469831 0.0
-0.178858459552611 0.129192404499503 0.0
-0.175578289867242 0.190856544512467 0.0
-0.172127872540337 0.252418332872144 0.0
-0.168400541210517 0.313868029658995 0.0
-0.164272292818153 0.375210740482878 0.0
-0.159632394121048 0.436449969211991 0.0
-0.154067186766467 0.497558645749347 0.0
-0.149932604303931 -0.613144286568538 0.0
-0.147753781745041 -0.551765455745111 0.0
-0.145489882771054 -0.490293123933187 0.0
-0.143118513399611 -0.428733775410983 0.0
-0.140628188772324 -0.367095817785376 0.0
-0.138013071377636 -0.30538828866095 0.0
-0.135272190114172 -0.243621114521027 0.0
-0.132409048147416 -0.181805825171755 0.0
-0.129428759928816 -0.119956211301916 0.0
-0.126334777791119 -0.0580881974100384 0.0
-0.123126886606022 0.00377954238104281 0.0
-0.119798345835731 0.0656251938940165 0.0
-0.116330962408188 0.127423312982507 0.0
-0.112688064849936 0.189145347014724 0.0
-0.10880924778604 0.250760239813292 0.0
-0.104617396664024 0.312234618376886 0.0
-0.10004628918367 0.373525593397124 0.0
-0.0950572533455371 0.43456601970022 0.0
-0.0899720229595328 0.495376905011897 0.0
-0.0885442470303119 -0.615035251430044 0.0
-0.0863867005624984 -0.553641767966789 0.0
-0.0841217857949492 -0.492152256979617 0.0
-0.0817291280827458 -0.430573486465389 0.0
-0.0791991016296673 -0.36891317370661 0.0
-0.0765269408157021 -0.307179275036135 0.0
-0.0737108797932063 -0.245380429525645 0.0
-0.0707508973115227 -0.183526551474755 0.0
-0.0676463887073631 -0.121629574351603 0.0
-0.0643936709838563 -0.0597036252660977 0.0
-0.0609839260423517 0.00223420647487121 0.0
-0.0574005061658864 0.0641634725040026 0.0
-0.0536152879048526 0.126060064374082 0.0
-0.0495853188957564 0.187897212982271 0.0
-0.0452543171431298 0.249647104821197 0.0
-0.0405665449633178 0.311284885796226 0.0
-0.0354992440498339 0.372797096823118 0.0
-0.0301766233226845 0.43422092121249 0.0
-0.0252916395433951 0.495666193942875 0.0
-0.0271297675073752 -0.616800939109076 0.0
-0.0249921378934856 -0.555385681676568 0.0
-0.0227207350719314 -0.493869650627403 0.0
-0.0203000647648816 -0.432259785361074 0.0
-0.0177232444512323 -0.370562876318334 0.0
-0.0149862579640738 -0.308785473303179 0.0
-0.0120858541402154 -0.246934535062461 0.0
-0.00901811276464975 -0.185017992695235 0.0
-0.00577653911010558 -0.123045523100688 0.0
-0.00235002855699779 -0.0610287923308789 0.0
0.00127902553282128 0.00101785072134241 0.0
0.00513684670761611 0.0630772162822617 0.0
0.009260110636332 0.125129357178115 0.0
0.013695374247054 0.187152997622849 0.0
0.0184912005761164 0.249127513249377 0.0
0.0236752816561993 0.311037497630339 0.0
0.0291971717218064 0.372881518355417 0.0
0.0347941113179018 0.434671456016254 0.0
0.039930243086036 0.496320124151287 0.0
0.0343026918534446 -0.618434053197951 0.0
0.0364239450375613 -0.556992087472393 0.0
0.0387073941558958 -0.495442743378479 0.0
0.0411617006662134 -0.433792776232024 0.0
0.0437907267638204 -0.37204766198778 0.0
0.0465982185836576 -0.310212132759941 0.0
0.0495895161727114 -0.248291006210555 0.0
0.0527728085263777 -0.1862897263233 0.0
0.0561606795062691 -0.124215114978313 0.0
0.0597717827988515 -0.0620755992918716 0.0
0.0636323640014387 0.000118157420539544 0.0
0.0677774602464086 0.062353142667074 0.0
0.0722506463508456 0.124613924272458 0.0
0.0770996762217736 0.186883387442688 0.0
0.0823629051558521 0.249142964673659 0.0
0.0880379393208198 0.311373403386302 0.0
0.0940205003020197 0.373550714449896 0.0
0.100036682270058 0.435617316319006 0.0
0.105668056995348 0.497448439651734 0.0
0.0957429051513244 -0.619941335738247 0.0
0.0978535448042315 -0.558470312675641 0.0
0.100154379296719 -0.496883788737712 0.0
0.102646472024507 -0.435187721427722 0.0
0.105331013273341 -0.373385789908747 0.0
0.10821210463687 -0.311480483738902 0.0
0.111297709587563 -0.249474034662954 0.0
0.114600589260255 -0.187368910769499 0.0
0.118139542900375 -0.125168528204207 0.0
0.121940759951963 -0.0628774713644522 0.0
0.126038873077268 -0.000502170381067567 0.0
0.130477175030527 0.061948772517347 0.0
0.13530550833142 0.124463906422619 0.0
0.140573051280072 0.187028320426252 0.0
0.146311199732456 0.24962124350602 0.0
0.15250080146118 0.312211543136838 0.0
0.159024810171878 0.374745272556203 0.0
0.165628474641749 0.43712606968743 0.0
0.171917393456424 0.499212711390894 0.0
0.157179143965834 -0.62134398286999 0.0
0.159286686638116 -0.559844456314723 0.0
0.16160944910436 -0.498220087698575 0.0
0.164141536591802 -0.436475246162375 0.0
0.166882378986198 -0.374611349301115 0.0
0.169837139246752 -0.312628284187582 0.0
0.17301685346753 -0.250525310778039 0.0
0.17643907224124 -0.188301465352823 0.0
0.180128872070661 -0.125956212243803 0.0
0.184119945250709 -0.0634896525790157 0.0
0.188455235184291 -0.000903282064128193 0.0
0.193186393181081 0.0617993992996195 0.0
0.198370496730204 0.124611522999925 0.0
0.204061552932944 0.187520838343556 0.0
0.210293163502708 0.250504665670254 0.0
0.217049883468459 0.313521160921807 0.0
0.224229134495258 0.376494292439869 0.0
0.23159928389454 0.439297079530553 0.0
0.238740307196917 0.501749831207043 0.0
0.218599515899055 -0.622677424133828 0.0
0.220712163278154 -0.561153109045878 0.0
0.223059822344897 -0.499493642644 0.0
0.225631714290729 -0.437701037617651 0.0
0.22842677481437 -0.37577413986885 0.0
0.231451891628518 -0.313709981407085 0.0
0.234721499288711 -0.251504504239536 0.0
0.238258051820911 -0.189152828888793 0.0
0.242092898617268 -0.126649790712233 0.0
0.246267215819586 -0.0639900600268376 0.0
0.250832402003703 -0.00116887720729014 0.0
0.255849210203333 0.0618172073194254 0.0
0.261384278306134 0.124968523331185 0.0
0.267502300770994 0.188279228634793 0.0
0.27425161213684 0.251730220237112 0.0
0.281641584444586 0.31527724281086 0.0
0.289608918992016 0.378831346917856 0.0
0.297960043430617 0.442233612839693 0.0
0.306245171011949 0.505234659855007 0.0
0.279992913053811 -0.62399025877124 0.0
0.282117880761004 -0.562448165943306 0.0
0.284491037869359 -0.500759931036891 0.0
0.287099825842228 -0.438924820428576 0.0
0.28994391215112 -0.376939063672022 0.0
0.293032381179494 -0.314796661048075 0.0
0.296383230004966 -0.252489928999156 0.0
0.300023779184691 -0.190009572861494 0.0
0.303991511223052 -0.127344989704424 0.0
0.308334978738488 -0.0644841249982003 0.0
0.313114213058758 -0.00141393455321031 0.0
0.318400074050434 0.0618791210342615 0.0
0.32427169907881 0.125407406108206 0.0
0.330811323887836 0.189178937896096 0.0
0.338095550485032 0.253189599154118 0.0
0.346181479948783 0.317409018619303 0.0
0.355079316141715 0.381753977371138 0.0
0.364681273418077 0.446042374485265 0.0
0.374565323268476 0.509924237764341 0.0
0.341349446152816 -0.625341826709087 0.0
0.343490925464839 -0.563792156248372 0.0
0.345887347071353 -0.502085410434932 0.0
0.348527321128211 -0.440218526964995 0.0
0.351411942865128 -0.378185041102064 0.0
0.354552768998383 -0.31597586074624 0.0
0.357971309902251 -0.253579596134453 0.0
0.361699462715436 -0.190982273381738 0.0
0.365780417119812 -0.128167185753749 0.0
0.37026968501605 -0.0651142082714328 0.0
0.375235777755317 -0.00179959405409603 0.0
0.380760280168541 0.0618043888148053 0.0
0.386937188291564 0.125728949557833 0.0
0.393872077897378 0.190007234244961 0.0
0.401681939937118 0.254668685595752 0.0
0.410495675527067 0.319726696215063 0.0
0.420446360845044 0.385148593220395 0.0
0.431615760702336 0.450783752254874 0.0
0.443798709811616 0.516198407968529 0.0
0.402661015314501 -0.62679716155557 0.0
0.404818649542834 -0.565253086639741 0.0
0.407233536758673 -0.503544043216779 0.0
0.409896026495099 -0.441663731397449 0.0
0.412809256780317 -0.379603044864768 0.0
0.415987296199956 -0.317350448018408 0.0
0.419454745092397 -0.254891629556453 0.0
0.423247331703485 -0.192208523623367 0.0
0.427412999309409 -0.129278436019472 0.0
0.432013168480103 -0.0660725045046084 0.0
0.437123842498155 -0.00255436829946442 0.0
0.44283668097253 0.0613218254136524 0.0
0.449260707274692 0.125613470594111 0.0
0.456526710934989 0.190392233207906 0.0
0.464797809529066 0.255745754747198 0.0
0.474291347988364 0.32177766402205 0.0
0.48531535150131 0.388595888333118 0.0
0.498306771920194 0.456253987930782 0.0
0.513756613335833 0.524507705893251 0.0
