-0.757243132903952 -0.655813404845922 0.0
0.469850228608908 -0.693394481771383 0.0
-0.733834898471832 0.61237245798111 0.0
0.61237245798111 0.61237245798111 0.0
-0.696047291838827 -0.658204349464542 0.0
0.471789909740802 -0.632031536091159 0.0
0.532819663741352 0.590343256123422 0.0
-0.720291155878887 0.540726448044971 0.0
-0.634834376038453 -0.660326175755854 0.0
0.474022269220356 -0.570498651252485 0.0
0.458246650389924 0.577906842144844 0.0
-0.716749697026362 0.472384298506304 0.0
-0.573621541326607 -0.662439849929318 0.0
0.476519254623236 -0.508782288775222 0.0
0.386906365883244 0.569750425923737 0.0
-0.716198096841762 0.406166533537923 0.0
-0.512403119009632 -0.664573675923308 0.0
0.479268798200297 -0.446872643782379 0.0
0.317613970957594 0.564038198156992 0.0
-0.717001856736274 0.341217321444651 0.0
-0.451176773423409 -0.666743787179227 0.0
0.482271551929658 -0.384759951209044 0.0
0.249696504937452 0.559941627256857 0.0
-0.71858373546307 0.277066848909682 0.0
-0.389934626044319 -0.668958322849242 0.0
0.485538918349844 -0.322432359437434 0.0
0.182747410383741 0.55702033778925 0.0
-0.720658745210296 0.213451384105335 0.0
-0.328664336257441 -0.671204017915492 0.0
0.489092483329475 -0.259874394406634 0.0
0.116495596654275 0.555009558708038 0.0
-0.723055859974614 0.150216804195741 0.0
-0.26735319471701 -0.67344954353276 0.0
0.492964360619391 -0.197065229210292 0.0
0.0507363716015356 0.553721197912841 0.0
-0.725660742103502 0.08727029668379 0.0
-0.205992094530433 -0.675654243348585 0.0
0.497197973451341 -0.133977072501218 0.0
-0.0147108676982975 0.552954602811886 0.0
-0.728392614920267 0.0245553591772772 0.0
-0.144577599672177 -0.677776964009393 0.0
0.501849021819947 -0.0705726696039192 0.0
-0.0800255698628614 0.552162809367369 0.0
-0.731193951744987 -0.0379604803140322 0.0
-0.0831129888589322 -0.67978295253123 0.0
0.506986434246767 -0.00680259064114136 0.0
-0.14447689696566 0.554313153097659 0.0
-0.734028577026985 -0.100291878309934 0.0
-0.0216077873562229 -0.681648434449452 0.0
0.512693700305911 0.0573988844279156 0.0
-0.208226056501826 0.55735132083511 0.0
-0.736899438761407 -0.16243699484732 0.0
0.0399231906891336 -0.683363235044915 0.0
0.519071760372766 0.12211936462683 0.0
-0.272033862663488 0.558427815872987 0.0
-0.739955986626501 -0.224380885561499 0.0
0.101461639875805 -0.684932103025706 0.0
0.52624646443896 0.187477662790739 0.0
-0.336214626011404 0.560746245350141 0.0
-0.742191703988815 -0.286241672622281 0.0
0.162987079574817 -0.686375201278733 0.0
0.534386118268168 0.253638893243704 0.0
-0.400890323756522 0.56362259737232 0.0
-0.744600304166821 -0.348129422174284 0.0
0.224479140724023 -0.687728004826216 0.0
0.543740146158175 0.320843870120406 0.0
-0.466047161043357 0.570027837972161 0.0
-0.747451240452949 -0.409945004866789 0.0
0.285919862580484 -0.689040492339669 0.0
0.554722761202963 0.389466659747725 0.0
-0.531302585027822 0.576962236893009 0.0
-0.750092002625758 -0.471601776784283 0.0
0.347296181022125 -0.690375215585162 0.0
0.568112660658224 0.460131473003739 0.0
-0.596715333949213 0.582014220969773 0.0
-0.752686502785284 -0.533104853281082 0.0
0.408603671334629 -0.691803215118548 0.0
0.585642196598363 0.533929341703637 0.0
-0.664090165903408 0.591983723138757 0.0
-0.754936374916111 -0.594503383646534 0.0
-0.693769819978502 -0.596891388434236 0.0
-0.691489274842867 -0.535466178517134 0.0
-0.688929553623104 -0.473917174415645 0.0
-0.686304649289764 -0.412303088011072 0.0
-0.683561911641391 -0.350627934313059 0.0
-0.681150760127458 -0.288857953087586 0.0
-0.678770882733994 -0.226829346635257 0.0
-0.675762583769527 -0.164538858398621 0.0
-0.672878166064996 -0.102157512106415 0.0
-0.670036288599397 -0.039638899356327 0.0
-0.667241883477402 0.0230538894194871 0.0
-0.664532782193126 0.0859554863361374 0.0
-0.661971686387673 0.149104978756882 0.0
-0.65965058902374 0.212549567865242 0.0
-0.65770508035817 0.276342134844609 0.0
-0.656345927481479 0.340525727994227 0.0
-0.655933699579089 0.40507630357231 0.0
-0.657179880818432 0.469713142791776 0.0
-0.661685542499578 0.533233771018648 0.0
-0.63257646216385 -0.599004815298317 0.0
-0.630232011303376 -0.537592438206235 0.0
-0.627704903267871 -0.476059632352784 0.0
-0.625092216788521 -0.414410122055836 0.0
-0.622457152528574 -0.352606245524118 0.0
-0.61998724221906 -0.29068291919907 0.0
-0.617441330674067 -0.228647357082713 0.0
-0.614577703780991 -0.166413579253209 0.0
-0.61173782699673 -0.104028041297959 0.0
-0.608928901506001 -0.0414879101183658 0.0
-0.60617614212564 0.02121716662961 0.0
-0.603527232366196 0.0840963448580621 0.0
-0.601053903491864 0.147151804659343 0.0
-0.59885846668425 0.210369122234639 0.0
-0.597086630644352 0.273696827786046 0.0
-0.59594936542327 0.337008030954938 0.0
-0.595754624507193 0.400030385684417 0.0
-0.596889452235418 0.462232712645741 0.0
-0.598448283722498 0.522747610134024 0.0
-0.571352718793902 -0.601125610438099 0.0
-0.568977678190792 -0.539704688229348 0.0
-0.566474706469147 -0.478156600459435 0.0
-0.563908698018901 -0.416473362415298 0.0
-0.561340807483984 -0.354655059035322 0.0
-0.558822162749396 -0.29273409517795 0.0
-0.556209943800711 -0.230695440727729 0.0
-0.553425261831841 -0.168497792113041 0.0
-0.55063393886945 -0.106164192443748 0.0
-0.547869728230934 -0.0437041815656043 0.0
-0.54516919417784 0.0188718498258599 0.0
-0.542585132298272 0.0815449613228071 0.0
-0.540190273476121 0.144280104178903 0.0
-0.538080921750323 0.207016758956703 0.0
-0.536380069361908 0.269656340885857 0.0
-0.535233056794089 0.332050681554706 0.0
-0.534759324923802 0.39399967641903 0.0
-0.534701585128036 0.455285766822586 0.0
-0.533359244651806 0.516003846054786 0.0
-0.510115430669539 -0.603263108789846 0.0
-0.507731925610031 -0.541840715233223 0.0
-0.505259125462749 -0.480293692764419 0.0
-0.502738418964971 -0.418620945561736 0.0
-0.500204508607995 -0.356831793105455 0.0
-0.497660657592154 -0.294941688184432 0.0
-0.495029828568421 -0.232941738764537 0.0
-0.49229376581045 -0.170819829298478 0.0
-0.489542144108667 -0.108595896252489 0.0
-0.48681395987452 -0.0462900968640354 0.0
-0.484148960576121 0.016071576512916 0.0
-0.481598085427904 0.0784521870497516 0.0
-0.479225888359442 0.140798998794157 0.0
-0.477110092412732 0.203039364251567 0.0
-0.475335434204218 0.265076926933187 0.0
-0.47396698135413 0.326790763693529 0.0
-0.47293721114466 0.388039044876597 0.0
-0.471676843695465 0.448705101631433 0.0
-0.467991110299555 0.508759976832441 0.0
-0.448870259381498 -0.605442181408647 0.0
-0.446491659700953 -0.544031533849752 0.0
-0.444049354570339 -0.482504656179127 0.0
-0.441564110966292 -0.420864175118954 0.0
-0.439049462742399 -0.359119855810464 0.0
-0.436494560812194 -0.29728225864487 0.0
-0.433860241180237 -0.235351744832003 0.0
-0.431149888439354 -0.173332299737288 0.0
-0.428417806253505 -0.111245700651084 0.0
-0.42570012306156 -0.0491182445632471 0.0
-0.423033840124393 0.0130171050640818 0.0
-0.420462804700469 0.0751181476475611 0.0
-0.418038041786647 0.137131102891135 0.0
-0.41581356523886 0.198989121511253 0.0
-0.413831958754668 0.260610278383889 0.0
-0.412078368488892 0.321896814958279 0.0
-0.410347281263243 0.382743006768497 0.0
-0.407922865052044 0.443075317070914 0.0
-0.403730417252425 0.503104783162236 0.0
-0.387613784808172 -0.607669278463662 0.0
-0.38524750801582 -0.546277555662815 0.0
-0.382832882887414 -0.484778726697047 0.0
-0.38037338794568 -0.42317718219043 0.0
-0.377868628302554 -0.361482788338419 0.0
-0.375305353992982 -0.299705796147107 0.0
-0.372664652810335 -0.237853293577168 0.0
-0.369956359052428 -0.175937180682828 0.0
-0.36721624606135 -0.113979945114198 0.0
-0.364474446429946 -0.0520087361255906 0.0
-0.361761754382625 0.00994405336612861 0.0
-0.359112007072004 0.0718399384297916 0.0
-0.356560141255363 0.133633630748435 0.0
-0.35413419201157 0.195273371947116 0.0
-0.351833377920755 0.256701978602475 0.0
-0.349572895531238 0.317864220577133 0.0
-0.347068045448123 0.378733131903089 0.0
-0.343785175593647 0.439399897683709 0.0
-0.339752454575373 0.500191752208183 0.0
-0.326338105851191 -0.609926805448888 0.0
-0.323988960578948 -0.54855347105563 0.0
-0.321597865433782 -0.487080989390422 0.0
-0.319154616038937 -0.425514737591318 0.0
-0.316650470595588 -0.363864639361887 0.0
-0.314073213411132 -0.302141432225529 0.0
-0.311414106103166 -0.240355680233477 0.0
-0.308683500553946 -0.178521999776325 0.0
-0.305905919276497 -0.11666139824591 0.0
-0.303104605014307 -0.0547983221981527 0.0
-0.300302717557059 0.0070393920798498 0.0
-0.297523231779539 0.0688205776614334 0.0
-0.294785070541021 0.130510942442114 0.0
-0.292092457067492 0.192074662572872 0.0
-0.289410595562007 0.2534778210581 0.0
-0.286618565602157 0.314699792042634 0.0
-0.283464581066041 0.375762256202343 0.0
-0.27969725740515 0.436764954505015 0.0
-0.275360700087942 0.497727952605412 0.0
-0.265034569325667 -0.612179868450772 0.0
-0.262706378302723 -0.550818744784562 0.0
-0.260334014217001 -0.489364179711854 0.0
-0.257897570062198 -0.427822085984286 0.0
-0.255383937809392 -0.366202197224138 0.0
-0.252782666329799 -0.304515286789998 0.0
-0.250089808498219 -0.242772923251137 0.0
-0.247314051435429 -0.180989567685334 0.0
-0.244472131310194 -0.119183557812214 0.0
-0.241580544218987 -0.0573755133407507 0.0
-0.238654676301525 0.00441181162846812 0.0
-0.235707158452374 0.0661539094031974 0.0
-0.232742833272027 0.127825157851435 0.0
-0.229747488297605 0.189401302151061 0.0
-0.226666813947445 0.250864805153601 0.0
-0.223379855721378 0.312219200310045 0.0
-0.219707022865762 0.373513732194955 0.0
-0.215490232894432 0.43484853332942 0.0
-0.210527776382609 0.496353439724483 0.0
-0.203696634951452 -0.614385822985456 0.0
-0.201392672050868 -0.553027586533199 0.0
-0.199033983911152 -0.491578744004339 0.0
-0.196595180076999 -0.430045566282233 0.0
-0.194061733168598 -0.368437376764209 0.0
-0.191425032587007 -0.306764447288212 0.0
-0.188683203678159 -0.245037969830347 0.0
-0.185842578154036 -0.183271105107537 0.0
-0.18291390978239 -0.121479563560403 0.0
-0.179907414658148 -0.0596808236266452 0.0
-0.176831118521894 0.00210573928881987 0.0
-0.17368847803103 0.063858995669263 0.0
-0.17047327824268 0.12555631988616 0.0
-0.167160262785474 0.18717537976614 0.0
-0.1636924099059 0.248697657503986 0.0
-0.159975926567155 0.310115914421429 0.0
-0.155904953388137 0.371437431723618 0.0
-0.151394058667431 0.43266930462224 0.0
-0.146107236368831 0.493793473440642 0.0
-0.142321303165264 -0.616502976204389 0.0
-0.14004405502523 -0.55513736624435 0.0
-0.137693870009843 -0.49368100301723 0.0
-0.135244079864111 -0.432140544557887 0.0
-0.132681008495827 -0.370524795454725 0.0
-0.129997875842191 -0.308843194616394 0.0
-0.127193504281951 -0.247105949180241 0.0
-0.1242716368952 -0.185324675474165 0.0
-0.121237906352974 -0.123512991053685 0.0
-0.118096519885841 -0.0616863087968356 0.0
-0.114848384515715 0.000137640561289178 0.0
-0.111488579135001 0.0619385268628344 0.0
-0.108002050569348 0.12369304563081 0.0
-0.104357582587587 0.185375532018494 0.0
-0.10050369378255 0.246958624037414 0.0
-0.0963761836790264 0.308413676376747 0.0
-0.0919253167050916 0.369704506484215 0.0
-0.0871353969843729 0.430774155312346 0.0
-0.082323416666678 0.491641679415259 0.0
-0.0809100198683504 -0.61849710412445 0.0
-0.0786605841968923 -0.557114565217714 0.0
-0.0763135364021707 -0.49563837682597 0.0
-0.0738448206889697 -0.434075653442871 0.0
-0.0712433134273581 -0.372434581773636 0.0
-0.0685039970775272 -0.31072352273483 0.0
-0.0656255766707208 -0.248951362311436 0.0
-0.0626089759879808 -0.187128052569867 0.0
-0.059454925541381 -0.125265305724684 0.0
-0.0561615235169956 -0.0633767032138289 0.0
-0.0527223908686152 -0.00147838181911895 0.0
-0.0491243658054988 0.0604106635890337 0.0
-0.0453444591398072 0.122268364897969 0.0
-0.0413472650950442 0.184070615523422 0.0
-0.0370870831471163 0.245792821736257 0.0
-0.0325217294036214 0.307413661540764 0.0
-0.0276438605759327 0.368922562043045 0.0
-0.0225845804186418 0.430353394863172 0.0
-0.0179831868244765 0.491799546929375 0.0
-0.0194684060865292 -0.620345633664508 0.0
-0.0172458076372757 -0.558938352587081 0.0
-0.0148962077970342 -0.497432156498139 0.0
-0.0124014234194574 -0.435834540182608 0.0
-0.00975398680957893 -0.37415284850844 0.0
-0.00695042745836116 -0.312394048015315 0.0
-0.00398870057158579 -0.250565329000286 0.0
-0.000866588667928696 -0.188674649271494 0.0
0.00242018992547449 -0.126731482541721 0.0
0.00587986758005629 -0.0647470209338449 0.0
0.00952623809082182 -0.00273481477789797 0.0
0.0133803579092406 0.0592891246385317 0.0
0.01747186357212 0.121306440179916 0.0
0.0218379283716789 0.183297821875303 0.0
0.0265153413230328 0.245244813470407 0.0
0.031518714037314 0.307133885691588 0.0
0.0367877904127 0.36896370052533 0.0
0.042067443295039 0.43074290916786 0.0
0.0468485897061966 0.492391085145883 0.0
0.0419943064224003 -0.622039985541075 0.0
0.0441936221565043 -0.560602495253484 0.0
0.0465517767164981 -0.49905885625708 0.0
0.0490787667032799 -0.437416597635726 0.0
0.051777964504618 -0.375681822957374 0.0
0.054651715585395 -0.313859685742415 0.0
0.057703397623483 -0.251955228625642 0.0
0.0609387210948309 -0.189973941952639 0.0
0.0643671564103928 -0.127922518504636 0.0
0.0680033761688999 -0.0658090660967666 0.0
0.0718684460555139 -0.00364371107198892 0.0
0.0759906223330035 0.0585613188824048 0.0
0.0804047103706077 0.120791640979587 0.0
0.0851475592394723 0.183031433047032 0.0
0.0902450479545938 0.245263558605875 0.0
0.0956829690699556 0.307470037511049 0.0
0.101351321404511 0.369627761505686 0.0
0.106981588468216 0.431682173233836 0.0
0.112164296281128 0.493516423471312 0.0
0.103466559989842 -0.623586776271538 0.0
0.105648844224964 -0.562116350081781 0.0
0.108021583797331 -0.500530939428438 0.0
0.110585535056802 -0.438837458094102 0.0
0.113340244367722 -0.377040238884851 0.0
0.116287563051382 -0.315142165219219 0.0
0.119432760557378 -0.253145674988187 0.0
0.122785364322588 -0.191053308343276 0.0
0.126360177491979 -0.128868447089148 0.0
0.130178326271237 -0.0665955400692739 0.0
0.13426794920108 -0.00424076862953154 0.0
0.138664042161129 0.0581876519209712 0.0
0.143406093160855 0.120678830836852 0.0
0.148530998823647 0.183218635695348 0.0
0.154056953187225 0.245787351112158 0.0
0.159953215611255 0.308355340830847 0.0
0.166096388648579 0.370871376672415 0.0
0.172231969252759 0.433244271438206 0.0
0.177967586079336 0.495339483402999 0.0
0.164935151097221 -0.625008311068529 0.0
0.167108920690713 -0.563505290692774 0.0
0.169501699348165 -0.501877142821143 0.0
0.172105481389639 -0.440129275736758 0.0
0.174916928552251 -0.378263699483925 0.0
0.177938178298708 -0.316280609021988 0.0
0.181176909364109 -0.254179415892482 0.0
0.184646738996107 -0.191959232780289 0.0
0.188367915843672 -0.129619570189664 0.0
0.192368044789704 -0.0671605632451188 0.0
0.196682335067834 -0.00458372572753853 0.0
0.201352711214262 0.0581074666709547 0.0
0.206424365439299 0.120906270293401 0.0
0.211937532006106 0.183800774428936 0.0
0.217911227805631 0.246769090725701 0.0
0.224316672949383 0.309771139222563 0.0
0.231041617118899 0.372734493598696 0.0
0.237849657634215 0.435538155604605 0.0
0.244320930130795 0.498008979935793 0.0
0.226386661887909 -0.626342559614524 0.0
0.228561600292389 -0.564810651648349 0.0
0.230978427933546 -0.503142361129457 0.0
0.233622489082538 -0.441340649332762 0.0
0.236488983001196 -0.379404773242216 0.0
0.239581135165097 -0.317331910595297 0.0
0.242909463753999 -0.255118048800346 0.0
0.246491872405378 -0.192758348517077 0.0
0.250354126505007 -0.130247732869718 0.0
0.25453037023661 -0.0675810322911321 0.0
0.259063113033666 -0.00475372193346479 0.0
0.264002019297665 0.0582373622138735 0.0
0.269400283188459 0.121392280291189 0.0
0.275307015210041 0.184705090730005 0.0
0.281753599848507 0.248157101611936 0.0
0.288732467055094 0.311705641321134 0.0
0.296165236126304 0.375265498173441 0.0
0.30384773722121 0.438684348909138 0.0
0.311328762145536 0.501720847019738 0.0
0.287808483909239 -0.627642461012633 0.0
0.28999362482089 -0.566088940834025 0.0
0.292436108208409 -0.504386815752144 0.0
0.295118044271307 -0.442535974798123 0.0
0.298034671611487 -0.380532747011368 0.0
0.301190960124722 -0.318371041177743 0.0
0.304600558535456 -0.256043060336325 0.0
0.308285720173024 -0.193539463567269 0.0
0.312277680853574 -0.130849716891935 0.0
0.316617114365299 -0.0679619744230978 0.0
0.321354106770882 -0.00486354788892882 0.0
0.326547135563358 0.058458612734595 0.0
0.332260281367176 0.122016302308672 0.0
0.338558013992314 0.185817030390967 0.0
0.345496655736124 0.249856564126571 0.0
0.353110974162051 0.314105491282577 0.0
0.361388013003079 0.378483830561855 0.0
0.3701999493795 0.442816611077643 0.0
0.379117526662065 0.506765227306203 0.0
0.349189278776782 -0.62897409296494 0.0
0.351390647033203 -0.567409777836681 0.0
0.353857288864517 -0.50568412217357 0.0
0.356571636410163 -0.4437941179018 0.0
0.359530013069099 -0.381732996583923 0.0
0.362739607454271 -0.3194912990462 0.0
0.366217280812642 -0.257057328193364 0.0
0.369989453326352 -0.194416917609755 0.0
0.374092512353172 -0.13155331250204 0.0
0.378573361896592 -0.0684465036950596 0.0
0.383489636088473 -0.005073037057032 0.0
0.388909343751037 0.0585943482114511 0.0
0.394909810843601 0.122586235648987 0.0
0.40157642082859 0.18693507640277 0.0
0.409001829614882 0.251669778879621 0.0
0.417285546186872 0.316803931645222 0.0
0.426525649096585 0.382307125308011 0.0
0.436766285311483 0.4480359529783 0.0
0.447776340383418 0.513573220613149 0.0
0.410519437749166 -0.630412541081431 0.0
0.412737982077937 -0.568851581581226 0.0
0.415224202449288 -0.50711849198749 0.0
0.417962195884118 -0.445206373294615 0.0
0.420950310308304 -0.383105470247514 0.0
0.42419815668298 -0.32080365188312 0.0
0.427725497365489 -0.258286081399754 0.0
0.431562282381517 -0.195534243790978 0.0
0.435749224324148 -0.132525087496577 0.0
0.440338560486594 -0.0692295074799662 0.0
0.445394660517414 -0.00561103922290759 0.0
0.450994592530923 0.0583761181465864 0.0
0.457229238792641 0.12278915166361 0.0
0.464206809974354 0.187699404641519 0.0
0.472061812027847 0.253194213170089 0.0
0.480974076190236 0.319377327154159 0.0
0.49120071696111 0.386358469950821 0.0
0.503109836980572 0.454198483864365 0.0
0.517112798877136 0.522676504980674 0.0
