-0.748934557252771 -0.657974427738049 0.0
0.47852807085778 -0.697108653894642 0.0
-0.719062232971191 0.61237245798111 0.0
0.61237245798111 0.61237245798111 0.0
-0.687744619652236 -0.660481016923467 0.0
0.480503465598516 -0.635737525384567 0.0
0.534481428090679 0.588729803055624 0.0
-0.707735725702044 0.54013581135688 0.0
-0.626537577464821 -0.662720838256993 0.0
0.482790611336163 -0.57418529383967 0.0
0.461057153670733 0.575291256809854 0.0
-0.705340493600771 0.471452374725076 0.0
-0.56533202497859 -0.664957284751371 0.0
0.485352096435055 -0.512437184113925 0.0
0.39063414881651 0.566495492822595 0.0
-0.705474964918092 0.404960426546184 0.0
-0.504121553123102 -0.667223013144035 0.0
0.488169757962476 -0.450482669807561 0.0
0.322127231427515 0.560373495111848 0.0
-0.706727466063403 0.339785347807156 0.0
-0.442902007434538 -0.669534596686535 0.0
0.491239397063627 -0.388311311155932 0.0
0.254909614002305 0.556021247819117 0.0
-0.708618144808214 0.275450793347647 0.0
-0.381663294765752 -0.671897506157237 0.0
0.494567777546974 -0.325910460474393 0.0
0.188601531975708 0.552953708053838 0.0
-0.710913853307049 0.21168727786857 0.0
-0.320390957272818 -0.674293727179608 0.0
0.498171362702417 -0.263263684814625 0.0
0.122950990115879 0.550879665896309 0.0
-0.713474595872995 0.148335311974909 0.0
-0.259070644039118 -0.676686217982719 0.0
0.502076082477332 -0.200349053372206 0.0
0.0577699132930991 0.54959767550155 0.0
-0.71620596233387 0.0852973059383061 0.0
-0.197692306810951 -0.679028605818619 0.0
0.506317568091936 -0.137137574995036 0.0
-0.00710480482699462 0.548908992566182 0.0
-0.719040570575802 0.0225126403110471 0.0
-0.136252346167192 -0.681274684077928 0.0
0.510941569671433 -0.0735907623854835 0.0
-0.0718325264376393 0.548308163402919 0.0
-0.721930220333218 -0.0400546308626153 0.0
-0.0747546234663657 -0.683385683903906 0.0
0.516004335815356 -0.00965798406473028 0.0
-0.135765842837371 0.550404961593441 0.0
-0.724845516953948 -0.102422040527032 0.0
-0.01320989639515 -0.685335014229217 0.0
0.521573306388564 0.0547276047943228 0.0
-0.199093752973273 0.553396240542223 0.0
-0.72779494208251 -0.164590057279159 0.0
0.0483652593331226 -0.68711092649821 0.0
0.527729145164894 0.119654651455105 0.0
-0.26247316368159 0.554794576255365 0.0
-0.730940754989794 -0.226545114784583 0.0
0.109950366623894 -0.688717851771646 0.0
0.534571759058577 0.185242969320803 0.0
-0.326144727119875 0.557393944266331 0.0
-0.73325467737078 -0.288418362388675 0.0
0.171522469778118 -0.690176949673901 0.0
0.542235088117344 0.251658772205725 0.0
-0.390226217227861 0.560630803611095 0.0
-0.73574404580521 -0.350314082939532 0.0
0.233058524489204 -0.691526172491966 0.0
0.550920298231056 0.319144407465426 0.0
-0.454745451585036 0.567157207660817 0.0
-0.738689890030617 -0.412127193689066 0.0
0.294537819422645 -0.692819781715962 0.0
0.560968335269846 0.388076869506031 0.0
-0.519406843364858 0.574312425025255 0.0
-0.741435321282229 -0.473779088115613 0.0
0.355944658990153 -0.694126951396819 0.0
0.57303548690898 0.459088260601393 0.0
-0.584200648092483 0.58003344134636 0.0
-0.744141574810543 -0.535276556888739 0.0
0.417272455065919 -0.695528500269879 0.0
0.588627123692776 0.533299374649105 0.0
-0.650697367612896 0.590770080558562 0.0
-0.746508541206674 -0.596669592833307 0.0
-0.68534779883638 -0.599172259542295 0.0
-0.682949239336631 -0.537750828453575 0.0
-0.680277763915191 -0.476204753122949 0.0
-0.677549907266524 -0.414592443373218 0.0
-0.674710869746123 -0.35291798459117 0.0
-0.672214946941837 -0.29114014715493 0.0
-0.669760730280113 -0.229095590902897 0.0
-0.666672216686186 -0.166786942964675 0.0
-0.663711178883072 -0.104380095672026 0.0
-0.660791022303085 -0.0418272969548616 0.0
-0.657911376348244 0.0209096550977201 0.0
-0.6551033441696 0.0838664516910822 0.0
-0.652420322194072 0.14708287043878 0.0
-0.649940885602465 0.21060618651137 0.0
-0.647780653949222 0.274488377468063 0.0
-0.646119629437218 0.338770314326048 0.0
-0.645268921152353 0.403425267239235 0.0
-0.64585640763493 0.468175917550748 0.0
-0.649341067722371 0.531862962854432 0.0
-0.624158518702592 -0.601402826902532 0.0
-0.621696137233672 -0.539993480612731 0.0
-0.619058867366648 -0.478463145064241 0.0
-0.616345053339612 -0.41681459942362 0.0
-0.613618170643908 -0.355008218096898 0.0
-0.611067352177792 -0.293078693039807 0.0
-0.608447275319232 -0.231034643447275 0.0
-0.605509191915896 -0.168788262351329 0.0
-0.602597134443076 -0.106385961315181 0.0
-0.599714537376856 -0.043824956481125 0.0
-0.596881726683164 0.0189047877074103 0.0
-0.594139869590389 0.0818116125020413 0.0
-0.591551620164532 0.144896211574485 0.0
-0.589206338313873 0.20814190191205 0.0
-0.587231000139018 0.271494384267542 0.0
-0.58580927709486 0.334824529965381 0.0
-0.585209660797767 0.397862055985816 0.0
-0.585767931022824 0.460091157457998 0.0
-0.586611526346336 0.520671086827642 0.0
-0.562939508624889 -0.603647445977885 0.0
-0.560446889806009 -0.542231162958927 0.0
-0.557836055350846 -0.48068739894876 0.0
-0.555172663632702 -0.419007307725587 0.0
-0.552517721061964 -0.357190569591197 0.0
-0.549921683781476 -0.295269976658101 0.0
-0.547238177567898 -0.233230706125258 0.0
-0.544384410522279 -0.171031237089198 0.0
-0.541525985635969 -0.108695279162008 0.0
-0.538693388497908 -0.046233293463045 0.0
-0.535918599144521 0.0163431106905978 0.0
-0.533248163722487 0.0790134204457648 0.0
-0.530746149308213 0.141740743974973 0.0
-0.528496778450655 0.204462791994021 0.0
-0.526606326821644 0.267080116144157 0.0
-0.525197782574947 0.329446194320978 0.0
-0.52436476269085 0.391367320376612 0.0
-0.52384797918537 0.452636098780637 0.0
-0.522089893000193 0.513336839776616 0.0
-0.501707083469952 -0.605918857596372 0.0
-0.499206836981515 -0.544503974213551 0.0
-0.496629260764184 -0.482964863212572 0.0
-0.494015424556599 -0.42130000419561 0.0
-0.491398995157055 -0.35951877237252 0.0
-0.48878160082088 -0.297637057357713 0.0
-0.486083233982861 -0.235646457633462 0.0
-0.483282929154074 -0.173535357567959 0.0
-0.480469004499343 -0.111324659062893 0.0
-0.477677397876669 -0.0490356249444152 0.0
-0.474943531304549 0.0133046194078027 0.0
-0.472312423108338 0.0756581594710202 0.0
-0.469840536514085 0.137971819343287 0.0
-0.467594694283181 0.200173733649802 0.0
-0.465645557136138 0.26217064520087 0.0
-0.464042221019128 0.323848566218705 0.0
-0.462708492952043 0.385077754696922 0.0
-0.461112372826714 0.445755602047775 0.0
-0.45726687262354 0.505858614061936 0.0
-0.440465879320475 -0.608241667159914 0.0
-0.437972005706194 -0.546841800867356 0.0
-0.435428448130485 -0.485327040013418 0.0
-0.432854372007646 -0.423699788272011 0.0
-0.430261461294623 -0.361970064060036 0.0
-0.427636764352332 -0.300148996140925 0.0
-0.424938565710276 -0.238237601185148 0.0
-0.422168049320496 -0.17624057059054 0.0
-0.419377753233045 -0.114180537285324 0.0
-0.416600952214008 -0.0520845445253633 0.0
-0.413870681580839 0.0100140275727545 0.0
-0.411225437568324 0.0720732044299575 0.0
-0.408709174908682 0.13404055566563 0.0
-0.406366984853791 0.195852403503129 0.0
-0.404231419902707 0.257432756064331 0.0
-0.402280307123369 0.318693606562655 0.0
-0.400316942134714 0.379543005508788 0.0
-0.397686353980851 0.439921670769666 0.0
-0.393409173881074 0.500034970028558 0.0
-0.379211114779651 -0.610619113520904 0.0
-0.376731793412141 -0.549241064468859 0.0
-0.374219714920056 -0.487758104934085 0.0
-0.371675519725692 -0.42617449812218 0.0
-0.369096317862217 -0.364500454115374 0.0
-0.366466563226613 -0.302746818026242 0.0
-0.363765122213957 -0.240921322200401 0.0
-0.360999954947746 -0.179036484567988 0.0
-0.358205069838332 -0.11711533301313 0.0
-0.355408108510194 -0.05518525597752 0.0
-0.352636511418995 0.00672163985478627 0.0
-0.349919752011571 0.068567957499554 0.0
-0.347287369233224 0.130310644933143 0.0
-0.344761430137551 0.191901719216513 0.0
-0.342336494122459 0.253289623212695 0.0
-0.339930002031863 0.31442635968153 0.0
-0.337279583314545 0.375291518892373 0.0
-0.333901362548592 0.435973578326755 0.0
-0.329809756812588 0.496776229301839 0.0
-0.317933492345931 -0.613028492056293 0.0
-0.315474441336793 -0.551670815847576 0.0
-0.312989902453805 -0.490216838088175 0.0
-0.310465811184366 -0.428671857142416 0.0
-0.307890519249927 -0.367046155992619 0.0
-0.305249528863844 -0.305351017845354 0.0
-0.302532221500208 -0.243597550250528 0.0
-0.29974742823128 -0.181800810413933 0.0
-0.296918196920958 -0.119982049304735 0.0
-0.294065852436825 -0.058165589511262 0.0
-0.291211084416245 0.00362139001317029 0.0
-0.28837385157669 0.0653490865250383 0.0
-0.285569785049383 0.12698544862816 0.0
-0.282800490851445 0.188497873838551 0.0
-0.280031757398638 0.249856506234708 0.0
-0.27715193477108 0.311044743241499 0.0
-0.273933524346317 0.372085540761785 0.0
-0.270151876285605 0.433073877163285 0.0
-0.265857785550892 0.49403869656765 0.0
-0.256623201650912 -0.615429027411374 0.0
-0.254189260886006 -0.554084389970242 0.0
-0.251727649746168 -0.492649534682672 0.0
-0.249213913864385 -0.431130339919398 0.0
-0.246631900933021 -0.369536892377427 0.0
-0.243969085233685 -0.307880447152149 0.0
-0.241220056327958 -0.246173008380848 0.0
-0.23839243311891 -0.184429324539133 0.0
-0.235501979259081 -0.122667780657037 0.0
-0.232564023937525 -0.060908683904821 0.0
-0.229592558055582 0.000825994014131503 0.0
-0.226598738220195 0.0625130947463282 0.0
-0.223586349087707 0.12412896925272 0.0
-0.22054176078927 0.185651885046258 0.0
-0.217415432552712 0.247066933717139 0.0
-0.214099149592314 0.308379041552115 0.0
-0.210435018824749 0.369635020952087 0.0
-0.206291516356003 0.430928220948819 0.0
-0.201519535046682 0.49237858264513 0.0
-0.195272971969998 -0.617772341610578 0.0
-0.192868458396727 -0.556430228247899 0.0
-0.190424882261447 -0.495000829470917 0.0
-0.187912025259705 -0.433490456908196 0.0
-0.185312470010728 -0.371908797676357 0.0
-0.182615925967263 -0.310266559381646 0.0
-0.17981957299898 -0.248575285168894 0.0
-0.176929234981632 -0.186848309399806 0.0
-0.173955344585672 -0.125101257901839 0.0
-0.17090782760863 -0.0633511726376831 0.0
-0.167794500696033 -0.00161654678413614 0.0
-0.164618953170763 0.0600829105165369 0.0
-0.161376058328531 0.121726603272338 0.0
-0.158043818783605 0.183294822357422 0.0
-0.154572567329728 0.244772025365941 0.0
-0.150881675848714 0.306153750329807 0.0
-0.146883959416847 0.367449809199044 0.0
-0.142520371969917 0.428671416243223 0.0
-0.137537506345726 0.489810121518573 0.0
-0.133879592975122 -0.620011764944672 0.0
-0.13150795488775 -0.558660820663068 0.0
-0.129077340337922 -0.497222285054568 0.0
-0.126556412849384 -0.435702981248423 0.0
-0.123929052461838 -0.374112119732219 0.0
-0.121187368747126 -0.312459553726428 0.0
-0.118329858854958 -0.2507557797621 0.0
-0.115360415381055 -0.189012499892909 0.0
-0.112285113691542 -0.127243142854611 0.0
-0.109108849953074 -0.0654625728165079 0.0
-0.105833602288686 -0.00368751106865049 0.0
-0.102456246807543 0.0580633012564554 0.0
-0.098964899815728 0.119768856892089 0.0
-0.0953339131845154 0.181406606812539 0.0
-0.0915209621997993 0.242953204924494 0.0
-0.087475156157926 0.304385180027808 0.0
-0.0831638884401532 0.365673667149935 0.0
-0.0785956668669412 0.426772634108084 0.0
-0.0740831168061452 0.487699090467655 0.0
-0.0724448263447191 -0.622109177528941 0.0
-0.0701079235379831 -0.560738912492017 0.0
-0.0676848812204845 -0.499277787112576 0.0
-0.0651475812437478 -0.437733257524461 0.0
-0.0624831768331098 -0.37611398809012 0.0
-0.0596862626174074 -0.314428753035456 0.0
-0.0567559286116933 -0.252686687291011 0.0
-0.0536939874451795 -0.190897771583402 0.0
-0.0505024690136172 -0.129073472107863 0.0
-0.0471812374914766 -0.0672267786924116 0.0
-0.0437263678073034 -0.00537280192880527 0.0
-0.0401282471732168 0.0564710256717123 0.0
-0.0363691581404139 0.118284827401736 0.0
-0.0324214872735192 0.180047354780517 0.0
-0.0282505090531044 0.241737462404032 0.0
-0.0238281787543755 0.303337576250444 0.0
-0.0191633778774337 0.364840081286843 0.0
-0.0143947550502107 0.426275108844746 0.0
-0.0101053724523548 0.487718731564449 0.0
-0.010975079196794 -0.624039318797682 0.0
-0.00867238223285489 -0.562641163326257 0.0
-0.0062510122615037 -0.501146343023891 0.0
-0.00368976043078886 -0.439562912061575 0.0
-0.000980394736410829 -0.377898780784414 0.0
0.00188010364394861 -0.316161339766624 0.0
0.00489262056796512 -0.254358009565577 0.0
0.00805768813005812 -0.192496762393317 0.0
0.0113773660896131 -0.130586843019528 0.0
0.014856973996498 -0.0686389275696116 0.0
0.0185064067419909 -0.0066657067769522 0.0
0.0223414009987044 0.0553180675354898 0.0
0.0263843073226295 0.117295725417182 0.0
0.0306625427258794 0.179250022113784 0.0
0.0352005959081635 0.241164739608251 0.0
0.0399993195153594 0.303028209983642 0.0
0.0449879684844088 0.364839015134938 0.0
0.0499191082728809 0.426602344110161 0.0
0.0543126129012521 0.488245096751044 0.0
0.0505192537081107 -0.625792155449897 0.0
0.0527912755284264 -0.564360059771273 0.0
0.0552174263948944 -0.502823404556156 0.0
0.0578093012253783 -0.441190509553606 0.0
0.0605699002624047 -0.37946812164833 0.0
0.0635002135873897 -0.317661823142372 0.0
0.0666016624098222 -0.255776879539718 0.0
0.0698774550268648 -0.193818816463207 0.0
0.0733338929555123 -0.131794177857116 0.0
0.076981570170253 -0.0697107241419336 0.0
0.0808362159538416 -0.00757800963003957 0.0
0.0849190678770358 0.0545925605517199 0.0
0.0892558164011513 0.116787683903922 0.0
0.0938719265007868 0.178992837700815 0.0
0.0987801751081315 0.241192275697411 0.0
0.103953810616767 0.303369186373631 0.0
0.109276489612206 0.365501228668955 0.0
0.114485123619447 0.427536984416484 0.0
0.119180318987778 0.48936819631098 0.0
0.112025184138422 -0.627374094095502 0.0
0.114273263885177 -0.565904915619805 0.0
0.116710940179656 -0.50432158711861 0.0
0.11933882633522 -0.44263200963841 0.0
0.122154870947464 -0.380841188765633 0.0
0.125158669351211 -0.318952408174413 0.0
0.128352761596074 -0.256968309130253 0.0
0.131743377483638 -0.194891495578353 0.0
0.135341223054503 -0.13272530414761 0.0
0.139162208782034 -0.0704740377169386 0.0
0.1432277560558 -0.00814362329819537 0.0
0.147564247128202 0.0542581039954684 0.0
0.152200379397642 0.116720783041233 0.0
0.157160187961159 0.179230990643865 0.0
0.162447932260443 0.241769948526455 0.0
0.168020441926585 0.30430936604737 0.0
0.173747199524968 0.36680063713581 0.0
0.179373610466956 0.429157876847363 0.0
0.184509671848653 0.491253701274809 0.0
0.17352792085749 -0.628808546799338 0.0
0.175761606178151 -0.567302387107272 0.0
0.178217214646926 -0.505671083312074 0.0
0.180884675428719 -0.443921124205292 0.0
0.183757853955007 -0.382055129624957 0.0
0.186835808261967 -0.320073603819186 0.0
0.190122786591337 -0.257976103947277 0.0
0.193628371664521 -0.195761812104133 0.0
0.197367840545221 -0.133430281860954 0.0
0.20136250649424 -0.0709816882683229 0.0
0.205639558688379 -0.00841758520098353 0.0
0.210230802538175 0.0542585274753658 0.0
0.215169018318341 0.117039941825419 0.0
0.220479977461213 0.17991494177442 0.0
0.226167239584265 0.242862221569992 0.0
0.232187654938486 0.305843215112677 0.0
0.238418216320801 0.368788887969876 0.0
0.244616851292477 0.431584191389219 0.0
0.250363525743242 0.494062815348589 0.0
0.235012404532244 -0.630136108138629 0.0
0.237242930121537 -0.568596649238191 0.0
0.239721577855977 -0.506919787718374 0.0
0.242429734614878 -0.445109474689231 0.0
0.24535876711192 -0.383165384744518 0.0
0.248508144322168 -0.3210848317468 0.0
0.251884363149694 -0.258863835170833 0.0
0.255500642723883 -0.19649758633465 0.0
0.259376981471225 -0.133981096526007 0.0
0.26354023888152 -0.0713093734676216 0.0
0.268023689087566 -0.00847817098527263 0.0
0.27286544052514 0.0545153041059533 0.0
0.278104621846771 0.11767069575422 0.0
0.283773943904719 0.180981732437668 0.0
0.28988679165872 0.244429801863003 0.0
0.296417344330548 0.307973390786825 0.0
0.303270588405337 0.371530566272768 0.0
0.310230095745266 0.434955259280893 0.0
0.316842040621313 0.498014193884325 0.0
0.296464416110003 -0.631414247032852 0.0
0.298702738142882 -0.569849029816912 0.0
0.301207098358234 -0.508132883874191 0.0
0.303954079294715 -0.446266344166346 0.0
0.3069343434015 -0.384245824496376 0.0
0.310148623233201 -0.322065116487424 0.0
0.313606089421472 -0.259716285175047 0.0
0.317323765320469 -0.197189926425243 0.0
0.321326421112734 -0.134475571749735 0.0
0.325646553143186 -0.0715616021348268 0.0
0.330323897618485 -0.00843573825005773 0.0
0.335404006973782 0.054914472518339 0.0
0.340935182717168 0.118500063741219 0.0
0.34696317155095 0.182327725031573 0.0
0.353522753017723 0.246392635302255 0.0
0.360624700103352 0.310665677841859 0.0
0.368230723165469 0.375069265020711 0.0
0.376190232130363 0.439434668440787 0.0
0.384064038365849 0.50343415249651 0.0
0.357871071072515 -0.632716110951658 0.0
0.360125171983715 -0.571136595273615 0.0
0.362654533773414 -0.509391507639959 0.0
0.365435135166559 -0.447477877972433 0.0
0.368458354959468 -0.385388595524441 0.0
0.371726873871688 -0.32311379293251 0.0
0.375252754821695 -0.260641428219472 0.0
0.379056752570292 -0.197957111550598 0.0
0.383168199240725 -0.135044020467883 0.0
0.387625048188502 -0.0718822621719165 0.0
0.392473594315026 -0.00844871184763517 0.0
0.397767651402005 0.0552833221626064 0.0
0.40356704658914 0.119343600060121 0.0
0.409935856561632 0.183763526841541 0.0
0.416940888679377 0.248570898203417 0.0
0.424650166568246 0.313778596472062 0.0
0.433123799616722 0.379357143531902 0.0
0.442364054000438 0.445168583113529 0.0
0.452108339234164 0.510810599135353 0.0
0.419221165418548 -0.634127380385098 0.0
0.421493408076897 -0.572548742065472 0.0
0.424043430326753 -0.510790653938302 0.0
0.42684879011821 -0.448845574805097 0.0
0.429902867033927 -0.38670305474733 0.0
0.433210663568755 -0.32435031977728 0.0
0.436786937036062 -0.261771955869308 0.0
0.440655645625124 -0.19894894307341 0.0
0.444849984826801 -0.135857816297138 0.0
0.449412621900752 -0.0724691801335296 0.0
0.454395772495978 -0.00874644385334603 0.0
0.459861214148333 0.0553561117808444 0.0
0.465880743734918 0.119895342900622 0.0
0.472538700742798 0.184941987455975 0.0
0.479939171491381 0.250582532705776 0.0
0.488221853308561 0.316919875239653 0.0
0.497588954467046 0.384063841983553 0.0
0.508333257244264 0.452079744871714 0.0
0.520775684441368 0.520766187297769 0.0
