-0.729929071891401 -0.662656399330131 0.0
0.498292295539942 -0.704585632301732 0.0
-0.687053376436234 0.61237245798111 0.0
0.61237245798111 0.61237245798111 0.0
-0.668751638294853 -0.665374611600919 0.0
0.500311553172983 -0.643196395436931 0.0
0.538231339430382 0.585226880298505 0.0
-0.68042146710747 0.538978608542902 0.0
-0.607557935826723 -0.667832770451059 0.0
0.502680417215612 -0.581602735480594 0.0
0.467343013808639 0.56965843839166 0.0
-0.680435689640995 0.469551527835673 0.0
-0.546369712544894 -0.670298635323753 0.0
0.505341499963253 -0.51978747335864 0.0
0.398922708594077 0.559528327038517 0.0
-0.682001242691585 0.402444396511077 0.0
-0.485179083848478 -0.672815190039583 0.0
0.508263853140275 -0.457738678207662 0.0
0.3321199263736 0.552563170017975 0.0
-0.684174896820672 0.336759630798229 0.0
-0.423977845512295 -0.675400543724686 0.0
0.511433209728929 -0.395444527215371 0.0
0.266414493155283 0.547691180051433 0.0
-0.686684570437635 0.272009282875388 0.0
-0.362750846984041 -0.678054538512817 0.0
0.514846743031276 -0.332890665529603 0.0
0.201487375555708 0.544330407627721 0.0
-0.689408715107016 0.207911338286965 0.0
-0.301478716014615 -0.680748685303352 0.0
0.518510313689144 -0.270058547178899 0.0
0.137129074550366 0.542133533244961 0.0
-0.692274483855972 0.144294191763644 0.0
-0.240143222118894 -0.683433175248412 0.0
0.522437011241749 -0.206923763757484 0.0
0.0731878200647244 0.540871681495541 0.0
-0.695230747678081 0.0810494194651297 0.0
-0.178732011462927 -0.686048794012247 0.0
0.526646229686916 -0.143454591062317 0.0
0.00953804067872699 0.540352189597501 0.0
-0.698239314573 0.018107074162474 0.0
-0.117240945225083 -0.688537958909493 0.0
0.531162911941032 -0.0796096994187475 0.0
-0.0539371840386066 0.540171662696449 0.0
-0.701272384885421 -0.04457665580356 0.0
-0.0556750400506574 -0.690852844220558 0.0
0.536016685492322 -0.015335669343666 0.0
-0.116771892766143 0.542117912471456 0.0
-0.704315456560046 -0.10702582905745 0.0
0.005952323084108 -0.692960473060203 0.0
0.541241125124716 0.0494369239778757 0.0
-0.179200110260848 0.544963938625612 0.0
-0.707389193830488 -0.169246196988522 0.0
0.0676207614753211 -0.694845453859488 0.0
0.546873834487298 0.114798976405068 0.0
-0.241656575302424 0.547059113254627 0.0
-0.71068404819947 -0.231227456815242 0.0
0.129305085259784 -0.696511315125777 0.0
0.552959201781743 0.180872138961178 0.0
-0.304245881146075 0.550245973547929 0.0
-0.71312454360723 -0.293129130747013 0.0
0.190976965334532 -0.697981149270868 0.0
0.559557021649207 0.247823996002356 0.0
-0.36706758213373 0.554244728328998 0.0
-0.715747110469254 -0.355043168745058 0.0
0.252607553850296 -0.699298009070913 0.0
0.566763508106276 0.315897785363537 0.0
-0.430251155228138 0.560974570192968 0.0
-0.718857759079851 -0.416851790324733 0.0
0.314170175999071 -0.700525104299581 0.0
0.57475897711716 0.385471267915246 0.0
-0.493659335829785 0.568545067545363 0.0
-0.721790565972156 -0.478493904673809 0.0
0.375643423744734 -0.701745543602047 0.0
0.583928666893765 0.457180430709868 0.0
-0.557114601427275 0.575701142739301 0.0
-0.724699983997659 -0.539980209953189 0.0
0.437015973507839 -0.703060841700424 0.0
0.595265888621911 0.532177297540414 0.0
-0.621730913596502 0.588072945738532 0.0
-0.727282700021141 -0.601362001506324 0.0
-0.666134292670486 -0.60407414008154 0.0
-0.663517821300402 -0.542660233730435 0.0
-0.660642823077718 -0.481119480207305 0.0
-0.657731289742563 -0.419509788123395 0.0
-0.65472416179293 -0.357835338376649 0.0
-0.652086121628408 -0.296038672762457 0.0
-0.649514149028413 -0.233957212814526 0.0
-0.646296900186215 -0.17160622915274 0.0
-0.643216113727064 -0.109140336176417 0.0
-0.640173761501769 -0.0465086429442896 0.0
-0.637157872464606 0.0163300630266812 0.0
-0.634184889504772 0.0794139739358908 0.0
-0.631288060299535 0.142784532029427 0.0
-0.62851710654121 0.206489198989138 0.0
-0.625945029123377 0.270577587626455 0.0
-0.623686769483885 0.335084236463565 0.0
-0.621950045372948 0.399971689680311 0.0
-0.621190543779202 0.464956022513329 0.0
-0.622578636494642 0.528932368977201 0.0
-0.604954184932672 -0.606521059795569 0.0
-0.602273944046983 -0.545117191026291 0.0
-0.599436412054961 -0.483590941121686 0.0
-0.596542924284071 -0.421942997660108 0.0
-0.593657839050069 -0.360129428552552 0.0
-0.59097382033327 -0.298184420188077 0.0
-0.58823680074231 -0.23611948835394 0.0
-0.585182791081514 -0.173842629982866 0.0
-0.582161148106254 -0.111400228339507 0.0
-0.579167088324404 -0.0487895363509752 0.0
-0.57621032782245 0.0139987914422207 0.0
-0.573318008608917 0.0769711930553389 0.0
-0.570533421274355 0.140124749929379 0.0
-0.567918542894095 0.203437008978659 0.0
-0.565561091583708 0.26684575545872 0.0
-0.563588027948854 0.330213571979194 0.0
-0.562186501290843 0.393268432476104 0.0
-0.561586875072518 0.455518178663424 0.0
-0.560972707276859 0.516180220011159 0.0
-0.543746582878161 -0.60899739614435 0.0
-0.541036655229467 -0.547590117799375 0.0
-0.538230457360458 -0.486054533906453 0.0
-0.535395648145305 -0.424379906674631 0.0
-0.532593142840999 -0.362565025942203 0.0
-0.529872043703357 -0.300643499310835 0.0
-0.527078416311929 -0.238600856071972 0.0
-0.524120994446081 -0.176395075014599 0.0
-0.521164799189575 -0.114051430524801 0.0
-0.518233225904737 -0.0515825073668326 0.0
-0.515348394183153 0.0109971923863558 0.0
-0.51254352876983 0.0736632949422491 0.0
-0.509864378121207 0.136374153504081 0.0
-0.507369789222173 0.199062427006484 0.0
-0.505131102866598 0.26162494154503 0.0
-0.50322475629033 0.323916097302194 0.0
-0.501690637518191 0.385752786306507 0.0
-0.500263163988596 0.446948141399394 0.0
-0.4976671368143 0.507574919796545 0.0
-0.482526693179863 -0.611524212159368 0.0
-0.479810668131394 -0.55012483450242 0.0
-0.4770443799977 -0.488602040804542 0.0
-0.474268542085788 -0.426953397002892 0.0
-0.471514759874588 -0.36518841217336 0.0
-0.468781206961211 -0.303323928348626 0.0
-0.465981494175567 -0.241352609160111 0.0
-0.463088751948229 -0.179263998042112 0.0
-0.460188302668386 -0.117081264718733 0.0
-0.457309459664596 -0.0548282937506084 0.0
-0.45447835430828 0.00746500249851138 0.0
-0.451727376306372 0.0697581192799024 0.0
-0.449095816424234 0.131996289000344 0.0
-0.446627419358664 0.194108524233728 0.0
-0.444363043194743 0.256007316337225 0.0
-0.442317809024775 0.31759273034679 0.0
-0.440395943001196 0.378760852294213 0.0
-0.438137529244827 0.439442552265429 0.0
-0.433976732106961 0.49963804980268 0.0
-0.421296853664238 -0.614126012499968 0.0
-0.418590040217888 -0.552749158165381 0.0
-0.415865377354942 -0.491260370808464 0.0
-0.413138826717208 -0.429661599107825 0.0
-0.410418186277777 -0.36796344366495 0.0
-0.407685986770831 -0.306178300515084 0.0
-0.404894970526766 -0.244308657426167 0.0
-0.402041491641089 -0.182360842130683 0.0
-0.399174197755038 -0.1203595088277 0.0
-0.396320148780132 -0.0583335194918964 0.0
-0.393503809428533 0.00368259260909773 0.0
-0.390752177792945 0.0656470443094201 0.0
-0.388094065007214 0.127509997794519 0.0
-0.38555545879516 0.189214311198993 0.0
-0.383147332108007 0.250696572418291 0.0
-0.380831216456031 0.311889859131766 0.0
-0.37842644887496 0.372732856519735 0.0
-0.375398968632921 0.433200331724458 0.0
-0.37096414468975 0.493489471069902 0.0
-0.360049156633838 -0.616799152978318 0.0
-0.357361343130519 -0.555450844086593 0.0
-0.354676345704683 -0.494002595639447 0.0
-0.351988820817981 -0.432458429309435 0.0
-0.349290517115544 -0.370829335662713 0.0
-0.34656088491491 -0.309127485314757 0.0
-0.343773900775632 -0.247362059134079 0.0
-0.34093335960077 -0.185546999688432 0.0
-0.338069342262958 -0.12370662193737 0.0
-0.335204008677244 -0.0618689627382267 0.0
-0.332357484929692 -6.56533323195644e-05 0.0
-0.329549789890517 0.0616681111688104 0.0
-0.326798809001673 0.123293965657263 0.0
-0.324113706380512 0.18477195793865 0.0
-0.321478742774254 0.246062612654698 0.0
-0.318815047058689 0.307133656319946 0.0
-0.315904492129533 0.367979464519684 0.0
-0.312363218528265 0.428684108287673 0.0
-0.308177317674238 0.489501403124958 0.0
-0.298771039652206 -0.619509615444403 0.0
-0.296109894416826 -0.558186407571075 0.0
-0.293461051198928 -0.496773421661318 0.0
-0.290802132699528 -0.435275808505815 0.0
-0.28811515179312 -0.373704648215638 0.0
-0.285380566699344 -0.312072426338507 0.0
-0.282583549030821 -0.250391458289191 0.0
-0.279729482771348 -0.188677806835492 0.0
-0.276838071004738 -0.1269533185667 0.0
-0.273926347030933 -0.0652421247811544 0.0
-0.271009539612376 -0.00357006953608213 0.0
-0.268100995378812 0.0580358953635309 0.0
-0.265209145262505 0.119548450417209 0.0
-0.262329764817629 0.180941836312741 0.0
-0.259429333903251 0.242194885021723 0.0
-0.25641447015979 0.303299768158191 0.0
-0.253106193111723 0.364282764978009 0.0
-0.249333711453655 0.425229828789849 0.0
-0.24516009000877 0.486189305597554 0.0
-0.237449933475832 -0.622203463478524 0.0
-0.234822506519917 -0.560895443337046 0.0
-0.232205590040754 -0.499504676345425 0.0
-0.229564814026069 -0.43803696517836 0.0
-0.226877302716642 -0.376503153943325 0.0
-0.224125867682328 -0.314915536528604 0.0
-0.221301736240963 -0.253287066040397 0.0
-0.218410012846131 -0.191633135335441 0.0
-0.215464156101828 -0.12997226978765 0.0
-0.21247677773989 -0.0683241522642201 0.0
-0.20945867207561 -0.0067091330796675 0.0
-0.206417636917931 0.0548524499754081 0.0
-0.203354964277044 0.1163410832047 0.0
-0.200257908337663 0.177740324621084 0.0
-0.197086349080876 0.239040787538851 0.0
-0.193757644791178 0.30025035894907 0.0
-0.190157786460573 0.361410811729444 0.0
-0.186209829849105 0.422600954083309 0.0
-0.181875913420994 0.483918577201515 0.0
-0.176076765839978 -0.624819437080251 0.0
-0.173489669414661 -0.563513425538273 0.0
-0.170900138006318 -0.502127918094526 0.0
-0.168267324140099 -0.440669283188642 0.0
-0.165567340358239 -0.379147961029321 0.0
-0.162786024941872 -0.31757557535802 0.0
-0.159918264771261 -0.255964414778264 0.0
-0.156968533926379 -0.194328190774214 0.0
-0.153946317917899 -0.13268236321871 0.0
-0.150860660875552 -0.0710430625117072 0.0
-0.147718669147714 -0.00942692460498757 0.0
-0.144523936281455 0.0521493422630191 0.0
-0.141273316673338 0.113669446459432 0.0
-0.137951240770827 0.17511927987454 0.0
-0.13452278551514 0.236489753870748 0.0
-0.130933831605495 0.297782675516185 0.0
-0.127135030645549 0.359013971689095 0.0
-0.123121744845406 0.420204758318917 0.0
-0.118816894797915 0.48136735419217 0.0
-0.114647709583752 -0.627299668993626 0.0
-0.112106538260165 -0.565981866334166 0.0
-0.10953955839591 -0.504584004761187 0.0
-0.106905054601297 -0.443113203173153 0.0
-0.104181329838349 -0.381579493083765 0.0
-0.101357798326228 -0.319993579255412 0.0
-0.098431957380706 -0.258366553884181 0.0
-0.0954077226717186 -0.196710288764378 0.0
-0.0922918182388144 -0.135037801402516 0.0
-0.0890903068968737 -0.073362777119411 0.0
-0.0858071331213184 -0.0116997703568005 0.0
-0.0824426524666111 0.0499358960855338 0.0
-0.0789913003385885 0.111528180305937 0.0
-0.0754386749993852 0.173061322785914 0.0
-0.0717610353980783 0.234520834937893 0.0
-0.0679346126886108 0.295894792179187 0.0
-0.0639620422849026 0.357170627143112 0.0
-0.0599026260104361 0.418326048058834 0.0
-0.0560614840469867 0.479373810711867 0.0
-0.0531651144934505 -0.629597262037285 0.0
-0.0506734650086578 -0.568255097110577 0.0
-0.0481236449428998 -0.506828863433545 0.0
-0.0454783838445596 -0.445326669334473 0.0
-0.042720754102143 -0.383758139110795 0.0
-0.0398441681973615 -0.32213288469322 0.0
-0.0368482073187078 -0.260460538583028 0.0
-0.0337362579047446 -0.198751115813228 0.0
-0.0305127943777161 -0.137015533380003 0.0
-0.0271811060116836 -0.0752654928306889 0.0
-0.0237421349719098 -0.0135138834208251 0.0
-0.020193426821224 0.0482252380788568 0.0
-0.0165280159414809 0.109936727849405 0.0
-0.0127342879614109 0.171605506700906 0.0
-0.00880016462226024 0.233217844777325 0.0
-0.00472698289015749 0.294764105286713 0.0
-0.000557731580494823 0.356242556421868 0.0
0.00355225083176804 0.41767450806988 0.0
0.00713767496671192 0.479099664589122 0.0
0.00836295033826176 -0.631680868291674 0.0
0.0108045377854184 -0.570304091074729 0.0
0.0133434874348636 -0.508836322225773 0.0
0.0160079917527907 -0.447286722081677 0.0
0.0188083420695263 -0.385664343379275 0.0
0.0217469657160924 -0.323977433457137 0.0
0.0248226241677822 -0.262233866489472 0.0
0.0280325988192043 -0.200441614585094 0.0
0.0313745654165292 -0.138609407965953 0.0
0.0348480076544023 -0.0767468003909531 0.0
0.0384549144436577 -0.0148646351779476 0.0
0.0422001330865964 0.0470250186278802 0.0
0.0460909945284205 0.108909047510157 0.0
0.0501346892480224 0.170774489304261 0.0
0.0543300486878074 0.232609626009261 0.0
0.0586489613098611 0.294406247524299 0.0
0.0629980880628857 0.35616209232225 0.0
0.0671451304361672 0.417874846096582 0.0
0.0706738539745296 0.479487706016051 0.0
0.069923572503166 -0.633537083895758 0.0
0.0723184608113427 -0.57211834934079 0.0
0.0748538921765091 -0.510599330890944 0.0
0.0775454200404898 -0.448989948997628 0.0
0.0803956868651891 -0.387298262704762 0.0
0.083403170925159 -0.325530723923386 0.0
0.0865654804036927 -0.263693038556006 0.0
0.0898808499965305 -0.201790781420538 0.0
0.0933492043164347 -0.139830163470284 0.0
0.096972850800147 -0.0778182045378005 0.0
0.100756591702904 -0.0157632667560174 0.0
0.104707199913526 0.0463249219400743 0.0
0.108831476242081 0.108435200298939 0.0
0.113131154046855 0.170555515853154 0.0
0.117591469154445 0.23267259359463 0.0
0.122158869156256 0.294771444844253 0.0
0.126702592178139 0.356830759537201 0.0
0.130970191270299 0.418805582175761 0.0
0.134585924684936 0.480606760336587 0.0
0.131500643853235 -0.63517165040407 0.0
0.133856487613906 -0.573706881988952 0.0
0.136396614151987 -0.512130627536522 0.0
0.139121875879521 -0.450452820593128 0.0
0.142027240619853 -0.388679850718073 0.0
0.14510787055094 -0.326815815708885 0.0
0.148360853366197 -0.264863760755517 0.0
0.151785766911125 -0.202826408192163 0.0
0.155384988099528 -0.1407069983023 0.0
0.159163753577555 -0.0785095507269843 0.0
0.163129660506009 -0.0162395245654575 0.0
0.167291274519566 0.0460959046218068 0.0
0.171654856960815 0.108487232023138 0.0
0.176217514945685 0.170922095394529 0.0
0.180953990439947 0.233383041004645 0.0
0.185794136938078 0.295843776359224 0.0
0.19059096289478 0.358260343367952 0.0
0.195088466347334 0.420557481436005 0.0
0.198902498426069 0.48262333999634 0.0
0.193075904676802 -0.636610145251773 0.0
0.195404364402221 -0.575098883730454 0.0
0.197957586647648 -0.51346331667887 0.0
0.200721606479731 -0.451712184146923 0.0
0.203684729684805 -0.389849364118636 0.0
0.206839819693532 -0.32787598394028 0.0
0.210184184979935 -0.265791884390067 0.0
0.213719202438629 -0.203596384273096 0.0
0.217449982214457 -0.141289142142509 0.0
0.221384906318329 -0.078870470724407 0.0
0.225534605833745 -0.0163421264899728 0.0
0.229909901147839 0.0462921174425137 0.0
0.234517693091329 0.109025244908705 0.0
0.239353352186554 0.17184533431702 0.0
0.244387493397851 0.234731392589009 0.0
0.249545562225044 0.297646800840962 0.0
0.254679929482748 0.360528193758357 0.0
0.259534317062544 0.423271730028485 0.0
0.26368708522432 0.485725195867472 0.0
0.254630715250486 -0.637898567199862 0.0
0.256946280833476 -0.576344389525381 0.0
0.259520029982348 -0.514651496898132 0.0
0.262325354997757 -0.452825917451277 0.0
0.265345821501826 -0.390868175690763 0.0
0.268573253580164 -0.328775836246764 0.0
0.272005955711932 -0.266544957823332 0.0
0.275647570817484 -0.204170786081326 0.0
0.279506257888743 -0.141648538407491 0.0
0.283593858625312 -0.0789736673359454 0.0
0.287924532985793 -0.0161426699275401 0.0
0.29251236909272 0.0468461710985958 0.0
0.297367092099682 0.109991111044585 0.0
0.302486833787496 0.173284349437856 0.0
0.307846507597613 0.236706162222692 0.0
0.313380438644792 0.300215639170536 0.0
0.318956014311349 0.363735354137258 0.0
0.324327165169266 0.42712978999447 0.0
0.329030450349221 0.490180988937854 0.0
0.316147361648635 -0.639103843377472 0.0
0.318465082284672 -0.577514805327961 0.0
0.321064312683822 -0.515770742268312 0.0
0.323910201421207 -0.453873538748198 0.0
0.326983993623402 -0.391819740247192 0.0
0.330277747540021 -0.329602842280378 0.0
0.333791472031499 -0.26721457978161 0.0
0.337531461107436 -0.204645394211012 0.0
0.341509170719403 -0.141884964932307 0.0
0.345740195365574 -0.0789222165675258 0.0
0.350242800565997 -0.0157458964429392 0.0
0.355035610544955 0.047654853804565 0.0
0.360133861380787 0.111288850160068 0.0
0.365543737704959 0.175160009681225 0.0
0.371253957846535 0.239260589189379 0.0
0.377223122548388 0.303559519321665 0.0
0.383356385780006 0.367980546582995 0.0
0.389449493255298 0.432363311887852 0.0
0.395034041168954 0.496398427055316 0.0
0.37760964074953 -0.640313993908199 0.0
0.379941724479809 -0.578702886140386 0.0
0.382567423708741 -0.516918041446301 0.0
0.385449220309343 -0.454956524597006 0.0
0.388568274513117 -0.392810444255399 0.0
0.391918010727345 -0.330469016774236 0.0
0.395500643723421 -0.267919421261587 0.0
0.399325268112521 -0.205146751450282 0.0
0.403406644088183 -0.142134014976232 0.0
0.407764174483068 -0.0788615826998187 0.0
0.412420569898198 -0.0153071391915408 0.0
0.417399992100263 0.0485545095661092 0.0
0.422725503648223 0.112750772932315 0.0
0.428416070624933 0.177309713589651 0.0
0.434483237617382 0.242254813215557 0.0
0.440926874929927 0.307594190532645 0.0
0.447723371983993 0.373295044129325 0.0
0.454779164399812 0.439222830149417 0.0
0.46175100277483 0.504996197593275 0.0
0.439002980392023 -0.641637134077383 0.0
0.441354905732408 -0.580021286452797 0.0
0.444003262552902 -0.518211170952875 0.0
0.446911908115832 -0.456197864939516 0.0
0.450063939033744 -0.393969424756147 0.0
0.453454869243216 -0.331511677344864 0.0
0.457089146353101 -0.268807925980944 0.0
0.460978349364364 -0.205837997809502 0.0
0.465140090667598 -0.142577455202815 0.0
0.469597133137215 -0.0789962033535931 0.0
0.474376323604741 -0.0150573616597867 0.0
0.479507380606075 0.049284490737256 0.0
0.485021850165848 0.114085094374284 0.0
0.490953358352144 0.179412971530155 0.0
0.497340828134618 0.245350970709363 0.0
0.504237200953352 0.31199672656128 0.0
0.511724629855046 0.37945386470609 0.0
0.519927855450986 0.447785271197209 0.0
0.52895525488509 0.516810157845869 0.0
