-0.719343259827187 -0.66512452597555 0.0
0.509263503468579 -0.708252361139986 0.0
-0.670075595378876 0.61237245798111 0.0
0.61237245798111 0.61237245798111 0.0
-0.658172205401446 -0.667936122752454 0.0
0.51128946034587 -0.646853281349764 0.0
0.540309401855496 0.583360217189593 0.0
-0.66586596925466 0.538432489997102 0.0
-0.596985741971885 -0.670491993346272 0.0
0.513683502750205 -0.585237774934705 0.0
0.470790873827973 0.566682678895424 0.0
-0.667120705004855 0.46861114809658 0.0
-0.535807301999454 -0.673061775188944 0.0
0.516377773553856 -0.523387521333508 0.0
0.403439596048984 0.555872547124206 0.0
-0.669417939086779 0.401168677419091 0.0
-0.474628282802279 -0.675694355398138 0.0
0.519334725837517 -0.461289922445447 0.0
0.337540866469897 0.548485332413264 0.0
-0.672054965389345 0.335204506618076 0.0
-0.413438283135097 -0.678408931723432 0.0
0.522534946845242 -0.398932461963528 0.0
0.272634581080876 0.543357460586979 0.0
-0.67486828178991 0.270225986628593 0.0
-0.352219347848498 -0.681202422680324 0.0
0.525970728188075 -0.336299890907582 0.0
0.208435202386344 0.539855308446828 0.0
-0.677795202674997 0.205944512801862 0.0
-0.290949342116471 -0.684040680169599 0.0
0.529642531629225 -0.273372528791953 0.0
0.14475625094359 0.53760235365071 0.0
-0.680798468433221 0.142181852066006 0.0
-0.229607824225448 -0.686866924768319 0.0
0.53355689277734 -0.21012461520227 0.0
0.0814652944412638 0.536355957729752 0.0
-0.683849958393421 0.0788236142921866 0.0
-0.168181093461675 -0.68961490704681 0.0
0.537724894343391 -0.146522915197833 0.0
0.0184564242631729 0.53592774466828 0.0
-0.686927038804698 0.0157947132888908 0.0
-0.106664642433324 -0.692220808818388 0.0
0.542160795828156 -0.0825245111119693 0.0
-0.0443652641444545 0.535976163778404 0.0
-0.690012814287195 -0.0469529960507503 0.0
-0.0450640577049745 -0.694631839943605 0.0
0.546880505659612 -0.0180744165796538 0.0
-0.106630667255732 0.537823988254144 0.0
-0.693100766959531 -0.109447174482856 0.0
0.016605901640282 -0.696811514536695 0.0
0.551900061020346 0.046898231869914 0.0
-0.168589043290033 0.540568551334498 0.0
-0.696218100140647 -0.171696511736633 0.0
0.0783228296968026 -0.698742412140476 0.0
0.557234623697809 0.112485525139235 0.0
-0.230558877337956 0.543036036050459 0.0
-0.699570380686056 -0.233692580169961 0.0
0.140059026332305 -0.700427494322558 0.0
0.562899426080673 0.178809929497795 0.0
-0.292586318662323 0.546524288076018 0.0
-0.702057248221351 -0.29560996192637 0.0
0.201783302347356 -0.701890783382029 0.0
0.568915012205454 0.246039250118976 0.0
-0.354755637866851 0.550918682053873 0.0
-0.704730195040338 -0.357534167494617 0.0
0.263463726008625 -0.703177922132946 0.0
0.575321611131527 0.314415944309005 0.0
-0.417257290695515 0.557724631640966 0.0
-0.70790838507465 -0.419340805028858 0.0
0.325070458791535 -0.704356720850934 0.0
0.582213223971352 0.384315216226333 0.0
-0.480021421869769 0.565479212336513 0.0
-0.710921421773579 -0.480978119142085 0.0
0.386579063594212 -0.705517495182415 0.0
0.589828224079832 0.456367838760813 0.0
-0.542769116698247 0.573389000139981 0.0
-0.713919675128493 -0.542459011775118 0.0
0.447975695408245 -0.706772518161056 0.0
0.598878199894972 0.531723079006638 0.0
-0.606402240000082 0.586610983766485 0.0
-0.716598437855615 -0.603835208813051 0.0
-0.655456329978594 -0.60663957653211 0.0
-0.652742591020474 -0.545229285974903 0.0
-0.6497783969566 -0.483690826984393 0.0
-0.646788583159658 -0.422081910003486 0.0
-0.643712024925823 -0.360406735178126 0.0
-0.641018759073049 -0.298599233722493 0.0
-0.638405319533517 -0.236497147810859 0.0
-0.635141729550536 -0.174122378404033 0.0
-0.632019933668413 -0.111623474367479 0.0
-0.628935841308049 -0.048947773205732 0.0
-0.625871289628393 0.0139476358567003 0.0
-0.622834918936499 0.0771023745972935 0.0
-0.619849310383742 0.14055885608328 0.0
-0.616949007943418 0.204364660307302 0.0
-0.614184764029662 0.26856794899428 0.0
-0.611637892880083 0.333199093331781 0.0
-0.609463426530832 0.398212467418107 0.0
-0.608031128911107 0.463313565323554 0.0
-0.608371342770506 0.527406543349406 0.0
-0.594281117746705 -0.609183091414234 0.0
-0.591503586837715 -0.547781547142278 0.0
-0.588578497655053 -0.486256816052678 0.0
-0.585608876316221 -0.424608456012821 0.0
-0.582659673179494 -0.362790234128174 0.0
-0.579925422491963 -0.300836058868124 0.0
-0.577147594778696 -0.238758905183989 0.0
-0.574054162790721 -0.176464439650658 0.0
-0.570997146208209 -0.113999060806799 0.0
-0.567967390304534 -0.0513600060897011 0.0
-0.564968994342583 0.0114617025914074 0.0
-0.562021732838519 0.0744714265943484 0.0
-0.559158814988407 0.137664138221287 0.0
-0.556428097036911 0.201013887885382 0.0
-0.553897261601388 0.264453367436219 0.0
-0.551664656182662 0.327839034736052 0.0
-0.549876877147269 0.390894818666189 0.0
-0.548712216590496 0.45313623612756 0.0
-0.547377516314929 0.513811122899982 0.0
-0.533079972614863 -0.611764573771118 0.0
-0.5302729555016 -0.550361511420682 0.0
-0.527381761759691 -0.488829655445523 0.0
-0.524475262220275 -0.427157255348736 0.0
-0.521614420194876 -0.365342624667238 0.0
-0.518847660028294 -0.303419789708521 0.0
-0.516017131041244 -0.241374421931738 0.0
-0.513027085619386 -0.179164228360855 0.0
-0.51004217296573 -0.116815373494493 0.0
-0.507082041407302 -0.0543416327191315 0.0
-0.504163645367526 0.00824083092784331 0.0
-0.501313295414078 0.0709053688788392 0.0
-0.498567314656622 0.133607432244482 0.0
-0.495971594140783 0.196276393971411 0.0
-0.493579754697873 0.258806181089333 0.0
-0.491444754833023 0.32105036511429 0.0
-0.489579524556281 0.382829812380456 0.0
-0.487714717050319 0.443967645314479 0.0
-0.484711131398794 0.504535666170855 0.0
-0.471867530678173 -0.614409950475547 0.0
-0.469055103996687 -0.553018371024752 0.0
-0.466207335068245 -0.491503793501202 0.0
-0.46336489522779 -0.429863304524175 0.0
-0.460558375522116 -0.36810649248879 0.0
-0.457784160298053 -0.306250708698923 0.0
-0.454952520072294 -0.244289187060701 0.0
-0.452033453785871 -0.182212128454705 0.0
-0.449110674442792 -0.120043993617826 0.0
-0.446210007372572 -0.057810169543793 0.0
-0.443352733165566 0.00445779071218058 0.0
-0.440564694464342 0.0667177801067729 0.0
-0.437876324769002 0.12891388107 0.0
-0.435319500442121 0.190975184779153 0.0
-0.432919764433437 0.252816776715219 0.0
-0.430674730590376 0.314345715262452 0.0
-0.428478079025503 0.375471597457027 0.0
-0.425903920459084 0.43614443692017 0.0
-0.421594324841827 0.496382801016501 0.0
-0.410644878111421 -0.617143893089922 0.0
-0.407843019821626 -0.555779016178118 0.0
-0.405040905197483 -0.494303822771395 0.0
-0.402252913051688 -0.432720036660289 0.0
-0.399484834594099 -0.371038586013627 0.0
-0.396716827855914 -0.309272558687425 0.0
-0.393898704197552 -0.24742525061905 0.0
-0.391024241792294 -0.185503911885885 0.0
-0.388140009367107 -0.123534349747015 0.0
-0.385269783001113 -0.0615464856836394 0.0
-0.382433532202896 0.00042442055125126 0.0
-0.379652256941394 0.0623365540918457 0.0
-0.376946893700566 0.124141308052428 0.0
-0.37433350412621 0.185784865805295 0.0
-0.371811811439469 0.247210374492869 0.0
-0.369334626567178 0.308362079937218 0.0
-0.36672839606991 0.36919526337777 0.0
-0.363517606104192 0.42970417231286 0.0
-0.359014147526988 0.490083617195956 0.0
-0.34940236719846 -0.619959129847278 0.0
-0.346621702290494 -0.558626582152328 0.0
-0.34386358428158 -0.49719684488397 0.0
-0.341119566512955 -0.435673831483431 0.0
-0.338378574697148 -0.374068965992811 0.0
-0.335617399006273 -0.312395142179142 0.0
-0.332807399841659 -0.250662335628498 0.0
-0.329950129257341 -0.188885285673609 0.0
-0.327073555495923 -0.12708904315741 0.0
-0.324196920003769 -0.0653020457957052 0.0
-0.321336486776001 -0.00355573385779304 0.0
-0.31850731352839 0.0581158012226525 0.0
-0.315721194104785 0.119676614668611 0.0
-0.312980549192846 0.18109094779335 0.0
-0.310264178851166 0.242325672956977 0.0
-0.307494686556555 0.303356842455012 0.0
-0.304475389054717 0.364186857574679 0.0
-0.300871366876295 0.424898031481793 0.0
-0.29665405042907 0.485718350419098 0.0
-0.288125589791219 -0.622815511027178 0.0
-0.285374813921242 -0.561510768926163 0.0
-0.282657396807533 -0.500119888729231 0.0
-0.279946571194836 -0.438647957225857 0.0
-0.277220970251396 -0.377106488017795 0.0
-0.274458338290817 -0.315508614617202 0.0
-0.271641563188683 -0.253867307412089 0.0
-0.268774145651511 -0.192199185341258 0.0
-0.26587396579875 -0.130526440703914 0.0
-0.262955746459052 -0.0688731367770321 0.0
-0.260031808629995 -0.00726444911634492 0.0
-0.257112007472092 0.054274133309851 0.0
-0.254200987618684 0.115717737062335 0.0
-0.251291431449521 0.177044151324698 0.0
-0.24834998331626 0.238236728865789 0.0
-0.245292105593771 0.299292263036574 0.0
-0.241962476044002 0.360238992316965 0.0
-0.238216624840189 0.421158700284874 0.0
-0.234122485937002 0.48211011344231 0.0
-0.226800392645312 -0.625651907590227 0.0
-0.224087732968683 -0.564363653037389 0.0
-0.221406984134626 -0.502996852838936 0.0
-0.218718485084794 -0.441557271790351 0.0
-0.215995737825806 -0.380056153231784 0.0
-0.213219011119305 -0.318506339940432 0.0
-0.210377672449579 -0.256921290775866 0.0
-0.207475416030333 -0.195316750520396 0.0
-0.204524407404043 -0.133711337200316 0.0
-0.201535757838186 -0.0721244293350146 0.0
-0.198518522893872 -0.0105755572181676 0.0
-0.195478689292743 0.0509163776416925 0.0
-0.192416188811527 0.112333967975686 0.0
-0.189318624441113 0.17366345912013 0.0
-0.186150483155523 0.234898253123647 0.0
-0.182841709238829 0.296047699515742 0.0
-0.179299958195606 0.357150920925079 0.0
-0.175475523887528 0.418279010157593 0.0
-0.171387724887595 0.479517602787212 0.0
-0.165416644215647 -0.628400002774531 0.0
-0.162749948421512 -0.567113603837002 0.0
-0.160101512606945 -0.505752127813012 0.0
-0.157424772994984 -0.444321960760317 0.0
-0.154692318123023 -0.382833926683623 0.0
-0.151887834458837 -0.321300122599782 0.0
-0.149004891861812 -0.259733226207292 0.0
-0.146047148874067 -0.198147151233517 0.0
-0.143023492637367 -0.13655728097865 0.0
-0.139942408555649 -0.0749792841398673 0.0
-0.136810539078397 -0.0134288467074621 0.0
-0.133631386157657 0.0480788635836688 0.0
-0.130402719228011 0.109529771808929 0.0
-0.127112114088942 0.170912671252937 0.0
-0.123731913191231 0.232221864023291 0.0
-0.120221051453104 0.293462575175182 0.0
-0.116548846977893 0.354654285887829 0.0
-0.112737898277911 0.415823917706535 0.0
-0.108802923503326 0.476994843365595 0.0
-0.103970117042194 -0.630995796162488 0.0
-0.101356148294387 -0.56969612312746 0.0
-0.0987353311367248 -0.508320712123943 0.0
-0.0960603246649701 -0.446876811704356 0.0
-0.0933063486721927 -0.385374862411188 0.0
-0.0904612627463981 -0.323826000320793 0.0
-0.0875219093364894 -0.26224162103769 0.0
-0.0844920920288562 -0.200633682273181 0.0
-0.0813787533973228 -0.139014987456263 0.0
-0.0781884457831369 -0.0773986085365732 0.0
-0.0749260174294876 -0.0157979701251519 0.0
-0.0715935036535903 0.0457733934652634 0.0
-0.0681884603497229 0.107302052489011 0.0
-0.0647020810161272 0.168775850080558 0.0
-0.0611198779446793 0.23018505740083 0.0
-0.0574315985437859 0.29152403477709 0.0
-0.0536575577120143 0.352789090452756 0.0
-0.0498830061270361 0.413970565990517 0.0
-0.0464098857887099 0.475079065309743 0.0
-0.042463432654462 -0.633387584917244 0.0
-0.0399067492339237 -0.572060938406085 0.0
-0.0373081806061415 -0.510654180150413 0.0
-0.034625443773146 -0.449175724822723 0.0
-0.0318392925366443 -0.38763567231102 0.0
-0.0289423634503593 -0.326044054198233 0.0
-0.0259343509946752 -0.264410750862774 0.0
-0.0228193268977411 -0.202745787454642 0.0
-0.0196029058408244 -0.141059788721897 0.0
-0.0162900250838167 -0.0793637786155912 0.0
-0.0128840180946241 -0.0176694805988545 0.0
-0.00938599805309676 0.0440108198725851 0.0
-0.00579440306489093 0.105664463162981 0.0
-0.00210569391771327 0.167279606727991 0.0
0.00168074327494272 0.228846394742148 0.0
0.00554862344824775 0.290359265992619 0.0
0.00943744328325171 0.351819284001745 0.0
0.0131829145045333 0.413242650559709 0.0
0.0163801187723669 0.474650432718316 0.0
0.0190944709698773 -0.635540679943204 0.0
0.0215927137005476 -0.574175901859406 0.0
0.0241754986203562 -0.51272351647416 0.0
0.0268749142910522 -0.451193223267061 0.0
0.0297025233004907 -0.389594644824828 0.0
0.0326606090044015 -0.327936457835076 0.0
0.0357469743442978 -0.266226761213086 0.0
0.0389573504596585 -0.204473519400999 0.0
0.0422872747336178 -0.142685190243497 0.0
0.0457333433226859 -0.0808707422906235 0.0
0.0492935913983367 -0.0190400622518963 0.0
0.0529673774169084 0.0427961601774687 0.0
0.0567544197482481 0.104626621028831 0.0
0.0606516134191158 0.166440497250036 0.0
0.0646446677034242 0.228228234874017 0.0
0.0686905418795016 0.289983110386209 0.0
0.0726840020120173 0.351702021416604 0.0
0.0764000036007375 0.413378667708446 0.0
0.0794569142573288 0.474965191809333 0.0
0.0806893399208011 -0.637439799134982 0.0
0.0831323630297875 -0.57602884412731 0.0
0.0857071575855751 -0.514520261576312 0.0
0.0884315983275034 -0.452924771249686 0.0
0.0913083370324188 -0.391251094216413 0.0
0.0943347070057139 -0.329506121608774 0.0
0.0975064814939191 -0.267695780510646 0.0
0.10081945497009 -0.205825668739619 0.0
0.104270387520677 -0.143901828276593 0.0
0.107857439316606 -0.0819309084436806 0.0
0.111579907189895 -0.0199206834134345 0.0
0.115437237362355 0.0421199292846862 0.0
0.119426619344856 0.104180770368174 0.0
0.123537651973449 0.166250882454873 0.0
0.127741383342045 0.228317980372092 0.0
0.131970238496974 0.290367634181605 0.0
0.136085457148113 0.352378720875342 0.0
0.13983965206435 0.414309526147024 0.0
0.142870652705583 0.476081356854946 0.0
0.142303395340914 -0.639090244442159 0.0
0.144699287167657 -0.577628526121771 0.0
0.147275048403981 -0.51605713089866 0.0
0.150031903564293 -0.454387024917542 0.0
0.152963453030982 -0.392625303357877 0.0
0.156062709150007 -0.330776478604044 0.0
0.159324072940997 -0.268843802421326 0.0
0.162743815324692 -0.206830062800788 0.0
0.166320144551578 -0.144738465405679 0.0
0.170052924983627 -0.0825729158504624 0.0
0.173942763303596 -0.0203386914225456 0.0
0.177989178376291 0.0419572690878973 0.0
0.182186988651596 0.104305731641572 0.0
0.186519480987426 0.166694614078148 0.0
0.190946077977165 0.229106761112462 0.0
0.19538229772282 0.29151642367959 0.0
0.199671857303242 0.353881525690384 0.0
0.203557352673924 0.416131946804166 0.0
0.206658138537985 0.478164089537135 0.0
0.203916519761963 -0.64051864260093 0.0
0.206278008071663 -0.579005384518106 0.0
0.208864162921756 -0.517368666440117 0.0
0.211659212889181 -0.455618386666074 0.0
0.21464873650886 -0.393759068547421 0.0
0.217822524211633 -0.331792156855249 0.0
0.221174425185391 -0.269717638804761 0.0
0.224701707880727 -0.207534913163332 0.0
0.228404369606801 -0.145243717625731 0.0
0.232284262737928 -0.0828444856025611 0.0
0.236343626614451 -0.0203391664791812 0.0
0.240582606239713 0.0422681771857419 0.0
0.244994873727452 0.104970131665491 0.0
0.249560140716545 0.167754303323909 0.0
0.254231823877355 0.230599329805868 0.0
0.258918572241592 0.293468879912151 0.0
0.263459006712255 0.356301647106542 0.0
0.267588273775269 0.418998756079124 0.0
0.270883161913361 0.481415004950623 0.0
0.265508161045864 -0.641773734377882 0.0
0.267851416164187 -0.58021243130313 0.0
0.270456605715957 -0.518512124191574 0.0
0.273293139581152 -0.456679918980321 0.0
0.276340668871419 -0.394716773586451 0.0
0.279587183978687 -0.33262037430551 0.0
0.283026880089346 -0.270386797745497 0.0
0.286658585195909 -0.208011327031927 0.0
0.290484485875075 -0.145489314681256 0.0
0.294508822933247 -0.0828165025632875 0.0
0.298736050801975 -0.0199898807779356 0.0
0.30316801526791 0.0429915246037883 0.0
0.30779937720812 0.106124943407741 0.0
0.312610407128628 0.169401299433104 0.0
0.317555885310123 0.232799559685525 0.0
0.322548848597362 0.296278069677987 0.0
0.327435941701406 0.359760328110756 0.0
0.331953735136915 0.423114668045245 0.0
0.335631461536897 0.486129873299295 0.0
0.327058750384299 -0.642927304401833 0.0
0.32940096221517 -0.581326254013331 0.0
0.332031338782103 -0.519568427085766 0.0
0.334909204041311 -0.457656409054383 0.0
0.338011028947873 -0.395586798871172 0.0
0.341324498554855 -0.333352923787997 0.0
0.34484500927582 -0.270946339344535 0.0
0.348573444197311 -0.208357410044416 0.0
0.352514525887399 -0.145575913896155 0.0
0.356675275904977 -0.0825911120167313 0.0
0.361063035840591 -0.0193923949959869 0.0
0.365682676925879 0.0440300634296419 0.0
0.370532456751805 0.1076835710924 0.0
0.375598084949956 0.171570011133694 0.0
0.380844172362044 0.23567917146339 0.0
0.386201578568261 0.299977501637408 0.0
0.39154463999908 0.364387283647256 0.0
0.396638404011701 0.428749602994493 0.0
0.400994768608228 0.492761555189262 0.0
0.38855034544391 -0.644075061553021 0.0
0.390905959357455 -0.582447729512519 0.0
0.393563409977499 -0.520642776083296 0.0
0.396478233150962 -0.45865726991768 0.0
0.399626388568533 -0.396482893961574 0.0
0.402996621187635 -0.334108370378378 0.0
0.406586173627401 -0.271520458235095 0.0
0.410398243011133 -0.208703972325765 0.0
0.414440199813422 -0.145641832834081 0.0
0.418722013509499 -0.0823145747361916 0.0
0.423254364904998 -0.0187003837783377 0.0
0.428046231609885 0.0452249761432694 0.0
0.433101747970279 0.109487341374637 0.0
0.438416485909797 0.174112401398527 0.0
0.443973068000044 0.239120297465472 0.0
0.44973528526647 0.304514828893677 0.0
0.455634454922363 0.370258431822623 0.0
0.461523682617153 0.436213524817609 0.0
0.467010450137585 0.502002976019173 0.0
0.449966642050876 -0.645336788192031 0.0
0.452342816027824 -0.583701615917923 0.0
0.455023815795113 -0.521864774905517 0.0
0.457966435764705 -0.4598166199715 0.0
0.461148531777422 -0.397544424923694 0.0
0.464560808327398 -0.335033276296691 0.0
0.468202489412705 -0.272265786945468 0.0
0.472078869108765 -0.20922115088966 0.0
0.476199627800116 -0.145874386374158 0.0
0.480577369096648 -0.0821950048842941 0.0
0.485225950417806 -0.0181459789166533 0.0
0.490158606595577 0.0463178749128876 0.0
0.495386071989152 0.111251481578964 0.0
0.50091556831407 0.176721697918411 0.0
0.506751825773774 0.242808471574773 0.0
0.51290188439137 0.309604790143232 0.0
0.519383732564894 0.377207436344449 0.0
0.526230719138558 0.44567112073115 0.0
0.533430362907458 0.514813030697776 0.0
