-0.708135969671376 -0.667641680704072 0.0
0.520858436058876 -0.711817415077826 0.0
-0.6526307284832 0.61237245798111 0.0
0.61237245798111 0.61237245798111 0.0
-0.646971242986617 -0.670537442732933 0.0
0.522880650544535 -0.650408032413621 0.0
0.542514374710363 0.581432611651874 0.0
-0.650856863159503 0.537918433541846 0.0
-0.585792234829959 -0.673182386647477 0.0
0.525289013713799 -0.588770069199896 0.0
0.474420007876727 0.563628127274439 0.0
-0.653361480276161 0.467693645780186 0.0
-0.524624111465649 -0.675847806788426 0.0
0.528004970347616 -0.526884114844507 0.0
0.408170585428211 0.552138573390062 0.0
-0.656392909954623 0.399901786412178 0.0
-0.463457572862539 -0.678588913255475 0.0
0.530984289142551 -0.46473693408932 0.0
0.343199924098899 0.544335884765254 0.0
-0.659489906364315 0.333645379820751 0.0
-0.402279931940881 -0.681426186600901 0.0
0.534202374584688 -0.40231532378691 0.0
0.27911208872984 0.538959754164506 0.0
-0.662599460534529 0.268428018925547 0.0
-0.341070277526712 -0.684353570198803 0.0
0.537646615163856 -0.33960312458482 0.0
0.215656717460832 0.535323095163245 0.0
-0.665719163785794 0.20395442727414 0.0
-0.279803540303943 -0.68733102549774 0.0
0.541312051976492 -0.276579483195418 0.0
0.152671210884101 0.533019710772377 0.0
-0.668848305670292 0.140039462074254 0.0
-0.218456912635678 -0.690294477457277 0.0
0.54519863452413 -0.213217227815546 0.0
0.0900429945442499 0.531793355076844 0.0
-0.671982434681712 0.0765624760369614 0.0
-0.157015236202671 -0.693170304659939 0.0
0.549309082392332 -0.149481534090312 0.0
0.0276861556158496 0.531460805796328 0.0
-0.675114942551965 0.0134429873061422 0.0
-0.0954735793045467 -0.695888158612017 0.0
0.553646887277903 -0.085327802651931 0.0
-0.0344718381895906 0.531750505001533 0.0
-0.678240180877324 -0.0493717008379063 0.0
-0.0338380948022343 -0.698390055479335 0.0
0.558214099215709 -0.0206993808413744 0.0
-0.0961621060799518 0.533483992443471 0.0
-0.6813598783706 -0.111913037332364 0.0
0.0278750425171912 -0.70063583814323 0.0
0.563008983920079 0.0444761200228335 0.0
-0.157643092773511 0.536106221542049 0.0
-0.684507993907397 -0.174192816000859 0.0
0.0896413379210605 -0.702605952662344 0.0
0.568023866206817 0.110292024662172 0.0
-0.219114903229155 0.538960572217601 0.0
-0.68790569540419 -0.236204632290773 0.0
0.151430499012366 -0.704302734653557 0.0
0.573244159472441 0.176871539686214 0.0
-0.280574181590429 0.542752232260929 0.0
-0.690427239153877 -0.298138509484202 0.0
0.213208386838165 -0.705751113774126 0.0
0.578650051776796 0.244382369674147 0.0
-0.3420849031581 0.547548704119538 0.0
-0.693139275523157 -0.360073412757145 0.0
0.274939894613203 -0.706999333890843 0.0
0.584223926225977 0.313065329270164 0.0
-0.403905839636879 0.554410791434935 0.0
-0.696374400309533 -0.421878249556651 0.0
0.336591932509485 -0.708119854260321 0.0
0.589970207192175 0.38329094102403 0.0
-0.466024535688786 0.562327649121527 0.0
-0.699457870642034 -0.483510879492046 0.0
0.398136955278049 -0.709210295882406 0.0
0.595974186644931 0.45567939945119 0.0
-0.528047642619976 0.571007439395461 0.0
-0.702535555059708 -0.544986548153476 0.0
0.459558530586717 -0.71039386689534 0.0
0.602651570664891 0.531362591679479 0.0
-0.590682361114969 0.585089699029303 0.0
-0.705301511151814 -0.606357258528663 0.0
-0.644165653302053 -0.609244595026809 0.0
-0.641363423671175 -0.547837752502306 0.0
-0.638319324001706 -0.486301299881194 0.0
-0.635261071285436 -0.424692784211472 0.0
-0.632125539824017 -0.363016403537359 0.0
-0.629388136812989 -0.301197252327363 0.0
-0.626745210716526 -0.239073365482727 0.0
-0.623447771887469 -0.176673391476503 0.0
-0.620297951542003 -0.114139595199549 0.0
-0.617185447848218 -0.0514174284872391 0.0
-0.614085722626884 0.0115378285384497 0.0
-0.610999393147124 0.0747673341111829 0.0
-0.607938105900753 0.13831455913849 0.0
-0.604920906308175 0.202227223373103 0.0
-0.601975942709443 0.266551876141144 0.0
-0.599150610714518 0.33131408353227 0.0
-0.596547397188359 0.39645819926438 0.0
-0.594451953421311 0.461674208268102 0.0
-0.593761651779356 0.525862592569443 0.0
-0.582995404248534 -0.611875997517624 0.0
-0.58012933468393 -0.550476447557515 0.0
-0.577125969693659 -0.488952849828085 0.0
-0.574090131320321 -0.427303590040349 0.0
-0.571087446684068 -0.365480065998006 0.0
-0.568314352625153 -0.303515895640267 0.0
-0.565507864026511 -0.241425501438999 0.0
-0.562387748870991 -0.179112094865553 0.0
-0.559308639923172 -0.116622108834334 0.0
-0.556256894454266 -0.0539527421060312 0.0
-0.553230861731943 0.00890460578896081 0.0
-0.550242811601351 0.0719541480175069 0.0
-0.547315745762566 0.135188566358674 0.0
-0.544483321402331 0.198578036330015 0.0
-0.541793237238784 0.262049432632132 0.0
-0.539315576840434 0.325451791194061 0.0
-0.537157326492328 0.388502855629582 0.0
-0.535446504452451 0.450722883865789 0.0
-0.533410615252902 0.511390368422578 0.0
-0.521801045244895 -0.614554386652366 0.0
-0.518905645743689 -0.553155274428416 0.0
-0.51593878867022 -0.491626843675605 0.0
-0.512970675835058 -0.429956299644375 0.0
-0.510062371347682 -0.36814146626791 0.0
-0.507261623211915 -0.306216791025727 0.0
-0.504406628703038 -0.244168064994724 0.0
-0.50139705736485 -0.181952716374916 0.0
-0.49839713390006 -0.119597863791367 0.0
-0.49542267979888 -0.057118548344409 0.0
-0.492485405974023 0.00546727742027964 0.0
-0.489604648819725 0.0681304796021762 0.0
-0.486807284461055 0.130823279957321 0.0
-0.484126295898523 0.193471281013507 0.0
-0.481597747685194 0.255964833396101 0.0
-0.479251462861868 0.318155806926655 0.0
-0.477073986309949 0.379868083766257 0.0
-0.474792238505162 0.440934384619046 0.0
-0.471397938854632 0.501428503615515 0.0
-0.460596637881068 -0.617310960602631 0.0
-0.457696467697476 -0.555927093632128 0.0
-0.454776644227398 -0.494420657278963 0.0
-0.451877878513701 -0.432788251038215 0.0
-0.449029762756075 -0.37103955205744 0.0
-0.446226870248843 -0.309192439096747 0.0
-0.443376077702803 -0.247240738153417 0.0
-0.44044417762106 -0.185175356236492 0.0
-0.437513224516707 -0.123022138387388 0.0
-0.434605495254348 -0.0608080875535534 0.0
-0.43173736350487 0.00143345388892065 0.0
-0.428928081334923 0.0636585889061626 0.0
-0.426199198466701 0.125810028893934 0.0
-0.42357071468804 0.187816709949957 0.0
-0.421052863489927 0.249596110352684 0.0
-0.418625748794312 0.311062200775047 0.0
-0.416172285319671 0.372138344379083 0.0
-0.413298924512097 0.43279504546789 0.0
-0.408850662854005 0.493073293983618 0.0
-0.399381964717037 -0.620170692521958 0.0
-0.39649367651697 -0.558817941765443 0.0
-0.393623651211373 -0.497356569594044 0.0
-0.390784705800324 -0.435788081491587 0.0
-0.38798060048137 -0.374123756388619 0.0
-0.385189073273434 -0.312377407421779 0.0
-0.382356939117284 -0.250553180675156 0.0
-0.379475332308296 -0.188659309979941 0.0
-0.376588689330879 -0.126722838314677 0.0
-0.373717441814415 -0.0647748333989745 0.0
-0.370877002767345 -0.00285136884227118 0.0
-0.368082313544138 0.0590056327733769 0.0
-0.365346373546447 0.120748751946209 0.0
-0.362675247950529 0.182327517214187 0.0
-0.360057316633701 0.243691762217092 0.0
-0.357436485548548 0.304797206709019 0.0
-0.354645692079218 0.365616377739657 0.0
-0.351265888534491 0.42616433461609 0.0
-0.34670312381974 0.486634621071104 0.0
-0.338145541485312 -0.623122587428653 0.0
-0.335280612455026 -0.561806181745697 0.0
-0.332459036851024 -0.500395486832209 0.0
-0.329669217220129 -0.438894320086691 0.0
-0.326897190984063 -0.377314565302718 0.0
-0.324117016258679 -0.315669873329227 0.0
-0.321297361242385 -0.253971053644383 0.0
-0.318437465380095 -0.192233689699025 0.0
-0.315563124185089 -0.130483619582683 0.0
-0.312690596790054 -0.068749724199722 0.0
-0.309832221087125 -0.00706327941198981 0.0
-0.306998031816901 0.0545427254397713 0.0
-0.304193672924849 0.116034799893151 0.0
-0.30141476619525 0.177381457891353 0.0
-0.298634579814939 0.23855605064187 0.0
-0.295776999768715 0.299543146264953 0.0
-0.292666099741127 0.360353431293468 0.0
-0.289014447620633 0.421067669502503 0.0
-0.284778378751559 0.481887750759813 0.0
-0.276870993496277 -0.62612010225492 0.0
-0.27403917289187 -0.564834395737535 0.0
-0.271262966805348 -0.503466405402182 0.0
-0.268511104940859 -0.442021163815779 0.0
-0.265758738366558 -0.380510638217989 0.0
-0.26298080550592 -0.318948634960226 0.0
-0.260157826847453 -0.257348806212766 0.0
-0.25729134802194 -0.195728355610815 0.0
-0.254397363939219 -0.13410984725994 0.0
-0.2514882266016 -0.0725172927627794 0.0
-0.248573294217006 -0.0109752030348184 0.0
-0.245658885086942 0.0504924059184054 0.0
-0.242745824778355 0.111863130540462 0.0
-0.239823676739581 0.17311834342306 0.0
-0.236859187250565 0.234245961876663 0.0
-0.233776408337095 0.295247462013632 0.0
-0.2304429660238 0.356153160615344 0.0
-0.226739830471012 0.417040933695744 0.0
-0.222738483791751 0.477980234789974 0.0
-0.215542465307386 -0.629094576684371 0.0
-0.212753194607405 -0.567826784046941 0.0
-0.210018520763215 -0.506484911077634 0.0
-0.207293324787468 -0.445074687452216 0.0
-0.204547355583882 -0.383607766334272 0.0
-0.201758234035614 -0.32209755365686 0.0
-0.198913380966258 -0.260558029552089 0.0
-0.196015009380475 -0.199005306737595 0.0
-0.193073931974659 -0.137458110071479 0.0
-0.190099706520296 -0.0759355234066712 0.0
-0.18709960663881 -0.0144562631709673 0.0
-0.184077778530498 0.0469621993766641 0.0
-0.181032778453592 0.108304551251324 0.0
-0.177952542196892 0.169559697223915 0.0
-0.174806088219676 0.230723772492421 0.0
-0.171535688837357 0.291807497382156 0.0
-0.168070186066982 0.352847211846471 0.0
-0.164386592378081 0.413906009476788 0.0
-0.160561459864987 0.475056725899355 0.0
-0.154148674085224 -0.63197030059199 0.0
-0.151411082585534 -0.570704272871734 0.0
-0.148713777786489 -0.509367884929333 0.0
-0.146004274897716 -0.447967535346552 0.0
-0.14325149002308 -0.386514433923473 0.0
-0.140436847135745 -0.325021157025266 0.0
-0.137552513142524 -0.263500779284783 0.0
-0.134601262902157 -0.201967425210467 0.0
-0.131591328804497 -0.140436409164842 0.0
-0.128530589640892 -0.0789229433634952 0.0
-0.125425185839362 -0.0174417667261752 0.0
-0.122278500153745 0.0439934927548103 0.0
-0.119089193809304 0.105370979698757 0.0
-0.115847943030575 0.166682402126668 0.0
-0.112534226983379 0.227925498281959 0.0
-0.109119745048961 0.289109040922792 0.0
-0.105592025354054 0.350256362812998 0.0
-0.102000430274895 0.411400763602524 0.0
-0.0984525940349194 0.472577060603645 0.0
-0.0926849391190665 -0.634676854224881 0.0
-0.0900070097139857 -0.57339607587558 0.0
-0.0873425299984798 -0.512044197441108 0.0
-0.0846383084137182 -0.450628585939877 0.0
-0.0818663270705801 -0.389160087279416 0.0
-0.0790127816166332 -0.327650269716492 0.0
-0.0760737780148084 -0.266110834929053 0.0
-0.0730529436851728 -0.204553829199009 0.0
-0.0699573867510552 -0.142991842433044 0.0
-0.066794104162709 -0.0814373291318203 0.0
-0.0635688110065095 -0.0199025724348097 0.0
-0.0602851921153402 0.0416007061897025 0.0
-0.0569438919520017 0.103061735975272 0.0
-0.0535416427398547 0.164472050302375 0.0
-0.0500730926604977 0.225826839967569 0.0
-0.0465413083900324 0.287127023204527 0.0
-0.042984063389825 0.348378186693286 0.0
-0.0395125145741679 0.40958368600797 0.0
-0.0364257327682626 0.470751982533448 0.0
-0.0311541414525832 -0.637157511441604 0.0
-0.028541444749736 -0.575847110743805 0.0
-0.0259044559795498 -0.514460877840811 0.0
-0.0231956510304567 -0.453007519901783 0.0
-0.0203933156558906 -0.39149760678416 0.0
-0.0174892090404941 -0.329941588496337 0.0
-0.0144830648337628 -0.268349593319714 0.0
-0.0113795820364065 -0.20673165577576 0.0
-0.00818546763788629 -0.145098104810716 0.0
-0.00490726685897101 -0.083459278195025 0.0
-0.00155067284259429 -0.0218257176125952 0.0
0.00187965686922619 0.0397920888011082 0.0
0.00537989861828528 0.101384003672657 0.0
0.00894553678197683 0.162941469641202 0.0
0.0125657456433303 0.22445854951805 0.0
0.0162092964738272 0.285933748986745 0.0
0.0197980947675328 0.347370741500301 0.0
0.0231586366503882 0.408780139168351 0.0
0.0259466212615846 0.470164327488693 0.0
0.0304338897801508 -0.639374090678763 0.0
0.0329795382412187 -0.578021968102893 0.0
0.0355956627695522 -0.516585939552933 0.0
0.0383184640388071 -0.455076231694744 0.0
0.0411609100405749 -0.393503033308346 0.0
0.0441252281932925 -0.331875450345487 0.0
0.0472083265773844 -0.270201807270922 0.0
0.0504044360493672 -0.208490061438833 0.0
0.0537069965495258 -0.146748398130917 0.0
0.057109749455245 -0.0849851998435066 0.0
0.0606067992780591 -0.02320939672581 0.0
0.0641920270535271 0.0385696956649721 0.0
0.0678575363680166 0.100342562760391 0.0
0.0715899063589204 0.162100466157182 0.0
0.0753616696285783 0.223835893798328 0.0
0.079114730811128 0.285543376756864 0.0
0.0827317021639802 0.34721864495159 0.0
0.0859944748831442 0.408851288244706 0.0
0.0885575260158358 0.470402904056231 0.0
0.0920635122652727 -0.641309334942441 0.0
0.0945451574936176 -0.579906718994485 0.0
0.097148643945261 -0.518409434317229 0.0
0.0998943561962448 -0.456828994706115 0.0
0.1027850655612 -0.395174784614146 0.0
0.105817031010951 -0.333454137814744 0.0
0.108984242435341 -0.271673206952705 0.0
0.112280095211908 -0.209837618926523 0.0
0.115698218538292 -0.147953256250063 0.0
0.119232651279965 -0.0860264136026554 0.0
0.122877201013724 -0.0240643048055561 0.0
0.126623990308544 0.0379249144310945 0.0
0.130460580975149 0.0999320023029742 0.0
0.134364386259566 0.161946955040899 0.0
0.138292145265372 0.223958257733803 0.0
0.142161999828626 0.285951747913963 0.0
0.14582672969366 0.347906224833591 0.0
0.149043740964453 0.409783165830069 0.0
0.151465550317758 0.471514895532899 0.0
0.153715215137285 -0.642968051530663 0.0
0.15614136030291 -0.581509823749729 0.0
0.158741909812316 -0.519944008985106 0.0
0.161518607585593 -0.458282610858323 0.0
0.164463766616482 -0.396533437363249 0.0
0.167568300850538 -0.334701422427851 0.0
0.170823964151994 -0.272790032713698 0.0
0.174223753574437 -0.210802134564832 0.0
0.177761736384792 -0.14874091992762 0.0
0.18143242580478 -0.0866102148447898 0.0
0.18522945005277 -0.0244151707663438 0.0
0.189143278806142 0.0378374208436764 0.0
0.193157258361986 0.100138457217062 0.0
0.197240769595379 0.162475927149008 0.0
0.201337711874393 0.224832681048238 0.0
0.205348851036543 0.287183148421499 0.0
0.209107974040926 0.349486755005103 0.0
0.212355768842259 0.411678287183289 0.0
0.21471546698895 0.473662629374578 0.0
0.215366956810474 -0.644377894043797 0.0
0.217751397065404 -0.582862939644364 0.0
0.220359474336825 -0.521225624311577 0.0
0.223173704796718 -0.459477020085927 0.0
0.22617698647705 -0.397622306187918 0.0
0.229356069708416 -0.335663252485109 0.0
0.232701373403799 -0.27360000244629 0.0
0.236206084101132 -0.211432051883847 0.0
0.239865109363002 -0.149159247499674 0.0
0.243673789418693 -0.0867821933580683 0.0
0.247625980034069 -0.0243031124044869 0.0
0.251711141111743 0.038273516813549 0.0
0.255909668142821 0.100939689740691 0.0
0.260185483727764 0.16368225524217 0.0
0.264474513618249 0.226479078590169 0.0
0.268668055076231 0.289293580068718 0.0
0.272590130891762 0.35206586859236 0.0
0.275966345190657 0.414701425947071 0.0
0.278371326265267 0.477061857097652 0.0
0.276996209596709 -0.645590353846107 0.0
0.27935681756455 -0.584022065680771 0.0
0.281982295167078 -0.522314706407203 0.0
0.284838102266313 -0.46047648133959 0.0
0.287899990089349 -0.39850878962557 0.0
0.291152132765745 -0.336409442668622 0.0
0.294584637080427 -0.274174542013275 0.0
0.298191537358904 -0.211799425060854 0.0
0.30196906652906 -0.149279612689303 0.0
0.305913877546279 -0.0866111950418892 0.0
0.310020721039967 -0.0237917538239064 0.0
0.314279178308943 0.0391787825076824 0.0
0.318668772417566 0.102296368944547 0.0
0.323151734089904 0.165550273509415 0.0
0.32766233983987 0.228917592892977 0.0
0.332091662323089 0.292355132602302 0.0
0.336264507178806 0.355786261974843 0.0
0.339898487806743 0.419081943276475 0.0
0.342513689939682 0.482036742308488 0.0
0.338581498422357 -0.646682119392726 0.0
0.340937648948383 -0.585069023050007 0.0
0.343587904703875 -0.523297584490364 0.0
0.34648573499076 -0.461371106907827 0.0
0.349602825914894 -0.399286240201178 0.0
0.352922496202677 -0.337036138101758 0.0
0.356435544478449 -0.274612176519317 0.0
0.360137458717569 -0.212004653297299 0.0
0.364026240935933 -0.149203472728063 0.0
0.368100345085269 -0.0861982883068947 0.0
0.372356179007574 -0.0229792357719886 0.0
0.376784819300093 0.0404623031521282 0.0
0.381367438713948 0.104131835882802 0.0
0.38606904301377 0.168028740966737 0.0
0.390829694693813 0.232139600615324 0.0
0.395551725648635 0.296427263431394 0.0
0.400077298741437 0.360810909499605 0.0
0.40413845221624 0.425130845851665 0.0
0.407223910833155 0.489088208541109 0.0
0.400103110804767 -0.647756689821913 0.0
0.402471549085819 -0.586112924886513 0.0
0.405149394340317 -0.524287791656963 0.0
0.408085158424672 -0.462278359645448 0.0
0.411249577195209 -0.400075871776083 0.0
0.414626716328953 -0.337668541954265 0.0
0.418208854194669 -0.275042698785656 0.0
0.421993297968108 -0.212182874327389 0.0
0.425980030574461 -0.149071910020853 0.0
0.430169579080034 -0.0856905376228185 0.0
0.434560563910212 -0.0220175208989523 0.0
0.439146705371303 0.0419702637592577 0.0
0.443913055985458 0.106296793804545 0.0
0.448831498101798 0.170984884046577 0.0
0.453855202387431 0.236050484555557 0.0
0.458910964231626 0.301491659597303 0.0
0.463883417398789 0.367263756328205 0.0
0.468569333803368 0.433222435961651 0.0
0.472521310423366 0.498989446894619 0.0
0.46154300520305 -0.648945709250594 0.0
0.463932633466887 -0.587290841764217 0.0
0.466634840070414 -0.525426947560647 0.0
0.469599270108897 -0.463343648738938 0.0
0.472798510578589 -0.401027423487457 0.0
0.476218448927413 -0.338462601047118 0.0
0.479853082223068 -0.275631081615513 0.0
0.483701412256974 -0.212511399150082 0.0
0.487765169825764 -0.149078000365318 0.0
0.492046763333644 -0.0852999849613076 0.0
0.496546991864059 -0.0211401882787762 0.0
0.50126247709364 0.0434462657931618 0.0
0.506182904806613 0.108513302433747 0.0
0.511288675092595 0.174125722048397 0.0
0.516549617670341 0.240359809683936 0.0
0.521925689308111 0.30730246276241 0.0
0.527368684451188 0.375040873629417 0.0
0.532816755055571 0.44361626330052 0.0
0.538128340681843 0.512833703851348 0.0
