-0.696399403372222 -0.67018180051676 0.0
0.532983968145144 -0.715247443397727 0.0
-0.634860368072987 0.61237245798111 0.0
0.61237245798111 0.61237245798111 0.0
-0.635240861510078 -0.673152271572345 0.0
0.534992183453426 -0.653827356673733 0.0
0.544838217758109 0.579457268699033 0.0
-0.635509822662474 0.537441608462057 0.0
-0.574069398819742 -0.675877326801191 0.0
0.537404152568023 -0.59216643288313 0.0
0.4782108647142 0.560516064657324 0.0
-0.639263420849988 0.466808620890937 0.0
-0.51291194827772 -0.678629705382594 0.0
0.540130460554659 -0.53024422781715 0.0
0.413085969863216 0.548353852479278 0.0
-0.643025824427303 0.398657006885164 0.0
-0.451758537348784 -0.681471293616766 0.0
0.543120139922352 -0.468046902111623 0.0
0.349058809642187 0.540146841451253 0.0
-0.646575920955732 0.332098515968027 0.0
-0.390594125631104 -0.68442402642949 0.0
0.54634339826938 -0.405560577344375 0.0
0.285801285480612 0.534533296740077 0.0
-0.649972208667421 0.26663404853573 0.0
-0.329394723096191 -0.687478835818504 0.0
0.549782720977772 -0.342768175388269 0.0
0.223099504957133 0.530771141334074 0.0
-0.653273488360149 0.201961678641216 0.0
-0.268132182967931 -0.6905896031596 0.0
0.553427733045677 -0.279647642632066 0.0
0.160815323271923 0.528424242750967 0.0
-0.656516263461499 0.137889153657122 0.0
-0.206781201801564 -0.693684690111503 0.0
0.557271801694996 -0.216170349716807 0.0
0.0988563181934636 0.527223030255759 0.0
-0.659720214084613 0.0742893428194373 0.0
-0.145325071130725 -0.696682829174367 0.0
0.56130928160396 -0.152299819051817 0.0
0.0371567019768834 0.526990294574236 0.0
-0.66289508508868 0.0110761638364795 0.0
-0.0837583896393777 -0.699506906848365 0.0
0.565532880524557 -0.0879896911663132 0.0
-0.02433340651814 0.52753336040371 0.0
-0.666046715414378 -0.0518078071977307 0.0
-0.0220878754701959 -0.702093568109152 0.0
0.569930741415794 -0.0231815619127511 0.0
-0.0854482258667613 0.529136560616265 0.0
-0.669185264632655 -0.11439795810557 0.0
0.0396688479485308 -0.704398863032546 0.0
0.574483242326832 0.0421985579111861 0.0
-0.146448572446245 0.53161463676329 0.0
-0.672351597356527 -0.176709323220407 0.0
0.101485142350667 -0.706401028044001 0.0
0.57915962707723 0.108245259218329 0.0
-0.207415001211176 0.534869581131338 0.0
-0.675782815548406 -0.238737653121011 0.0
0.163328057168182 -0.708101729927496 0.0
0.583915021356961 0.175082413391645 0.0
-0.268305395904428 0.538964529897017 0.0
-0.678327546112165 -0.300688638743846 0.0
0.225160434233651 -0.709526787181759 0.0
0.588688409925133 0.242877306040079 0.0
-0.329157712466641 0.54416724122722 0.0
-0.681067532530528 -0.362634653609431 0.0
0.286943924067897 -0.710727046854791 0.0
0.593402835227168 0.311868242423634 0.0
-0.39030671997058 0.551064262110076 0.0
-0.684348960375086 -0.424437875381976 0.0
0.348642124002542 -0.711779642117498 0.0
0.597970467940565 0.382418883429157 0.0
-0.45178612919453 0.559117717126636 0.0
-0.687492920366909 -0.48606597225431 0.0
0.41022432948649 -0.712789555436024 0.0
0.602318425254867 0.455133205648488 0.0
-0.513074191170238 0.568578243863393 0.0
-0.690640413028648 -0.547536648253801 0.0
0.471671483552601 -0.713891038295384 0.0
0.6065551334402 0.531109767503083 0.0
-0.574705581791115 0.583522525114176 0.0
-0.69348442309522 -0.608902034425377 0.0
-0.632354674121437 -0.611862849872359 0.0
-0.629473032520563 -0.550459244878927 0.0
-0.626358547826475 -0.488924490283376 0.0
-0.623241829339533 -0.427316003139722 0.0
-0.62005782413255 -0.365637957594002 0.0
-0.617287268396685 -0.303806466064801 0.0
-0.61462658406639 -0.24165983674174 0.0
-0.611307575664777 -0.179233515955519 0.0
-0.608142438350262 -0.116663324065934 0.0
-0.605014572136693 -0.0538927314353057 0.0
-0.601892941727029 0.00912488536998843 0.0
-0.598769995945818 0.0724323154864993 0.0
-0.595646277282713 0.136074168173708 0.0
-0.592525148364383 0.200098327716406 0.0
-0.589411996895048 0.264549589515748 0.0
-0.586320321127899 0.329448123399661 0.0
-0.583300752784214 0.394726501624827 0.0
-0.580557776170743 0.460054429395497 0.0
-0.578865677350007 0.524316256724783 0.0
-0.571189355760868 -0.614573120075364 0.0
-0.568243807122745 -0.553175209920878 0.0
-0.565171669910213 -0.491652349225736 0.0
-0.56207964495934 -0.430001720237141 0.0
-0.559034106354403 -0.368172306024865 0.0
-0.556233400579907 -0.306197425640851 0.0
-0.553410135320344 -0.244092925258039 0.0
-0.550275788110777 -0.181759461256207 0.0
-0.547187527582715 -0.119243519902092 0.0
-0.544127151975166 -0.0565422387691662 0.0
-0.541087185687557 0.0063525983200666 0.0
-0.538072332438736 0.0694439957566145 0.0
-0.535095364341133 0.132722184562088 0.0
-0.53217581129437 0.196153121377559 0.0
-0.529341666669969 0.259657190500409 0.0
-0.52663545937875 0.323074775976123 0.0
-0.524126099669363 0.386115373083248 0.0
-0.521894073308647 0.448301090611248 0.0
-0.519185619955646 0.508940920787315 0.0
-0.510001973173658 -0.617339764896385 0.0
-0.507027213565399 -0.555944295328575 0.0
-0.503994231029103 -0.494418954915066 0.0
-0.500974656208504 -0.432749883464104 0.0
-0.498029697701455 -0.37093440798632 0.0
-0.49520643028575 -0.309007396943147 0.0
-0.492339101137462 -0.246954739575981 0.0
-0.48932274157578 -0.184733583297914 0.0
-0.48632110540594 -0.122372057668358 0.0
-0.483346150321503 -0.0598865347591463 0.0
-0.480404324911539 0.00270312919007629 0.0
-0.477508012274486 0.065365124778228 0.0
-0.474674732981189 0.128048144215772 0.0
-0.471924771834876 0.190673568353693 0.0
-0.469277035223404 0.253127530246498 0.0
-0.466738889674872 0.315259355342555 0.0
-0.464271513866731 0.376894984130304 0.0
-0.461598491181329 0.437876236585086 0.0
-0.457836597967942 0.498281487315303 0.0
-0.448806014842621 -0.620199602105227 0.0
-0.445827080263735 -0.558823284153276 0.0
-0.442844809296371 -0.497324835893629 0.0
-0.439900023459345 -0.435700367437816 0.0
-0.437021333827335 -0.373959655042856 0.0
-0.434201494938541 -0.312121120318112 0.0
-0.431343969722469 -0.250179200265641 0.0
-0.428412303838703 -0.188125552693281 0.0
-0.425486866149771 -0.125987489278953 0.0
-0.422586368480318 -0.0637937287175348 0.0
-0.419722282497013 -0.00157953476412312 0.0
-0.416907308800676 0.0606092369325209 0.0
-0.414154199384299 0.122713725518104 0.0
-0.411471222199426 0.184662494765184 0.0
-0.408853510157026 0.246375218571103 0.0
-0.406263904957425 0.307772672535123 0.0
-0.403574562522565 0.368792146719057 0.0
-0.400422458148846 0.429425754168208 0.0
-0.395848550509468 0.489740580946212 0.0
-0.387599921364981 -0.62317802770127 0.0
-0.384634142494781 -0.561837429605917 0.0
-0.381705901096098 -0.500389970577559 0.0
-0.378826476880468 -0.438836947828767 0.0
-0.375997587749738 -0.377190013016863 0.0
-0.373194525973516 -0.315463733453232 0.0
-0.370361075920175 -0.253663141480339 0.0
-0.367485691157301 -0.191797508269298 0.0
-0.364610651808544 -0.129895183646101 0.0
-0.361753028768802 -0.0679884555676382 0.0
-0.358923677030124 -0.00611428617865831 0.0
-0.356131497803162 0.0556852287738737 0.0
-0.353381594570304 0.1173638180189 0.0
-0.350670098230366 0.178874366202583 0.0
-0.347974111019669 0.240173485661227 0.0
-0.345228605532108 0.301228593079218 0.0
-0.342272427001916 0.362029945738629 0.0
-0.33874046039381 0.422614460525719 0.0
-0.334129353664664 0.483175409049293 0.0
-0.326370294279847 -0.626260249846672 0.0
-0.323430011893627 -0.56496020147016 0.0
-0.320554767111799 -0.503568888777205 0.0
-0.317729782761402 -0.442090047857073 0.0
-0.314938165204634 -0.380536046117359 0.0
-0.312151194852856 -0.31892131996686 0.0
-0.309334801803923 -0.257257545148768 0.0
-0.306485873039444 -0.195561188510399 0.0
-0.303628003084875 -0.133858917546556 0.0
-0.300774447843354 -0.0721800904873382 0.0
-0.297933610983439 -0.0105558402252315 0.0
-0.295110513931571 0.0509819435234475 0.0
-0.292304681689183 0.112402247211942 0.0
-0.289504986696153 0.173677908097667 0.0
-0.28667920033352 0.234788832595592 0.0
-0.283752356041018 0.295728202517946 0.0
-0.280568476877494 0.356515115582877 0.0
-0.27688571759868 0.417228901743117 0.0
-0.272644802760614 0.478045319435608 0.0
-0.265098691304526 -0.629393116993433 0.0
-0.262194728056258 -0.568126815259045 0.0
-0.259369614804815 -0.506782261695023 0.0
-0.256587497963675 -0.445364446624044 0.0
-0.253819974188571 -0.383885808402251 0.0
-0.251039113013676 -0.322360845929138 0.0
-0.248223012986419 -0.260803913999923 0.0
-0.245371221572617 -0.199232823446238 0.0
-0.242497817642855 -0.137670531135928 0.0
-0.239612761585482 -0.076141011061849 0.0
-0.236722443252858 -0.0146681160703585 0.0
-0.23382965907092 0.0467256105371383 0.0
-0.230931452913642 0.10802023743223 0.0
-0.228014315790445 0.169200718916656 0.0
-0.225045084753479 0.230259525052658 0.0
-0.221956123096818 0.291202802085722 0.0
-0.218637117440893 0.352062996415554 0.0
-0.214993296635708 0.412914346069809 0.0
-0.211098040508955 0.473837290664136 0.0
-0.203767454329671 -0.632500159035034 0.0
-0.20091049450076 -0.57125330117996 0.0
-0.198131870630156 -0.509937047701985 0.0
-0.195380882918431 -0.448557098024512 0.0
-0.192623431331586 -0.387125523428413 0.0
-0.189834413643274 -0.325656303203048 0.0
-0.1869992446553 -0.264163950177679 0.0
-0.184118611687219 -0.202664957937427 0.0
-0.181201943429356 -0.141178171498797 0.0
-0.178257225228988 -0.0797223928194745 0.0
-0.175289946059321 -0.0183155395685345 0.0
-0.172302428508275 0.0430263241018831 0.0
-0.169291886335655 0.104289939406022 0.0
-0.16624661162308 0.165466801163386 0.0
-0.1631400855127 0.226555666331408 0.0
-0.159926583944052 0.287568471806123 0.0
-0.156555481362595 0.348538600521197 0.0
-0.153029668504163 0.40952086385734 0.0
-0.149482270533191 0.47057471616971 0.0
-0.142364070978561 -0.635497999694291 0.0
-0.139564561575759 -0.5742528692324 0.0
-0.136828460350354 -0.512942343721767 0.0
-0.134097208227936 -0.45157283112981 0.0
-0.131335937546869 -0.39015592733305 0.0
-0.128523727915607 -0.328704691375183 0.0
-0.125651282051529 -0.267232600598026 0.0
-0.122720445893905 -0.205753998493866 0.0
-0.119738764512781 -0.144284140645106 0.0
-0.116713488695316 -0.0828377948088078 0.0
-0.113650247911252 -0.021428768401948 0.0
-0.110552307915918 0.0399308292126309 0.0
-0.107419223078694 0.10123133516515 0.0
-0.104244732944344 0.162467345077254 0.0
-0.101015295490661 0.223640029662907 0.0
-0.0977149930955607 0.284761790470712 0.0
-0.0943489264060183 0.34586007518311 0.0
-0.0909924163395275 0.406975125281892 0.0
-0.0878461756358363 0.468153561146073 0.0
-0.0808833631967601 -0.638309573472905 0.0
-0.0781505474044017 -0.577048226463968 0.0
-0.0754525850063094 -0.515720682320378 0.0
-0.0727302630950404 -0.454334416780055 0.0
-0.0699522078171824 -0.392900676152553 0.0
-0.0671028675029125 -0.331431460164963 0.0
-0.0641775505860141 -0.269938778842385 0.0
-0.0611796622853254 -0.20843477142994 0.0
-0.0581164406088666 -0.146931819638298 0.0
-0.0549952995202723 -0.0854417654004761 0.0
-0.0518228002947347 -0.0239757531625162 0.0
-0.0486042590801938 0.0374563113890308 0.0
-0.0453433782899451 0.0988463335102984 0.0
-0.0420423528188492 0.160189585314065 0.0
-0.0387047947541879 0.22148628907199 0.0
-0.0353467889443138 0.282744137575992 0.0
-0.0320231770857213 0.343978329432499 0.0
-0.0288706960497887 0.405205513017586 0.0
-0.0261857714111467 0.466432023389119 0.0
-0.01932846277265 -0.640872963973729 0.0
-0.0166689644540656 -0.579579323934731 0.0
-0.0140038558139891 -0.51821440216376 0.0
-0.0112801960114799 -0.456787184968674 0.0
-0.00847368581537192 -0.395308705402607 0.0
-0.0055751268379439 -0.333789829992594 0.0
-0.00258423321290041 -0.272240935901904 0.0
0.000493714804058654 -0.210672069527165 0.0
0.00365095617649094 -0.149093266788925 0.0
0.00687937058492615 -0.0875141810458347 0.0
0.0101709343775727 -0.0259441717568956 0.0
0.0135174748817038 0.0356080740722122 0.0
0.0169098219214285 0.0971349490775306 0.0
0.0203354695015022 0.158631189724477 0.0
0.0237722541017652 0.220094771770905 0.0
0.027174125584966 0.281528198681207 0.0
0.0304454810344364 0.342937504246454 0.0
0.0334034383052157 0.404327218451551 0.0
0.0357640300804904 0.465681170806448 0.0
0.0422898894667859 -0.643146385079703 0.0
0.0448735575023733 -0.581807387305527 0.0
0.0475125877739596 -0.520388452394081 0.0
0.05024746196829 -0.458900321437201 0.0
0.0530926614613133 -0.39735374456122 0.0
0.0560504306069218 -0.335758257010024 0.0
0.0591168369491222 -0.274122411686553 0.0
0.062284655773763 -0.212454163913816 0.0
0.0655452692240041 -0.150761433704173 0.0
0.0688896004662056 -0.089052027963482 0.0
0.0723078583135643 -0.0273339364783169 0.0
0.0757884820025194 0.0343848717931375 0.0
0.0793160007131499 0.0960966218129011 0.0
0.0828667246683218 0.157794567408905 0.0
0.0864000523687908 0.219473070859767 0.0
0.0898428303946259 0.281127638170811 0.0
0.0930653625540556 0.342752474579953 0.0
0.0958560889840893 0.404332955945513 0.0
0.0979068693650286 0.465840619965683 0.0
0.103954622163366 -0.645110535263412 0.0
0.106465299539018 -0.583716663703383 0.0
0.109086900784865 -0.522231338653667 0.0
0.111842471701213 -0.460666860395054 0.0
0.114734995710276 -0.399033276996949 0.0
0.117759719960494 -0.337338369187713 0.0
0.120908899808598 -0.275588522659622 0.0
0.124173574672061 -0.213789404960372 0.0
0.127544284097813 -0.151946756845305 0.0
0.131010986821663 -0.0900665458292131 0.0
0.134562043830167 -0.0281554687463436 0.0
0.138182299368206 0.0337790111510555 0.0
0.141849734499702 0.095728458695705 0.0
0.145529614251946 0.157683650550394 0.0
0.149164359408414 0.21963358744762 0.0
0.152657683765284 0.281564049524783 0.0
0.155853505731163 0.343453465245389 0.0
0.158513699456157 0.405266411566279 0.0
0.160306510328118 0.46694674265806 0.0
0.165644441163407 -0.646769686841467 0.0
0.168091027781746 -0.585315274097496 0.0
0.170705642380561 -0.52375560333614 0.0
0.173490672016331 -0.462103717107012 0.0
0.176437214577739 -0.400368142640904 0.0
0.179534136345273 -0.338554244228776 0.0
0.182770587543913 -0.276665715863732 0.0
0.186136333775914 -0.214705521161272 0.0
0.189621345510846 -0.152676867758895 0.0
0.193214832668815 -0.090583547745858 0.0
0.196903497850396 -0.0284306570624398 0.0
0.200668818649219 0.033775052807976 0.0
0.204482722459577 0.0960244493498261 0.0
0.20830070554977 0.158305358375163 0.0
0.212051065317362 0.220600315333625 0.0
0.215619517391424 0.282883529520849 0.0
0.218829348296502 0.345115495455657 0.0
0.22141882050258 0.407235588320142 0.0
0.223015392638889 0.469157320642186 0.0
0.227335327106949 -0.648152500428341 0.0
0.229732681654004 -0.586636075368191 0.0
0.232351817927507 -0.524998605189128 0.0
0.23517362634651 -0.463252347305747 0.0
0.238178373709355 -0.401403147506051 0.0
0.241349809538724 -0.339453111548482 0.0
0.24467496187619 -0.277402554103927 0.0
0.248142978244587 -0.215251091838012 0.0
0.251743724688548 -0.152998718741201 0.0
0.255466084408269 -0.0906462698128028 0.0
0.259295592128652 -0.028196334644951 0.0
0.263211088385243 0.034346050904402 0.0
0.267179744506162 0.0969720809955281 0.0
0.271149689576973 0.159667541340623 0.0
0.275039210248551 0.222409095612403 0.0
0.278721841109053 0.285159338000014 0.0
0.282006271994281 0.347859075301375 0.0
0.284607648579139 0.410417415369426 0.0
0.286097817697404 0.472702424024269 0.0
0.289002728197782 -0.649313216008049 0.0
0.291370438393636 -0.587738050618048 0.0
0.294005214647181 -0.526023938152309 0.0
0.296868608790069 -0.464180201956185 0.0
0.299932498642028 -0.402208692256183 0.0
0.303177272000477 -0.340107353692466 0.0
0.306588984026618 -0.277872325890154 0.0
0.310156919325395 -0.215499024440202 0.0
0.313871409010718 -0.152983179913888 0.0
0.317721578879595 -0.0903212988556161 0.0
0.321692544182139 -0.0275116636357271 0.0
0.325761689772133 0.0354447238928843 0.0
0.329893444956223 0.098542280648359 0.0
0.334031968948632 0.161768221291703 0.0
0.338090837511116 0.225097184378395 0.0
0.3419386749715 0.288483591819168 0.0
0.345377542327356 0.351849537204661 0.0
0.348104642541665 0.415067223422612 0.0
0.349629072717001 0.47793578763887 0.0
0.350623227361106 -0.650333446295581 0.0
0.352982883774168 -0.588708278165676 0.0
0.355641922892534 -0.526923365023367 0.0
0.358547954251489 -0.464982744642384 0.0
0.361667887170777 -0.40288312001741 0.0
0.36498069788527 -0.34061747247358 0.0
0.368472622102361 -0.278177005044764 0.0
0.372133796560239 -0.215551966473611 0.0
0.375955555460601 -0.152732422596397 0.0
0.379927846937378 -0.0897084832150797 0.0
0.384036212724988 -0.026471139692483 0.0
0.388257996580587 0.0369868330667798 0.0
0.392557314363872 0.100668839037024 0.0
0.396878409270697 0.164571266734982 0.0
0.401136565792 0.228676730383645 0.0
0.405205059595531 0.292943306213417 0.0
0.408892829088138 0.357285325794568 0.0
0.411896904331369 0.421539865726859 0.0
0.413679485686831 0.485409222984394 0.0
0.412175327788217 -0.651324536294033 0.0
0.414546022223702 -0.589664173031667 0.0
0.417233078043796 -0.527818821869128 0.0
0.420177940107955 -0.465785555072765 0.0
0.423346119316756 -0.403555168520942 0.0
0.426717021765963 -0.34111536139179 0.0
0.430277992862062 -0.278452028901723 0.0
0.434020489596142 -0.215549423981019 0.0
0.437937154909955 -0.152390325460195 0.0
0.442019127791791 -0.0889557018720537 0.0
0.446253023678595 -0.0252249789105136 0.0
0.450617346436075 0.0388236933411862 0.0
0.455078061733408 0.103212140918146 0.0
0.459583259003261 0.167959793251328 0.0
0.464056377336396 0.233077539301149 0.0
0.468386633771475 0.298556245399687 0.0
0.472410823022269 0.36434172437154 0.0
0.475866983852298 0.430278861561507 0.0
0.478247812047551 0.495982219659034 0.0
0.473639264424411 -0.652430111922883 0.0
0.476031694764031 -0.590755250460879 0.0
0.478743843151127 -0.528864061078703 0.0
0.481718155087523 -0.466745431072216 0.0
0.484921943496207 -0.404385037642418 0.0
0.488336291945965 -0.341766443521264 0.0
0.491949992709168 -0.278870822027114 0.0
0.495755782923924 -0.21567602865132 0.0
0.499747475239851 -0.152155920078201 0.0
0.503917314559373 -0.0882791748420469 0.0
0.508253063542325 -0.0240085085005357 0.0
0.512734720885544 0.0407005724885946 0.0
0.51733084286607 0.105900806637881 0.0
0.521994794771074 0.171654546209401 0.0
0.526661072689792 0.238033647740343 0.0
0.531241758140316 0.305117450677925 0.0
0.535621020025001 0.372980713952135 0.0
0.539639001021339 0.441645531445451 0.0
0.543018489827996 0.510893689403418 0.0
