-0.684236146859297 -0.672720123530034 0.0
0.54553665762893 -0.718513780257297 0.0
-0.616907985880971 0.61237245798111 0.0
0.61237245798111 0.61237245798111 0.0
-0.62308356530222 -0.675755834814499 0.0
0.547521019773463 -0.657082655967252 0.0
0.547271165377777 0.577449160431832 0.0
-0.619944619779444 0.537005217253998 0.0
-0.561919615712305 -0.678551927250875 0.0
0.549926260219903 -0.595398380883828 0.0
0.482141221578335 0.557369125489059 0.0
-0.624936708908993 0.465963652946602 0.0
-0.50077301378047 -0.681382390275773 0.0
0.552652010304805 -0.533439536853961 0.0
0.418152774960362 0.544546584933805 0.0
-0.62942156221282 0.397445740164427 0.0
-0.439633141709611 -0.6843160638066 0.0
0.555640547436461 -0.471191715386626 0.0
0.355075608209359 0.535950418738003 0.0
-0.633414814183025 0.330578441561256 0.0
-0.378482560562334 -0.687376481188014 0.0
0.55885688916056 -0.408640378724099 0.0
0.2926526037522 0.530113046089749 0.0
-0.637086613872155 0.264861122863963 0.0
-0.31729410975631 -0.690551541992404 0.0
0.562278637193216 -0.345767529325657 0.0
0.230707191576396 0.526236136991774 0.0
-0.64055742580885 0.199985333299039 0.0
-0.256036454399006 -0.693788903291639 0.0
0.56589002869485 -0.282549896867137 0.0
0.169125941884816 0.523853570511862 0.0
-0.643901334629027 0.135751596002891 0.0
-0.194681693400111 -0.697009158584818 0.0
0.569677885225983 -0.218957362312903 0.0
0.107836641120468 0.522682851361647 0.0
-0.64716241506147 0.0720261394506317 0.0
-0.1332114963212 -0.70012318866657 0.0
0.573628240909898 -0.154951747185214 0.0
0.0467935526285 0.522553602379395 0.0
-0.650366952249736 0.00871713199602335 0.0
-0.0716199589068143 -0.703046945160336 0.0
0.577723066892637 -0.0904848706301442 0.0
-0.0140303002661446 0.523361669551965 0.0
-0.653532409876211 -0.0542377071579747 0.0
-0.00991436664510345 -0.705711579552556 0.0
0.581936635734871 -0.0254965082341471 0.0
-0.0745746750463791 0.524818806198289 0.0
-0.656677483607096 -0.116877817186629 0.0
0.0518861803978564 -0.708069270254562 0.0
0.586231433888136 0.0400889914463805 0.0
-0.13509530238628 0.527130151507738 0.0
-0.659850027263162 -0.179221577217873 0.0
0.113752857451901 -0.710095997594223 0.0
0.590553526378937 0.106367509581674 0.0
-0.195552936012278 0.530798645052213 0.0
-0.663303257095349 -0.241267005934815 0.0
0.175650006970398 -0.711792733652802 0.0
0.594827474568989 0.173463505999468 0.0
-0.255879123868558 0.535194674848888 0.0
-0.66586015923574 -0.303235534601976 0.0
0.237537403403838 -0.713186171823364 0.0
0.598950472725809 0.241543536594623 0.0
-0.316079335888344 0.540805578154092 0.0
-0.668617367431734 -0.365192959310087 0.0
0.299373411400107 -0.714329756296339 0.0
0.602785104573378 0.310842542178605 0.0
-0.376572251153831 0.54771578399931 0.0
-0.671934700420619 -0.426994755833969 0.0
0.36111828082369 -0.715305296290558 0.0
0.606149224438439 0.381715133472515 0.0
-0.437425662932034 0.555876869831307 0.0
-0.675129298591359 -0.488618505039311 0.0
0.422738125183235 -0.716225150290743 0.0
0.608807893686883 0.454743291036419 0.0
-0.497974701907496 0.566123578180196 0.0
-0.678336991133922 -0.550084456664879 0.0
0.48421125444783 -0.717234653301569 0.0
0.610554004525928 0.530975424817461 0.0
-0.558607982329892 0.581923677390688 0.0
-0.681249845427368 -0.611444730293461 0.0
-0.620125982667652 -0.614469531236438 0.0
-0.617174094572318 -0.553068917176254 0.0
-0.613998746097398 -0.491535538897663 0.0
-0.610833426813107 -0.429926715666598 0.0
-0.607611235825264 -0.368246576387252 0.0
-0.604818149906914 -0.306402187572302 0.0
-0.602150909479882 -0.244232117874353 0.0
-0.598822094954694 -0.181778596028661 0.0
-0.595653757545882 -0.119170900560387 0.0
-0.592522972208291 -0.0563504444544028 0.0
-0.589392146146706 0.00673137546426744 0.0
-0.586245488924057 0.0701190589341847 0.0
-0.583072366783773 0.133858425274513 0.0
-0.579860407689874 0.197997550130579 0.0
-0.576592271253492 0.26257935591735 0.0
-0.573247868016036 0.32761808632499 0.0
-0.569827154240797 0.393032908600061 0.0
-0.566457370038061 0.458468781272992 0.0
-0.563801997248241 0.522782163401085 0.0
-0.558965468409662 -0.617249549920048 0.0
-0.555949593227204 -0.555852911360859 0.0
-0.552818181805002 -0.494330390085539 0.0
-0.549679874400037 -0.432677945649815 0.0
-0.54660184690918 -0.37084212412207 0.0
-0.543784340561012 -0.308855942603829 0.0
-0.540955639005258 -0.246736636368638 0.0
-0.537818919987121 -0.184382232113219 0.0
-0.534733791045017 -0.121839288956829 0.0
-0.531677465428353 -0.0591048624083789 0.0
-0.528636624548992 0.00382887607507826 0.0
-0.52560841714714 0.0669636733769934 0.0
-0.522595461334798 0.13028717390402 0.0
-0.519603369560129 0.193760813770905 0.0
-0.516640913123641 0.257297881163691 0.0
-0.513724094765956 0.320728980287457 0.0
-0.510885800003248 0.38375344017872 0.0
-0.508162548723093 0.445892499614351 0.0
-0.50481824559938 0.506485242510112 0.0
-0.497785113461532 -0.620095593948246 0.0
-0.494740116734298 -0.558703427662569 0.0
-0.491650524597807 -0.497180819098121 0.0
-0.488589472027831 -0.435512832285932 0.0
-0.485618346431376 -0.373696296285447 0.0
-0.482783554371427 -0.311766498616141 0.0
-0.479915428418851 -0.249709406794511 0.0
-0.476904350456018 -0.187481889966353 0.0
-0.47391356591487 -0.125113137590719 0.0
-0.470951173316562 -0.0626209071583461 0.0
-0.468018396614618 -2.70562396734735e-05 0.0
-0.465120761822295 0.0626337645106682 0.0
-0.462266629188384 0.125306451547127 0.0
-0.459463942074277 0.187907757379983 0.0
-0.456715057645539 0.250319010969058 0.0
-0.454005865234988 0.312386210265629 0.0
-0.451273596000373 0.373936441224838 0.0
-0.448239262053778 0.434820062926803 0.0
-0.44413840527469 0.495122178975002 0.0
-0.436597839332398 -0.623050380504791 0.0
-0.433549227312083 -0.561681377005403 0.0
-0.430514068946465 -0.500190690772378 0.0
-0.427533354861701 -0.438573946022523 0.0
-0.424634734565603 -0.376841029482429 0.0
-0.42180914966623 -0.315010918303456 0.0
-0.418956660518872 -0.253078676024363 0.0
-0.416037559029795 -0.191036750691979 0.0
-0.413130523553123 -0.128913990496556 0.0
-0.410250726313014 -0.0667409139505976 0.0
-0.407404799167623 -0.00455481873241053 0.0
-0.404599006893774 0.0575963355499088 0.0
-0.401837493180475 0.119651940283878 0.0
-0.399117078853627 0.181539994137769 0.0
-0.396418191328112 0.243182184501707 0.0
-0.393686890105843 0.30450597225843 0.0
-0.39078480469171 0.365462654236205 0.0
-0.387377588535997 0.426066825308565 0.0
-0.382693614127547 0.486414804300498 0.0
-0.375400720389047 -0.626139832618794 0.0
-0.372366502780308 -0.564811294040474 0.0
-0.369389664674917 -0.503377704923979 0.0
-0.366479975765353 -0.441840167570063 0.0
-0.363637113290054 -0.380210726831543 0.0
-0.360833919036721 -0.318504728070832 0.0
-0.358011142669548 -0.256728119264336 0.0
-0.355154550615435 -0.194891253383444 0.0
-0.352304271137306 -0.133023845192814 0.0
-0.349474040378536 -0.0711594624189915 0.0
-0.346670210030572 -0.00933601561105556 0.0
-0.343895733217972 0.0524041739622186 0.0
-0.341147954825319 0.114015951481945 0.0
-0.338413257271898 0.175455563077549 0.0
-0.33565768121462 0.236686460683463 0.0
-0.332807392444786 0.297687900885788 0.0
-0.329706629413444 0.358468185944182 0.0
-0.326041360481838 0.41908682022784 0.0
-0.321394263030456 0.479737619446708 0.0
-0.314178386681932 -0.629345310723802 0.0
-0.311171775006108 -0.568061667919322 0.0
-0.308252544913415 -0.506689881174287 0.0
-0.305402729476518 -0.445233622190708 0.0
-0.30260248405747 -0.383705762998565 0.0
-0.299820291845439 -0.322121548045642 0.0
-0.297019328594916 -0.26049354411745 0.0
-0.294194118443604 -0.198839131705565 0.0
-0.291366057643102 -0.137185839631933 0.0
-0.288545419085044 -0.0755635283587947 0.0
-0.28573671696149 -0.0140032030017709 0.0
-0.282940036064125 0.0474643442440757 0.0
-0.280148896944759 0.108810589433319 0.0
-0.277345571396196 0.170012717127594 0.0
-0.274492471829909 0.231057212631853 0.0
-0.271515710259427 0.291945878573584 0.0
-0.268278377554789 0.352706213735598 0.0
-0.264581970442579 0.413416123424648 0.0
-0.260351026356065 0.474225412467068 0.0
-0.252910249469835 -0.632606890473137 0.0
-0.249943152782539 -0.571360157197098 0.0
-0.247078879860986 -0.510039340875897 0.0
-0.244276947332202 -0.44864940335854 0.0
-0.241505355963297 -0.387203268562254 0.0
-0.238733272779801 -0.325716142081901 0.0
-0.235936349010126 -0.264203095726522 0.0
-0.233112119325308 -0.202682563414856 0.0
-0.23027274641208 -0.141177909994876 0.0
-0.227425816347289 -0.0797130830096251 0.0
-0.224574791996662 -0.0183112857520272 0.0
-0.221719019716718 0.0430064015753702 0.0
-0.218851864956023 0.104222502221425 0.0
-0.215956861692516 0.165325515986056 0.0
-0.213000979530905 0.226312401064654 0.0
-0.209924608673683 0.28719388984974 0.0
-0.206638479305225 0.348004540150436 0.0
-0.203070659462845 0.408815216602927 0.0
-0.19929449631051 0.469717511461152 0.0
-0.191576767804736 -0.635840079366495 0.0
-0.188661132631068 -0.574614398415439 0.0
-0.185848368951306 -0.513324176104675 0.0
-0.183082119088145 -0.451975088306051 0.0
-0.18032437449674 -0.390579630234891 0.0
-0.177547265373039 -0.329152360487302 0.0
-0.174734168996024 -0.267708331675114 0.0
-0.171884229050006 -0.206264427770364 0.0
-0.169005487236234 -0.144839626001366 0.0
-0.166104370539074 -0.0834524617208659 0.0
-0.163184619175282 -0.022120077054613 0.0
-0.160246792779155 0.0391428319717938 0.0
-0.157286841447147 0.100324994557131 0.0
-0.154293476152261 0.161420387139693 0.0
-0.151244584853126 0.222430224033227 0.0
-0.14810607777716 0.283367443605294 0.0
-0.144847072563814 0.344262252493413 0.0
-0.141495227602007 0.405160891692013 0.0
-0.138238915933547 0.466108917150966 0.0
-0.130164137564423 -0.638953631632041 0.0
-0.127311754027276 -0.577729683234567 0.0
-0.124546732524308 -0.516445497777189 0.0
-0.121804340212841 -0.455107491327496 0.0
-0.119045853171042 -0.393727644402207 0.0
-0.116247954891255 -0.332319499302834 0.0
-0.113399848021509 -0.270896939662473 0.0
-0.110502427610176 -0.209474535574282 0.0
-0.107562542554155 -0.148067496115191 0.0
-0.104586820207543 -0.0866901627883954 0.0
-0.101580398230744 -0.0253554387911341 0.0
-0.0985464560176741 0.0359260450546644 0.0
-0.0954854665970748 0.0971467632792114 0.0
-0.0923942060634974 0.158304133505235 0.0
-0.0892659337104538 0.219402707688351 0.0
-0.0860966635203519 0.280458547744642 0.0
-0.0829082849806578 0.341503440213375 0.0
-0.079800984449482 0.402585113180166 0.0
-0.0770678131752141 0.463762321891674 0.0
-0.0686666495813272 -0.641863673895219 0.0
-0.0658880504833156 -0.580622057216417 0.0
-0.0631665555380779 -0.51931935332421 0.0
-0.0604368170930958 -0.457963138469281 0.0
-0.057664025380739 -0.396565053224789 0.0
-0.054830825507895 -0.335137526562571 0.0
-0.0519316889225613 -0.273692878656745 0.0
-0.0489697712923784 -0.212243347575191 0.0
-0.0459524225582531 -0.150801116489978 0.0
-0.0428874635042396 -0.0893774279154472 0.0
-0.039782297103005 -0.0279823038746819 0.0
-0.0366438646620903 0.0333761485263089 0.0
-0.0334788987511633 0.0946924991657241 0.0
-0.0302949658693047 0.155965769358725 0.0
-0.0271044260356697 0.217201276564574 0.0
-0.0239359958556048 0.278413645802113 0.0
-0.0208610516416742 0.339627946093456 0.0
-0.0180413319128817 0.400874290779473 0.0
-0.0157707571038951 0.462156896851837 0.0
-0.00708768179037234 -0.644502986349114 0.0
-0.00439057453556928 -0.583226399900506 0.0
-0.00170738165626106 -0.521883294992711 0.0
0.00102037389241831 -0.460482924441622 0.0
0.00381965844286391 -0.399036776744107 0.0
0.00670068510156234 -0.337556132419014 0.0
0.00966380132123697 -0.276051619292058 0.0
0.0127031785230866 -0.214533301089554 0.0
0.0158100292605666 -0.153010929267374 0.0
0.0189746831641348 -0.0914934840854581 0.0
0.0221868118633979 -0.029989156852683 0.0
0.0254347614996883 0.0314951495285748 0.0
0.0287040725015111 0.0929543366353776 0.0
0.0319743518491914 0.154386405156394 0.0
0.0352122680914656 0.21579318937089 0.0
0.038357176729836 0.27718106267799 0.0
0.0412961934862294 0.338558108646941 0.0
0.0438369919944028 0.399922272999886 0.0
0.0457551496235758 0.461239098192349 0.0
0.0545610945175766 -0.646826107304104 0.0
0.05717347150597 -0.58550050737697 0.0
0.0598252739024353 -0.52409915048467 0.0
0.0625613829136034 -0.462633278842796 0.0
0.0653978726439215 -0.401114198077215 0.0
0.0683370601306968 -0.339551872803467 0.0
0.0713742159082519 -0.277955089070272 0.0
0.0745006977349473 -0.216331809273624 0.0
0.0777058668473191 -0.154689702211247 0.0
0.080977867214225 -0.093036019897685 0.0
0.0843030569951605 -0.0313778427195617 0.0
0.0876644911347563 0.0302781590294201 0.0
0.0910392036897778 0.091925872837619 0.0
0.0943933451685125 0.153560417890574 0.0
0.0976733126615349 0.215177822563473 0.0
0.100791006128064 0.276774246824734 0.0
0.103604367735755 0.338341990008982 0.0
0.105907941862039 0.399862125254293 0.0
0.107431980319556 0.461316582126253 0.0
0.116261145221081 -0.648811649114619 0.0
0.118791402426142 -0.587426764385827 0.0
0.121420876317137 -0.525953845035313 0.0
0.124175384865623 -0.464405968302695 0.0
0.127058195945269 -0.402793845033069 0.0
0.130063597241852 -0.341125707944015 0.0
0.133182153978539 -0.279408185981654 0.0
0.136402592933027 -0.217647003735586 0.0
0.139712410795384 -0.15584778514903 0.0
0.14309754052332 -0.0940162082002986 0.0
0.146540963016138 -0.0321585098649669 0.0
0.150020328464845 0.0297184517615651 0.0
0.153504143117225 0.0916069149259828 0.0
0.156945644524961 0.153498237445373 0.0
0.160273033220612 0.215381653519276 0.0
0.163375565319828 0.27724253614304 0.0
0.166087965803865 0.339058628049195 0.0
0.168176203524844 0.400797471656773 0.0
0.169325189194931 0.462414902916282 0.0
0.177989352461295 -0.650463324322681 0.0
0.180446769832697 -0.589012927145136 0.0
0.183065092910246 -0.527459791561485 0.0
0.185847448874529 -0.465817997199006 0.0
0.188783782448927 -0.404096796111727 0.0
0.191860960246171 -0.342301993320388 0.0
0.195065574421371 -0.280437526136435 0.0
0.198384208624928 -0.218506479720521 0.0
0.20180279473918 -0.156512114038661 0.0
0.205305311019156 -0.0944582421881957 0.0
0.208871624620638 -0.0323499866259629 0.0
0.212474333326749 0.0298058196625637 0.0
0.216074076351776 0.0919998371902881 0.0
0.219612589130386 0.154219477470187 0.0
0.223002611694702 0.21644662227157 0.0
0.226114636238492 0.278654839550772 0.0
0.22876096422814 0.340805218313546 0.0
0.230676923049386 0.402841327089049 0.0
0.231494518533248 0.464685362238453 0.0
0.239719679133639 -0.6518107839117 0.0
0.242120171439001 -0.590293032305734 0.0
0.24473989608407 -0.528655724911883 0.0
0.247558194029012 -0.466912312229933 0.0
0.250552750147755 -0.405069317331142 0.0
0.25370435682012 -0.343129195344698 0.0
0.256996698734963 -0.281092451540377 0.0
0.260414940965331 -0.218958853019243 0.0
0.263943978380027 -0.156728586263911 0.0
0.267566326284401 -0.0944027856042884 0.0
0.271259310785747 -0.0319845096541727 0.0
0.274991289103909 0.0305204968955019 0.0
0.278716355621616 0.0931024058422537 0.0
0.282366963015498 0.155745623242328 0.0
0.285843755662972 0.21842516870043 0.0
0.2890022495938 0.281102208414189 0.0
0.291635205526063 0.343717475961375 0.0
0.293446482752569 0.406182871498572 0.0
0.294004522926485 0.468372438058205 0.0
0.301425516117687 -0.652911004823652 0.0
0.303790390101027 -0.591329032229457 0.0
0.306423887228697 -0.529608390618863 0.0
0.309283700451891 -0.467759536869508 0.0
0.312337870182851 -0.405784783884549 0.0
0.315563038184309 -0.343682221932647 0.0
0.318941258131518 -0.281448047335374 0.0
0.322457128416923 -0.219077783886747 0.0
0.32609515974225 -0.15656741970645 0.0
0.329837054742792 -0.0939139527560554 0.0
0.333658423169147 -0.0311164821630135 0.0
0.33752460573805 0.0318227390420705 0.0
0.341385093750293 0.0948963203063011 0.0
0.345166086124891 0.158089019366232 0.0
0.348760436545516 0.221372419410199 0.0
0.352014042247346 0.284697692011627 0.0
0.354705538305466 0.347984450578346 0.0
0.356510469863121 0.41110462293207 0.0
0.35692516788141 0.473860482873436 0.0
0.363081484863232 -0.653850519507705 0.0
0.365434563933089 -0.592213258251458 0.0
0.368091712937893 -0.530414983194427 0.0
0.370994699501538 -0.4684604831967 0.0
0.374105680929113 -0.406346520977761 0.0
0.377399329412333 -0.344065912635943 0.0
0.380857370090581 -0.281609701514277 0.0
0.384464656885887 -0.218968111257693 0.0
0.38820594496121 -0.156131410732729 0.0
0.392062789857524 -0.0930902358851191 0.0
0.396010006485247 -0.0298365493626938 0.0
0.400011364439528 0.0336352916445617 0.0
0.404014078720222 0.0973262824210452 0.0
0.407941737509486 0.161229334815268 0.0
0.411684831046564 0.22532232867832 0.0
0.415087322780893 0.28955737857229 0.0
0.417924220863748 0.353842163806287 0.0
0.419855949690296 0.418007924369697 0.0
0.420315125237854 0.48175488164221 0.0
0.424664306856265 -0.654748529357593 0.0
0.427027059967223 -0.593071444743325 0.0
0.429712568488431 -0.531205864053107 0.0
0.432655200772063 -0.469148869060956 0.0
0.435815261841509 -0.406890808753128 0.0
0.439167535045707 -0.344418868506101 0.0
0.442694484545365 -0.281718514405697 0.0
0.446381785406956 -0.218773730828134 0.0
0.450214829376114 -0.155567256682409 0.0
0.454175479688482 -0.0920803431460847 0.0
0.458238481891582 -0.0282931661737595 0.0
0.462367271413922 0.0358146873221092 0.0
0.466508863984824 0.100262600949198 0.0
0.470587640591006 0.165066112956088 0.0
0.474497280578483 0.230230186342464 0.0
0.478089186766619 0.295737021097767 0.0
0.481151656301009 0.36152040414508 0.0
0.483362311529361 0.427410252731905 0.0
0.48414980910693 0.493007340913225 0.0
0.486152525886078 -0.655760687959669 0.0
0.488537483794418 -0.5940656074811 0.0
0.49124873567284 -0.532146963689335 0.0
0.494221512059674 -0.46999291488183 0.0
0.497417867360532 -0.407588339446046 0.0
0.500814112902723 -0.344916031904054 0.0
0.50439388077695 -0.281956432513228 0.0
0.508143702484866 -0.218686708577827 0.0
0.512049548699123 -0.155080117264692 0.0
0.516093594697629 -0.0911049151744618 0.0
0.520250673252156 -0.0267237223150336 0.0
0.524484263110933 0.0381074937287062 0.0
0.528741859484571 0.103440100417488 0.0
0.532949779317169 0.169333620161943 0.0
0.537007026593198 0.235854732182255 0.0
0.540777415286903 0.303073767365619 0.0
0.544076689764796 0.37105019729362 0.0
0.54664527489843 0.439781206115483 0.0
0.548065768715535 0.509013425017847 0.0
