-0.534624521164845 -0.681219420320218 0.0
0.697865805384495 -0.729013353655342 0.0
-0.495906174182892 0.61237245798111 0.0
0.61237245798111 0.61237245798111 0.0
-0.473525206909453 -0.684473168831593 0.0
0.698201239646941 -0.667244024577226 0.0
0.562176452188987 0.565423637122194 0.0
-0.486544304167623 0.534157288266554 0.0
-0.412454721069893 -0.687546874205844 0.0
0.699090404851664 -0.604887829284437 0.0
0.505650939026568 0.536586935575138 0.0
-0.488024130973368 0.46109681863535 0.0
-0.351457895537689 -0.690660381249949 0.0
0.700050055352535 -0.54196078801106 0.0
0.447863711393738 0.516980347588216 0.0
-0.489989901314049 0.391101596003816 0.0
-0.290540914281822 -0.69394088889588 0.0
0.700750155103997 -0.478508457731633 0.0
0.389770789260846 0.502704387076745 0.0
-0.491465833690691 0.323182973112597 0.0
-0.229693221033751 -0.697475306918738 0.0
0.700917344975044 -0.414599097695125 0.0
0.331586824239399 0.491864084166342 0.0
-0.492673329788443 0.25678938790005 0.0
-0.168886175272746 -0.701313575893813 0.0
0.700320940993035 -0.350324489956537 0.0
0.273375878554546 0.483437747724433 0.0
-0.493945799776455 0.191542398346363 0.0
-0.108077125535405 -0.705465172026036 0.0
0.698812366696539 -0.285792951653391 0.0
0.215179100297483 0.476829551179548 0.0
-0.495545664212526 0.127152149417681 0.0
-0.0472141459462759 -0.709911742125798 0.0
0.696401935558732 -0.221099488848622 0.0
0.157049067431967 0.471697353479855 0.0
-0.497603085505242 0.063391221832543 0.0
0.0137629922064983 -0.714618101188876 0.0
0.693317359962949 -0.156272836971831 0.0
0.0990619530157564 0.467932710777536 0.0
-0.500098080751615 9.17080167787757e-05 0.0
0.07492821112469 -0.719518268698232 0.0
0.689943374530008 -0.0912334221187348 0.0
0.0413106534726087 0.466071455859109 0.0
-0.502903134920637 -0.0628528126483925 0.0
0.136376745586727 -0.724447252899375 0.0
0.68661064633392 -0.0258124498250919 0.0
-0.0162386954882246 0.462901895864275 0.0
-0.505875732940172 -0.125493932655081 0.0
0.198217651577311 -0.729025114239978 0.0
0.683404309492826 0.0401830451989802 0.0
-0.0741578878509975 0.461127619836958 0.0
-0.508956746825364 -0.187843414280178 0.0
0.260506713371003 -0.732738178191171 0.0
0.680172320294466 0.106930091175764 0.0
-0.131996191129954 0.465275543950284 0.0
-0.512357583176052 -0.249889455115589 0.0
0.32318222155979 -0.735188372079009 0.0
0.676625529978939 0.174592551394843 0.0
-0.189577468671993 0.470270814559579 0.0
-0.514931400497311 -0.311845665981258 0.0
0.38608023349329 -0.736242822776276 0.0
0.672372704294081 0.243334879387982 0.0
-0.246702746744821 0.478465480762031 0.0
-0.517785022323511 -0.373773420055671 0.0
0.449000192625614 -0.736011749082136 0.0
0.666902372518576 0.313341624845619 0.0
-0.305029840961055 0.488108495205253 0.0
-0.521261064514387 -0.435543089318439 0.0
0.511757758401755 -0.73476169586515 0.0
0.659514126412787 0.384843973607388 0.0
-0.364432665383055 0.500182552627389 0.0
-0.524695650683309 -0.497145028269664 0.0
0.574208232322628 -0.732853997146486 0.0
0.649166876370138 0.458159269499246 0.0
-0.422428980754133 0.517986908057964 0.0
-0.528161048893258 -0.558606549128248 0.0
0.636255750648404 -0.73073705206645 0.0
0.63419124628532 0.533751059161668 0.0
-0.479095508538619 0.546457756356494 0.0
-0.531363306205631 -0.619952633315269 0.0
-0.470303841025441 -0.623189624625746 0.0
-0.467048473258694 -0.561797195552698 0.0
-0.463587959635651 -0.500255645613822 0.0
-0.460185289157109 -0.43863394260924 0.0
-0.456809915201792 -0.376931774035442 0.0
-0.453929819937665 -0.315052210837873 0.0
-0.4512478883847 -0.252828115809347 0.0
-0.447963043835943 -0.190293642717993 0.0
-0.444870142097388 -0.127566888223467 0.0
-0.441893084641239 -0.0645864565103041 0.0
-0.43911677321342 -0.00130195227038373 0.0
-0.436704532226781 0.0623386809616625 0.0
-0.43479521567615 0.126406125014919 0.0
-0.433408263744529 0.190995822697086 0.0
-0.432415266440948 0.256215658338575 0.0
-0.431581129810083 0.3221526786224 0.0
-0.430655130645532 0.388795636227316 0.0
-0.429563809611041 0.455818109934769 0.0
-0.428623520161251 0.521823613880421 0.0
-0.409226666880684 -0.626229195250041 0.0
-0.40589123363916 -0.564803670215572 0.0
-0.402462239396529 -0.503247035796151 0.0
-0.3990925692561 -0.441550902872066 0.0
-0.395872299531161 -0.379655155972764 0.0
-0.392990146138021 -0.317578780755258 0.0
-0.390161874186235 -0.255328267057172 0.0
-0.387063818706349 -0.192791618846891 0.0
-0.384035607929186 -0.130006350361386 0.0
-0.381103279710104 -0.0669716178859405 0.0
-0.378398946868745 -0.0036937815394694 0.0
-0.376134783647898 0.059814385229678 0.0
-0.374480123434949 0.123544533302706 0.0
-0.373458762358938 0.187482714405628 0.0
-0.372943611784761 0.251570771820053 0.0
-0.372724049328775 0.315646515838178 0.0
-0.372563500562283 0.379362393533588 0.0
-0.371965858303757 0.442081797900187 0.0
-0.431171738833739 0.459774590298877 0.0
-0.348174882894768 -0.629345834200435 0.0
-0.344784414783554 -0.567912536844637 0.0
-0.341387204919823 -0.506340504769607 0.0
-0.338107086846606 -0.444607354861203 0.0
-0.335020468889275 -0.382696964339202 0.0
-0.332156907490868 -0.320628622461398 0.0
-0.329316804018817 -0.258375062259308 0.0
-0.326349451716558 -0.195883765934306 0.0
-0.323391279287018 -0.13318283010976 0.0
-0.320496956947381 -0.070308456488131 0.0
-0.317851480477649 -0.00732390751736892 0.0
-0.315745263205397 0.0556935292401776 0.0
-0.314388221966489 0.118674860179136 0.0
-0.31378554412683 0.181546329996379 0.0
-0.313762233017677 0.244195292444727 0.0
-0.314040359637485 0.306450398140625 0.0
-0.314179485401674 0.368100550367408 0.0
-0.375352060520275 0.380445433547339 0.0
-0.373534098366953 0.43979933221012 0.0
-0.287164736081192 -0.632647357245515 0.0
-0.283735983412622 -0.571238301848183 0.0
-0.280388772617155 -0.509696369759127 0.0
-0.277215061097692 -0.448005005492038 0.0
-0.274246774474487 -0.386157103454336 0.0
-0.271445577354556 -0.324154176886566 0.0
-0.268662801615157 -0.261977650668013 0.0
-0.26579702285919 -0.199613410887083 0.0
-0.262877873458929 -0.137098309090214 0.0
-0.259955888370884 -0.0744998593135154 0.0
-0.257288621413787 -0.0119288577614588 0.0
-0.25529106391008 0.050497684562546 0.0
-0.254209856516607 0.112707023565129 0.0
-0.253978998477934 0.174654084559794 0.0
-0.254314584685223 0.23628928090521 0.0
-0.254825585493653 0.297560700298801 0.0
-0.316416196438016 0.3065221517561 0.0
-0.316149048410281 0.366581752419946 0.0
-0.313183509232211 0.42617228144429 0.0
-0.226194997317216 -0.636221413889258 0.0
-0.222739933843025 -0.574867561199152 0.0
-0.219457529434472 -0.513394847672061 0.0
-0.216400095744599 -0.451786216230242 0.0
-0.213555212950442 -0.390032749864015 0.0
-0.210848781106855 -0.328130447272723 0.0
-0.20815036574764 -0.266070524292068 0.0
-0.205353495869541 -0.203857143053376 0.0
-0.202406532384158 -0.141532653622239 0.0
-0.199329050523052 -0.0791839271637622 0.0
-0.196498709781818 -0.0169619136262141 0.0
-0.19453979559538 0.0449969072793377 0.0
-0.193712554302602 0.106664813469861 0.0
-0.193808354962182 0.168067811761434 0.0
-0.194405977600424 0.229226401982555 0.0
-0.255922905591615 0.235981242800298 0.0
-0.256481828490029 0.296404983859514 0.0
-0.255840264682132 0.356603112527587 0.0
-0.252774737610519 0.417000900038097 0.0
-0.165247782179891 -0.64011235604516 0.0
-0.16177968132295 -0.578832198242747 0.0
-0.158579507034749 -0.51744634737826 0.0
-0.155651820089382 -0.45593265131707 0.0
-0.15294196829877 -0.394278138647741 0.0
-0.15035001709759 -0.332474879177175 0.0
-0.147741200302975 -0.270515862318537 0.0
-0.144974524937144 -0.208405982475605 0.0
-0.141906495591859 -0.146181110229449 0.0
-0.138483432733941 -0.0839373030769215 0.0
-0.135303608260315 -0.0218791471309119 0.0
-0.133353433455991 0.039837223615911 0.0
-0.132822348252728 0.101268655134531 0.0
-0.133251628930965 0.162512642739491 0.0
-0.194497727918702 0.167675386072241 0.0
-0.195448749787877 0.228271562455645 0.0
-0.195984239538771 0.288623614786157 0.0
-0.195470636888577 0.348889846930529 0.0
-0.193396965740793 0.409358179502549 0.0
-0.104295252045103 -0.644323942350619 0.0
-0.100837070906702 -0.583124145013764 0.0
-0.0977443751520623 -0.521826175370114 0.0
-0.0949655303384629 -0.460400265772627 0.0
-0.0924061367357022 -0.39882738344893 0.0
-0.0899441224167648 -0.337092386509946 0.0
-0.0874271311104555 -0.275179253490019 0.0
-0.0846588655504439 -0.213076241401991 0.0
-0.0813660059608035 -0.150794740555999 0.0
-0.0773275896846764 -0.0884293902893022 0.0
-0.0735647254340921 -0.026279957996834 0.0
-0.0716963810240137 0.0354668196219332 0.0
-0.0715843380878314 0.0970192672096858 0.0
-0.13238775787682 0.101143386705552 0.0
-0.13343734722763 0.162004928927789 0.0
-0.134486656266766 0.222624501571306 0.0
-0.135142957170662 0.283054180918408 0.0
-0.135064230142844 0.343440881049791 0.0
-0.134187067417052 0.404033293142956 0.0
-0.0433062660763279 -0.648835992919101 0.0
-0.0398982435340741 -0.58771774005508 0.0
-0.0369496993387425 -0.526502555392255 0.0
-0.0343468521672989 -0.465153550073091 0.0
-0.0319612011415169 -0.403644604320669 0.0
-0.0296536009502209 -0.341948226675787 0.0
-0.0272491650739206 -0.280026312983033 0.0
-0.0244797334313047 -0.217827564603793 0.0
-0.0208739060225944 -0.155303582244813 0.0
-0.0158127085261187 -0.0925124897171675 0.0
-0.0111544173201186 -0.0299036700751014 0.0
-0.00963949750710568 0.0323159667130246 0.0
-0.0697384281274971 0.0360684074842775 0.0
-0.0707067146927185 0.097399221998732 0.0
-0.0719460014298512 0.158467983217989 0.0
-0.0731273835461415 0.219248543399754 0.0
-0.0740433138462611 0.279781873342821 0.0
-0.0746358887310158 0.340145034108537 0.0
-0.0753670688398319 0.400385251986667 0.0
0.0177488400704598 -0.65361491540006 0.0
0.0210439558929236 -0.592582338809379 0.0
0.0237990751262873 -0.531456887945594 0.0
0.0261875781689248 -0.470201151824701 0.0
0.0283592449800299 -0.408784744583126 0.0
0.0304591317174725 -0.347164574549792 0.0
0.0326790680914109 -0.285265940025106 0.0
0.0353653880619795 -0.222961830000078 0.0
0.0392833534445058 -0.160061763672931 0.0
0.0460311404879374 -0.0964429248367383 0.0
0.0520391011713366 -0.0324459184024959 0.0
-0.00648461982348367 -0.027743667757027 0.0
-0.00733060101390601 0.0344297963554548 0.0
-0.00863815689805855 0.0961948278652373 0.0
-0.010031185346671 0.157554417876018 0.0
-0.0113749259500178 0.218608316617429 0.0
-0.0126086354965762 0.279507623800254 0.0
-0.0138714472073636 0.340449329783168 0.0
-0.016039838672387 0.401630673275229 0.0
0.0789000828850969 -0.658594186565183 0.0
0.0819993760729036 -0.597663586498701 0.0
0.0845034835977147 -0.5366745942634 0.0
0.0866256968805501 -0.475609032523817 0.0
0.0885116599689148 -0.414454204301055 0.0
0.0902854261288155 -0.353177749438054 0.0
0.0921215879541178 -0.291696288829277 0.0
0.0943975323345734 -0.229824775622504 0.0
0.0981989211159895 -0.167214774959711 0.0
0.107500668074559 -0.103666945235185 0.0
0.0589758793536009 -0.0893485186808159 0.0
0.0570977610449876 -0.0261548258319216 0.0
0.0554683524062333 0.0361732564310375 0.0
0.0538591918543706 0.0978904433150831 0.0
0.0522378148861596 0.159234356990351 0.0
0.0505976913751495 0.220395486571178 0.0
0.0488625432066132 0.281556737978424 0.0
0.0467322000422291 0.342895296424146 0.0
0.0436866984413457 0.404433533464372 0.0
0.140193402739087 -0.663593052523405 0.0
0.143014217253744 -0.602787974420662 0.0
0.145221937725402 -0.542024771079649 0.0
0.147030184308507 -0.481351422894847 0.0
0.148534955493352 -0.420863002882622 0.0
0.149763436375562 -0.36072262294673 0.0
0.150699508706457 -0.301222062956751 0.0
0.15128451371139 -0.242905198107386 0.0
0.151609595112573 -0.186748911313197 0.0
0.14402259768392 -0.134798865359956 0.0
0.124979006363154 -0.0802973546008894 0.0
0.121183278321046 -0.0200288614377196 0.0
0.118781538585979 0.0407834515174799 0.0
0.116718744914558 0.101717854482991 0.0
0.114716631062056 0.162681395279795 0.0
0.112621193586177 0.223676531563444 0.0
0.110228870064051 0.284728268966496 0.0
0.107222192767852 0.345806403220397 0.0
0.103476396673656 0.406771173330877 0.0
0.201716887009913 -0.668182452787984 0.0
0.204222701541208 -0.607438411650473 0.0
0.206171590107378 -0.546814571103148 0.0
0.207761690438178 -0.486377958148259 0.0
0.209064715687525 -0.426221578813706 0.0
0.210098034130822 -0.366448553846206 0.0
0.210864667630419 -0.307134051347303 0.0
0.21134328315919 -0.248211096617032 0.0
0.210281246419632 -0.189111881155264 0.0
0.201762797030635 -0.130553861181621 0.0
0.189411565542724 -0.0740603655452999 0.0
0.185030669824996 -0.0146321802091741 0.0
0.182108724283317 0.0455978161511808 0.0
0.179634668023345 0.106200278778014 0.0
0.177230983762003 0.166998425295302 0.0
0.17464902613342 0.227907610323087 0.0
0.17162380940971 0.288867973923352 0.0
0.167871971494708 0.349809113834869 0.0
0.163141070697175 0.410730734855967 0.0
0.263541222097894 -0.671811475477992 0.0
0.2657342526776 -0.610974499551191 0.0
0.267498175925424 -0.550247110534953 0.0
0.268987112916033 -0.489664796726624 0.0
0.270235253214395 -0.42925025762337 0.0
0.271217930507319 -0.368985169552808 0.0
0.27183404897065 -0.308771804439196 0.0
0.27160730582329 -0.248384223414476 0.0
0.268856576862944 -0.187805803763499 0.0
0.261383516847258 -0.128410271216558 0.0
0.252792368732918 -0.0698805727543308 0.0
0.248403523314084 -0.0100422529650001 0.0
0.245225604414166 0.0503739587254755 0.0
0.242453718467932 0.111117933398771 0.0
0.239698522193279 0.172052088331827 0.0
0.236665035673188 0.233084157699672 0.0
0.23305202918256 0.294136862963077 0.0
0.228528709360355 0.355145318990618 0.0
0.222725484476843 0.416065918330319 0.0
0.32564481522526 -0.674097639813494 0.0
0.327531577823627 -0.613029179919298 0.0
0.329148328262679 -0.552000613543047 0.0
0.330563836669547 -0.49102214237977 0.0
0.331739691259185 -0.430076761042907 0.0
0.332562706272744 -0.36910923179588 0.0
0.332769032882206 -0.308028100259729 0.0
0.331717794845329 -0.246798667897112 0.0
0.328300843260048 -0.185759846600279 0.0
0.322029277121012 -0.12555669975419 0.0
0.315575241915177 -0.0657350292664957 0.0
0.311399001195608 -0.00526198196491874 0.0
0.30812110213872 0.0556189697848762 0.0
0.305143231684863 0.116758877374301 0.0
0.302094456971244 0.178048677670488 0.0
0.298653692073158 0.23939528762106 0.0
0.29448005092475 0.300708354675552 0.0
0.289185662910607 0.361893702376265 0.0
0.282318355238272 0.422846442303915 0.0
0.387923101690425 -0.674954898051307 0.0
0.389512091291053 -0.613594214457129 0.0
0.390986869812582 -0.552192492207882 0.0
0.392304435795677 -0.490757411486374 0.0
0.393341593109067 -0.429268521710555 0.0
0.393900638076464 -0.367686263429694 0.0
0.393645355844413 -0.305987301364377 0.0
0.392032818223844 -0.244258557805742 0.0
0.388479204034945 -0.182784947636139 0.0
0.383214013979188 -0.121829597126264 0.0
0.378025931913279 -0.0610176022504402 0.0
0.374109655701118 0.000176522588949927 0.0
0.370813845798089 0.0616809966977197 0.0
0.367695723147352 0.123398226726032 0.0
0.364406135140441 0.185230649388454 0.0
0.360603414802669 0.247075812710708 0.0
0.355907589377222 0.308817450743402 0.0
0.34987325534751 0.37031601024035 0.0
0.341968156677547 0.431398845087708 0.0
0.450246378562081 -0.674533849909639 0.0
0.451565714976136 -0.612887733281154 0.0
0.45290181037536 -0.551129805928667 0.0
0.454095785716506 -0.48927583185696 0.0
0.454950125858144 -0.427315308946466 0.0
0.455217946627363 -0.365235148532891 0.0
0.454571879383133 -0.303057752784531 0.0
0.452626490930616 -0.240889303477754 0.0
0.4491684893551 -0.17891679352855 0.0
0.444656445349475 -0.117212463624906 0.0
0.440251375813425 -0.055503339996919 0.0
0.436575363733177 0.00649593919164427 0.0
0.433302991897427 0.0687695413171197 0.0
0.430092611957623 0.131244315915265 0.0
0.426610039145946 0.193825116008951 0.0
0.422494076955745 0.256394565282944 0.0
0.417325897316223 0.318802081382853 0.0
0.410599732731696 0.380847807024871 0.0
0.401685699971429 0.442264327014121 0.0
0.512502329584025 -0.673122573772358 0.0
0.51360929540389 -0.611233905763373 0.0
0.51482227769431 -0.549172327214865 0.0
0.515882276841907 -0.486957672932963 0.0
0.516540897477564 -0.424587986894702 0.0
0.516536149461386 -0.362069143633432 0.0
0.515586461646911 -0.299441530381183 0.0
0.513457381542679 -0.23679582492005 0.0
0.51015901025444 -0.174234161154697 0.0
0.506174243151192 -0.111741278173167 0.0
0.502266435911149 -0.049123127477365 0.0
0.49878868137596 0.0137867609239092 0.0
0.49555728165364 0.0769900947904213 0.0
0.492287561398672 0.140430930069729 0.0
0.488650578589188 0.204021158156828 0.0
0.48426476276495 0.267635595940862 0.0
0.478672566097231 0.331091119103721 0.0
0.471304339642716 0.394113291691058 0.0
0.461411143826281 0.456289117085995 0.0
0.57461156424651 -0.671093806057752 0.0
0.575585632313012 -0.609019881365662 0.0
0.576698871840229 -0.546705796657039 0.0
0.577625965218517 -0.484163132499168 0.0
0.578095195244699 -0.421396350610524 0.0
0.577851532774541 -0.358425913989878 0.0
0.576669389492731 -0.295300131130446 0.0
0.574432265640222 -0.232088433116831 0.0
0.571270895943238 -0.168835772542883 0.0
0.567628761017333 -0.105490458599086 0.0
0.564034054977365 -0.0419087053443497 0.0
0.560705729331387 0.0220216092152834 0.0
0.557513343900481 0.086320075425763 0.0
0.554195302312301 0.150963249380628 0.0
0.550417263758538 0.21589641763121 0.0
0.545774535188036 0.281019010735048 0.0
0.539769354221979 0.346147970017947 0.0
0.531764851549049 0.410950915045798 0.0
0.520886697403159 0.474822666312754 0.0
0.636525839645378 -0.668914742560064 0.0
0.637444186395383 -0.606712529565091 0.0
0.638474471407518 -0.544153690824798 0.0
0.63927615723218 -0.481245511930257 0.0
0.639574787867052 -0.418009832973886 0.0
0.639130480560241 -0.354490768566076 0.0
0.637765564415666 -0.290751934274841 0.0
0.635443473797718 -0.226855758984575 0.0
0.632356735757862 -0.162820328310547 0.0
0.628908385852294 -0.0985806007594792 0.0
0.625496515535187 -0.0340119207499973 0.0
0.622263624743245 0.0309964094502431 0.0
0.619083444445048 0.0965136982108669 0.0
0.615690412914957 0.162589054221209 0.0
0.611731684579031 0.229252175854571 0.0
0.606767608137703 0.296498271585991 0.0
0.600240573009492 0.364250945477219 0.0
0.591413491992746 0.432273942919741 0.0
0.579265680817723 0.499937795507897 0.0
