-0.67175648441344 -0.675233568664331 0.0
0.5584052552238 -0.721591558211599 0.0
-0.59891851246357 0.61237245798111 0.0
0.61237245798111 0.61237245798111 0.0
-0.610609565630546 -0.678325156804691 0.0
0.560356450903936 -0.660149140686489 0.0
0.549801291868226 0.575425521770845 0.0
-0.604284640397612 0.536610729276866 0.0
-0.549452980144823 -0.681183210563796 0.0
0.562745151772795 -0.59844125001971 0.0
0.486185969087565 0.554211867381714 0.0
-0.61049562304721 0.465164430596986 0.0
-0.48831722507764 -0.684082799397056 0.0
0.565460011665473 -0.53644555616155 0.0
0.423334749434996 0.540746286688912 0.0
-0.615689397472534 0.396277537451549 0.0
-0.427191065447348 -0.687099912522281 0.0
0.568436568199509 -0.474147117765675 0.0
0.361204925335656 0.531779565976181 0.0
-0.620113068786888 0.329097899304237 0.0
-0.366054641102897 -0.690259794522049 0.0
0.571634677307323 -0.411530757693335 0.0
0.299612900981634 0.525734171897284 0.0
-0.624047722615881 0.263124561446716 0.0
-0.304877561967766 -0.693547306745122 0.0
0.575027095460056 -0.348577566082079 0.0
0.238419799021531 0.521754532413328 0.0
-0.627675458625197 0.198042769231426 0.0
-0.243625229006279 -0.696903785998289 0.0
0.578592723159887 -0.285263050974207 0.0
0.177536832258098 0.519344692791872 0.0
-0.631108007924291 0.133645794410982 0.0
-0.182267072257024 -0.700241920105966 0.0
0.582311904155611 -0.221555586365862 0.0
0.116911808573086 0.518209742887845 0.0
-0.634413901066932 0.069793139643082 0.0
-0.120783090061675 -0.703464605496678 0.0
0.586162440038952 -0.157415262728552 0.0
0.0565187689071379 0.518186878723203 0.0
-0.637636009180458 0.00638713406416389 0.0
-0.0591668547704412 -0.706480757317161 0.0
0.590115673056639 -0.0927920356186051 0.0
-0.0036460764681479 0.519270830492512 0.0
-0.64080345488962 -0.0566394410494009 0.0
0.00257377558966678 -0.709215968639577 0.0
0.594132123543993 -0.0276238106359615 0.0
-0.0636300759481425 0.520566514901932 0.0
-0.643943496766326 -0.119330148066501 0.0
0.0644182020136486 -0.711618511216379 0.0
0.598156490889782 0.0381667708010471 0.0
-0.123675912172217 0.522687993640695 0.0
-0.647110995982414 -0.18170678076621 0.0
0.126335383103198 -0.713662092899967 0.0
0.602111707207846 0.104676892368535 0.0
-0.183625169522389 0.526782169611129 0.0
-0.65057531431047 -0.243769717157607 0.0
0.188286923980115 -0.715346982129089 0.0
0.605891685153269 0.172031522458291 0.0
-0.24339701196644 0.531474963464851 0.0
-0.653133997727739 -0.305756051118675 0.0
0.250229506146767 -0.716700737657906 0.0
0.609351506990212 0.240396184534703 0.0
-0.30295720193093 0.537493759943522 0.0
-0.655898255217101 -0.367725077049292 0.0
0.312118190840216 -0.717779386270237 0.0
0.612292571867458 0.310001621746195 0.0
-0.362816323200451 0.544395552788885 0.0
-0.65924147542976 -0.429525649578089 0.0
0.373909873620986 -0.71866939195799 0.0
0.614437004629012 0.381191236897783 0.0
-0.423063704357687 0.552632679940743 0.0
-0.662477083962659 -0.491145274687787 0.0
0.435567492427201 -0.719490461316597 0.0
0.615385228970623 0.45451923208905 0.0
-0.482876147032951 0.563665902666728 0.0
-0.665735507311076 -0.552606806207463 0.0
0.497066744647729 -0.720398983362922 0.0
0.61460980398199 0.530966690829628 0.0
-0.542526527458464 0.580308081644401 0.0
-0.668708036710901 -0.613962226199924 0.0
-0.607589764697661 -0.617041634578799 0.0
-0.60457677180324 -0.555643731814745 0.0
-0.601349959273423 -0.494111397134508 0.0
-0.598145665333486 -0.432501883329032 0.0
-0.594895222522921 -0.370819254050238 0.0
-0.592089723630173 -0.308961546671679 0.0
-0.589426447467942 -0.246767581412792 0.0
-0.586098890380567 -0.184286289972995 0.0
-0.582938685758021 -0.121640379579215 0.0
-0.579816612780006 -0.0587691507695646 0.0
-0.576688520553821 0.0043780358023346 0.0
-0.573530381610753 0.0678474534333729 0.0
-0.570320408933476 0.131686192180305 0.0
-0.567030572827151 0.195942546470577 0.0
-0.563621018555928 0.26065747104346 0.0
-0.560038647177378 0.325838826947264 0.0
-0.556234353838393 0.391390931214257 0.0
-0.552262874135013 0.456929953884853 0.0
-0.548691086069911 0.521273771589723 0.0
-0.546433841735649 -0.619882294596212 0.0
-0.543356774150791 -0.558486552058561 0.0
-0.540175459780285 -0.496963976411025 0.0
-0.537000516651405 -0.435309297928946 0.0
-0.533899961794399 -0.373466626078721 0.0
-0.531075898037316 -0.311468679177856 0.0
-0.528252395016818 -0.249334037366179 0.0
-0.525124391228236 -0.186958048032956 0.0
-0.522053823731133 -0.12438736405237 0.0
-0.519013337699562 -0.061618940287976 0.0
-0.515983807393378 0.00135466406116969 0.0
-0.51295490614372 0.064533902313705 0.0
-0.509919264575275 0.127903723553499 0.0
-0.506868913421439 0.191420790839746 0.0
-0.503794067806832 0.254990772737619 0.0
-0.500685510174319 0.31843349706251 0.0
-0.497542591332566 0.38143641007408 0.0
-0.494362123983293 0.44351743031741 0.0
-0.490425568441608 0.504045213465142 0.0
-0.48526043128689 -0.622798785419229 0.0
-0.482154309588308 -0.561409557330984 0.0
-0.479017480373616 -0.499889303640604 0.0
-0.47592463546821 -0.43822201324039 0.0
-0.47293736613983 -0.376404022541499 0.0
-0.470101417734483 -0.314471035188932 0.0
-0.467243272397615 -0.252409078648923 0.0
-0.464248692375381 -0.190174749726507 0.0
-0.461280388011899 -0.127798338351656 0.0
-0.458342642042522 -0.0652990299723256 0.0
-0.455431543440343 -0.00270076243962767 0.0
-0.452545925887564 0.0599588347115436 0.0
-0.449685277825406 0.122620636069815 0.0
-0.446845688385784 0.185196413581672 0.0
-0.444013760025377 0.24756217561199 0.0
-0.441155146199852 0.309559892850809 0.0
-0.438184897392498 0.371016964033842 0.0
-0.434822581933723 0.431791709097483 0.0
-0.430416089450518 0.491977621913771 0.0
-0.424081898124583 -0.625839928541184 0.0
-0.420972691841446 -0.564477938299749 0.0
-0.417894036994133 -0.502994718382895 0.0
-0.414887139126135 -0.441385416248921 0.0
-0.411978707307447 -0.379660041291205 0.0
-0.409157888487234 -0.317838136015346 0.0
-0.406321379652715 -0.255915401827742 0.0
-0.403426243312094 -0.193885109785711 0.0
-0.400549483848828 -0.131777700558678 0.0
-0.397702797835162 -0.0696255589038027 0.0
-0.394888091372121 -0.00746810676152208 0.0
-0.392105377938361 0.0546444738077124 0.0
-0.389350475037702 0.116649681259162 0.0
-0.386609166443703 0.178474786808035 0.0
-0.38384773678806 0.240043331892385 0.0
-0.380996155329795 0.301289340522443 0.0
-0.377905979427888 0.362178124940839 0.0
-0.374269753636709 0.422747378650869 0.0
-0.369493499586188 0.483125144532538 0.0
-0.362893940102286 -0.629032258447051 0.0
-0.359800336627763 -0.56771556864723 0.0
-0.356784322154624 -0.506295671650191 0.0
-0.353854186081689 -0.444773491138324 0.0
-0.351007579001261 -0.383161483539666 0.0
-0.348214907295057 -0.321475790451384 0.0
-0.345413909571136 -0.25972329704625 0.0
-0.342587687038518 -0.197915472037344 0.0
-0.339774247202478 -0.136083438792537 0.0
-0.336984056032244 -0.0742620883530879 0.0
-0.334219067499143 -0.012490323077592 0.0
-0.331476445326076 0.0491892726740771 0.0
-0.328746000355146 0.110732637792548 0.0
-0.326004665249661 0.172099381300644 0.0
-0.323207775167547 0.233259825784501 0.0
-0.320272967139097 0.294205131434542 0.0
-0.317049454129167 0.354961786589741 0.0
-0.313271243982561 0.415612275724239 0.0
-0.308601644376258 0.476351547131916 0.0
-0.301679179809787 -0.632353260525961 0.0
-0.298615264024639 -0.57108590419718 0.0
-0.295661502133129 -0.509733588648262 0.0
-0.292796746449287 -0.448299939662973 0.0
-0.289998203833907 -0.386798351318629 0.0
-0.287231565899346 -0.32524489182102 0.0
-0.284457265676593 -0.263653035257456 0.0
-0.281667481592449 -0.202041095977891 0.0
-0.278881443010932 -0.14043748493729 0.0
-0.276106497555444 -0.078872579699968 0.0
-0.273343362689862 -0.0173772658310281 0.0
-0.270587324215889 0.0440187608963326 0.0
-0.267826088909124 0.10528946957038 0.0
-0.265035567902728 0.166416390289578 0.0
-0.262173050214505 0.227392559670946 0.0
-0.25916572974551 0.288228319573373 0.0
-0.255894849744105 0.348959424788412 0.0
-0.252202753173029 0.409662253834938 0.0
-0.24799718217877 0.470461033691716 0.0
-0.240414827076368 -0.635736127569167 0.0
-0.237393600332492 -0.574508918791475 0.0
-0.234499653018454 -0.513211889069327 0.0
-0.23168785997667 -0.451849986661281 0.0
-0.228922615296313 -0.390436631789858 0.0
-0.226170178521669 -0.328987744720568 0.0
-0.223403755871359 -0.267519121566368 0.0
-0.220618881288903 -0.206049828004675 0.0
-0.217825829484945 -0.144603645779562 0.0
-0.215029864194917 -0.0832045036805534 0.0
-0.212231605307741 -0.021874965294497 0.0
-0.209427072394011 0.0393653342000412 0.0
-0.206606115689989 0.100501336376793 0.0
-0.20374949115599 0.161525018048484 0.0
-0.20082439531447 0.222437711401396 0.0
-0.197778968842794 0.283254583715796 0.0
-0.194543881974884 0.344012218348834 0.0
-0.19106844351794 0.404778357896554 0.0
-0.187423819138033 0.465655818857507 0.0
-0.1790794002985 -0.639088202696254 0.0
-0.176114081303039 -0.577883706950295 0.0
-0.173276693384758 -0.516619640829837 0.0
-0.170505190766096 -0.455301664555028 0.0
-0.167757633285827 -0.393942700134821 0.0
-0.165003369279591 -0.332557886745613 0.0
-0.162223733639909 -0.271162819060854 0.0
-0.15941633341299 -0.209774777087617 0.0
-0.1565878462547 -0.148412880496899 0.0
-0.153743184795037 -0.0870954151396665 0.0
-0.150884411295365 -0.0258387779316565 0.0
-0.148010422520773 0.0353436499338847 0.0
-0.145116025334111 0.0964424955821485 0.0
-0.142190448904233 0.157454072876617 0.0
-0.139215949340715 0.218381840180326 0.0
-0.136169675112257 0.279239465296522 0.0
-0.133039599990098 0.340053714720547 0.0
-0.129876821424604 0.400861962793968 0.0
-0.12692303326697 0.461695415188504 0.0
-0.117657759183611 -0.642310241174717 0.0
-0.114761495459344 -0.581107515117892 0.0
-0.111977101533471 -0.519849844018516 0.0
-0.109233626444662 -0.458543652104611 0.0
-0.106488456711212 -0.397201301049023 0.0
-0.103715857681223 -0.335836813922651 0.0
-0.100903520418489 -0.274464481637662 0.0
-0.0980513889602368 -0.213099107423613 0.0
-0.0951656289131829 -0.151755867582615 0.0
-0.0922522722545071 -0.090448700817594 0.0
-0.0893160092297335 -0.0291896438028076 0.0
-0.0863599890278207 0.0320120939091387 0.0
-0.083385650896679 0.0931510434311662 0.0
-0.0803927917860946 0.154227343191375 0.0
-0.0773812830190424 0.215248830183097 0.0
-0.0743585680224555 0.276235209236163 0.0
-0.0713624287858427 0.337222785838907 0.0
-0.0685165847921196 0.398267289545723 0.0
-0.0662048530794267 0.45943991738986 0.0
-0.0561436410833665 -0.645311467133547 0.0
-0.0533282725827465 -0.584089639118564 0.0
-0.0505928315622873 -0.522811979218188 0.0
-0.0478657809720821 -0.461486157145805 0.0
-0.0451088339288239 -0.400124200175059 0.0
-0.0423028036361908 -0.338738962484855 0.0
-0.0394413058863802 -0.277343075297038 0.0
-0.0365272369714581 -0.215948882263387 0.0
-0.0335680569442783 -0.154568381204797 0.0
-0.0305719989310473 -0.0932122355964312 0.0
-0.027547317409533 -0.0318893734120138 0.0
-0.0245025833792514 0.0293938611313586 0.0
-0.0214475344953556 0.0906346645976955 0.0
-0.0183950059087344 0.151835781654997 0.0
-0.0153658546170159 0.21300764110445 0.0
-0.0124009740514141 0.27417189702141 0.0
-0.00958762367934506 0.335363667196343 0.0
-0.00711174760985974 0.396626591022157 0.0
-0.00526481794630517 0.457962752272734 0.0
0.00545933016510629 -0.648019299931099 0.0
0.00818499333119662 -0.586759835718585 0.0
0.0108766355264784 -0.525438767435031 0.0
0.0135983319113921 -0.464065602223738 0.0
0.0163797627719393 -0.402652275048844 0.0
0.0192321902459922 -0.341210476918367 0.0
0.022156049362315 -0.279751088403093 0.0
0.0251449839738474 -0.218284198229367 0.0
0.0281891983043039 -0.156819286805231 0.0
0.0312774900345635 -0.0953646809726646 0.0
0.0343972493453578 -0.0339274309335423 0.0
0.0375333798897368 0.027487308474214 0.0
0.0406662065486308 0.0888769000708315 0.0
0.043767587593893 0.150242543336989 0.0
0.0467932537842377 0.211589830541223 0.0
0.049668286675388 0.272928821747438 0.0
0.0522628772628343 0.33426928405398 0.0
0.0543752783633536 0.395602070256616 0.0
0.0558393449975055 0.45687482059887 0.0
0.0671385362466878 -0.650384573261526 0.0
0.0697705108371646 -0.589072446384419 0.0
0.0724253902955795 -0.527688894331992 0.0
0.0751525221310676 -0.466245646381706 0.0
0.0779696235637635 -0.404754556471256 0.0
0.0808791230681259 -0.343226018261406 0.0
0.0838755272625333 -0.28166905683188 0.0
0.086948808291408 -0.22009165387325 0.0
0.0900863411135134 -0.158501246591398 0.0
0.0932735320932754 -0.0969045615630147 0.0
0.0964929437358308 -0.0353078134728795 0.0
0.0997223249181974 0.0262835603410931 0.0
0.102931330440014 0.0878650091699997 0.0
0.106076118283059 0.149433360838093 0.0
0.109090300900041 0.210986067102512 0.0
0.111871051487098 0.272519587875524 0.0
0.114263996802964 0.334023918961957 0.0
0.11606929440746 0.395475754426324 0.0
0.117056305582688 0.456867822109558 0.0
0.128873954277757 -0.652383800106696 0.0
0.131414603803497 -0.591007981028195 0.0
0.134042183695035 -0.529547693649256 0.0
0.136785353642443 -0.468016780351957 0.0
0.139647717844111 -0.406426612390875 0.0
0.142622646825491 -0.344785879619107 0.0
0.145699055830747 -0.283101466289632 0.0
0.148863402592289 -0.221379174104171 0.0
0.152100193279828 -0.159624540860013 0.0
0.155391401904889 -0.097843000810058 0.0
0.158714718462621 -0.0360403992474 0.0
0.162040720036938 0.0257769092812059 0.0
0.16532859962948 0.0876016858182579 0.0
0.168519767113792 0.149425650693828 0.0
0.171528403944019 0.211237970703039 0.0
0.174229393883531 0.273023247382013 0.0
0.176448015722077 0.334758209137851 0.0
0.177953924712658 0.396413189646694 0.0
0.178449501231263 0.457956385363239 0.0
0.190640614288799 -0.65402012389113 0.0
0.193099583538526 -0.592573819151116 0.0
0.195711767847269 -0.531027434760764 0.0
0.19848110407833 -0.469396081835446 0.0
0.201396435396087 -0.407689741390558 0.0
0.204442673994703 -0.345914670313306 0.0
0.207603901517929 -0.284075067750052 0.0
0.210863575935623 -0.222174168685655 0.0
0.214203662081249 -0.160215327434284 0.0
0.217603000567423 -0.0982024399270766 0.0
0.221034748252191 -0.0361407454908364 0.0
0.224462787263986 0.0259627103909395 0.0
0.227836672621163 0.0880981941663216 0.0
0.231084600760594 0.150252442871386 0.0
0.234103920322996 0.212406338810178 0.0
0.236749857323124 0.274532378341856 0.0
0.238823347082179 0.336591743548078 0.0
0.240056302433983 0.398531733625446 0.0
0.240085564521523 0.46028318891303 0.0
0.252410436235707 -0.655324172413449 0.0
0.254804684939008 -0.59380515850261 0.0
0.25741506492577 -0.532168205726045 0.0
0.260219433446899 -0.470427960871744 0.0
0.263192942940444 -0.408591634285705 0.0
0.266313476599493 -0.346662045797818 0.0
0.2695614310444 -0.284639914022238 0.0
0.272918058410522 -0.222525190341386 0.0
0.276363373466207 -0.16031830382255 0.0
0.279873644476474 -0.0980207618249126 0.0
0.28341814798297 -0.0356361997404977 0.0
0.286954959867458 0.0268287726204311 0.0
0.290425334705705 0.0893630805454299 0.0
0.29374628328504 0.151949433478272 0.0
0.296800949656646 0.21456076544468 0.0
0.299426740135094 0.277156207495489 0.0
0.301400053480245 0.339675619625896 0.0
0.302412762034752 0.402032783400591 0.0
0.302029314467564 0.464107109703091 0.0
0.314154736808412 -0.656355637987339 0.0
0.31650728542683 -0.59476689381036 0.0
0.319129483873117 -0.533039873475972 0.0
0.321975222731354 -0.471186179016407 0.0
0.325008750899518 -0.409208598678901 0.0
0.328203014550422 -0.34710538423017 0.0
0.331536128743463 -0.284872811693296 0.0
0.334988087592308 -0.222506547725213 0.0
0.338537690216398 -0.160002890353446 0.0
0.342159360392494 -0.0973594079312556 0.0
0.345819389529848 -0.0345761352774885 0.0
0.349471305613591 0.0283432448295195 0.0
0.353049923956303 0.0913892675210546 0.0
0.356463733340461 0.154543836686203 0.0
0.359585020632921 0.217774892072699 0.0
0.36223689429462 0.281029492374528 0.0
0.364174136988557 0.344223547390178 0.0
0.36504965553226 0.40722711756225 0.0
0.364345395295032 0.46984399934351 0.0
0.37584617335362 -0.657205942883526 0.0
0.37818308108828 -0.595556577297622 0.0
0.380828236856969 -0.533745032747522 0.0
0.383717608022858 -0.471776864710597 0.0
0.386808641720412 -0.409648906216286 0.0
0.390071758871717 -0.347353820767113 0.0
0.393484242940277 -0.284882510815996 0.0
0.397025756501792 -0.222225204121178 0.0
0.400674597720426 -0.159372418579262 0.0
0.40440409059762 -0.0963153893781119 0.0
0.408178529250657 -0.0330471673301654 0.0
0.41194835893601 0.0304361211346363 0.0
0.415644172009761 0.0941327645252315 0.0
0.41916917121873 0.158031724801958 0.0
0.422389250356606 0.222105400110505 0.0
0.425119088808142 0.286298773103914 0.0
0.427099437592103 0.350511068661849 0.0
0.427953001400718 0.414565019460172 0.0
0.427080210175152 0.47815529075792 0.0
0.43745970512933 -0.65800210948114 0.0
0.439804831637489 -0.596308230957351 0.0
0.442478610391269 -0.534422443041759 0.0
0.445408358496242 -0.472341848226384 0.0
0.448549214765003 -0.410056355657011 0.0
0.451871393286946 -0.347552644923299 0.0
0.455352547991047 -0.284815763967808 0.0
0.458972667031889 -0.221829445413628 0.0
0.462710017835038 -0.158576416474594 0.0
0.46653735413605 -0.0950382609540576 0.0
0.470417761169634 -0.0311959948815186 0.0
0.474299854963539 0.032969197923365 0.0
0.478111974089696 0.0974739777149392 0.0
0.481755058748862 0.162329505392236 0.0
0.485093251575285 0.227533983788307 0.0
0.487940261748875 0.293059517660001 0.0
0.490035759806889 0.358825410922817 0.0
0.490996077380691 0.424642393125978 0.0
0.490182823948132 0.490090558101055 0.0
0.498972234852816 -0.658911788901559 0.0
0.501339966123925 -0.597196348425197 0.0
0.504040060394171 -0.535250184683271 0.0
0.507000554085938 -0.473060740439439 0.0
0.510178279891059 -0.410612104795512 0.0
0.513544826408217 -0.347886309830275 0.0
0.517078731551917 -0.284863064554969 0.0
0.520760409722541 -0.221518847080206 0.0
0.52456810743423 -0.157826314643114 0.0
0.528474082409268 -0.0937533096137656 0.0
0.532440423552924 -0.0292623868685582 0.0
0.53641429980902 0.0356899450211407 0.0
0.540322357665006 0.101153505221996 0.0
0.544064047758424 0.167184624533697 0.0
0.547502997739556 0.233844093791708 0.0
0.550454769084186 0.301191844612146 0.0
0.55266654151873 0.369269286819304 0.0
0.553778500686165 0.438042968915867 0.0
0.55323084926395 0.507212270096469 0.0
