-0.646312124419382 -0.680102846518044 0.0
0.584620699181241 -0.727096156820865 0.0
-0.563411381840706 0.61237245798111 0.0
0.61237245798111 0.61237245798111 0.0
-0.585175378275254 -0.68327860892824 0.0
0.586480096418091 -0.665630749862845 0.0
0.555091226104481 0.571413310876163 0.0
-0.573188418078889 0.535946354909917 0.0
-0.524032642018325 -0.68623342787119 0.0
0.588808646267627 -0.603875434530938 0.0
0.494502072421395 0.547976199002204 0.0
-0.581743788110627 0.463717658710155 0.0
-0.46291790201044 -0.689244135538172 0.0
0.591473280871941 -0.541806252926915 0.0
0.433882675457238 0.533293296370141 0.0
-0.588295611262239 0.394099890544502 0.0
-0.401818771714763 -0.692401268081124 0.0
0.594396257057321 -0.479407312164694 0.0
0.373603135587818 0.52365205961392 0.0
-0.593531436672954 0.32629768405865 0.0
-0.340710570564049 -0.695733699377559 0.0
0.59752729095167 -0.416662232637805 0.0
0.313631805236612 0.517244232972511 0.0
-0.597948742943935 0.259813103339008 0.0
-0.279556408166548 -0.699220263287975 0.0
0.600829649248356 -0.353550333089964 0.0
0.253904267118287 0.513097967044396 0.0
-0.601850876638909 0.194319773981372 0.0
-0.218315075594943 -0.702789577052173 0.0
0.604271808822437 -0.290044711921907 0.0
0.194379451781742 0.510658949383057 0.0
-0.605423836671008 0.129596719221279 0.0
-0.156950581186302 -0.706338392894756 0.0
0.607821487351775 -0.226110741248639 0.0
0.135043691041505 0.509609366763106 0.0
-0.608784433511294 0.0654900259569587 0.0
-0.095439528377852 -0.709753548854499 0.0
0.61144045766197 -0.161705036400425 0.0
0.0759090021387087 0.509803245407674 0.0
-0.612008278551357 0.00189031831102883 0.0
-0.0337744333514753 -0.712929865625436 0.0
0.615079362799632 -0.0967737865386623 0.0
0.0170191946796408 0.511466654881663 0.0
-0.615147503559352 -0.0612795392298177 0.0
0.0280356766541079 -0.715781857779505 0.0
0.618671892205998 -0.031251099851228 0.0
-0.0418930448764406 0.512396143693466 0.0
-0.618246263364404 -0.124071401344054 0.0
0.0899671670999376 -0.71825005286833 0.0
0.622127914213368 0.0349438436375845 0.0
-0.101019142939756 0.514067607865549 0.0
-0.621373233775219 -0.186513956108398 0.0
0.151984532510122 -0.720303680536496 0.0
0.625324811760361 0.101910797953773 0.0
-0.159967640077564 0.519045277753188 0.0
-0.624829589342833 -0.248612477629101 0.0
0.214043894319937 -0.721941637134851 0.0
0.628095739445337 0.169775470062618 0.0
-0.218679893636511 0.524309796323075 0.0
-0.627363343305226 -0.310634569884921 0.0
0.276095769660322 -0.723193194256914 0.0
0.630211711784051 0.2387004281073 0.0
-0.277017691350832 0.531133618010031 0.0
-0.630113568734249 -0.37262700130241 0.0
0.338088669635392 -0.72411945782906 0.0
0.631351266291707 0.308905634469105 0.0
-0.335698700247914 0.537957782098272 0.0
-0.633480210416787 -0.4344258216025 0.0
0.399972876686172 -0.724816033670992 0.0
0.631043649932546 0.380705891612657 0.0
-0.394817762846757 0.546245477451054 0.0
-0.636769983089267 -0.496038051814946 0.0
0.461705114517884 -0.725417057118895 0.0
0.628557893191161 0.454583140253316 0.0
-0.453189430313107 0.558832279200609 0.0
-0.64010212869652 -0.55749181133483 0.0
0.523256029110888 -0.726100639598297 0.0
0.62272634513611 0.531333630692269 0.0
-0.510958335155787 0.577089119779704 0.0
-0.643166732690211 -0.618838493778166 0.0
-0.582058497838113 -0.621999535506247 0.0
-0.578950557070761 -0.560606083448348 0.0
-0.575648426034615 -0.499074787354522 0.0
-0.572393975027922 -0.437462859470745 0.0
-0.569115245650587 -0.375774181138289 0.0
-0.566313088187562 -0.313889098496508 0.0
-0.563686380766506 -0.251646909781057 0.0
-0.560391432465652 -0.189109466753808 0.0
-0.557278031681237 -0.126386533563457 0.0
-0.554204662464437 -0.0634131060790616 0.0
-0.551114286737415 -0.000134387447923273 0.0
-0.547966694914771 0.0634995566063832 0.0
-0.544718234268801 0.127538486014682 0.0
-0.541310290296725 0.192031209909895 0.0
-0.537659307586031 0.257014566073655 0.0
-0.533648874724086 0.322482620036683 0.0
-0.52913805387408 0.38830652646873 0.0
-0.524053175786322 0.454034922088198 0.0
-0.518815438141412 0.51838204323616 0.0
-0.52091081602743 -0.624934284256802 0.0
-0.517738620105975 -0.563539185012845 0.0
-0.514485003799852 -0.502015336676539 0.0
-0.511264566468877 -0.440355043013616 0.0
-0.50814706622803 -0.378497628785838 0.0
-0.50533817235609 -0.316475251629667 0.0
-0.502553934103483 -0.254309013454566 0.0
-0.499473243751744 -0.191888849301518 0.0
-0.496462347829511 -0.12926167194254 0.0
-0.493484966788261 -0.0664241905184717 0.0
-0.490510670006007 -0.00336972762269422 0.0
-0.487514671737997 0.0598995280717296 0.0
-0.484470455868748 0.123362927524508 0.0
-0.481344337521645 0.186967052665418 0.0
-0.478092025934904 0.250601149147139 0.0
-0.474658653193446 0.314061144699927 0.0
-0.470985268044451 0.377006592007147 0.0
-0.467004010304273 0.438942870331308 0.0
-0.462035065384681 0.499296404998535 0.0
-0.459750548857617 -0.627964508877922 0.0
-0.456549393817926 -0.566579966572526 0.0
-0.45334552823814 -0.505063221386067 0.0
-0.450216823513359 -0.443396157222506 0.0
-0.447225319916082 -0.381574165278685 0.0
-0.444415470479169 -0.319633770280886 0.0
-0.441606343902123 -0.25756106870465 0.0
-0.43867470127162 -0.19531213802673 0.0
-0.435782150234162 -0.132919554755303 0.0
-0.432925612290585 -0.0704054353167425 0.0
-0.430091359547221 -0.00779803131783208 0.0
-0.427265572707487 0.0548587846229794 0.0
-0.424431177433897 0.117497350103096 0.0
-0.42156244575967 0.180018675986609 0.0
-0.418617448838101 0.242286920213343 0.0
-0.415525910086744 0.304134323708041 0.0
-0.412164885442319 0.365386868710344 0.0
-0.408255704592299 0.425917183149425 0.0
-0.403352360687956 0.48583853976257 0.0
-0.398588991814775 -0.631151540422279 0.0
-0.395385749475122 -0.569802410403885 0.0
-0.392247484159851 -0.5083329581849 0.0
-0.389215918641972 -0.446737426065887 0.0
-0.386315951707745 -0.385026106442 0.0
-0.383533241675669 -0.323219688176227 0.0
-0.380757973657428 -0.261315160472163 0.0
-0.37794093694912 -0.19930750491102 0.0
-0.375155915576901 -0.137230453197544 0.0
-0.372407980824082 -0.0751202434396528 0.0
-0.369690107367516 -0.0130207183364185 0.0
-0.366990592606683 0.0490132595050414 0.0
-0.364289758127872 0.11091510333148 0.0
-0.361552961002779 0.172610281292265 0.0
-0.358720445254657 0.234025675822149 0.0
-0.355692788208384 0.295108086620522 0.0
-0.352303575763149 0.355850628978652 0.0
-0.348294323976781 0.416337995441616 0.0
-0.343393832380078 0.476766205830302 0.0
-0.337419113662275 -0.634523307119308 0.0
-0.334233810565851 -0.573229211353792 0.0
-0.331166784143733 -0.511835622914244 0.0
-0.328223464051944 -0.450343165410365 0.0
-0.325397539107783 -0.388765161457822 0.0
-0.322654663287581 -0.327119372530008 0.0
-0.319926722902799 -0.265414585963881 0.0
-0.317191655635349 -0.203664555615094 0.0
-0.314483413804511 -0.141903290165981 0.0
-0.311806249401607 -0.080168389374739 0.0
-0.309153811509203 -0.0185007999088561 0.0
-0.30651238723024 0.0430563161601105 0.0
-0.303857689536706 0.104461052678437 0.0
-0.301149034457187 0.165679729789461 0.0
-0.298321901262746 0.226696380570569 0.0
-0.29527825839746 0.287525841831075 0.0
-0.291876471154764 0.348230692210133 0.0
-0.287937204481684 0.40893915785362 0.0
-0.283266389089657 0.46984915724907 0.0
-0.27621950155145 -0.638049564784502 0.0
-0.273067956279083 -0.576813750521266 0.0
-0.270072433093888 -0.515499411062837 0.0
-0.267205528818416 -0.454110137386892 0.0
-0.264438649875663 -0.392660401278517 0.0
-0.261732015574773 -0.33116793421206 0.0
-0.259040709098586 -0.269648035268039 0.0
-0.256352366545049 -0.208120903359953 0.0
-0.253682076616145 -0.146616729244989 0.0
-0.251031638087315 -0.0851669282102081 0.0
-0.248394616671746 -0.0238021440833702 0.0
-0.24575731983769 0.0374501191202891 0.0
-0.243096657881527 0.0985687876242374 0.0
-0.240376853083876 0.159543973856536 0.0
-0.237545995783173 0.220381534945823 0.0
-0.234533735624238 0.281108308342232 0.0
-0.231254876068568 0.341775618329736 0.0
-0.227625349781128 0.4024560680827 0.0
-0.223517528697602 0.463224602378011 0.0
-0.214962899005203 -0.641649644736256 0.0
-0.211860284358193 -0.580460518279892 0.0
-0.208934245152676 -0.519210196488071 0.0
-0.206130477993267 -0.457903644543426 0.0
-0.203406253111188 -0.396555288832488 0.0
-0.200722107963485 -0.335182474816581 0.0
-0.198046466400488 -0.273802437876106 0.0
-0.195370991186027 -0.2124355022931 0.0
-0.192702362481516 -0.151106283957465 0.0
-0.190041472807981 -0.0898386827979781 0.0
-0.187383650964784 -0.028654016982079 0.0
-0.184718804598497 0.0324308824303672 0.0
-0.182030442612978 0.0934056160631402 0.0
-0.179294514817563 0.154268792129599 0.0
-0.176479138102375 0.215029972174218 0.0
-0.173547188421428 0.275712503752935 0.0
-0.170465720293385 0.336356526306989 0.0
-0.167221273705266 0.397024225592896 0.0
-0.163873692723017 0.457840704532881 0.0
-0.153623866112555 -0.645214437342879 0.0
-0.150585935101051 -0.58405140081591 0.0
-0.147726503440643 -0.522838869885271 0.0
-0.144972249767455 -0.461582497254434 0.0
-0.142273445573556 -0.400296051993702 0.0
-0.139593946555892 -0.338995816968276 0.0
-0.136911085001893 -0.277698456529112 0.0
-0.134219502215721 -0.216422042261363 0.0
-0.131523303894721 -0.155186000138496 0.0
-0.128824605374289 -0.094008172883263 0.0
-0.126122439505025 -0.0329035818040498 0.0
-0.123412805422265 0.0281168122937169 0.0
-0.120688718615783 0.089047080111064 0.0
-0.117940862089149 0.149887655703017 0.0
-0.115160176745281 0.210645680660464 0.0
-0.112345047305369 0.271335274582779 0.0
-0.109518251841994 0.331975380560616 0.0
-0.106773153965815 0.392584730534872 0.0
-0.104450274541641 0.453164746087615 0.0
-0.0921845335372444 -0.648628622842907 0.0
-0.0892271448631764 -0.587467489501885 0.0
-0.0864311602844345 -0.526262157472661 0.0
-0.0837132833039626 -0.465019068686751 0.0
-0.0810231757904534 -0.403751325686268 0.0
-0.0783303123295267 -0.342473890981967 0.0
-0.0756194138237689 -0.281201860443035 0.0
-0.0728885963030546 -0.21995051628931 0.0
-0.0701427689876946 -0.15873501298082 0.0
-0.0673869326642404 -0.0975685702564616 0.0
-0.0646250955531145 -0.0364616396022654 0.0
-0.061860593698953 0.0245791815532405 0.0
-0.0590970082633864 0.0855522064200621 0.0
-0.0563401642380439 0.14646258733814 0.0
-0.0536025578071617 0.207324282686534 0.0
-0.050912848850399 0.268164045856253 0.0
-0.0483376047452163 0.329027570991023 0.0
-0.0460428976481411 0.389987956133645 0.0
-0.0445864267930294 0.451142081935209 0.0
-0.0306375119596256 -0.651787615550165 0.0
-0.0277751238844539 -0.590604590096148 0.0
-0.0250389069122715 -0.529376429346442 0.0
-0.022345017925913 -0.468110969712459 0.0
-0.019648243818937 -0.406820980871781 0.0
-0.0169257489834588 -0.345520145524402 0.0
-0.0141694550596361 -0.284221713389101 0.0
-0.0113817678449315 -0.222938259782937 0.0
-0.00857041325783027 -0.161681461368049 0.0
-0.00574451279832463 -0.10046090799585 0.0
-0.00291409459229949 -0.0392834659167077 0.0
-9.10299556418134e-05 0.0218478746371637 0.0
0.0027090082048909 0.0829353543427049 0.0
0.00546300216027712 0.143988952451593 0.0
0.00813396892521466 0.205029184950788 0.0
0.010658239003073 0.266091805841241 0.0
0.0129191065866436 0.327232223853128 0.0
0.014685311808853 0.388520851388851 0.0
0.0156704117409713 0.449955300145455 0.0
0.0310130679566745 -0.654608166122405 0.0
0.0337694279127424 -0.593382275856326 0.0
0.0364508672725375 -0.532104813832039 0.0
0.0391326133928872 -0.470785757651583 0.0
0.041849778813373 -0.409437900642971 0.0
0.0446157435308772 -0.348073737411429 0.0
0.0474311415372 -0.286704658002923 0.0
0.0502885861455519 -0.225340828957518 0.0
0.0531762923179929 -0.163991243088759 0.0
0.0560800326013832 -0.102663006392684 0.0
0.0589827047199804 -0.0413610117338265 0.0
0.0618624712101033 0.019912908335753 0.0
0.064689517657053 0.0811608021923648 0.0
0.0674207527837352 0.142389942632646 0.0
0.0699909423814346 0.203612971082319 0.0
0.0722979151039295 0.264846575900596 0.0
0.0741795442935689 0.32610261189044 0.0
0.0754156426701388 0.387356232078521 0.0
0.0759510542733732 0.448520772449519 0.0
0.0927526577587604 -0.657033777431729 0.0
0.0953974957912582 -0.595748059126267 0.0
0.0980314101161036 -0.5343997934617 0.0
0.100712677385245 -0.473001635184555 0.0
0.10346234263481 -0.411566504661177 0.0
0.10628311451399 -0.350105647321964 0.0
0.109168039135745 -0.288628584232347 0.0
0.112104398292769 -0.227143379550807 0.0
0.115075698408545 -0.165657081891791 0.0
0.118062014288892 -0.104175481578491 0.0
0.121038527657565 -0.0427032327852083 0.0
0.123972695968492 0.0187564397786187 0.0
0.126819906733198 0.0802017323799532 0.0
0.129517056511741 0.141632328588831 0.0
0.131973158182987 0.20304770039569 0.0
0.134057004737805 0.264443766094332 0.0
0.135590128931351 0.325804710641263 0.0
0.136382328063815 0.387098292246386 0.0
0.136282042272087 0.448339814652208 0.0
0.154558216568039 -0.659036832261169 0.0
0.157093371272073 -0.597678762014427 0.0
0.159689987197874 -0.536243573756851 0.0
0.162382455583831 -0.474746591837354 0.0
0.165175135442207 -0.413200491095399 0.0
0.168059659026145 -0.35161488682273 0.0
0.171021754170758 -0.289997212059217 0.0
0.17404348082648 -0.228353490891096 0.0
0.177103549556027 -0.166689195091436 0.0
0.180176271637548 -0.105009430055004 0.0
0.183229114200341 -0.0433194911550765 0.0
0.186219014725497 0.0183749330218675 0.0
0.189087238419583 0.0800671562606518 0.0
0.191752441695924 0.141748929435629 0.0
0.194101771331367 0.203408358407193 0.0
0.195982086544506 0.265027411045664 0.0
0.197199387842915 0.326579800359936 0.0
0.197529419877707 0.388040785736657 0.0
0.196711274980337 0.44940405870522 0.0
0.216401039674428 -0.660619363721926 0.0
0.218836844024361 -0.599181022894096 0.0
0.221409476566554 -0.537648133694377 0.0
0.224124600676048 -0.476037834216331 0.0
0.226968979589006 -0.414361565197135 0.0
0.229923751280053 -0.352626518351523 0.0
0.232968135174827 -0.290837475771235 0.0
0.236079540365417 -0.228998064831757 0.0
0.239232268765926 -0.167111965697395 0.0
0.242395257522945 -0.105183438735777 0.0
0.245528754125923 -0.0432182422843855 0.0
0.248579899882384 0.0187757481044392 0.0
0.251476972083789 0.0807874451138288 0.0
0.254122130911315 0.142801467554959 0.0
0.256382919557088 0.204795693546637 0.0
0.258084453025627 0.26673922265565 0.0
0.259004291609069 0.328591894652893 0.0
0.258866321880289 0.390306887964208 0.0
0.25731780855068 0.451831829778477 0.0
0.278248951330497 -0.66181391835368 0.0
0.280604403795933 -0.600292304319468 0.0
0.283168681665058 -0.538656189925128 0.0
0.28591684068989 -0.476922601058659 0.0
0.288819128944098 -0.415100144573309 0.0
0.291847781821494 -0.353192417395235 0.0
0.294976824039123 -0.291200639681054 0.0
0.298179946324861 -0.229125241226629 0.0
0.301427759617159 -0.166967294460288 0.0
0.304684523417987 -0.104729279273993 0.0
0.30790406940863 -0.0424163076488898 0.0
0.311024765595219 0.019962822309237 0.0
0.313963238737469 0.0823938989556275 0.0
0.316606772003085 0.144855341478597 0.0
0.318804513956382 0.207314667705731 0.0
0.320358076957172 0.269725199489074 0.0
0.32101059813268 0.332022669662719 0.0
0.320428569406904 0.394121744182415 0.0
0.31816704677314 0.45591035572025 0.0
0.340069139953584 -0.662685507011259 0.0
0.342370631651654 -0.601083249692338 0.0
0.344942645866638 -0.539343699068161 0.0
0.347731681427381 -0.477480761632522 0.0
0.350694593308837 -0.415498213689228 0.0
0.353797137932786 -0.353394686278284 0.0
0.357009798416146 -0.291166695231172 0.0
0.360303681591968 -0.228810307160071 0.0
0.363646597070088 -0.166322603465508 0.0
0.366998996781769 -0.10370253000898 0.0
0.37030931218749 -0.0409523384294936 0.0
0.373508436963448 0.0219209226211168 0.0
0.376503022838634 0.0849028956135146 0.0
0.379167425809868 0.147968679491818 0.0
0.381333970278834 0.211077297712773 0.0
0.382780910658694 0.27416515849415 0.0
0.383215182689558 0.337137234009909 0.0
0.382242800175993 0.399855065997173 0.0
0.379313168016795 0.462120264263088 0.0
0.401830397400847 -0.663335130366815 0.0
0.404108406681104 -0.60166163434824 0.0
0.406701787905098 -0.539823833040595 0.0
0.409535144135304 -0.477828853200883 0.0
0.41255670837645 -0.415673712453854 0.0
0.41572862342856 -0.353350825046585 0.0
0.419019566808583 -0.290850885767589 0.0
0.422399184481943 -0.228164232611527 0.0
0.425833354920929 -0.165282027954826 0.0
0.429279602102574 -0.102196923817855 0.0
0.432682046468858 -0.0389044817264316 0.0
0.435965575925503 0.0245951131725475 0.0
0.439028835810646 0.08829391928174 0.0
0.441735693627784 0.152171709364094 0.0
0.443904294303349 0.216187873814051 0.0
0.445292000755405 0.280269892910355 0.0
0.44557169620361 0.344295001141507 0.0
0.4442895406504 0.408061157712868 0.0
0.440776338197189 0.471241227930736 0.0
0.463504284294882 -0.663905148842286 0.0
0.465787420653251 -0.602177748260359 0.0
0.468409733772734 -0.540251850613831 0.0
0.471284670587724 -0.478124648656055 0.0
0.474357251032659 -0.415785218946499 0.0
0.477588786094696 -0.353219280158477 0.0
0.480947603096692 -0.290411101619233 0.0
0.484402706500181 -0.227343984537391 0.0
0.48791864164595 -0.164000734083888 0.0
0.491450644923415 -0.10036375693023 0.0
0.494939388891936 -0.0364160098829622 0.0
0.49830497862694 0.0278576864985761 0.0
0.501439734963008 0.0924677862862631 0.0
0.504199230305461 0.157415390303316 0.0
0.506390197779595 0.222682932449098 0.0
0.507752763364172 0.288218433949113 0.0
0.507931158189422 0.353905431936601 0.0
0.506420025506217 0.419504326479554 0.0
0.502443272980697 0.48453351894001 0.0
0.525064638374483 -0.664586793903314 0.0
0.527371002599139 -0.602830635955176 0.0
0.530020547584917 -0.540829728621961 0.0
0.532927146011131 -0.478570154307862 0.0
0.536037394151786 -0.416034481809393 0.0
0.539313663723161 -0.353203265735124 0.0
0.542724591126229 -0.290054790783715 0.0
0.546238738651954 -0.226564189402549 0.0
0.549819418424482 -0.162702954882059 0.0
0.553419730436455 -0.0984381583219737 0.0
0.556977135688866 -0.0337323382805357 0.0
0.560407223475666 0.0314566774108925 0.0
0.563596136910624 0.0971751274867502 0.0
0.566390909456117 0.163471998662083 0.0
0.568585859863922 0.230394420358238 0.0
0.569901738808671 0.297977804218957 0.0
0.569950873128183 0.366219898857055 0.0
0.568176339461513 0.435010119719934 0.0
0.563737049587667 0.503918846875215 0.0
