-0.621009459886575 -0.684642349361013 0.0
0.610672324432389 -0.731612044764623 0.0
-0.529486280679703 0.61237245798111 0.0
0.61237245798111 0.61237245798111 0.0
-0.559880964432865 -0.687865798057877 0.0
0.612410183241206 -0.670123825459482 0.0
0.560548386865077 0.567605581880124 0.0
-0.543245503037446 0.535437197656685 0.0
-0.498750272829463 -0.690880791280229 0.0
0.61464631087196 -0.608322054714499 0.0
0.502890567019121 0.542049756089397 0.0
-0.553968927819384 0.462484684648584 0.0
-0.437654644618012 -0.693965556645192 0.0
0.617226789483599 -0.546181432316914 0.0
0.444374671889746 0.526264309354353 0.0
-0.561769587686179 0.39216900859265 0.0
-0.376580643459991 -0.697224946140012 0.0
0.620061160618679 -0.483685280433167 0.0
0.385828888332365 0.516049875450831 0.0
-0.567736670888685 0.323767210352807 0.0
-0.31549894350941 -0.700691522980802 0.0
0.62308944770592 -0.420816149890521 0.0
0.327375180070293 0.509356309208639 0.0
-0.572571677118216 0.256788900284823 0.0
-0.254366326489484 -0.704338284482155 0.0
0.626265869402731 -0.357551716215972 0.0
0.269019045414855 0.505095337013173 0.0
-0.576693446978291 0.19089779848182 0.0
-0.193135115057777 -0.708081396018482 0.0
0.629548998803015 -0.293862798945009 0.0
0.210762963568783 0.502657521323882 0.0
-0.580358938687819 0.125859519846154 0.0
-0.131764006775268 -0.71180201574082 0.0
0.632894596835084 -0.229711899349622 0.0
0.152628337628097 0.501705308429795 0.0
-0.583731106096478 0.0615072441546839 0.0
-0.0702262998882641 -0.715371335402965 0.0
0.636249290228763 -0.165052282473222 0.0
0.0946619326047595 0.502110388359781 0.0
-0.58691682889272 -0.00227975071327599 0.0
-0.00851352206746486 -0.718670530082565 0.0
0.639544169879526 -0.0998264844031341 0.0
0.0369578155232141 0.504377314290561 0.0
-0.589990193150446 -0.0655882404978408 0.0
0.0533640968934443 -0.721603469173856 0.0
0.642687533702299 -0.0339649207736502 0.0
-0.0209753901497528 0.504890889224684 0.0
-0.593011462977526 -0.128478154945114 0.0
0.115379903095839 -0.72410330385692 0.0
0.645556142644682 0.0326165679225728 0.0
-0.0792439235777092 0.506020881214564 0.0
-0.596062470905784 -0.19098492576081 0.0
0.17749400418852 -0.726135048771194 0.0
0.647983790861559 0.100020092295929 0.0
-0.137235883431109 0.511914241532979 0.0
-0.599474674865694 -0.253118798050623 0.0
0.239657181261849 -0.72769635682696 0.0
0.649744999743051 0.168371609450972 0.0
-0.194983023859658 0.517705515200567 0.0
-0.601949465806476 -0.315175875983832 0.0
0.301813995894347 -0.728818182977312 0.0
0.650528957886307 0.237829539261946 0.0
-0.252206503528668 0.525300753918492 0.0
-0.604651612420935 -0.377191449519036 0.0
0.363906679873262 -0.729566500589513 0.0
0.649893796182901 0.308600118727032 0.0
-0.309858071328318 0.531978174701236 0.0
-0.608006227540649 -0.438989657110104 0.0
0.425879230907945 -0.730045629020636 0.0
0.647179212381797 0.380962114392176 0.0
-0.367992048844089 0.540177758214851 0.0
-0.611314231617983 -0.500595976615787 0.0
0.487682537075584 -0.730403431306223 0.0
0.641330187840623 0.455305350928536 0.0
-0.425005575123109 0.554256732873149 0.0
-0.614683699471316 -0.562043678036918 0.0
0.549282599858297 -0.730838685219159 0.0
0.63056480453013 0.532182296342207 0.0
-0.481064087116692 0.573991667594471 0.0
-0.617803849208319 -0.623383256099657 0.0
-0.556703745362402 -0.626589517062629 0.0
-0.553537478599206 -0.565198992578536 0.0
-0.55019638432506 -0.503667238307563 0.0
-0.546927527141561 -0.442051549888913 0.0
-0.543655976369488 -0.380355573607624 0.0
-0.540891584050694 -0.318442966229326 0.0
-0.538335275617947 -0.256153452556348 0.0
-0.53510832186833 -0.193560763955868 0.0
-0.53207707848504 -0.130762469965099 0.0
-0.529088442464618 -0.0676892971576967 0.0
-0.526073146359678 -0.00428232253526568 0.0
-0.522975624218805 0.0595120652640433 0.0
-0.519731513086671 0.123746361530671 0.0
-0.51625334236745 0.188469965915996 0.0
-0.512416636567392 0.253715519991647 0.0
-0.508046620169226 0.319462527495328 0.0
-0.502920627732313 0.385546016595548 0.0
-0.496860740507012 0.451438025318461 0.0
-0.490207985475204 0.515724700765866 0.0
-0.4955626307431 -0.629581811578229 0.0
-0.492331941995812 -0.568185784064657 0.0
-0.489042196772926 -0.506659135555771 0.0
-0.485811865172153 -0.444991872474861 0.0
-0.482712438098314 -0.383118791869571 0.0
-0.479952866674676 -0.321071585766764 0.0
-0.477241823043696 -0.258873597718066 0.0
-0.474243108534931 -0.196409427546792 0.0
-0.471326795305687 -0.133726366321431 0.0
-0.468448197035372 -0.0708208398914565 0.0
-0.465566283230504 -0.0076869003195778 0.0
-0.462642822093521 0.0556706366358676 0.0
-0.459633701637905 0.119225452870881 0.0
-0.456482014372298 0.182913737254283 0.0
-0.453113146444012 0.24660745678677 0.0
-0.449433848043864 0.310076743000485 0.0
-0.445339641179862 0.372949743717098 0.0
-0.440719046554276 0.434714289539375 0.0
-0.434941696201079 0.494854004343007 0.0
-0.434413800679801 -0.63268859620937 0.0
-0.431154223607917 -0.571306995222992 0.0
-0.427919277757171 -0.509792046353984 0.0
-0.424789958935081 -0.448123659274095 0.0
-0.421828765541221 -0.386296370276324 0.0
-0.419078916337297 -0.324347506008316 0.0
-0.416352584998095 -0.26226316591723 0.0
-0.413518069786645 -0.19999894568686 0.0
-0.410735899924648 -0.137589759944693 0.0
-0.407996186497323 -0.0750606622168349 0.0
-0.40527623016213 -0.012444270947326 0.0
-0.402550830949915 0.0502091513238264 0.0
-0.399788298866094 0.112823092273141 0.0
-0.396944087853978 0.175287222433653 0.0
-0.393952325947017 0.237452894797758 0.0
-0.390713653259467 0.29914122327969 0.0
-0.387076590770493 0.360174993570427 0.0
-0.382771921336829 0.42043950179612 0.0
-0.377537864500732 0.480068813408668 0.0
-0.373267555332412 -0.635983592393014 0.0
-0.370006818364765 -0.574645337578496 0.0
-0.366844622474857 -0.513187655009392 0.0
-0.363823252875114 -0.451603977313234 0.0
-0.360965910445614 -0.389904926728556 0.0
-0.35825497014923 -0.328112330826889 0.0
-0.355574532117561 -0.266224437729621 0.0
-0.35286951972902 -0.204237959193332 0.0
-0.350210766349343 -0.142189948300496 0.0
-0.347597321904252 -0.0801205165091986 0.0
-0.345014140282857 -0.0180779788012641 0.0
-0.342439126559237 0.0438780236478501 0.0
-0.339839005627168 0.105676665390042 0.0
-0.337161377365104 0.167241398112304 0.0
-0.334324068104105 0.228502159969752 0.0
-0.331202805626715 0.289418108118187 0.0
-0.327617172221721 0.350009479748591 0.0
-0.323352618665328 0.4104073442496 0.0
-0.318415262919645 0.47087659438261 0.0
-0.312114251283764 -0.639496218270397 0.0
-0.308873670038468 -0.578222475131901 0.0
-0.30579101389736 -0.516852886972045 0.0
-0.302869019374189 -0.455387860408239 0.0
-0.300097619874826 -0.393841613577832 0.0
-0.297437986801999 -0.332233511403244 0.0
-0.294816522598575 -0.270574210382999 0.0
-0.292206361685942 -0.208879732717042 0.0
-0.289637764957225 -0.147186952711078 0.0
-0.287109367845699 -0.0855361430990422 0.0
-0.284607377241973 -0.0239702580578615 0.0
-0.282108408511164 0.0374669937181858 0.0
-0.279575722307427 0.0987358697462862 0.0
-0.276953191716252 0.159809337685618 0.0
-0.274159112678567 0.220684880892708 0.0
-0.271082374580151 0.281400304037156 0.0
-0.26759024850562 0.342052761521436 0.0
-0.2635778939098 0.402813682154013 0.0
-0.258966967092987 0.463883044618887 0.0
-0.250928558452565 -0.64318871612897 0.0
-0.247725625871903 -0.581981973220949 0.0
-0.244723412396714 -0.520703028350137 0.0
-0.241888544063473 -0.45935550697244 0.0
-0.23918690239276 -0.397954963766263 0.0
-0.236573525561512 -0.336520755057214 0.0
-0.233998471264634 -0.275069948740692 0.0
-0.231445161300766 -0.213624573617709 0.0
-0.228924922481524 -0.152216541659778 0.0
-0.226434561265064 -0.0908782434024969 0.0
-0.22396127394434 -0.0296400356338649 0.0
-0.221483458323853 0.0314727663874164 0.0
-0.218968638900756 0.0924439383828184 0.0
-0.216371092144952 0.153271862319642 0.0
-0.213631518533601 0.213974533133154 0.0
-0.21068280141163 0.274594010880059 0.0
-0.207469856336137 0.335195220850217 0.0
-0.203971135755037 0.395845491936576 0.0
-0.20002180168932 0.456574103017508 0.0
-0.18967884447217 -0.646966845962493 0.0
-0.186530830719564 -0.585813163752594 0.0
-0.183607444011678 -0.524606769121611 0.0
-0.180845587986295 -0.46335269165034 0.0
-0.178195726248103 -0.402066343005081 0.0
-0.175612961850224 -0.340766435962029 0.0
-0.173061221268305 -0.279471576764632 0.0
-0.17052859081743 -0.218203287894368 0.0
-0.168018513528185 -0.156986974969525 0.0
-0.165528010848177 -0.0958464957008285 0.0
-0.163047808095099 -0.034801973001559 0.0
-0.160562612689315 0.026132406640912 0.0
-0.158050726790353 0.0869505698966604 0.0
-0.155484521506438 0.147657168167348 0.0
-0.152833859331238 0.20826907320011 0.0
-0.150075450469879 0.268816601840904 0.0
-0.147208044212324 0.329342503933705 0.0
-0.144248194347672 0.389904212730483 0.0
-0.141235162628728 0.450648299361193 0.0
-0.128335777134658 -0.650705409907671 0.0
-0.125260886122484 -0.589581119286581 0.0
-0.122413816199366 -0.528417250954481 0.0
-0.119710428116069 -0.467219471472636 0.0
-0.117093536671854 -0.406002356143902 0.0
-0.114521770728488 -0.34478326784741 0.0
-0.11196870188433 -0.283579881930993 0.0
-0.109426256207954 -0.22241102822258 0.0
-0.106896274152599 -0.161296447551027 0.0
-0.10437848888432 -0.100253614106116 0.0
-0.101869456597336 -0.0392963532165802 0.0
-0.0993629755336348 0.0215664564679441 0.0
-0.0968510552956558 0.0823317613858256 0.0
-0.0943264952989008 0.143003234018231 0.0
-0.0917889110448621 0.203590440626454 0.0
-0.0892562517954858 0.264106404342587 0.0
-0.0867820713001003 0.32456083573682 0.0
-0.0844953302711732 0.384952643693063 0.0
-0.0828224926831475 0.445252486677381 0.0
-0.0668788141545459 -0.654273445310737 0.0
-0.0638955318788684 -0.593151230743571 0.0
-0.0611220193563947 -0.531995405755105 0.0
-0.0584631277251553 -0.470812423615897 0.0
-0.0558611115005101 -0.409616074172885 0.0
-0.0532808792041984 -0.348422200263424 0.0
-0.0507043673574758 -0.287246663723877 0.0
-0.0481280488924216 -0.226105225091074 0.0
-0.045555796853943 -0.165013071008498 0.0
-0.0429918646577609 -0.103982832518527 0.0
-0.0404399309896959 -0.0430236122090179 0.0
-0.0379039091837687 0.0178602275103717 0.0
-0.035389842216691 0.0786702323088213 0.0
-0.0329095689692878 0.139415843219369 0.0
-0.0304873628062351 0.200116333183976 0.0
-0.0281707936733653 0.260804921632649 0.0
-0.0260509729618297 0.321536826429909 0.0
-0.0243293702433742 0.382403901611824 0.0
-0.0237234714287713 0.443529454939078 0.0
-0.00529949009972604 -0.657553018236608 0.0
-0.00242481733063789 -0.596406284080944 0.0
0.000278447810291099 -0.535224969851799 0.0
0.0029059698799307 -0.474017043438839 0.0
0.00550961542100699 -0.412795954841157 0.0
0.00811570557301653 -0.351576163589684 0.0
0.0107339001108993 -0.290371515791472 0.0
0.0133621867642912 -0.229194838077033 0.0
0.0159924708117875 -0.168057558022401 0.0
0.0186146264128027 -0.10696832940912 0.0
0.0212167409151574 -0.0459321753679474 0.0
0.0237835945306998 0.0150509548284844 0.0
0.0262937220611399 0.0759879368763786 0.0
0.0287144911961704 0.136895507936877 0.0
0.0309941106353922 0.197803806885892 0.0
0.0330484831649477 0.258762329442064 0.0
0.034734944751282 0.319846431691664 0.0
0.0357818684455695 0.381152131343245 0.0
0.0359083937529042 0.442671920504973 0.0
0.0563975201319562 -0.66045064820198 0.0
0.0591503965239321 -0.599256101460064 0.0
0.0617882168651033 -0.538019901122063 0.0
0.0643969324249269 -0.476752432106488 0.0
0.0670168888447411 -0.415467279631659 0.0
0.0696635000095306 -0.354177699736026 0.0
0.0723375727030339 -0.292895585159584 0.0
0.0750306954074135 -0.231631215346045 0.0
0.0777291243217944 -0.170393179631127 0.0
0.0804156725870386 -0.109187507055847 0.0
0.0830688808736865 -0.0480171525047948 0.0
0.0856604444608261 0.0131190579922539 0.0
0.0881509400449919 0.0742274183609266 0.0
0.0904832810102072 0.135320669837289 0.0
0.0925728157406494 0.196417657649021 0.0
0.0942923255555509 0.257540453389889 0.0
0.0954500546906427 0.318701106731666 0.0
0.0958083975231237 0.379857189159038 0.0
0.0954131993247465 0.440890119019485 0.0
0.118195725923473 -0.662902871611546 0.0
0.120819831035318 -0.601641715063121 0.0
0.123399632673317 -0.540326807862318 0.0
0.126002012813572 -0.478971644857411 0.0
0.128651244142538 -0.417590149428718 0.0
0.131350324035061 -0.356194392230047 0.0
0.134090907132117 -0.294794404278332 0.0
0.136857701573873 -0.233398390271856 0.0
0.139630518039732 -0.172013120204653 0.0
0.142384354981882 -0.110643624793728 0.0
0.145087399262655 -0.049293265338807 0.0
0.147697409086438 0.0120365504065429 0.0
0.150156407110318 0.0733461879723027 0.0
0.152383351684506 0.134637353080057 0.0
0.154264445360552 0.195910365101535 0.0
0.155642169824369 0.257159070763521 0.0
0.156315325952101 0.318360352606484 0.0
0.156101194681665 0.379472913497112 0.0
0.154926134507372 0.440535424464573 0.0
0.180069092524621 -0.664878193161106 0.0
0.182565730442169 -0.603536487360864 0.0
0.185098438846409 -0.542124968040779 0.0
0.187707165447301 -0.480660345120556 0.0
0.190397042190901 -0.419156546837518 0.0
0.193158072059136 -0.35762411064678 0.0
0.195972964515607 -0.296071059738981 0.0
0.198819615242989 -0.234503729198874 0.0
0.201671262406429 -0.172927670301744 0.0
0.204495009665235 -0.11134788031959 0.0
0.207248749640809 -0.0497694291628703 0.0
0.209876701429175 0.0118021924658072 0.0
0.212303481465903 0.0733601894833266 0.0
0.214426672843183 0.134895438506718 0.0
0.216108354028888 0.196393820223798 0.0
0.217169077139066 0.257833346572013 0.0
0.217395752114648 0.319183518924294 0.0
0.216568570715798 0.380423500330806 0.0
0.214464491778408 0.441572788937521 0.0
0.241985246876227 -0.666377644414618 0.0
0.244365381970013 -0.604946391666205 0.0
0.246865637833341 -0.543426111460503 0.0
0.249493413054367 -0.48183587702045 0.0
0.252233537321378 -0.420188561815532 0.0
0.255063585205561 -0.358492317284695 0.0
0.257958183541525 -0.296752578958968 0.0
0.260889045477771 -0.234973485237306 0.0
0.263823288249725 -0.173159219774145 0.0
0.266720605668046 -0.1113146632855 0.0
0.269529248539052 -0.0494464552026645 0.0
0.272180859271904 0.0124361946385693 0.0
0.274584064190389 0.0743201576202508 0.0
0.276616964898188 0.136187023317465 0.0
0.278119366890201 0.198010499660793 0.0
0.278887767117076 0.259754828554635 0.0
0.278676452321251 0.321376610455399 0.0
0.277200302433866 0.382832657701488 0.0
0.274117891361561 0.444086146406215 0.0
0.303908027837272 -0.66743563094705 0.0
0.306192589405281 -0.605911055153048 0.0
0.308677957180703 -0.544275444654055 0.0
0.311336595497181 -0.482548135263526 0.0
0.314134119443005 -0.420739133876862 0.0
0.317037422308686 -0.358852867818768 0.0
0.320014521790726 -0.29689115427323 0.0
0.323032015906432 -0.234855042472366 0.0
0.326051741097935 -0.172746446802215 0.0
0.329026805527261 -0.110569096324218 0.0
0.331896756556615 -0.0483299636614285 0.0
0.334581786665828 0.0139594341991306 0.0
0.33697582686364 0.0762810205985831 0.0
0.338938682033431 0.138607928265466 0.0
0.34028777758642 0.200900879240839 0.0
0.34079068515708 0.263105410147618 0.0
0.340157961615118 0.325150275526622 0.0
0.338030276662207 0.386947316398624 0.0
0.333952396700501 0.448389736506753 0.0
0.365800650762065 -0.668122228092621 0.0
0.368019245872871 -0.606506571504958 0.0
0.370508175726227 -0.544754682073365 0.0
0.373206949246284 -0.482882742231102 0.0
0.376065404614551 -0.420895553714704 0.0
0.379042493402783 -0.358792204633895 0.0
0.382101514688674 -0.296569562820775 0.0
0.385205260736266 -0.234224246204758 0.0
0.388311317520383 -0.171754323968407 0.0
0.391367198837601 -0.109160400772788 0.0
0.394304853998363 -0.0464473394227665 0.0
0.397034326488045 0.016373885148752 0.0
0.399436312692703 0.0792832171585039 0.0
0.401353593425949 0.142247774429225 0.0
0.402581224894461 0.205215907273309 0.0
0.402855086924848 0.268110698691381 0.0
0.401836073497059 0.330822144480218 0.0
0.399083667844936 0.393197519883072 0.0
0.394012232543311 0.455029435620503 0.0
0.42762824893948 -0.668547529998992 0.0
0.429815592352438 -0.606850412415851 0.0
0.432324105597701 -0.544987028369313 0.0
0.435067576318562 -0.482966101449982 0.0
0.437985472853579 -0.420784904358458 0.0
0.441032101132415 -0.358435698392423 0.0
0.4441680442325 -0.295909088914501 0.0
0.447353587542744 -0.233195670249623 0.0
0.450543066413377 -0.170287438824485 0.0
0.453679380364552 -0.107178724084017 0.0
0.45668802672579 -0.0438679743875709 0.0
0.459470322616971 0.0196400039531533 0.0
0.46189541770321 0.0833301760585093 0.0
0.463790742363927 0.147171771828289 0.0
0.464929976650022 0.211109013319091 0.0
0.465016742067764 0.275048396594289 0.0
0.463659652602227 0.338839563796613 0.0
0.460330816510739 0.40224682937015 0.0
0.454289537604271 0.464908250238954 0.0
0.489359262906069 -0.668868461236248 0.0
0.49154854254906 -0.607108330596673 0.0
0.494086029936889 -0.545143442615119 0.0
0.496871921965455 -0.482971163934187 0.0
0.499841602001318 -0.420579840791552 0.0
0.502947947513956 -0.357954339628746 0.0
0.506150507919858 -0.295078264933355 0.0
0.509408012404571 -0.231934612058687 0.0
0.512672231212352 -0.168506416384635 0.0
0.515882146674075 -0.104777112952432 0.0
0.51895767086669 -0.0407319035547247 0.0
0.521792498950763 0.0236402736079107 0.0
0.524245530409473 0.0883428733253383 0.0
0.526130114550789 0.153365591598263 0.0
0.527199385484617 0.218672768837822 0.0
0.527124620821021 0.284184263231776 0.0
0.525460618455699 0.349740577198106 0.0
0.521587376227885 0.415038650421518 0.0
0.514595880773291 0.479511824147621 0.0
0.550964855908703 -0.669298688929134 0.0
0.553177784525463 -0.607502764078128 0.0
0.555743123012738 -0.545448669573087 0.0
0.558561198353809 -0.483121272170093 0.0
0.561568846795795 -0.42050174921556 0.0
0.56471969148099 -0.357569293388305 0.0
0.56797302060523 -0.294300872432971 0.0
0.571286262061818 -0.230670378234095 0.0
0.574608750738683 -0.166648251509458 0.0
0.577875695097636 -0.102200925561361 0.0
0.581001562961451 -0.0372911093818026 0.0
0.583872410787831 0.0281217488026533 0.0
0.586336373560611 0.0940797733262562 0.0
0.588191080192069 0.160623608638584 0.0
0.589165271971966 0.227784797107445 0.0
0.588889866248609 0.295570409161673 0.0
0.586849775798662 0.363926680711418 0.0
0.58230338986333 0.432649062381621 0.0
0.574149230176866 0.501141373235955 0.0
