-0.596777225068852 -0.688733143268879 0.0
0.635609219148755 -0.735024919420246 0.0
-0.498239409923553 0.61237245798111 0.0
0.61237245798111 0.61237245798111 0.0
-0.535654678806537 -0.691967157494561 0.0
0.637200860778235 -0.673515063791182 0.0
0.565950442396113 0.564200465109951 0.0
-0.515465987977897 0.535062751270495 0.0
-0.474533632903322 -0.695004509832371 0.0
0.63931655630413 -0.611669608036879 0.0
0.511026816637649 0.536688953960054 0.0
-0.528125681920935 0.461466433517473 0.0
-0.413454262347605 -0.698124543423279 0.0
0.641783150085736 -0.549462236530039 0.0
0.454411635066747 0.51993882686853 0.0
-0.537033243422552 0.390510685478055 0.0
-0.352402167339575 -0.701445552615423 0.0
0.644498459611984 -0.486875678794203 0.0
0.397423989402355 0.509261482924649 0.0
-0.543632809387619 0.32155426050239 0.0
-0.291343715243715 -0.705003616527666 0.0
0.647393566357291 -0.423891591062793 0.0
0.340335052947263 0.502359250183834 0.0
-0.548812063841615 0.254117894246698 0.0
-0.230229795759728 -0.708766258072281 0.0
0.650414346820525 -0.36048620486997 0.0
0.283212265636002 0.498030671093307 0.0
-0.553096152752597 0.187857352171314 0.0
-0.169006699475793 -0.712637925936903 0.0
0.65351026285039 -0.296628296904486 0.0
0.226095536915294 0.495616392846931 0.0
-0.556807484710684 0.122526166776506 0.0
-0.107628185728037 -0.716485145621963 0.0
0.656626105132415 -0.232277770110113 0.0
0.16903659167305 0.494762928784165 0.0
-0.560151563524933 0.0579456117268316 0.0
-0.0460645180854611 -0.720164509101795 0.0
0.659694632197249 -0.167384841858046 0.0
0.112112625137601 0.495358087210562 0.0
-0.56326406908191 -0.00601558539329984 0.0
0.015693618291728 -0.723544548599982 0.0
0.662629041370237 -0.101888719972549 0.0
0.0554718941019515 0.498230345201344 0.0
-0.566239284154034 -0.0694531918744194 0.0
0.0776347794249342 -0.726519350484316 0.0
0.66531435725402 -0.0357164707450248 0.0
-0.00160155653292065 0.498293818576335 0.0
-0.569152278803967 -0.132434682450129 0.0
0.139729413100859 -0.729015352808557 0.0
0.667596877650713 0.0312190319154095 0.0
-0.0590972814978883 0.498801854477613 0.0
-0.572096967700179 -0.195001817478578 0.0
0.201933483579663 -0.730993790111427 0.0
0.669270045774532 0.0990218046159219 0.0
-0.116202332880016 0.50562264318958 0.0
-0.575432590813761 -0.257169707597548 0.0
0.26419278247123 -0.732451261375411 0.0
0.670053695741334 0.167817395585535 0.0
-0.173107798751284 0.511875787496984 0.0
-0.577818071873359 -0.319259921923285 0.0
0.326446357330664 -0.733420331467994 0.0
0.669560117307235 0.237758888495917 0.0
-0.229356027668093 0.520181396116758 0.0
-0.580441207800811 -0.381297775477503 0.0
0.388630675944121 -0.733971474302507 0.0
0.667233646033496 0.309036289244643 0.0
-0.286150120981037 0.526663429216476 0.0
-0.583750201592781 -0.443096756378238 0.0
0.450684022920331 -0.734217006589597 0.0
0.662234679366398 0.381886465936747 0.0
-0.343467681657219 0.534645874470008 0.0
-0.587041046330545 -0.504699056006041 0.0
0.512552054243036 -0.734317357845851 0.0
0.653204349486675 0.4565922110085 0.0
-0.399250395547918 0.550108375479676 0.0
-0.590411226118249 -0.56614276799742 0.0
0.574196716396437 -0.734490214400239 0.0
0.637800876132275 0.533420272037067 0.0
-0.453830521918151 0.571136450299194 0.0
-0.593549330058988 -0.627477281838321 0.0
-0.532455073180697 -0.630691821358454 0.0
-0.529268285875934 -0.569302456865009 0.0
-0.525924923832248 -0.507768648961288 0.0
-0.522676759526993 -0.446147904309746 0.0
-0.519446222449961 -0.384443599894414 0.0
-0.516751271281542 -0.322504286847728 0.0
-0.514295062671704 -0.260170030326207 0.0
-0.511166916469391 -0.197524966667651 0.0
-0.508247882063827 -0.134655756636376 0.0
-0.505374308450762 -0.0714890558653539 0.0
-0.50246572949125 -0.00796201822170817 0.0
-0.499452512454679 0.0559824939712274 0.0
-0.496251347370737 0.120399638720389 0.0
-0.492748443257987 0.185339432997754 0.0
-0.488782240697565 0.250830427876295 0.0
-0.484125843368879 0.316837559620356 0.0
-0.478486233190823 0.383158912728936 0.0
-0.471605434540988 0.4491863507329 0.0
-0.463804458416709 0.513367047844134 0.0
-0.471318487554313 -0.633704008679675 0.0
-0.46806713686446 -0.572305447545027 0.0
-0.464777708846714 -0.510774523077563 0.0
-0.461572273837962 -0.449099172301395 0.0
-0.458523963551482 -0.387210077733583 0.0
-0.455844646811586 -0.325138607623497 0.0
-0.453236375195239 -0.26290999995437 0.0
-0.450349234406426 -0.200403761035905 0.0
-0.447556600178134 -0.137667702992063 0.0
-0.444806132288566 -0.0746979542376386 0.0
-0.44204719249491 -0.0114892406925257 0.0
-0.439229456458803 0.0519511159781383 0.0
-0.436293170752315 0.115591311910708 0.0
-0.433161156845804 0.179357340068422 0.0
-0.42973312329782 0.243103969134715 0.0
-0.425885035395587 0.306575250876746 0.0
-0.421479569627688 0.369366980915354 0.0
-0.416381841228696 0.430947900069312 0.0
-0.410026455397057 0.490859985086384 0.0
-0.410178743247919 -0.636848359413783 0.0
-0.40689855829259 -0.575467793229142 0.0
-0.403668588726959 -0.513952840519752 0.0
-0.400572752474835 -0.452281646093145 0.0
-0.39767397604551 -0.39044801777522 0.0
-0.395014325455898 -0.328490053130143 0.0
-0.392399745619287 -0.266393782049408 0.0
-0.389690842574254 -0.204114349960708 0.0
-0.387047136160562 -0.141688979458822 0.0
-0.384452642129462 -0.0791455444048268 0.0
-0.381876732599162 -0.0165208865520995 0.0
-0.379284320618249 0.0461284996516662 0.0
-0.376631290790099 0.108717392418956 0.0
-0.373857533217691 0.171124187259703 0.0
-0.370878064417011 0.233187345422754 0.0
-0.367571469264906 0.294716541983797 0.0
-0.363767238951129 0.355530782762542 0.0
-0.359213903499071 0.415527179132599 0.0
-0.353816438197627 0.474858843985282 0.0
-0.349045225122322 -0.640210280672181 0.0
-0.345764716126546 -0.578880449841455 0.0
-0.342614103357933 -0.517432083602604 0.0
-0.339636219395648 -0.455857929557549 0.0
-0.336852711172555 -0.394168972801261 0.0
-0.334242955043772 -0.332388127856399 0.0
-0.331685538661001 -0.270514808328405 0.0
-0.329120079694423 -0.208547385038606 0.0
-0.326614797582238 -0.146526119502423 0.0
-0.3241634491293 -0.0844948352918659 0.0
-0.321744028647255 -0.0225061442050682 0.0
-0.319325550181372 0.0393757082640251 0.0
-0.316863257254551 0.101075807277748 0.0
-0.314289935864633 0.162515670030646 0.0
-0.311504976498328 0.223628219262245 0.0
-0.308364285033516 0.284384549951976 0.0
-0.304678198635053 0.344830834763864 0.0
-0.300272863872605 0.405141953442626 0.0
-0.295386968165565 0.465646640423639 0.0
-0.287905884222873 -0.643820640763857 0.0
-0.284647559750243 -0.582564164746135 0.0
-0.281584168476317 -0.521215337821115 0.0
-0.27871598004706 -0.459774429427952 0.0
-0.276029482795174 -0.39825653754052 0.0
-0.273481755983419 -0.336682540276267 0.0
-0.270994227146218 -0.275064837117744 0.0
-0.268535707878189 -0.213421588426161 0.0
-0.266133208653332 -0.151792377518706 0.0
-0.263780456667004 -0.0902199714120251 0.0
-0.261457218686519 -0.0287491591151654 0.0
-0.25913182002756 0.0325759397235881 0.0
-0.256756946548228 0.0937177885922161 0.0
-0.254263513029452 0.154655842037996 0.0
-0.251555722450159 0.21540045830153 0.0
-0.248512543993991 0.276011029433608 0.0
-0.24501075699218 0.336616471423268 0.0
-0.241009037318243 0.397426475163404 0.0
-0.236517815322119 0.458640272478199 0.0
-0.226731758522855 -0.647634631649831 0.0
-0.223514667399823 -0.58645328917126 0.0
-0.220539999183197 -0.525205767338225 0.0
-0.217768879784019 -0.463895773488949 0.0
-0.215162112942937 -0.402539891941171 0.0
-0.212669998168929 -0.341158986084128 0.0
-0.210238028819126 -0.279771747252408 0.0
-0.207845846147503 -0.2184018851121 0.0
-0.2055014740059 -0.157082881299098 0.0
-0.203197383206967 -0.0958479652683868 0.0
-0.200915305734575 -0.034727122841879 0.0
-0.198626949326365 0.0262564991995816 0.0
-0.196292048338876 0.0870913203783235 0.0
-0.193856896437361 0.147783473768091 0.0
-0.191256860578427 0.208362070900652 0.0
-0.188429106875482 0.268882632404641 0.0
-0.185345551656277 0.329421109572598 0.0
-0.182036490470618 0.390037775209728 0.0
-0.178299242741953 0.450721106888253 0.0
-0.165487138664698 -0.651545252987387 0.0
-0.162330501447332 -0.590422911681486 0.0
-0.159443319175349 -0.529255919083865 0.0
-0.156754386375863 -0.46804938862116 0.0
-0.154207902654355 -0.406819640194956 0.0
-0.151753993573594 -0.345586627374114 0.0
-0.149352502622558 -0.284370188849909 0.0
-0.146988326244048 -0.223192919825533 0.0
-0.144662097738208 -0.162080918520811 0.0
-0.142367543787538 -0.101057958562455 0.0
-0.1400915582941 -0.0401430223673054 0.0
-0.137814651426569 0.0206521432690877 0.0
-0.135511145988921 0.0813253668288194 0.0
-0.133151145048089 0.141886617592297 0.0
-0.130707146924579 0.202358983352113 0.0
-0.128168869204004 0.262778348226059 0.0
-0.125562250142358 0.323188974609762 0.0
-0.122926958093882 0.383644262293362 0.0
-0.120273679878615 0.444310771277488 0.0
-0.104139068090829 -0.655412228397367 0.0
-0.101063370623563 -0.59432236493227 0.0
-0.0982615147927726 -0.533202337430921 0.0
-0.0956393841065439 -0.472057821072068 0.0
-0.0931329261848278 -0.410904109472129 0.0
-0.0906959803922557 -0.349759527879405 0.0
-0.0882987134240924 -0.288642652681325 0.0
-0.0859306580517385 -0.227572995396168 0.0
-0.0835917440319903 -0.166570590318709 0.0
-0.0812797792663249 -0.105652607184433 0.0
-0.0789894323199343 -0.0448318671029804 0.0
-0.0767130228934899 0.0158844593978573 0.0
-0.0744423467755607 0.0764955689717689 0.0
-0.0721729611780824 0.137007417697818 0.0
-0.069913103608315 0.197430664100564 0.0
-0.0676985959493943 0.257775641844093 0.0
-0.0656097716920203 0.318041455856492 0.0
-0.0638044957450173 0.378206242727561 0.0
-0.0627806817617187 0.438209558476645 0.0
-0.0426645411822332 -0.659090019949418 0.0
-0.0396907190102579 -0.598002433168916 0.0
-0.0369718220770107 -0.536891285088826 0.0
-0.0344017726643261 -0.475763010360901 0.0
-0.031916000318144 -0.414631993959267 0.0
-0.0294752294996971 -0.353514857563526 0.0
-0.0270588873275569 -0.292428151765008 0.0
-0.0246620332192189 -0.231388085087546 0.0
-0.0222877430812171 -0.170409913138932 0.0
-0.0199398114406706 -0.109505807863069 0.0
-0.0176219298553592 -0.0486837783962759 0.0
-0.015338949036893 0.0120536282952522 0.0
-0.0130996368695287 0.072710569852613 0.0
-0.0109217482783989 0.133299943423556 0.0
-0.00884039591732174 0.193845369929508 0.0
-0.00691969968741575 0.254385704378243 0.0
-0.0052710791965457 0.314985411400073 0.0
-0.00412430078979478 0.375755762635838 0.0
-0.00433920505535101 0.436846556117045 0.0
0.018945852394759 -0.662448346788817 0.0
0.0217984253689049 -0.601333877955846 0.0
0.0244373036215396 -0.540194850036552 0.0
0.0269690508004547 -0.479039304008873 0.0
0.0294516680102338 -0.417881273856097 0.0
0.0319146711830679 -0.356735908736815 0.0
0.034369132318375 -0.295617599052403 0.0
0.0368133229648642 -0.23453942183548 0.0
0.0392386908636446 -0.173512620294071 0.0
0.0416340238495288 -0.112545060292344 0.0
0.0439854697468349 -0.0516401751698057 0.0
0.0462744962937053 0.00920474542754077 0.0
0.0484741074985776 0.0700006857839528 0.0
0.0505427775351551 0.130770472490656 0.0
0.0524154005931048 0.191553094303502 0.0
0.0539899867559724 0.25241093911216 0.0
0.0551016353773774 0.313438215525569 0.0
0.0554438568397771 0.374754422509622 0.0
0.0547421928706669 0.436345827314949 0.0
0.0806868526845498 -0.665384343173786 0.0
0.0834029706768813 -0.604217589535541 0.0
0.0859664267418198 -0.543018603647879 0.0
0.0884730626630186 -0.481798086939549 0.0
0.0909680556817408 -0.420570315163002 0.0
0.0934686856744282 -0.359349230525775 0.0
0.0959758894288112 -0.298147195752225 0.0
0.0984802602127329 -0.236974622488319 0.0
0.100966177913123 -0.175839778019434 0.0
0.103413639724002 -0.114747772844193 0.0
0.105797074233762 -0.0536998804523275 0.0
0.108082135578408 0.00730769670983252 0.0
0.110220530321348 0.0682849528210605 0.0
0.112142409974441 0.129249343646294 0.0
0.113745621247378 0.190224887178912 0.0
0.114880588467126 0.251237617290614 0.0
0.115329240434209 0.312297867602079 0.0
0.114838093349636 0.373344167787316 0.0
0.113541568994035 0.434228768004628 0.0
0.14254007896767 -0.667828218421623 0.0
0.145111375131538 -0.606588722868202 0.0
0.147606960382801 -0.545303838079654 0.0
0.150101663311655 -0.483987775783733 0.0
0.152622747265097 -0.422655359100356 0.0
0.155173477326315 -0.361319423008229 0.0
0.157744214043443 -0.299990496419512 0.0
0.16031727299703 -0.238676965441881 0.0
0.16286903575408 -0.177385423491098 0.0
0.165369806379099 -0.116120320411283 0.0
0.167781333224031 -0.0548840047858608 0.0
0.170052497246865 0.00632351553764272 0.0
0.172113167968367 0.0675041746942265 0.0
0.173866101015547 0.128660861898768 0.0
0.175177018232092 0.189793624870769 0.0
0.175864838129743 0.250892888771123 0.0
0.175707722535534 0.311927090075627 0.0
0.174528435950325 0.372845995904375 0.0
0.172327269357416 0.43371168226739 0.0
0.204476641603117 -0.669745006282614 0.0
0.206903902555597 -0.608417547078238 0.0
0.209343154275193 -0.547027222438011 0.0
0.211839495402833 -0.485591978779275 0.0
0.214398794434191 -0.42412690068561 0.0
0.217009565237838 -0.362643407463055 0.0
0.219651743235214 -0.301150125075372 0.0
0.222299399193618 -0.239653764576755 0.0
0.224920758843125 -0.178160080500406 0.0
0.227476349805241 -0.116674159179761 0.0
0.229915369230259 -0.0552011387579823 0.0
0.232170542701118 0.00625326727787736 0.0
0.234151516644621 0.067681574103399 0.0
0.235737003985997 0.129073019667197 0.0
0.236766656521845 0.190410327356045 0.0
0.237037276580979 0.25166656207151 0.0
0.236317763736915 0.312806133701615 0.0
0.234391398337847 0.37381104991605 0.0
0.231072620399376 0.43472595103054 0.0
0.266460712986558 -0.671134894723167 0.0
0.268755462735185 -0.609709483219213 0.0
0.271154217854132 -0.54820030084345 0.0
0.273666023345678 -0.486628195568056 0.0
0.276273959300764 -0.425007395089214 0.0
0.278952340272732 -0.363346998204246 0.0
0.281671590289841 -0.301653134121647 0.0
0.284398224306111 -0.239930540358876 0.0
0.287092830230706 -0.178184044071137 0.0
0.289706741491536 -0.116419349982186 0.0
0.292177410840129 -0.0546442639036692 0.0
0.294422594182915 0.00713028144531601 0.0
0.296333375634493 0.0688886030893347 0.0
0.297766405384797 0.130608607932431 0.0
0.298536643324346 0.192259025807042 0.0
0.298414521935805 0.253798218546016 0.0
0.297132365702708 0.315178062901021 0.0
0.294395993459712 0.376356887904128 0.0
0.28987609855073 0.437311678218523 0.0
0.328452419938252 -0.67203403688365 0.0
0.330637348857904 -0.610506160634155 0.0
0.333014939868976 -0.548870557874102 0.0
0.335555331104695 -0.487148726291292 0.0
0.338219906068016 -0.425352028285278 0.0
0.340970670193228 -0.363485744442038 0.0
0.343770158265188 -0.301552358365433 0.0
0.346578523139519 -0.239553647303711 0.0
0.34934966923708 -0.17749251779732 0.0
0.352026675857016 -0.115374149764348 0.0
0.354536304166139 -0.0532076452699421 0.0
0.356782539012977 0.00899240364560557 0.0
0.358639115881677 0.0712035858777116 0.0
0.359941362326745 0.133393124082253 0.0
0.360478260127569 0.195514078194003 0.0
0.359986432390751 0.257502884100296 0.0
0.358146214577879 0.319279221623119 0.0
0.35457386826033 0.380749070186793 0.0
0.348804458413019 0.441807864131702 0.0
0.39041132335985 -0.67251715608216 0.0
0.39251899081854 -0.610888648837563 0.0
0.394896036455255 -0.549124946630747 0.0
0.397475593783303 -0.487244404685416 0.0
0.400201073205765 -0.425252856405121 0.0
0.40302519969167 -0.363149911523312 0.0
0.405904726197044 -0.300932888970915 0.0
0.408794910322597 -0.238599084108266 0.0
0.411644125515518 -0.176147709826498 0.0
0.414388285854202 -0.113581226119982 0.0
0.416944624950271 -0.0509073621985788 0.0
0.419204624337435 0.0118586396290542 0.0
0.421025897733178 0.0746905556285192 0.0
0.422223100468531 0.13754684740673 0.0
0.422557931159021 0.200364161481072 0.0
0.421728040407113 0.263050594618904 0.0
0.419352349905642 0.325478463811228 0.0
0.41494718911905 0.387476614795218 0.0
0.407892829278952 0.448823220769422 0.0
0.452299254442703 -0.672702654106933 0.0
0.454368281128162 -0.610983265367391 0.0
0.456763009361148 -0.549095821794287 0.0
0.459387312580267 -0.487050623259394 0.0
0.462172615151926 -0.424845269383387 0.0
0.465066050508488 -0.362471978552497 0.0
0.468020831176759 -0.299921393948094 0.0
0.470988769105042 -0.237184505830147 0.0
0.473913808319281 -0.17425430158297 0.0
0.476725743581279 -0.111126975254727 0.0
0.47933344169686 -0.0478041014253971 0.0
0.48161721403995 0.0157045649395231 0.0
0.4834199371618 0.0793764186421105 0.0
0.484536550788661 0.143169408692262 0.0
0.484701004886812 0.207011386182417 0.0
0.483568798612801 0.270785838631802 0.0
0.480690832442349 0.334311374807591 0.0
0.475472062321608 0.397312842179996 0.0
0.467104632788093 0.459384139885048 0.0
0.514081936243099 -0.672760756066042 0.0
0.516149753480239 -0.610969895069909 0.0
0.518573245518591 -0.548968505912853 0.0
0.521240422493212 -0.486754223579634 0.0
0.52407781226506 -0.424314806728981 0.0
0.527030567258151 -0.361634421759923 0.0
0.530050237081593 -0.298696159312173 0.0
0.533086238163555 -0.235482859786353 0.0
0.536078819302987 -0.171977946594966 0.0
0.538952359137889 -0.108166060252947 0.0
0.54160816277343 -0.0440348642960884 0.0
0.543916278568832 0.0204222929917758 0.0
0.545705672732937 0.085201431888361 0.0
0.546751841894507 0.150280136609236 0.0
0.546759852964112 0.215603428120244 0.0
0.545339356177485 0.281060785181756 0.0
0.541965478244218 0.346445556353582 0.0
0.535916655835612 0.411383369805976 0.0
0.526165860881707 0.475207452467487 0.0
0.575728347801865 -0.672925653800165 0.0
0.577820044735419 -0.611092408494374 0.0
0.580271708062798 -0.548988604748613 0.0
0.582971189217596 -0.486598096814939 0.0
0.585846342382027 -0.423900861693403 0.0
0.588842759041131 -0.360874909308903 0.0
0.591911180125777 -0.297496065612323 0.0
0.594998898276001 -0.233737159861694 0.0
0.598042573135204 -0.169567765748983 0.0
0.600961227698999 -0.104953877177342 0.0
0.603648546290731 -0.0398585946479005 0.0
0.60596386642108 0.0257567466393842 0.0
0.607720854785167 0.091929793035547 0.0
0.60867220263735 0.158692272981507 0.0
0.608486880959789 0.226059113950004 0.0
0.606714016283359 0.294007029808092 0.0
0.602723312078618 0.362426532165594 0.0
0.59560891580497 0.431009831352501 0.0
0.584045113450059 0.498972762397112 0.0
