-0.574493380971215 -0.692282733885674 0.0
0.658524677836636 -0.737272537961826 0.0
-0.470680403709412 0.61237245798111 0.0
0.61237245798111 0.61237245798111 0.0
-0.513374251100309 -0.695489526625944 0.0
0.659951200018034 -0.67574332432927 0.0
0.571023540454486 0.561364543648458 0.0
-0.490802871249141 0.534798043150586 0.0
-0.452260095238868 -0.69851038054297 0.0
0.66192313496348 -0.613859019558429 0.0
0.518545172547878 0.53212545223167 0.0
-0.505118875223699 0.46065238914404 0.0
-0.391193521031495 -0.701625436843757 0.0
0.664250471224932 -0.551592666954177 0.0
0.463571327011498 0.514570176037184 0.0
-0.514961707688858 0.389134528624143 0.0
-0.330159245493501 -0.704965007990208 0.0
0.66682076689924 -0.488926626662896 0.0
0.407922239594221 0.503544741011989 0.0
-0.522078491541587 0.319687156108729 0.0
-0.269119817072535 -0.708568342261699 0.0
0.669557268754058 -0.425841878051289 0.0
0.352007516132718 0.496506731926557 0.0
-0.527520539357701 0.251844215374157 0.0
-0.208020910622357 -0.712398052488394 0.0
0.672398533977131 -0.362313475016806 0.0
0.295946097115927 0.492149402394848 0.0
-0.531907012397102 0.18525540560775 0.0
-0.146803490929534 -0.716348081430274 0.0
0.675286028600845 -0.298308484722059 0.0
0.239808126603733 0.48977097532918 0.0
-0.535618255165014 0.119663817586797 0.0
-0.0854169855317095 -0.720271886180746 0.0
0.678154922484271 -0.233784614538593 0.0
0.183670214245505 0.489006443323674 0.0
-0.53889740470393 0.0548802070764086 0.0
-0.0238290435447307 -0.72401309913886 0.0
0.680925819541625 -0.168689500561136 0.0
0.127634916956615 0.489755427376479 0.0
-0.541905578524517 -0.00923608639460594 0.0
0.0379703008098898 -0.727429110148917 0.0
0.683496229998845 -0.102959542331534 0.0
0.0719088734536885 0.493205277676129 0.0
-0.544754876370036 -0.0727888537494012 0.0
0.0999684307562962 -0.730405451343829 0.0
0.685730737455934 -0.0365190193176109 0.0
0.015557030363498 0.492808365930061 0.0
-0.547533419531042 -0.135852315287529 0.0
0.16213314831336 -0.732862745221224 0.0
0.687448784037449 0.0307215615448211 0.0
-0.0412686199631117 0.492639728934621 0.0
-0.550345764483763 -0.198473919673731 0.0
0.224416703886179 -0.734758996545792 0.0
0.688408041847814 0.0988674737521707 0.0
-0.0975806210532015 0.500366441116027 0.0
-0.55357555657863 -0.260673382160328 0.0
0.286760469771207 -0.736089950804099 0.0
0.688279533936709 0.168043101645013 0.0
-0.153788915707803 0.506998177413943 0.0
-0.555844638880363 -0.322793795302321 0.0
0.349098656834875 -0.736889621742445 0.0
0.686606449342087 0.238395176093774 0.0
-0.209224274192073 0.515922438591231 0.0
-0.55836060646615 -0.384852381255827 0.0
0.411362722686968 -0.737232423858202 0.0
0.682730383610429 0.310095800164878 0.0
-0.265342685715408 0.522185587661989 0.0
-0.561591985019465 -0.446653608189144 0.0
0.473486036809402 -0.737237634806256 0.0
0.675649914759027 0.383336629626498 0.0
-0.322023284070615 0.529850383181257 0.0
-0.564830734687429 -0.50825403929114 0.0
0.535409821269 -0.737076603910949 0.0
0.663734995780427 0.458285959796999 0.0
-0.376745185844505 0.5465331223872 0.0
-0.568164761952052 -0.569696077928367 0.0
0.597092692022715 -0.736983452653907 0.0
0.644161045283188 0.534906731120921 0.0
-0.430125691821326 0.568627371062316 0.0
-0.571282263983109 -0.631027867335916 0.0
-0.510191340038084 -0.634213179419624 0.0
-0.507022907924329 -0.572823074460077 0.0
-0.503714315389743 -0.51128562754671 0.0
-0.500521380109149 -0.449658681834529 0.0
-0.497364279832304 -0.387945324439299 0.0
-0.494768002975261 -0.325981114694563 0.0
-0.492437957176632 -0.263606338806706 0.0
-0.489435530136127 -0.200913686294739 0.0
-0.48665423511409 -0.137980636199963 0.0
-0.483921211436489 -0.0747301210702197 0.0
-0.481146150997557 -0.0110957327390123 0.0
-0.478247047715026 0.0529828857907864 0.0
-0.475123938648344 0.117563349847596 0.0
-0.471639951599899 0.18269627083624 0.0
-0.467601177531877 0.248406397878486 0.0
-0.462735839895141 0.314644871823836 0.0
-0.456692482140666 0.381174244621312 0.0
-0.44915508978949 0.447308230073831 0.0
-0.440471684709067 0.51135686794086 0.0
-0.449057087622453 -0.637206662256683 0.0
-0.445823980455163 -0.575804000351838 0.0
-0.44257156650315 -0.514267462389326 0.0
-0.439425101437044 -0.452583228681309 0.0
-0.436459208976559 -0.390678422259293 0.0
-0.433888231472583 -0.328584253995489 0.0
-0.431408506826111 -0.266327443980674 0.0
-0.428658191220879 -0.203782802347247 0.0
-0.426013357927853 -0.140998811485149 0.0
-0.423414959766647 -0.0779713035276085 0.0
-0.420803973245435 -0.0146955970990201 0.0
-0.418119594195867 0.0488187088410217 0.0
-0.415288661867093 0.112534763953805 0.0
-0.412216930911367 0.176369080874275 0.0
-0.408783168804014 0.240160271854046 0.0
-0.404839769697187 0.303627670306569 0.0
-0.400227771466157 0.366336271691064 0.0
-0.394805685946872 0.427737109771611 0.0
-0.388089359500217 0.487432193561435 0.0
-0.387923731827355 -0.640348038294823 0.0
-0.384661809444841 -0.578966523111395 0.0
-0.381472934523062 -0.517449783772899 0.0
-0.378443630248782 -0.455774476277139 0.0
-0.375637203443286 -0.393933829444653 0.0
-0.373094677520118 -0.331966655004897 0.0
-0.370616595009297 -0.269858828460411 0.0
-0.36805685295848 -0.207565065075129 0.0
-0.365574031171598 -0.145124773206231 0.0
-0.363146872942539 -0.0825683990207688 0.0
-0.360737979782419 -0.0199366574866862 0.0
-0.358303967607925 0.0427082028807047 0.0
-0.355790532854713 0.105272868097444 0.0
-0.353125197149099 0.167625200431251 0.0
-0.350208436040044 0.229591578167248 0.0
-0.346903192006221 0.290970995526598 0.0
-0.343028259979259 0.351579172376712 0.0
-0.338357082569996 0.411324863583928 0.0
-0.332947302937256 0.470376887612846 0.0
-0.326799822246031 -0.643733205489285 0.0
-0.323538257867133 -0.58240900225617 0.0
-0.320434521800404 -0.520967193931557 0.0
-0.317531953100815 -0.459399985129233 0.0
-0.314850835046829 -0.397718730928109 0.0
-0.312367910779375 -0.335947326313391 0.0
-0.309956967892172 -0.274086187421983 0.0
-0.307553001823973 -0.212135177906564 0.0
-0.305221971052971 -0.150137505635699 0.0
-0.302953122007295 -0.0881403601603119 0.0
-0.300718602612538 -0.0262002467424999 0.0
-0.298480073462461 0.035614426412454 0.0
-0.296183425976302 0.0972250886807363 0.0
-0.293749561662016 0.158551653423988 0.0
-0.291063371330609 0.219530074810278 0.0
-0.287965894311836 0.280142804211427 0.0
-0.284263053507166 0.340460080963493 0.0
-0.279819700718077 0.400696170570895 0.0
-0.27506487054707 0.461233584970291 0.0
-0.265671188234429 -0.647394356972039 0.0
-0.262433529630846 -0.586151389428335 0.0
-0.259423738998407 -0.524819364316589 0.0
-0.256639932235931 -0.463398478210025 0.0
-0.25406557314667 -0.401904638146321 0.0
-0.251654152838553 -0.340360065056207 0.0
-0.249322755115489 -0.278778680831573 0.0
-0.247036432549405 -0.217180542080884 0.0
-0.244819408576005 -0.155607652337982 0.0
-0.242661247833726 -0.0941049627681365 0.0
-0.240536319465275 -0.0327188100090165 0.0
-0.238406083014292 0.0285064799171022 0.0
-0.236214576173978 0.0895355973116744 0.0
-0.233882300438893 0.150354149516441 0.0
-0.231302532549547 0.210984391745891 0.0
-0.228347606828307 0.271505198747669 0.0
-0.224904810939857 0.332073249175058 0.0
-0.220986612360402 0.392929714797996 0.0
-0.216667292038326 0.454269286112781 0.0
-0.204505673553148 -0.651280370952631 0.0
-0.201312340756232 -0.590119785520852 0.0
-0.198398527627324 -0.528898603855077 0.0
-0.195720531195189 -0.467620629021632 0.0
-0.193234692106709 -0.406303356549235 0.0
-0.190887149089444 -0.344968958273865 0.0
-0.188619401876604 -0.283637518160828 0.0
-0.186407808633949 -0.222334191318838 0.0
-0.184257571921297 -0.161093796998616 0.0
-0.18215750825517 -0.0999502119593321 0.0
-0.180084813665398 -0.0389329535855513 0.0
-0.178005743087212 0.0219369320920708 0.0
-0.175873841509827 0.0826521746341525 0.0
-0.173629361512639 0.143225917976539 0.0
-0.171204331148786 0.203697058636205 0.0
-0.168541179236857 0.264132460854857 0.0
-0.165635851780532 0.324616262392904 0.0
-0.162560546899907 0.385200158096961 0.0
-0.159075808444314 0.445837874884263 0.0
-0.143263984404578 -0.655272822069874 0.0
-0.14013592619174 -0.594176537974725 0.0
-0.137317197718045 -0.533043025966826 0.0
-0.134729466014071 -0.47187746444723 0.0
-0.132311419674024 -0.410696944569133 0.0
-0.130008808341223 -0.349522466950715 0.0
-0.127777901578741 -0.288374899748845 0.0
-0.125600837217982 -0.227277728308877 0.0
-0.123475875049387 -0.166257603078758 0.0
-0.121394020402694 -0.105338152917801 0.0
-0.119339089564216 -0.0445372858954872 0.0
-0.117288355122834 0.0161354424477204 0.0
-0.115213305385838 0.0766812668819968 0.0
-0.113082949455824 0.137114665282288 0.0
-0.110873129152308 0.197463780113222 0.0
-0.108585614126549 0.257768652960944 0.0
-0.106269217662386 0.318074039331944 0.0
-0.103980539142606 0.378430018565893 0.0
-0.101696314841455 0.439021057677887 0.0
-0.0819099928288229 -0.659217988336059 0.0
-0.0788697241290431 -0.598156963799572 0.0
-0.0761442516397374 -0.53707441681274 0.0
-0.0736306877934621 -0.475975990233518 0.0
-0.0712589344444402 -0.414877558325574 0.0
-0.0689786173911647 -0.353798238130311 0.0
-0.0667569266417372 -0.292757348472524 0.0
-0.0645813433952995 -0.231774964942233 0.0
-0.062450224615469 -0.170871363319436 0.0
-0.0603598709181401 -0.110063455859659 0.0
-0.0583035867597259 -0.0493632456665506 0.0
-0.0562728329862404 0.0112234319785375 0.0
-0.0542598312186168 0.0716974094061714 0.0
-0.0522633308128225 0.132066016745473 0.0
-0.0502999068048674 0.192339789389174 0.0
-0.048421407281181 0.252525013824503 0.0
-0.0467310032176336 0.312609202471376 0.0
-0.0454091800162322 0.372549379901358 0.0
-0.0450105952409624 0.432254556507644 0.0
-0.020418571706418 -0.662957414793264 0.0
-0.0174892113628784 -0.601898923880562 0.0
-0.0148550054025837 -0.540826085288801 0.0
-0.0124002679877143 -0.479745253172626 0.0
-0.010054414976299 -0.418671273673532 0.0
-0.00777448587593442 -0.357621402189536 0.0
-0.00553771637817018 -0.296612761043332 0.0
-0.00333797254581228 -0.235661942799219 0.0
-0.00117772696638267 -0.174784283048092 0.0
0.000939467985523312 -0.11399160776265 0.0
0.00300966641886339 -0.0532910803196794 0.0
0.00502685717900717 0.0073161486531262 0.0
0.0069794610160137 0.067836221794008 0.0
0.00884410884822973 0.128284641260596 0.0
0.0105759676760148 0.188688355867734 0.0
0.0120967867112347 0.249090867452686 0.0
0.0132788800987397 0.309565192470615 0.0
0.0138708663124081 0.370241707582981 0.0
0.0128902100472805 0.431295638052169 0.0
0.0412204471087063 -0.666349955987531 0.0
0.0440174064488378 -0.605262615171611 0.0
0.0465629210484821 -0.544159902520415 0.0
0.0489731405498307 -0.483049842733787 0.0
0.0513114802785944 -0.421946918957436 0.0
0.0536102784778682 -0.360866843634735 0.0
0.0558818426765045 -0.299824464693786 0.0
0.0581246596802499 -0.238833081097368 0.0
0.0603297053791114 -0.177903798459074 0.0
0.062484700712355 -0.117043838036483 0.0
0.0645739293392749 -0.0562553098760633 0.0
0.066575746364979 0.00446673499920462 0.0
0.0684580838009603 0.0651367808928518 0.0
0.0701714612344124 0.125782921430959 0.0
0.071639156751612 0.186451944530043 0.0
0.0727439670753817 0.247217800384639 0.0
0.0733025482779746 0.308191695022655 0.0
0.072979290241485 0.369513588234628 0.0
0.0715070483187438 0.431162216227597 0.0
0.103001200141341 -0.669284551893634 0.0
0.105648745244123 -0.608141138973316 0.0
0.108109941119842 -0.546974136974467 0.0
0.110489339348229 -0.485794437880467 0.0
0.11283639618719 -0.424616866190403 0.0
0.115170055176985 -0.363455936160675 0.0
0.117491373695299 -0.302324414956729 0.0
0.119790055618181 -0.241232841064458 0.0
0.122048794031153 -0.180189226813123 0.0
0.124245049257416 -0.119197921600584 0.0
0.126349551339776 -0.058258790490186 0.0
0.128322548621135 0.00263416624104845 0.0
0.13010787309735 0.0634940332307478 0.0
0.131624456355533 0.124342138813583 0.0
0.132754921353444 0.185206554573107 0.0
0.13333045032456 0.246115846176185 0.0
0.133110475384501 0.307076990691371 0.0
0.131827668869088 0.36800885728796 0.0
0.129690999469305 0.428737768607566 0.0
0.164903556355447 -0.671685938030372 0.0
0.16739206420081 -0.610464570315725 0.0
0.169776559596125 -0.549205494288586 0.0
0.172138889757164 -0.487923469694919 0.0
0.174508990676406 -0.426634068837811 0.0
0.176890396136465 -0.365350787534366 0.0
0.179272348375936 -0.304084604746564 0.0
0.181635065717675 -0.24284409955157 0.0
0.183951910667095 -0.18163576712103 0.0
0.186189049610122 -0.120463635806996 0.0
0.188302562516154 -0.0593293037825121 0.0
0.190233538901713 0.00176822737326338 0.0
0.191901232295168 0.0628319044861699 0.0
0.193194329901586 0.123865059991614 0.0
0.19396088635209 0.184866560075051 0.0
0.193999584449606 0.245822456277496 0.0
0.193070696471952 0.306692196327554 0.0
0.191000825617678 0.367417125696287 0.0
0.187857483803962 0.428081875957379 0.0
0.226896044057877 -0.673516183961716 0.0
0.229225813632313 -0.612200536048173 0.0
0.231545642968124 -0.550828420450111 0.0
0.233905215571496 -0.489418809307747 0.0
0.236311103651365 -0.42798778974866 0.0
0.238750555497554 -0.366547574264591 0.0
0.241201101165212 -0.305107362079779 0.0
0.243633478079607 -0.243674264868939 0.0
0.246011538975204 -0.182254320532822 0.0
0.248290079783983 -0.120852848289886 0.0
0.250410736904341 -0.0594752757989321 0.0
0.25229627764071 0.0018721462680821 0.0
0.253843434932975 0.0631808255610014 0.0
0.254914715383597 0.124437849100132 0.0
0.255330553792414 0.185622225652619 0.0
0.254867276722889 0.246701578593087 0.0
0.253277714744039 0.30763483502076 0.0
0.250347302482936 0.368405914232606 0.0
0.245926007894716 0.429082900597945 0.0
0.288939755095357 -0.674774792896532 0.0
0.291122769906316 -0.613354008896882 0.0
0.293394787545229 -0.55185431708638 0.0
0.295766383919564 -0.490298100176014 0.0
0.298219169019404 -0.428700797564448 0.0
0.300724644955465 -0.367072391548819 0.0
0.303249589902716 -0.305419698271133 0.0
0.305756005030228 -0.243748091168692 0.0
0.30819881591737 -0.182063116239361 0.0
0.310522124360799 -0.120371417515251 0.0
0.312654074834813 -0.0586821271271098 0.0
0.31450049834598 0.00299189086120411 0.0
0.315937469324269 0.0646321439603786 0.0
0.316803319060336 0.12621256429854 0.0
0.31689173252622 0.187696579322912 0.0
0.315950541044875 0.249036244656032 0.0
0.313692544031203 0.310177866736549 0.0
0.309815383921924 0.371079611694701 0.0
0.304002535688852 0.431730286068891 0.0
0.350991546355237 -0.675499461201736 0.0
0.353052014396318 -0.613968357515255 0.0
0.355297082704794 -0.552332626928566 0.0
0.357694951615549 -0.490615688623308 0.0
0.36020336083037 -0.428830153338921 0.0
0.362780080851543 -0.366982131345344 0.0
0.365382891153567 -0.305074797456006 0.0
0.36796636265103 -0.243110710179604 0.0
0.370477549376391 -0.181093840405112 0.0
0.372850899283652 -0.119030906564392 0.0
0.375002209888863 -0.0569332421157175 0.0
0.376821616460616 0.00518137119479432 0.0
0.378165639339874 0.0672860625220597 0.0
0.378848742263621 0.129342001315428 0.0
0.378635560990871 0.191294373355963 0.0
0.377235977850666 0.253070061617264 0.0
0.374303914636601 0.314578646434068 0.0
0.369434291481266 0.375718362497774 0.0
0.362154466926451 0.436384632882182 0.0
0.413007804099735 -0.675768946365769 0.0
0.414980855377306 -0.614128944316945 0.0
0.417221486678028 -0.552354805021616 0.0
0.419657345801188 -0.490466863398587 0.0
0.422226270302086 -0.428471944303968 0.0
0.424875578685534 -0.366370214453312 0.0
0.427556347392026 -0.304159511804015 0.0
0.430217318762411 -0.241837887715763 0.0
0.432798928647396 -0.179405777262435 0.0
0.435227133810147 -0.11686756886912 0.0
0.437406579844889 -0.0542339224183486 0.0
0.439212914945865 0.00847560001623663 0.0
0.44048409569887 0.0712285657896467 0.0
0.44101082131693 0.133974732595335 0.0
0.440526312402386 0.196638918250509 0.0
0.438695460442829 0.259113855964882 0.0
0.435101090679429 0.321253241532002 0.0
0.429222217288928 0.382865592459028 0.0
0.420409078264237 0.443711646249583 0.0
0.474947551975424 -0.675708841682683 0.0
0.476875229757183 -0.613969729960391 0.0
0.479131591159694 -0.552061106789518 0.0
0.481611904979521 -0.489994765591667 0.0
0.484240595809268 -0.427768691811056 0.0
0.486958559743026 -0.365375170919788 0.0
0.489712615141889 -0.302805004996705 0.0
0.492447248221397 -0.240049694563813 0.0
0.495097452716782 -0.177103317392409 0.0
0.497581775689785 -0.113964011938342 0.0
0.499794852741441 -0.0506365344974514 0.0
0.50159905942579 0.0128643852128049 0.0
0.502814867087345 0.0765085762513962 0.0
0.503209520511096 0.140242725856349 0.0
0.502483117088052 0.203978287091556 0.0
0.500250214584015 0.267575516477122 0.0
0.496012747242803 0.330821267353717 0.0
0.489118665632086 0.393399095008323 0.0
0.478702183686153 0.454854771997381 0.0
0.536774299493669 -0.675500896131459 0.0
0.538697779113932 -0.613682850924617 0.0
0.540982446593767 -0.55164931638082 0.0
0.543505682704534 -0.489398285876786 0.0
0.546186291746821 -0.426917102813518 0.0
0.548962696465556 -0.364189419708143 0.0
0.551779494661583 -0.301197991117518 0.0
0.554578036273289 -0.2379256654447 0.0
0.557288623596145 -0.174356399584049 0.0
0.559823063918244 -0.110476163257489 0.0
0.562066678452975 -0.0462751757310676 0.0
0.563869226708726 0.0182487522297305 0.0
0.565034004038529 0.0830842078397727 0.0
0.565304056121399 0.148196721566602 0.0
0.564343309294216 0.213512083401472 0.0
0.561708916631493 0.278889418221095 0.0
0.556808770664801 0.344074631417267 0.0
0.548836793577342 0.408620741050364 0.0
0.536669255909732 0.471756691582117 0.0
0.598455394912357 -0.675397134248129 0.0
0.600402777298748 -0.613530826700102 0.0
0.602715630969718 -0.551383188775815 0.0
0.605270904536614 -0.488937315515575 0.0
0.607988602254881 -0.426172232462789 0.0
0.610807299138754 -0.363065004994388 0.0
0.613670280872149 -0.299590553788902 0.0
0.616516020106016 -0.235720887127193 0.0
0.619270171102416 -0.17142495905053 0.0
0.621837725823176 -0.106668571110702 0.0
0.624094360237334 -0.0414154492753698 0.0
0.625876242417145 0.0243709822107441 0.0
0.626967094468456 0.090723744562719 0.0
0.627080483169737 0.157665580517548 0.0
0.625833289874856 0.22519482412396 0.0
0.622703532113287 0.293257929625957 0.0
0.616961658024838 0.36168975496381 0.0
0.607563357545414 0.430078935246374 0.0
0.593002606875273 0.497451175540164 0.0
