-0.5643383757957 -0.693832712508793 0.0
0.668957961855696 -0.73796162950621 0.0
-0.458567476272583 0.61237245798111 0.0
0.61237245798111 0.61237245798111 0.0
-0.503219996959735 -0.697012013796325 0.0
0.670297173098095 -0.676423935363679 0.0
0.573346062247135 0.560192728511219 0.0
-0.479911181237293 0.534698216844848 0.0
-0.442108224935654 -0.700010263944527 0.0
0.672190450661657 -0.614522679092064 0.0
0.521955808452389 0.530197501466503 0.0
-0.494936881247269 0.460315941156261 0.0
-0.38104667298494 -0.703107847101049 0.0
0.674440477979816 -0.552230735638293 0.0
0.467692764265807 0.512306511338365 0.0
-0.505174623028302 0.388551193875324 0.0
-0.320019650144516 -0.706440412400667 0.0
0.676930381004031 -0.48953037222902 0.0
0.412621275335124 0.501150690299957 0.0
-0.512502258881329 0.318887102761022 0.0
-0.25898802080752 -0.710048629579119 0.0
0.679580020789351 -0.426402322257293 0.0
0.357213945404693 0.494070008319935 0.0
-0.518043095881487 0.25086440160911 0.0
-0.197895172323948 -0.713892938739997 0.0
0.682324784613836 -0.362821167402916 0.0
0.30161107247687 0.489709924685396 0.0
-0.522457787138936 0.184130372457449 0.0
-0.136679743519732 -0.717862627995475 0.0
0.68510266739087 -0.29875326910209 0.0
0.24589513612357 0.487351029279761 0.0
-0.526152242390135 0.11842355504209 0.0
-0.0752892830789261 -0.721805380539483 0.0
0.687844654952805 -0.234155419903862 0.0
0.190153101620512 0.486624377067638 0.0
-0.529386189718289 0.0535500591450376 0.0
-0.0136903241648336 -0.725559127832276 0.0
0.690466058303115 -0.168974179787695 0.0
0.134498169265345 0.487433165575631 0.0
-0.532331950211588 -0.0106349398242262 0.0
0.0481273496088347 -0.728976382298884 0.0
0.69285754618526 -0.103144785294508 0.0
0.0791671795029417 0.491150529486478 0.0
-0.535109465900669 -0.0742387977015904 0.0
0.110150575405447 -0.731938950772417 0.0
0.6948747682067 -0.0365903829298928 0.0
0.0231205390643543 0.490529332467792 0.0
-0.537812601439307 -0.137338736805577 0.0
0.172345972919774 -0.734364937099324 0.0
0.696325391130297 0.0307794330623063 0.0
-0.0334132431848568 0.490015373722163 0.0
-0.540550593383436 -0.19998475082305 0.0
0.234664156065244 -0.736210956550508 0.0
0.696951334982496 0.0990702934853532 0.0
-0.089371651720493 0.498172062033078 0.0
-0.543717779811021 -0.262198715690024 0.0
0.297044567679049 -0.737472393241948 0.0
0.696402019250641 0.168405739164581 0.0
-0.145289630777382 0.504957482764594 0.0
-0.545919855011854 -0.324332773689265 0.0
0.359419322801476 -0.73818388838313 0.0
0.694189895856443 0.238929082902699 0.0
-0.20038447053187 0.514147295423325 0.0
-0.548372916024251 -0.386400893137327 0.0
0.421717723147306 -0.738421551380446 0.0
0.689610698717955 0.310803268870854 0.0
-0.256232865395708 0.520300573671969 0.0
-0.551554398116269 -0.448203752708931 0.0
0.4838710397993 -0.738307651388029 0.0
0.681590797480575 0.384197216729672 0.0
-0.312661910070014 0.527783529427627 0.0
-0.55475460754944 -0.509804068571191 0.0
0.545818624261298 -0.738018234369594 0.0
0.668380191663042 0.459222148100102 0.0
-0.366929939010825 0.544996595333069 0.0
-0.55805714285996 -0.5712461558275 0.0
0.607517724185616 -0.737794502679194 0.0
0.646946494214139 0.535690913203915 0.0
-0.41982467935487 0.567528939274929 0.0
-0.561150116524239 -0.63257749362266 0.0
-0.500059910246275 -0.635734443253249 0.0
-0.496915030092391 -0.574343270133825 0.0
-0.493637317065994 -0.51280346557826 0.0
-0.490484306240092 -0.451173084493202 0.0
-0.48737522358495 -0.389455064348701 0.0
-0.484838102027623 -0.327479404805081 0.0
-0.482579457674094 -0.26508644942394 0.0
-0.479648501653297 -0.202372376387794 0.0
-0.476944019756356 -0.139410823924599 0.0
-0.474289132561731 -0.0761230353996459 0.0
-0.47158920938492 -0.0124410002778273 0.0
-0.468756803674495 0.0516970905732515 0.0
-0.465684634166658 0.116349968733097 0.0
-0.46222570064633 0.18156852426084 0.0
-0.458171946493803 0.247375776307035 0.0
-0.453232134627643 0.313716509247976 0.0
-0.447030111132711 0.38033674901323 0.0
-0.439228040460663 0.446513623999833 0.0
-0.430199462807211 0.510492835180523 0.0
-0.438926025962493 -0.638704340915372 0.0
-0.435716425298168 -0.577299095248085 0.0
-0.432495852627096 -0.515759334821088 0.0
-0.429390962974088 -0.454070499440885 0.0
-0.426477060059811 -0.392158178846193 0.0
-0.423969533310611 -0.330053567262681 0.0
-0.421562260422734 -0.267783953909624 0.0
-0.418888224771946 -0.205221996856364 0.0
-0.416324586742849 -0.142416562984224 0.0
-0.4138093520415 -0.079363338199319 0.0
-0.411279822582477 -0.0160578966591481 0.0
-0.40867062335529 0.0474891448754753 0.0
-0.405902791436269 0.111238658125333 0.0
-0.402874791254549 0.175102845338747 0.0
-0.399456658600901 0.238912928166753 0.0
-0.395491461104773 0.302376887877003 0.0
-0.390812908413907 0.365045606472558 0.0
-0.385280946136481 0.426362421988357 0.0
-0.378456971479547 0.485959463108021 0.0
-0.377794843686518 -0.641829107391554 0.0
-0.37455641330548 -0.580446395234018 0.0
-0.371401143577542 -0.518928144961043 0.0
-0.368416716452651 -0.457250387679027 0.0
-0.365666611662748 -0.395406121618289 0.0
-0.363191383926952 -0.333434482494293 0.0
-0.360789237387393 -0.271321233016186 0.0
-0.358311144268432 -0.209020876905362 0.0
-0.355915232316762 -0.146573837266755 0.0
-0.353577939791912 -0.0840117110275876 0.0
-0.351258937191359 -0.0213769530019878 0.0
-0.348911294458886 0.041265591167137 0.0
-0.346476430936317 0.103818942169894 0.0
-0.343876805112425 0.166146183149644 0.0
-0.34100715907459 0.228068223234962 0.0
-0.337724672879651 0.289379299501223 0.0
-0.333845298920509 0.349893926355313 0.0
-0.329156767597895 0.409526711309165 0.0
-0.323787948175339 0.468452865201392 0.0
-0.316674526229223 -0.645209318518004 0.0
-0.313436710499691 -0.583886829755244 0.0
-0.310369075733668 -0.522447228844214 0.0
-0.307515200653793 -0.4608825039862 0.0
-0.30489477651293 -0.39920418707462 0.0
-0.302483392871803 -0.337436604694085 0.0
-0.30015274718706 -0.275580592297328 0.0
-0.297835812526192 -0.213636668737837 0.0
-0.2955975453093 -0.151649370184753 0.0
-0.293425234767204 -0.0896673834058425 0.0
-0.291288521530342 -0.0277489415571169 0.0
-0.289145952084414 0.0340357082071299 0.0
-0.286939508465619 0.0956064062107771 0.0
-0.284585192031076 0.156882442212621 0.0
-0.281962029323464 0.217801299145322 0.0
-0.278905343722254 0.27835077288863 0.0
-0.275220478721512 0.33861214532094 0.0
-0.270790940005457 0.398817144516559 0.0
-0.266125815940739 0.459370206677354 0.0
-0.255549969756718 -0.648877773224745 0.0
-0.252336759242165 -0.587640013644111 0.0
-0.249365970790782 -0.526314756671532 0.0
-0.246634794181343 -0.464902179251047 0.0
-0.244125374145535 -0.403418548131377 0.0
-0.241789630705658 -0.341886667259668 0.0
-0.23954274723116 -0.280321109944332 0.0
-0.237348127413399 -0.218742758362925 0.0
-0.235228772573392 -0.157194680385953 0.0
-0.23317244466256 -0.095722768132468 0.0
-0.231151200353661 -0.0343739979793664 0.0
-0.229123590002448 0.0268072853355776 0.0
-0.227030031603779 0.0877868671303157 0.0
-0.224786744091596 0.14855322607751 0.0
-0.222282676576151 0.209134045138271 0.0
-0.219387994753475 0.269616908319663 0.0
-0.215995550754577 0.330170545440536 0.0
-0.212141270943011 0.391048952026624 0.0
-0.207922989373352 0.45244319147513 0.0
-0.194387626625444 -0.652780559282954 0.0
-0.191220036816894 -0.591628398841715 0.0
-0.188348358167419 -0.530418232590192 0.0
-0.185726788755182 -0.469153904932028 0.0
-0.183309718323126 -0.407853302822342 0.0
-0.1810414604161 -0.346539154846582 0.0
-0.178861760921382 -0.285232131859708 0.0
-0.176745535341209 -0.223958001126911 0.0
-0.174696753422636 -0.16275214428862 0.0
-0.172702654636873 -0.101648680154657 0.0
-0.17073850464493 -0.0406768604199766 0.0
-0.168768276661531 0.0201432683225695 0.0
-0.166742987360071 0.080806414727079 0.0
-0.164600538233064 0.141328874098381 0.0
-0.162271940040828 0.201753843872537 0.0
-0.159702492036763 0.262152990052338 0.0
-0.1568989670528 0.322613492792055 0.0
-0.153950988365231 0.383182429638756 0.0
-0.150601723800065 0.443798768457235 0.0
-0.133146647686713 -0.656794196563828 0.0
-0.130046385435147 -0.595708699151882 0.0
-0.127273079703031 -0.534589389872397 0.0
-0.124745290424668 -0.473441460414903 0.0
-0.122399293223545 -0.412282319143812 0.0
-0.120178914542115 -0.351133399570358 0.0
-0.118038850514442 -0.290015992245064 0.0
-0.115960026790614 -0.228953945625364 0.0
-0.113939671821202 -0.16797412463474 0.0
-0.111967630132274 -0.107100061694672 0.0
-0.110026437000624 -0.0463491599632095 0.0
-0.108092066263744 0.0142700119619545 0.0
-0.106134956148834 0.0747601861123794 0.0
-0.104123916484905 0.135137774734236 0.0
-0.102036604036451 0.195433013556152 0.0
-0.0998803427879722 0.25568753241808 0.0
-0.0977137758467061 0.315946028442314 0.0
-0.0955999129909673 0.376257202353218 0.0
-0.0934976366490472 0.436813512266637 0.0
-0.071789537160197 -0.660759030634977 0.0
-0.0687800125884764 -0.59971005442458 0.0
-0.0661034075088211 -0.538643517649835 0.0
-0.0636530055301017 -0.477565021037322 0.0
-0.0613560574616977 -0.416490663961766 0.0
-0.0591603336014707 -0.355439881546702 0.0
-0.0570317105090112 -0.294432291994778 0.0
-0.0549567683296173 -0.233488198394374 0.0
-0.0529331873844856 -0.172627969665564 0.0
-0.0509566442219316 -0.111868401429745 0.0
-0.0490199174956544 -0.0512211527680656 0.0
-0.0471142127690544 0.00930847739599223 0.0
-0.0452321220703566 0.0697219288927908 0.0
-0.0433740433470954 0.130026922545433 0.0
-0.0415604844810317 0.190233565406446 0.0
-0.039850503984706 0.250345767986719 0.0
-0.0383571833295582 0.310345114449922 0.0
-0.0372701326201748 0.370178281677048 0.0
-0.037167086362552 0.429739626810888 0.0
-0.010290266496145 -0.664510931443946 0.0
-0.00739556510244663 -0.603464654884318 0.0
-0.00481385322277027 -0.542408249352899 0.0
-0.00242524604735741 -0.481347996420406 0.0
-0.000156517299199186 -0.420298911227214 0.0
0.00203692166752035 -0.359278499808045 0.0
0.00417880740075738 -0.298304115464357 0.0
0.00627580084886956 -0.237392508870094 0.0
0.00832568422410368 -0.176559050923502 0.0
0.0103249814695198 -0.115815429184589 0.0
0.0122695780283123 -0.0551684690442105 0.0
0.0141528633667731 0.00538122968996475 0.0
0.0159619017141119 0.0658405801694254 0.0
0.0176707244368901 0.126226083694175 0.0
0.0192301458443962 0.186565980359745 0.0
0.0205557970413952 0.246905698497511 0.0
0.0215133004254507 0.307322138059785 0.0
0.0218427523315083 0.367954739477041 0.0
0.0205082176314819 0.428990565744545 0.0
0.0513616330756017 -0.667904002604899 0.0
0.0541190779916251 -0.606828082620411 0.0
0.0566082928774584 -0.545740998543914 0.0
0.058949623311511 -0.484650724728144 0.0
0.0612088712574364 -0.423571907614663 0.0
0.0634196310456188 -0.362520482760923 0.0
0.0655947687447957 -0.301511484021312 0.0
0.0677328755837879 -0.240558301796009 0.0
0.0698247201406025 -0.179671983625741 0.0
0.0718575409852358 -0.118859478342622 0.0
0.0738147726492508 -0.058122334646868 0.0
0.0756733558540028 0.00254535075642968 0.0
0.077398937631352 0.0631595649864291 0.0
0.0789384981051939 0.123750686072227 0.0
0.0802102231930745 0.184368927339163 0.0
0.0810903585188732 0.245093375903439 0.0
0.0813877695502842 0.306042809374977 0.0
0.0807544815853102 0.367366043452044 0.0
0.0789273235316437 0.429037647564135 0.0
0.113160003829058 -0.670823618103618 0.0
0.115762373149077 -0.609690051491498 0.0
0.118163345223713 -0.548536860163234 0.0
0.120471294354344 -0.487374974189111 0.0
0.122737575060754 -0.426219427533734 0.0
0.12498188628038 -0.365084966030028 0.0
0.127205361708084 -0.303984524187802 0.0
0.129397333037136 -0.242928693573366 0.0
0.13153976394818 -0.18192537843128 0.0
0.133609003391781 -0.120978604252179 0.0
0.135574150513019 -0.0600876361215291 0.0
0.137393065258385 0.000754461794607617 0.0
0.139006106278625 0.061562078809435 0.0
0.140327278035239 0.12235815059445 0.0
0.141232561804644 0.183172354241776 0.0
0.141544811338322 0.244034029832733 0.0
0.141013780120274 0.304948032181178 0.0
0.13936613663851 0.365823569359982 0.0
0.136842587191763 0.426475450204336 0.0
0.175083924296234 -0.673192143282185 0.0
0.177521028807062 -0.611978436985039 0.0
0.179841384488814 -0.550730555418527 0.0
0.182129934982512 -0.489463455658131 0.0
0.184417820815971 -0.428193013758708 0.0
0.186708727154298 -0.36693300364822 0.0
0.188991436071605 -0.305694599447601 0.0
0.191245271911426 -0.244486470540433 0.0
0.193442294329834 -0.183315082804106 0.0
0.195546872063476 -0.122184304223941 0.0
0.19751261352884 -0.0610954452083392 0.0
0.199277207397121 -4.71357551620054e-05 0.0
0.200755279062452 0.0609638973416716 0.0
0.201829401710091 0.121940985058523 0.0
0.202339987126985 0.182882164189778 0.0
0.202077000427351 0.243771119513738 0.0
0.200792977574329 0.304562849874471 0.0
0.198315969419919 0.365194844784087 0.0
0.194743780236557 0.42576237812054 0.0
0.237100778078074 -0.674970370461933 0.0
0.239372685084757 -0.613659725049393 0.0
0.241624655721568 -0.552295569850554 0.0
0.243908421354656 -0.490897292068861 0.0
0.246230906453742 -0.429481404375765 0.0
0.248578845331618 -0.368060466454566 0.0
0.250928750282376 -0.306643938234985 0.0
0.253249931176499 -0.24523912590187 0.0
0.25550435654969 -0.183852221958502 0.0
0.257644344645342 -0.122488694252566 0.0
0.259608259456543 -0.061154168040605 0.0
0.261314560082796 0.000144763832518172 0.0
0.262654403113988 0.0613988656279835 0.0
0.263483315398225 0.122594057634829 0.0
0.263613471160804 0.183707426918419 0.0
0.262812367283145 0.24470387602857 0.0
0.260825765272558 0.305539627650648 0.0
0.257439964136295 0.366199280605138 0.0
0.252521464712026 0.426761678776724 0.0
0.299170306551474 -0.676157508001358 0.0
0.301289180784509 -0.614738689106426 0.0
0.30349004736569 -0.553243233302394 0.0
0.305784211022277 -0.491694175657111 0.0
0.308152691208378 -0.430107486747482 0.0
0.31056580452944 -0.368493548597828 0.0
0.312988774222799 -0.306859500921047 0.0
0.315381665547909 -0.245211029372332 0.0
0.317696968649413 -0.183554042766015 0.0
0.319875671495045 -0.121895664147052 0.0
0.321841911670979 -0.060245701173073 0.0
0.323496393449571 0.00138200566937453 0.0
0.324708749659651 0.062967558049368 0.0
0.325309458894957 0.124482920606864 0.0
0.325083072363584 0.185888917709878 0.0
0.323767645013621 0.247134501597216 0.0
0.321067420673722 0.308163113577909 0.0
0.316676526338448 0.36893240748286 0.0
0.310284952444714 0.429436338537093 0.0
0.361247947143161 -0.676791910041544 0.0
0.363238640273623 -0.615259430384778 0.0
0.365409919635935 -0.553623807735371 0.0
0.367729211903981 -0.49190930197572 0.0
0.370152721283001 -0.430129086068337 0.0
0.372636414429203 -0.368289658876938 0.0
0.37513603562808 -0.30639453265001 0.0
0.377603760699091 -0.244446654886653 0.0
0.379983701367241 -0.182450525924454 0.0
0.382206598763894 -0.120413623763373 0.0
0.384183546512613 -0.0583483748648034 0.0
0.385798745888873 0.00372588753652847 0.0
0.386901349958571 0.0657801362479072 0.0
0.387296893699818 0.127772625654368 0.0
0.386739569043166 0.189644747915403 0.0
0.384927728972162 0.251318737109188 0.0
0.381503859295038 0.31269912154511 0.0
0.376053738527761 0.37367999540491 0.0
0.368101920191532 0.434156284306048 0.0
0.423288723808696 -0.676954055457602 0.0
0.4251874719068 -0.61530913372026 0.0
0.427352495009073 -0.553530653030205 0.0
0.42970912433307 -0.491639835391844 0.0
0.432192820461459 -0.429643968633164 0.0
0.434748587685256 -0.367543498444083 0.0
0.437325068072254 -0.30533653390815 0.0
0.439868207262936 -0.24302151418981 0.0
0.442315033785905 -0.18059948481412 0.0
0.444587233040695 -0.118075779959345 0.0
0.446584056845299 -0.0554624800976629 0.0
0.448174377025188 0.00721877478082507 0.0
0.449187744228476 0.0699325802351906 0.0
0.449404613313471 0.132624537651506 0.0
0.448546015666467 0.195213809687488 0.0
0.446262805578016 0.257585740431605 0.0
0.442122347161669 0.319584962711227 0.0
0.435587701430183 0.381009909116671 0.0
0.425996307021467 0.441612386413802 0.0
0.485250477508733 -0.676772612676264 0.0
0.48710080829262 -0.615025022374612 0.0
0.48928058698033 -0.5531073945607 0.0
0.491681401243215 -0.491032215348369 0.0
0.494224672941787 -0.42879767708016 0.0
0.496848620387865 -0.366396135840094 0.0
0.499497315086116 -0.303818512209798 0.0
0.502112095484097 -0.241056591800652 0.0
0.504624111070883 -0.178105010889676 0.0
0.506947081790672 -0.114962869093927 0.0
0.508969541844874 -0.0516364676090699 0.0
0.510546184068072 0.0118570725778988 0.0
0.511487889292622 0.0754839648235816 0.0
0.51155005399358 0.13918552884045 0.0
0.510418307404327 0.20286540245632 0.0
0.507689751866099 0.26637274342239 0.0
0.5028455335125 0.329479158975211 0.0
0.495209488140053 0.391848206308861 0.0
0.483891257199067 0.45300196567534 0.0
0.547095821512112 -0.676434273530901 0.0
0.548940546808287 -0.614604489828174 0.0
0.55114831357887 -0.552557165607229 0.0
0.553591926227554 -0.490290500734883 0.0
0.556186865727977 -0.42779170031665 0.0
0.558868658751846 -0.365044236047671 0.0
0.561578909974283 -0.302030764921366 0.0
0.564255495672038 -0.23873419902693 0.0
0.566824436275006 -0.175138806418772 0.0
0.569192130083559 -0.111231243550447 0.0
0.571237024598223 -0.0470029951524357 0.0
0.572800156830807 0.0175459633873928 0.0
0.573673787308491 0.0824006535722721 0.0
0.573587017883913 0.147520857267679 0.0
0.572186126288982 0.212823215805584 0.0
0.569005842272668 0.278152417972859 0.0
0.563425583467907 0.343231775919674 0.0
0.554603968097614 0.407579615045062 0.0
0.541377664020688 0.470374681174949 0.0
0.608791502578864 -0.676198741288298 0.0
0.610660055095424 -0.61431809519384 0.0
0.612895901793213 -0.552151541662783 0.0
0.615371286698491 -0.489681901807204 0.0
0.61800282916164 -0.426887832866291 0.0
0.620726076243769 -0.363746031631578 0.0
0.62348109274911 -0.300231069130275 0.0
0.626202538097886 -0.236314647574957 0.0
0.628811307196866 -0.171965515589723 0.0
0.631206322543551 -0.107149476968125 0.0
0.633255465708306 -0.0418306507622496 0.0
0.634784865103923 0.0240264521175422 0.0
0.635565246189131 0.0904525686305054 0.0
0.63529316601082 0.157466098819388 0.0
0.633562841790841 0.225057438375347 0.0
0.629821404691857 0.29315863358577 0.0
0.623296484974856 0.361578099757193 0.0
0.612885065635957 0.429855320032014 0.0
0.597007767823634 0.496925891014766 0.0
