-0.545265209166165 -0.677297054451814 0.0
0.687090273017091 -0.724927947160294 0.0
-0.510990905761719 0.61237245798111 0.0
0.61237245798111 0.61237245798111 0.0
-0.484161738567493 -0.680536842924493 0.0
0.687494276572098 -0.663179696402722 0.0
0.559867022652541 0.567619791904397 0.0
-0.499813154427422 0.535050496865383 0.0
-0.423084433895336 -0.683597586710959 0.0
0.688440170368697 -0.600866961326029 0.0
0.502127856134421 0.540239957415532 0.0
-0.500155868049008 0.462556098106346 0.0
-0.362076562242774 -0.686692364101935 0.0
0.689463941875149 -0.538003856453964 0.0
0.443505752321459 0.521547116463293 0.0
-0.501401666592387 0.39304277230419 0.0
-0.301144830104446 -0.689942819935792 0.0
0.690248332227152 -0.474633027499173 0.0
0.38473673313407 0.507863124759268 0.0
-0.50242264883174 0.325537619986189 0.0
-0.240280319614651 -0.69343485604167 0.0
0.690529619597115 -0.410818735010371 0.0
0.325958551280002 0.497417261146038 0.0
-0.503357148040414 0.259492930061517 0.0
-0.179456608118919 -0.69722181908378 0.0
0.690081700786298 -0.346648050799878 0.0
0.267200905834331 0.489252629923411 0.0
-0.504490952184822 0.19453406806704 0.0
-0.118632968722668 -0.701319915163783 0.0
0.688750694606205 -0.28222585414581 0.0
0.208484635125344 0.482805795973367 0.0
-0.506051558420363 0.130375196365137 0.0
-0.0577581260523114 -0.705717648426471 0.0
0.686528321134007 -0.217648945388235 0.0
0.149846864088894 0.477745960837798 0.0
-0.508134583373888 0.066794031653357 0.0
0.00322942959639108 -0.710381661982273 0.0
0.683617261499667 -0.152956153678474 0.0
0.0913495810470606 0.47395288978524 0.0
-0.510683973561777 0.00362987243793469 0.0
0.0644065078011761 -0.715236107732952 0.0
0.680392256652691 -0.0880827504753544 0.0
0.0330728425325716 0.471819802527356 0.0
-0.513542339983508 -0.05921468291469 0.0
0.125870075006922 -0.72009189763012 0.0
0.677205996397042 -0.022870408692204 0.0
-0.0249670857484123 0.468789179859878 0.0
-0.516552249149341 -0.121782346471832 0.0
0.187722220391989 -0.724562201078571 0.0
0.674183440710675 0.0428708755930947 0.0
-0.0833192216552925 0.467158003316884 0.0
-0.519652735274232 -0.184078447516941 0.0
0.250005760132644 -0.728162088139575 0.0
0.671207073692843 0.109317843077992 0.0
-0.14162861662994 0.470626265907038 0.0
-0.523048191682781 -0.246087981936129 0.0
0.312652352155123 -0.730533799547856 0.0
0.668021799788471 0.176635410071359 0.0
-0.199685703658968 0.475114765847328 0.0
-0.525643829576306 -0.308010858177137 0.0
0.37550245265512 -0.731569238249391 0.0
0.664276665613055 0.244990954898305 0.0
-0.257375278144641 0.482628241068076 0.0
-0.52850738991796 -0.369907458180201 0.0
0.438365900805869 -0.731382865056548 0.0
0.659513949789178 0.314575785203288 0.0
-0.316193934633505 0.491861147211359 0.0
-0.531967602701599 -0.431654928730068 0.0
0.501068943379718 -0.730232092475731 0.0
0.65311143294541 0.385636214906691 0.0
-0.376043372406807 0.503411607658149 0.0
-0.535385371062914 -0.4932415703926 0.0
0.563474978667177 -0.728462459625012 0.0
0.644151435574592 0.458524100227905 0.0
-0.434733634526124 0.520048124112413 0.0
-0.538831365662371 -0.554693078319918 0.0
0.625493102871786 -0.726502394431462 0.0
0.631177069588263 0.533785872397888 0.0
-0.492452798229745 0.547042888231435 0.0
-0.542020200098486 -0.616033274313622 0.0
-0.480955591928099 -0.619256904963774 0.0
-0.477715526946312 -0.557871901783842 0.0
-0.474274204900229 -0.496343206118455 0.0
-0.470886874723036 -0.434737934804706 0.0
-0.467524874967014 -0.373055676939917 0.0
-0.464637700247435 -0.311205585638112 0.0
-0.461936245758375 -0.249026890635692 0.0
-0.458648348137565 -0.186550607819605 0.0
-0.455532835664825 -0.123892829415449 0.0
-0.452512338118343 -0.0609955537170278 0.0
-0.449673163770616 0.00218783047005141 0.0
-0.447195994578893 0.0657042601461206 0.0
-0.445252233668899 0.129619283491286 0.0
-0.443897437505297 0.19402533280954 0.0
-0.44303492143388 0.25903082033516 0.0
-0.442459413293433 0.324728129077863 0.0
-0.441958311053682 0.391118827616634 0.0
-0.441519768359504 0.457902271705036 0.0
-0.441556880325626 0.523732553650573 0.0
-0.419872570487094 -0.622284586472501 0.0
-0.41655472179309 -0.560867435296235 0.0
-0.413143586891656 -0.499323990195975 0.0
-0.409787977608011 -0.437646580655264 0.0
-0.406574772014367 -0.375777788473649 0.0
-0.403684592087479 -0.313735829080502 0.0
-0.400841704428621 -0.251526155431308 0.0
-0.397731143353565 -0.189040635863095 0.0
-0.394673368585967 -0.126314286162542 0.0
-0.391687255930593 -0.0633452604924704 0.0
-0.388903621255859 -0.000140483730997898 0.0
-0.38655529047615 0.0632839439585576 0.0
-0.384848533409728 0.126917385371247 0.0
-0.383842288492191 0.190748225804918 0.0
-0.38343398528526 0.254726168001255 0.0
-0.383430342947466 0.31870230633765 0.0
-0.383613283406229 0.382347042488765 0.0
-0.383528152668745 0.445042813267931 0.0
-0.442807817696612 0.461660718453977 0.0
-0.358812367716454 -0.625381424800177 0.0
-0.355440720948889 -0.563955491859337 0.0
-0.352059738313233 -0.502395579923834 0.0
-0.348790043031373 -0.440680074664772 0.0
-0.345705235415788 -0.378792971462875 0.0
-0.342832777786903 -0.316751985089248 0.0
-0.339978313422293 -0.254529638636862 0.0
-0.336992493887293 -0.192073467142863 0.0
-0.333998536207531 -0.129407935955822 0.0
-0.331038199642702 -0.0665657400942504 0.0
-0.328289302383921 -0.00360927223933289 0.0
-0.326069777016247 0.0593798637765571 0.0
-0.32463504201383 0.122330999399318 0.0
-0.32402436695496 0.185174859426022 0.0
-0.324078695094097 0.247806449914074 0.0
-0.324527315755268 0.310060715339166 0.0
-0.32493901730255 0.371726287159791 0.0
-0.386044324541163 0.383396995694331 0.0
-0.384421141565053 0.442887949327955 0.0
-0.297790931809217 -0.628650883018637 0.0
-0.294381468567774 -0.567246574509056 0.0
-0.291048345327058 -0.505713072931313 0.0
-0.287881375149199 -0.444033658826103 0.0
-0.284911167315634 -0.382200357455078 0.0
-0.282099865411126 -0.320213175351427 0.0
-0.279302274171988 -0.258052187768468 0.0
-0.276415910302422 -0.195700859500609 0.0
-0.273458124301988 -0.133190910590401 0.0
-0.270457408753329 -0.0705843500706168 0.0
-0.267652606350667 -0.0079912429549796 0.0
-0.26550300619742 0.0544615099050354 0.0
-0.264316596453366 0.116697095273689 0.0
-0.264058811594087 0.178674022099341 0.0
-0.264450749454167 0.240345676536598 0.0
-0.265098362482088 0.301656856501581 0.0
-0.326595771662094 0.310148942900653 0.0
-0.326466282538528 0.370261925747128 0.0
-0.323660471196699 0.429903460016825 0.0
-0.236807740792976 -0.632180274514359 0.0
-0.233372163265193 -0.570827775487058 0.0
-0.230102037718152 -0.509358360745944 0.0
-0.22704854921747 -0.447754212116663 0.0
-0.224199404418753 -0.386005160234581 0.0
-0.22148259631299 -0.324105442887015 0.0
-0.21877099310518 -0.26204398228779 0.0
-0.215956980928992 -0.199820976835445 0.0
-0.21297517231128 -0.137471973415531 0.0
-0.209807184557352 -0.0750758400527686 0.0
-0.206788991583097 -0.0127837081360203 0.0
-0.20462925732076 0.0492462095937096 0.0
-0.203673146229341 0.11098058108807 0.0
-0.203730908064313 0.172451261082327 0.0
-0.204367901557956 0.233680110021188 0.0
-0.265786047252868 0.240106330983602 0.0
-0.266402798977081 0.300574655716123 0.0
-0.26585642593238 0.360799619612785 0.0
-0.262943046359189 0.421192052129655 0.0
-0.175846510100115 -0.636018288567434 0.0
-0.172398441307607 -0.57473664464295 0.0
-0.169209666656954 -0.513349502083578 0.0
-0.166284446968859 -0.451833775092526 0.0
-0.163569743332934 -0.390175216985018 0.0
-0.160969365177153 -0.32836404128717 0.0
-0.158353170874875 -0.26639037990509 0.0
-0.15558089171493 -0.204253971736272 0.0
-0.152493205517681 -0.141981308232196 0.0
-0.14897036348394 -0.0796551560726265 0.0
-0.145520839806536 -0.0174798973784114 0.0
-0.143310319585481 0.0443441966454953 0.0
-0.14263721817506 0.105874496630921 0.0
-0.143024740732585 0.167222191043181 0.0
-0.204167426252856 0.172198639820697 0.0
-0.205106133666097 0.232875023432311 0.0
-0.205650601904171 0.293304708672679 0.0
-0.205165739295776 0.353642482957908 0.0
-0.203185226053168 0.414179743085646 0.0
-0.114881399646983 -0.6401761544712 0.0
-0.111444689606245 -0.578973737266875 0.0
-0.108363678848586 -0.517672323249566 0.0
-0.105587315877702 -0.456241639241066 0.0
-0.103024614917682 -0.394661800075646 0.0
-0.100559386070595 -0.332916002007623 0.0
-0.0980468105798852 -0.270985056391886 0.0
-0.0952960882585221 -0.208850657690446 0.0
-0.092018585927433 -0.146509998459031 0.0
-0.0878778066337945 -0.0840319846510967 0.0
-0.0836985218789428 -0.0217096105877901 0.0
-0.0815063481257177 0.0401828538956002 0.0
-0.0812615886919742 0.101881805308338 0.0
-0.141957703302029 0.105964326595783 0.0
-0.142948534578066 0.166942275172014 0.0
-0.143951826751073 0.227677824584303 0.0
-0.144568215539628 0.288219782277929 0.0
-0.144458864338338 0.348712278101743 0.0
-0.143579429832948 0.40938646378141 0.0
-0.0538829442229622 -0.644640636168007 0.0
-0.0504988861429813 -0.583521003340541 0.0
-0.0475631478119355 -0.522304545236948 0.0
-0.0449641235187044 -0.460955167005116 0.0
-0.0425791122380343 -0.399447027019887 0.0
-0.0402777300618099 -0.337751884148843 0.0
-0.0378975730193049 -0.275828818747933 0.0
-0.0351861022547687 -0.213618450681828 0.0
-0.0316682873652849 -0.151049521370888 0.0
-0.0265244583098098 -0.0881250185349937 0.0
-0.0211649756682593 -0.0252528725458228 0.0
-0.0192925063322204 0.0372054232441663 0.0
-0.0792672421989854 0.0411024250839727 0.0
-0.0801522281607396 0.102585921567773 0.0
-0.0813142732045992 0.163795798124805 0.0
-0.0824167857701314 0.224711457014942 0.0
-0.0832451050522555 0.285383224500917 0.0
-0.0837328923790182 0.345899174482774 0.0
-0.0842988990445884 0.406320841155333 0.0
0.00717821866549211 -0.649378925908515 0.0
0.010446733813918 -0.588348602176564 0.0
0.0131883101189941 -0.527230111058783 0.0
0.0155710785823239 -0.465989516226469 0.0
0.0177358388940739 -0.404600055438906 0.0
0.0198147103735455 -0.343022430142181 0.0
0.0219786276906631 -0.281184696664885 0.0
0.0245375820721421 -0.218956013545552 0.0
0.0282136522680982 -0.156114146448859 0.0
0.0349404717484472 -0.092416479030627 0.0
0.0422371216667544 -0.0279050153530531 0.0
-0.0159814166132238 -0.0225119823276817 0.0
-0.0167425920515936 0.0398491890854361 0.0
-0.0179673896242924 0.101740303314864 0.0
-0.0192716795094815 0.16320137938839 0.0
-0.0205150390693849 0.224347022181664 0.0
-0.0216294726488702 0.285330093165489 0.0
-0.0227386240853455 0.34633799182832 0.0
-0.0246334718549273 0.407552869261677 0.0
0.0683347291165477 -0.654311928694022 0.0
0.071407640048721 -0.593387393628154 0.0
0.0739009162754456 -0.532416981192805 0.0
0.076018349157629 -0.471391203122918 0.0
0.0778924240161506 -0.410311994832235 0.0
0.0796261717842421 -0.349174666454042 0.0
0.0813520389058762 -0.28795026110931 0.0
0.0833490591973563 -0.226559807793875 0.0
0.086452823127277 -0.164839171394951 0.0
0.0949688288184055 -0.102819341215895 0.0
0.0500460033535929 -0.0832167330836159 0.0
0.0478294735813543 -0.0202384654341 0.0
0.0462013095637953 0.0420123286236095 0.0
0.0446504820635105 0.103712737051799 0.0
0.0431201494306851 0.165070015813798 0.0
0.041602379300374 0.226255349170901 0.0
0.0400287217795171 0.287433811001569 0.0
0.0381210642490879 0.348763984412745 0.0
0.0353742856404056 0.410267042841725 0.0
0.129638484092026 -0.659230725678223 0.0
0.132441223077371 -0.598422706498756 0.0
0.134652739088857 -0.537662778341207 0.0
0.136478079762337 -0.476998530975409 0.0
0.138007812161085 -0.416520448227363 0.0
0.139267388535413 -0.356376676063196 0.0
0.140246452103459 -0.296817400355599 0.0
0.140917787718994 -0.238279345772831 0.0
0.141423642648781 -0.18148139789544 0.0
0.136948090115425 -0.127035837626997 0.0
0.116021929685791 -0.0739895678306154 0.0
0.112029718135017 -0.0140002652989056 0.0
0.109609384655451 0.0466921445626973 0.0
0.107603700765015 0.107581980932687 0.0
0.10571052207552 0.168539495369461 0.0
0.103774697269958 0.229547823307202 0.0
0.101602704008886 0.290622263952763 0.0
0.0988894929434482 0.351735360523595 0.0
0.095478243375503 0.412760327339802 0.0
0.191174614629971 -0.663702952101484 0.0
0.1936752074898 -0.602938099447896 0.0
0.195644788573698 -0.542286457124766 0.0
0.197272850122019 -0.481807943642535 0.0
0.198627241340712 -0.42158366930416 0.0
0.19972343098157 -0.36169975632545 0.0
0.200563190483352 -0.302213092672461 0.0
0.20112942334309 -0.243054552466579 0.0
0.200480349010001 -0.183730794489019 0.0
0.193591551479076 -0.124503219078694 0.0
0.180385671362967 -0.0682609574019717 0.0
0.175883076796416 -0.00887400138825203 0.0
0.172972456670879 0.0513390099466918 0.0
0.170581545202026 0.111944146650663 0.0
0.168320026444066 0.172761673820983 0.0
0.165942709840905 0.233705084764504 0.0
0.163193989283786 0.294715487444403 0.0
0.159793392327166 0.355725429694223 0.0
0.155472039123961 0.41672392972563 0.0
0.253002143974324 -0.667214618400143 0.0
0.255201040930445 -0.606347380282817 0.0
0.256994346697662 -0.545577959077234 0.0
0.258526746865961 -0.484937895541627 0.0
0.259827910109352 -0.424446474118113 0.0
0.260871649270816 -0.364085920977288 0.0
0.261565295358984 -0.303768709130838 0.0
0.261512459703135 -0.243295703918747 0.0
0.259276385680311 -0.182599124323341 0.0
0.252610952976676 -0.122839602088971 0.0
0.243670682365488 -0.0643553466554019 0.0
0.23923236509543 -0.00451572042424688 0.0
0.236102699527893 0.0559117873539447 0.0
0.233446139437242 0.116677435905193 0.0
0.230870388444125 0.177645584335541 0.0
0.228087843634981 0.238726259408237 0.0
0.224807391341584 0.299844587449739 0.0
0.220704894024979 0.360935231803912 0.0
0.215413494245886 0.421947085034704 0.0
0.315092747452526 -0.66942628383802 0.0
0.316994468981698 -0.608332453519831 0.0
0.31864405379259 -0.547269846783673 0.0
0.320103328151081 -0.486248772840577 0.0
0.321333020535454 -0.425254447638603 0.0
0.322226300660679 -0.364237447019873 0.0
0.322548044024146 -0.30311502747446 0.0
0.321734961141364 -0.241843503899705 0.0
0.318760499209986 -0.180692740882947 0.0
0.312924497592403 -0.120295092170284 0.0
0.306361912849219 -0.0604670292508232 0.0
0.30219635580795 1.41142601364774e-05 0.0
0.299002060997911 0.0609083025562562 0.0
0.296172342163344 0.122070320930421 0.0
0.29334138633813 0.183394805591338 0.0
0.290199559663002 0.244792451197275 0.0
0.286419670982632 0.306176337184771 0.0
0.281627232924532 0.367454236871092 0.0
0.275383748074131 0.428521760229224 0.0
0.377344642182604 -0.670273481252249 0.0
0.378957923612974 -0.608900892953895 0.0
0.380469129306097 -0.547483636694532 0.0
0.381833505748671 -0.486030683269884 0.0
0.382932355096233 -0.424524392971733 0.0
0.383581413866332 -0.362928653046834 0.0
0.383474588880923 -0.301218414552549 0.0
0.382112169637538 -0.239460940007439 0.0
0.378907669467949 -0.177908509116676 0.0
0.373912908442859 -0.116854595735227 0.0
0.368733657427947 -0.0560355038498371 0.0
0.36487522183423 0.00515618214561684 0.0
0.361695376873524 0.0666607082671883 0.0
0.358757836246716 0.128386533051909 0.0
0.355725308744013 0.190241453854748 0.0
0.352272048920031 0.252128731236204 0.0
0.348036499463017 0.313938377303458 0.0
0.34259330452769 0.375537677355633 0.0
0.335431394432343 0.43676193156105 0.0
0.439635247274686 -0.669907079767366 0.0
0.440988800723071 -0.608264351220549 0.0
0.442366541246884 -0.546510407011363 0.0
0.443613718369482 -0.484661737097585 0.0
0.44454160744999 -0.422709346324312 0.0
0.444918346143083 -0.360640166660318 0.0
0.444438104064576 -0.298470720926249 0.0
0.442730342144107 -0.236292682279058 0.0
0.439547274889059 -0.174283074301378 0.0
0.435232671685221 -0.112544892830515 0.0
0.430896336461418 -0.0508510700729829 0.0
0.427314116601986 0.011121215026791 0.0
0.424187014048491 0.0733681785049314 0.0
0.421189237932235 0.135823970634698 0.0
0.418004104783801 0.198400503648581 0.0
0.414290989261117 0.260988798775222 0.0
0.409654795563223 0.323448908647395 0.0
0.403616655814116 0.385594577696807 0.0
0.395575248295563 0.447175614787523 0.0
0.501858844832856 -0.668603849059798 0.0
0.503009160358941 -0.606732090549843 0.0
0.504269798981441 -0.544691219912986 0.0
0.505390984796101 -0.482501042740057 0.0
0.506135242353723 -0.420159897269633 0.0
0.506253595067384 -0.357672018867475 0.0
0.505476174312426 -0.295072278781971 0.0
0.503565477022554 -0.232443532388061 0.0
0.500492101476391 -0.169889028870666 0.0
0.496672956791348 -0.107416022858773 0.0
0.492866756045783 -0.0448494546128125 0.0
0.489510509408165 0.0179957443175099 0.0
0.486451392024346 0.0811312640527134 0.0
0.483426583841553 0.144508608717281 0.0
0.480129506753714 0.208047973320098 0.0
0.476204074901442 0.271635474214783 0.0
0.471222601137042 0.335104152972959 0.0
0.464650292277416 0.39820255652747 0.0
0.455776502467125 0.460549266328987 0.0
0.563940316047973 -0.666719963978953 0.0
0.564964459536268 -0.6046734280886 0.0
0.566131172459793 -0.542393552078936 0.0
0.567127680113632 -0.479891782139857 0.0
0.56769339458658 -0.417172151323363 0.0
0.56758299432857 -0.354253034944915 0.0
0.566574460039989 -0.291178892162978 0.0
0.564538897803556 -0.228016570632646 0.0
0.561572428900446 -0.164816622369261 0.0
0.558082976585306 -0.101542584675554 0.0
0.554609886410414 -0.0380587976199939 0.0
0.551425584464129 0.025756474781663 0.0
0.548431717513011 0.0899296883304462 0.0
0.545392835279321 0.154443477578408 0.0
0.542001608139438 0.219251391859782 0.0
0.53788464944635 0.28426600828089 0.0
0.532582191504002 0.349325575046776 0.0
0.525503596917537 0.414131867269522 0.0
0.515828047625188 0.478133308901533 0.0
0.625833263327794 -0.664701976025131 0.0
0.626805443719049 -0.60253448621146 0.0
0.627894715728538 -0.54002216908884 0.0
0.628773739548584 -0.477171850375326 0.0
0.629178361204647 -0.414003916005844 0.0
0.628875273539631 -0.3505598800383 0.0
0.627684783481776 -0.286900772513823 0.0
0.625553785512852 -0.2230896341926 0.0
0.622646260518166 -0.15915187171353 0.0
0.619346587014426 -0.0950338741502658 0.0
0.616070141321287 -0.0306163582249686 0.0
0.61300132003996 0.0342145499168023 0.0
0.610047098854629 0.0995306677140664 0.0
0.606971762977652 0.165384459981059 0.0
0.603454963416939 0.23181199853015 0.0
0.59909688299416 0.298820462216979 0.0
0.593391748562967 0.366355407400934 0.0
0.585671395769552 0.434220999778383 0.0
0.575003977257298 0.501863755612171 0.0
