-0.554969191977603 -0.695224204057441 0.0
0.67857487844358 -0.738375024789666 0.0
-0.447699749469757 0.61237245798111 0.0
0.61237245798111 0.61237245798111 0.0
-0.493850961265689 -0.698367372981952 0.0
0.679825249159825 -0.676829814258025 0.0
0.575480093097232 0.559191523343633 0.0
-0.470108170422814 0.534615126671363 0.0
-0.432740895168048 -0.701334036342919 0.0
0.681636814586319 -0.614913577184436 0.0
0.525075224272582 0.528523744386699 0.0
-0.485757830159456 0.460022199072446 0.0
-0.371683462200289 -0.704404692814926 0.0
0.683805809570474 -0.552599124257452 0.0
0.471445035616201 0.510345318995707 0.0
-0.496337930558651 0.388035409132476 0.0
-0.310662590717082 -0.707719821936404 0.0
0.686211465290203 -0.48986869299398 0.0
0.416886835978661 0.499088055261546 0.0
-0.503842528144791 0.318175950115301 0.0
-0.24963763198943 -0.711321398613723 0.0
0.688770670306032 -0.426702835787143 0.0
0.361930813444023 0.491980031000491 0.0
-0.509459648984354 0.249991104700245 0.0
-0.188549928873414 -0.715167918807703 0.0
0.691416023148405 -0.363075745502077 0.0
0.306735572435716 0.487623326634146 0.0
-0.513887285614376 0.183126073568485 0.0
-0.127336049636307 -0.719144487334427 0.0
0.694082455197014 -0.298953185596389 0.0
0.251394129753527 0.485283671645953 0.0
-0.517554342772092 0.117315305143486 0.0
-0.0659418789005169 -0.723093602496462 0.0
0.696697248570505 -0.234291166820666 0.0
0.196002451363495 0.484589455844244 0.0
-0.520735461225894 0.0523607102014389 0.0
-0.00433297170797241 -0.726848087421496 0.0
0.699171017400534 -0.169035329354088 0.0
0.140682996910704 0.485445743071376 0.0
-0.523613027369787 -0.0118863046672638 0.0
0.0575010931336272 -0.730256094938256 0.0
0.701388346261356 -0.103119921974704 0.0
0.0857027540882459 0.489410141501153 0.0
-0.526314028173363 -0.0755363239308032 0.0
0.119546650055256 -0.733196109852881 0.0
0.703196921729263 -0.0364671452834913 0.0
0.0299231164899989 0.488574638195354 0.0
-0.528937488869706 -0.138669292113397 0.0
0.181769255209262 -0.735583994062901 0.0
0.7043938870218 0.0310141308838711 0.0
-0.0263498158492816 0.487720825235115 0.0
-0.531596849554765 -0.201337521165076 0.0
0.244118062900541 -0.737375125771785 0.0
0.704707039605797 0.0994297212286031 0.0
-0.0819876828215273 0.496281859168325 0.0
-0.53469601797661 -0.263564929521674 0.0
0.306530805056452 -0.738564560915887 0.0
0.703766360126828 0.168902190877692 0.0
-0.13765513680325 0.503195905784253 0.0
-0.536826312484197 -0.325711472446351 0.0
0.368937747187808 -0.739187481672818 0.0
0.701056544116257 0.23957139379035 0.0
-0.192454960750023 0.512617793553801 0.0
-0.539211311639341 -0.3877884224826 0.0
0.431266296827624 -0.739321474759395 0.0
0.695831799232841 0.311591275338872 0.0
-0.248076991969837 0.518665287616915 0.0
-0.542336416183875 -0.449593200087163 0.0
0.493445890521017 -0.739091425853784 0.0
0.686953093850469 0.385108655245674 0.0
-0.30429740906979 0.525961328568691 0.0
-0.545490532051658 -0.511193918604519 0.0
0.555414256897025 -0.738677500022547 0.0
0.672562328896802 0.460179596585193 0.0
-0.358168779488213 0.543641767347831 0.0
-0.548753310677556 -0.572636619424803 0.0
0.617127477944162 -0.738327126287826 0.0
0.649443002458469 0.5364728058098 0.0
-0.410655730825267 0.566546089022734 0.0
-0.551812867249837 -0.633968094865101 0.0
-0.490722782774482 -0.637088141205542 0.0
-0.487610451400495 -0.575695475616616 0.0
-0.484371937057921 -0.51415301353347 0.0
-0.48126626537751 -0.452519047950342 0.0
-0.478211846259344 -0.390796364959308 0.0
-0.475739410746529 -0.328810092607883 0.0
-0.473556564564654 -0.266400591172332 0.0
-0.470701673509506 -0.203666967049825 0.0
-0.468078097901207 -0.140679555811798 0.0
-0.465505371089318 -0.0773580465573431 0.0
-0.462884982664112 -0.0136329651189845 0.0
-0.460124598259459 0.0505588260861363 0.0
-0.457110364458404 0.115277085546201 0.0
-0.453686194909152 0.180572969424414 0.0
-0.449631365058976 0.24646792084501 0.0
-0.444637296367743 0.312900871853451 0.0
-0.438306160426168 0.379602540322966 0.0
-0.430282450162971 0.445816043258388 0.0
-0.420969818180789 0.509727245311301 0.0
-0.429588786840213 -0.640025561625393 0.0
-0.426411693438919 -0.578617432508837 0.0
-0.42323115637977 -0.517074241619061 0.0
-0.420175087934657 -0.45538078797653 0.0
-0.417319426658877 -0.393461309064315 0.0
-0.414880474480878 -0.33134701985997 0.0
-0.412549943863131 -0.269065657463282 0.0
-0.409956232249839 -0.20648788310281 0.0
-0.407477397292275 -0.143662972649846 0.0
-0.405048793667807 -0.0805864662517401 0.0
-0.402604423098818 -0.0172541592986133 0.0
-0.400074816847423 0.0463224142223815 0.0
-0.397375840194147 0.110102055314265 0.0
-0.394399511293396 0.173993027828267 0.0
-0.391008260625718 0.237819775351845 0.0
-0.387037311037648 0.301279847666956 0.0
-0.382314936138878 0.363911195468877 0.0
-0.376704708812461 0.425150417706927 0.0
-0.369815479283895 0.484659129154972 0.0
-0.368459141465625 -0.64312415996278 0.0
-0.365253179664424 -0.581739808478502 0.0
-0.362139495447893 -0.520219685709042 0.0
-0.35920682685201 -0.45853928326419 0.0
-0.356518819205325 -0.396691407482245 0.0
-0.354115601808161 -0.334715488555172 0.0
-0.351793309701559 -0.272597151373514 0.0
-0.349400306512632 -0.210290688394922 0.0
-0.347094276450062 -0.147837466511338 0.0
-0.344849584091318 -0.0852701206073017 0.0
-0.342623280036257 -0.0226326799165798 0.0
-0.340365289620556 0.0400076515218189 0.0
-0.338013281497735 0.102550559299851 0.0
-0.335485345972082 0.164854777289608 0.0
-0.332671402015989 0.226736256046235 0.0
-0.329424019634557 0.287984993182898 0.0
-0.325557577227823 0.348414663805547 0.0
-0.320874629274795 0.407945709196052 0.0
-0.315571295085503 0.466758747537122 0.0
-0.307341645228753 -0.646488763355474 0.0
-0.304136482497028 -0.585167261885251 0.0
-0.301112624721084 -0.523729161861039 0.0
-0.298313887221285 -0.462166271009334 0.0
-0.295759441224856 -0.400490285985995 0.0
-0.293423845947439 -0.338725916004016 0.0
-0.291176937171969 -0.276874351416026 0.0
-0.288949873972894 -0.214936691284064 0.0
-0.286806694332833 -0.152958679612464 0.0
-0.284732930146363 -0.0909903491360847 0.0
-0.282695989209175 -0.0290914829088628 0.0
-0.280651668293813 0.0326660293560374 0.0
-0.278538528786977 0.0942006289903166 0.0
-0.276268327465556 0.155431114223317 0.0
-0.273715085166943 0.216296478416046 0.0
-0.270709442270245 0.276789542395924 0.0
-0.26705705305544 0.337001775211571 0.0
-0.262659396753635 0.397180581559652 0.0
-0.258095664165405 0.457748613728836 0.0
-0.24622035653764 -0.650152741898867 0.0
-0.243040365613223 -0.588919126600171 0.0
-0.240115899225693 -0.527599506140138 0.0
-0.237443341768099 -0.46619404447957 0.0
-0.235003667101832 -0.404719328841578 0.0
-0.232747390613839 -0.343198675571392 0.0
-0.230587993641247 -0.281647224062958 0.0
-0.228487394217197 -0.220086586016471 0.0
-0.226467484353889 -0.158560779571666 0.0
-0.224514407657608 -0.0971165230652015 0.0
-0.22259816184575 -0.0358013354423919 0.0
-0.220674728662235 0.0253404719031861 0.0
-0.218681360512983 0.086275742228894 0.0
-0.21653058194724 0.146995633225347 0.0
-0.2141077187474 0.207532813236979 0.0
-0.211281435055173 0.267982752053917 0.0
-0.207950207830341 0.328524857560687 0.0
-0.204171081514533 0.38942391441998 0.0
-0.200060434396338 0.45086669191158 0.0
-0.185060491978681 -0.654059686339143 0.0
-0.181927213581651 -0.592914583570982 0.0
-0.179104607313169 -0.531713909181132 0.0
-0.176545016003753 -0.470461538710251 0.0
-0.174201091042633 -0.409175698654966 0.0
-0.172015510194989 -0.347879599418104 0.0
-0.169926441680372 -0.286594416586722 0.0
-0.167907496796353 -0.225346447385948 0.0
-0.165961529053055 -0.164171558453601 0.0
-0.164074363688565 -0.103104055872779 0.0
-0.162219553263836 -0.0421729130148572 0.0
-0.160359071304922 0.0186027691265049 0.0
-0.158441757622347 0.0792195277604298 0.0
-0.156403562311079 0.13969652821592 0.0
-0.154174833545881 0.200080825942768 0.0
-0.151703779867897 0.260448281759584 0.0
-0.149007091825791 0.320888466667894 0.0
-0.146189513709332 0.381443821086422 0.0
-0.142977851695262 0.442040464287116 0.0
-0.123819827232327 -0.658081577916284 0.0
-0.120755644653546 -0.597005288934964 0.0
-0.118034305165484 -0.535898376029726 0.0
-0.115571609511094 -0.474766026137786 0.0
-0.113301677906203 -0.413625912209249 0.0
-0.11116660890269 -0.352499833277459 0.0
-0.109119678154401 -0.291409435070985 0.0
-0.107140712436284 -0.230378870443413 0.0
-0.105226007175188 -0.169435176133232 0.0
-0.103364369652701 -0.108601774742217 0.0
-0.10153720971445 -0.0478955931730492 0.0
-0.0997193893209039 0.0126757036079201 0.0
-0.09788049897282 0.073116195720052 0.0
-0.0959893157311019 0.133444008950877 0.0
-0.0940253151733231 0.193691189215896 0.0
-0.0920009615530959 0.253900660080236 0.0
-0.0899836181500055 0.314116915241499 0.0
-0.0880414648637898 0.374387476223149 0.0
-0.0861156642848733 0.434912054891821 0.0
-0.0624596630180231 -0.662053439876631 0.0
-0.059488790298546 -0.60101484415277 0.0
-0.0568671944317709 -0.539962374419253 0.0
-0.0544847505811627 -0.478901567997672 0.0
-0.052266336268714 -0.41784870087636 0.0
-0.0501580499406068 -0.356823469410622 0.0
-0.0481245772205668 -0.295845739101563 0.0
-0.0461516772839363 -0.23493600077857 0.0
-0.0442364166106724 -0.174114695568068 0.0
-0.0423739175632114 -0.113398508766809 0.0
-0.0405565122154489 -0.0527987962121703 0.0
-0.0387752300960536 0.00767959851111901 0.0
-0.0370230846484615 0.0680385986627184 0.0
-0.0353020819879882 0.128286153508827 0.0
-0.0336364103421031 0.188431766437087 0.0
-0.0320917072244807 0.248476858560549 0.0
-0.0307899007333454 0.308397184216898 0.0
-0.0299283455349629 0.368129471355738 0.0
-0.030104509456766 0.427554142127069 0.0
-0.000953185815282911 -0.665806060935963 0.0
0.00189942002880543 -0.604770365991047 0.0
0.00442290397394442 -0.543728464606089 0.0
0.00674089623459416 -0.482686541243042 0.0
0.0089289948308502 -0.421659734999837 0.0
0.0110332621255994 -0.360665754083379 0.0
0.0130783240602555 -0.299722142029962 0.0
0.0150713303165793 -0.23884578101042 0.0
0.0170103016653036 -0.178052070155774 0.0
0.0188918299113486 -0.117352577480391 0.0
0.0207116333321009 -0.0567538416019877 0.0
0.0224625284217464 0.00374399819911872 0.0
0.0241303069118197 0.0641484895663814 0.0
0.0256866011606353 0.124476946893822 0.0
0.0270782745629907 0.184758668677794 0.0
0.0282155121775333 0.24504074108603 0.0
0.0289581777937887 0.305403616362605 0.0
0.0290392450134637 0.365995248632133 0.0
0.0273750217463634 0.42701365606431 0.0
0.0607103223453097 -0.669189300309357 0.0
0.0634213771525579 -0.608123315944904 0.0
0.0658489702196474 -0.547050082538103 0.0
0.0681171986226187 -0.485977493281862 0.0
0.0702940156670873 -0.424920313187839 0.0
0.072414162905908 -0.363894657561762 0.0
0.0744910307491297 -0.302915713393741 0.0
0.0765233256879383 -0.241996945680104 0.0
0.0785016470074004 -0.18114934792449 0.0
0.0804128096366772 -0.120379627812613 0.0
0.0822394854155507 -0.0596888393532847 0.0
0.0839573341950691 0.000929762233582861 0.0
0.0855299326191487 0.0614934935437894 0.0
0.0869010667064091 0.122034764747039 0.0
0.087984360158157 0.182606858524314 0.0
0.0886502500712703 0.243293495776972 0.0
0.0887007794625488 0.304220292421184 0.0
0.0877771078674718 0.365543903414517 0.0
0.0856202048229706 0.427234610540937 0.0
0.122524425336942 -0.672085352383372 0.0
0.125075377467018 -0.610960387842879 0.0
0.127411211535372 -0.549819494436663 0.0
0.129643731537284 -0.488673598849711 0.0
0.131826016015036 -0.427537896627278 0.0
0.133978470274733 -0.366427323979931 0.0
0.136102326527697 -0.305354955001122 0.0
0.138186610622773 -0.244331423732203 0.0
0.140212656110186 -0.183364536673468 0.0
0.14215583383754 -0.122458032102079 0.0
0.143983792434872 -0.0616106454219442 0.0
0.145652255539538 -0.000814617473294422 0.0
0.147098468950294 0.0599455813959421 0.0
0.148232025120102 0.120694273147693 0.0
0.148922976685749 0.181462469744252 0.0
0.148986779434225 0.242280003663129 0.0
0.148164627525572 0.303149442563453 0.0
0.146177884455145 0.363970725905782 0.0
0.143295245328603 0.424548283417421 0.0
0.184467486165808 -0.674414471508973 0.0
0.186847625862517 -0.613207496992757 0.0
0.189099317422571 -0.551969652619697 0.0
0.191310299446305 -0.490716036463323 0.0
0.19351282624358 -0.429462774836265 0.0
0.195710756036146 -0.368223878719459 0.0
0.19789249487518 -0.30701069179815 0.0
0.200036599639893 -0.245831964488124 0.0
0.202113992994446 -0.184694141690905 0.0
0.204087459921052 -0.12360095943287 0.0
0.205908418310198 -0.0625534919754194 0.0
0.207511532473269 -0.00155007477122886 0.0
0.208807307544781 0.0594127913384927 0.0
0.209672878367756 0.120338324322955 0.0
0.209941875229336 0.18122364054255 0.0
0.209396550657324 0.242050051448264 0.0
0.207782592775829 0.302768291328398 0.0
0.204929269785365 0.363312328113579 0.0
0.200962061605668 0.423787463732105 0.0
0.246505864028768 -0.676136309809412 0.0
0.24871503464688 -0.614830107621914 0.0
0.250894973693101 -0.553473179999446 0.0
0.253099286561876 -0.492085255760133 0.0
0.255335259385672 -0.430683214066805 0.0
0.257589210879499 -0.369279920852114 0.0
0.259836783606884 -0.307885071806428 0.0
0.262046047930935 -0.246506155764938 0.0
0.264177322280615 -0.185149519057676 0.0
0.266180742935324 -0.123820787357205 0.0
0.267991782319884 -0.062525801321985 0.0
0.269525086551315 -0.00127151894174369 0.0
0.270666876218991 0.0599321606066547 0.0
0.271266505543133 0.12106998948211 0.0
0.271128850440774 0.182117174105042 0.0
0.270013594574586 0.243036001797307 0.0
0.267660181880629 0.303780119923432 0.0
0.26385569738601 0.364334671224794 0.0
0.258482077753627 0.424788446327989 0.0
0.308598100469013 -0.677249801464565 0.0
0.31064860972407 -0.615832798860404 0.0
0.312774442201597 -0.554341321841193 0.0
0.314987614307331 -0.492798969238618 0.0
0.31726867310647 -0.431222182297076 0.0
0.319586924552669 -0.369621705201451 0.0
0.321906246347825 -0.308004978479639 0.0
0.324185015026459 -0.246377985304305 0.0
0.326373585237056 -0.184746985627429 0.0
0.32841020541302 -0.12311956869898 0.0
0.330215481390736 -0.061506199166589 0.0
0.331685595616134 7.83367392871708e-05 0.0
0.332684499775419 0.0616127868253933 0.0
0.333035747617338 0.123067232833854 0.0
0.332515826563008 0.184400020581903 0.0
0.330854124058304 0.245557146374582 0.0
0.327747255153745 0.306479266972605 0.0
0.322886301410858 0.36712335895126 0.0
0.315967728680418 0.427488024857058 0.0
0.370698380092366 -0.677793860945203 0.0
0.372615634815816 -0.616260291493647 0.0
0.374709448508856 -0.5546250309422 0.0
0.376946631241293 -0.492913084759435 0.0
0.379282076723713 -0.431138135167724 0.0
0.381670192162147 -0.369307042314501 0.0
0.384064950719174 -0.30742364032599 0.0
0.386416433937276 -0.245491252113673 0.0
0.388666172101777 -0.183514888634956 0.0
0.390741647243985 -0.121502757021372 0.0
0.392549812748014 -0.0594683276645794 0.0
0.393969645090297 0.00256759122436457 0.0
0.394843809696922 0.0645739307482777 0.0
0.39496997485556 0.126506193594134 0.0
0.394093115869424 0.188302193276459 0.0
0.391901383435367 0.249879759759078 0.0
0.388027133136821 0.311138576249228 0.0
0.382048143038164 0.371968661207661 0.0
0.373486923104109 0.432264311364626 0.0
0.432760534062064 -0.677850458010227 0.0
0.434581739534766 -0.616201342791802 0.0
0.436667586843222 -0.55441930677847 0.0
0.438941421272462 -0.49252637438305 0.0
0.441336644185846 -0.430530264247081 0.0
0.443796246413375 -0.368431693297726 0.0
0.44626674468682 -0.306229040665684 0.0
0.448691635185489 -0.243921127822435 0.0
0.451004955141895 -0.181509592626558 0.0
0.453124634489588 -0.11900067643635 0.0
0.454945179204962 -0.0564078118767885 0.0
0.45632949692688 0.00624539389478366 0.0
0.457099738176985 0.0689207336607214 0.0
0.457027335261017 0.131559897882545 0.0
0.455822576316368 0.194076730144599 0.0
0.453123937818574 0.256349610945109 0.0
0.448485164734167 0.318214592956241 0.0
0.441355313636905 0.379460494097918 0.0
0.43106071146792 0.439830535715476 0.0
0.494741381703681 -0.677550940091924 0.0
0.496511377262632 -0.615796014599073 0.0
0.498611019991682 -0.553870704694953 0.0
0.500928694092281 -0.491788139646591 0.0
0.503383202888555 -0.429546721832853 0.0
0.505910426623785 -0.367138898413806 0.0
0.508452033072009 -0.304555729007782 0.0
0.510946599395655 -0.241789295188335 0.0
0.51332189651537 -0.178834785454446 0.0
0.515487396947086 -0.115692228804573 0.0
0.517326262729631 -0.0523694023710316 0.0
0.518686419881942 0.0111143048828272 0.0
0.519370300227434 0.0747216926965591 0.0
0.519122861457119 0.138389026913815 0.0
0.51761699110166 0.202012595403172 0.0
0.514434442083965 0.265431116641765 0.0
0.509038134231414 0.328401840099651 0.0
0.500730828393233 0.390569438945115 0.0
0.48860073440789 0.451433504459449 0.0
0.55660278585569 -0.677086324520921 0.0
0.558365840059274 -0.615246301966562 0.0
0.560493098289492 -0.553187040782538 0.0
0.562853355594861 -0.490906959388776 0.0
0.565359185592078 -0.428393170572396 0.0
0.567943580054556 -0.365629016619022 0.0
0.570545518493489 -0.30259710320447 0.0
0.573099823687514 -0.239280442094053 0.0
0.575528745600497 -0.175663633337185 0.0
0.577733913923179 -0.111734018125591 0.0
0.579587711326565 -0.0474843088764436 0.0
0.580923473870693 0.017083448980125 0.0
0.581523714608823 0.0819508954599842 0.0
0.581105215916819 0.147072387760344 0.0
0.579298673672726 0.212355958182386 0.0
0.575619068421654 0.277632730442767 0.0
0.56942086946401 0.342604800323863 0.0
0.559832043632392 0.406757913363972 0.0
0.545655385766156 0.469223618301462 0.0
0.618311030642207 -0.676723063312717 0.0
0.620097774118346 -0.614829835845441 0.0
0.622252933584808 -0.552646765085391 0.0
0.624644622792045 -0.490156470866458 0.0
0.62718649431537 -0.427337318176937 0.0
0.629811438557654 -0.364165708938014 0.0
0.632456687466083 -0.30061593733192 0.0
0.635053538434059 -0.236659472279406 0.0
0.637518682021215 -0.172264927727535 0.0
0.639745670875112 -0.107398172270694 0.0
0.641595481065856 -0.0420237605367834 0.0
0.642885333354854 0.0238927077664747 0.0
0.643374403480606 0.0903797570659661 0.0
0.642744108809782 0.157451646146721 0.0
0.640568473918395 0.225091261212409 0.0
0.636267124401277 0.293217078134014 0.0
0.629029696125252 0.361612671846117 0.0
0.617701610024575 0.429771455438906 0.0
0.600640772604475 0.496544841148659 0.0
