-0.546476168723249 -0.696452376488799 0.0
0.687281182473086 -0.738532269884029 0.0
-0.438164925575256 0.61237245798111 0.0
0.61237245798111 0.61237245798111 0.0
-0.485357536241795 -0.699551631075488 0.0
0.6884427119815 -0.676980607891208 0.0
0.577395209990225 0.558359459668156 0.0
-0.461478087554349 0.534544996621833 0.0
-0.424248547820704 -0.702478565493726 0.0
0.690170940519553 -0.615051561264503 0.0
0.527863828320924 0.527110819815117 0.0
-0.477661236751574 0.459767460482215 0.0
-0.363194373758429 -0.705513648415685 0.0
0.692256577172364 -0.552717979024292 0.0
0.474786055048266 0.508695639496146 0.0
-0.488528496435178 0.387584725821547 0.0
-0.302178594677601 -0.708801649677708 0.0
0.694575541308034 -0.489962131509022 0.0
0.420675356543842 0.497365249219096 0.0
-0.496175019557836 0.317552646130535 0.0
-0.241159233700831 -0.712385732948981 0.0
0.697042200084997 -0.42676445551438 0.0
0.366113104253205 0.490243825744167 0.0
-0.501845708191343 0.249224525135921 0.0
-0.180075850425692 -0.71622270920341 0.0
0.699586780769579 -0.363098840213186 0.0
0.311273148411132 0.485895417097813 0.0
-0.506271388036589 0.182243755996794 0.0
-0.11886321536751 -0.7201940207398 0.0
0.702141596883029 -0.298930561768885 0.0
0.256257334742982 0.483573889632703 0.0
-0.509901170315696 0.116341161019788 0.0
-0.0574657754058014 -0.724137622811534 0.0
0.704630749388485 -0.234214986077994 0.0
0.201169328241519 0.482906240288278 0.0
-0.513022792413469 0.0513149236335982 0.0
0.00415175205499637 -0.727881867319792 0.0
0.706960801117206 -0.168896994149649 0.0
0.146139476569655 0.483797802634285 0.0
-0.515827478482311 -0.0129868953225203 0.0
0.0659999535818693 -0.731271096535478 0.0
0.709011069897675 -0.10291002590211 0.0
0.0914640182142026 0.487983977195891 0.0
-0.518448403345758 -0.076677747264268 0.0
0.128064717683983 -0.734180894350786 0.0
0.710622326080612 -0.0361755241186646 0.0
0.0359128724526005 0.486948906179666 0.0
-0.520989128084743 -0.139839997481389 0.0
0.190310673714266 -0.736525163839193 0.0
0.711582541017306 0.0313981829103439 0.0
-0.0201318220065075 0.485769985621799 0.0
-0.523566786266866 -0.202528031033414 0.0
0.252685713247698 -0.738258195821287 0.0
0.711607156343559 0.0999169398930853 0.0
-0.0754857155330091 0.494700680576675 0.0
-0.526593655342926 -0.264767671283316 0.0
0.315126095888955 -0.739374741246363 0.0
0.710309074735125 0.169502253585364 0.0
-0.130942321865236 0.501718081078924 0.0
-0.528648564234186 -0.326925401029517 0.0
0.377560502590616 -0.739910420562545 0.0
0.707148505033708 0.240290592376792 0.0
-0.185492986787701 0.511336143455447 0.0
-0.530961499817627 -0.389010365426267 0.0
0.439914724674879 -0.739944057325012 0.0
0.701342896654845 0.312427320585467 0.0
-0.240930316339223 0.517284834154476 0.0
-0.534024808344444 -0.45081728826101 0.0
0.502116640448392 -0.739602747651857 0.0
0.691695258381681 0.386038385264897 0.0
-0.296982860207847 0.524397461451077 0.0
-0.537126251517223 -0.512418884584995 0.0
0.564102610040152 -0.739070156007226 0.0
0.676252055689197 0.461128008204216 0.0
-0.350518370233012 0.542476088441366 0.0
-0.540341918729229 -0.573862721386548 0.0
0.625827750304883 -0.73859902582746 0.0
0.651636655726784 0.537230143069076 0.0
-0.402674370777241 0.565686369110028 0.0
-0.543360021919132 -0.635194885447573 0.0
-0.482269518054537 -0.638270353976408 0.0
-0.479197884460956 -0.576875824862573 0.0
-0.476005976383327 -0.515330468291153 0.0
-0.472954072503354 -0.453692839049295 0.0
-0.469959918256023 -0.391965571385743 0.0
-0.467556576730042 -0.329969647698038 0.0
-0.465452718698009 -0.267545399842827 0.0
-0.462677286070366 -0.204794287235541 0.0
-0.460137482783676 -0.14178389879753 0.0
-0.457649713451618 -0.078432517891042 0.0
-0.455112060595252 -0.014669357941854 0.0
-0.452427892529139 0.0495699120466574 0.0
-0.449477581155436 0.114345980381468 0.0
-0.44609706574678 0.17971026031197 0.0
-0.44205452404663 0.24568280740046 0.0
-0.437026249943038 0.31219731899825 0.0
-0.430595765766922 0.378970722928186 0.0
-0.422393542058399 0.445215377377789 0.0
-0.412855286870126 0.509062967932729 0.0
-0.421134994479902 -0.641167251640132 0.0
-0.417998557336864 -0.57975600059255 0.0
-0.414865326299564 -0.518209238509362 0.0
-0.411864323687148 -0.456511227009165 0.0
-0.409072079149825 -0.394585042066962 0.0
-0.40670567024201 -0.332461951653126 0.0
-0.404454959869873 -0.270170017082578 0.0
-0.401944384219994 -0.207578076247444 0.0
-0.399552701465435 -0.144735828985532 0.0
-0.397212929010449 -0.081638668854195 0.0
-0.39485616282447 -0.0182825720842762 0.0
-0.392409338821528 0.0453201263369361 0.0
-0.389783800680595 0.109126396780338 0.0
-0.386865972863989 0.173040999630582 0.0
-0.383511779423196 0.236882324073187 0.0
-0.379549958806098 0.300338582774119 0.0
-0.374804908873319 0.362936183469159 0.0
-0.369145276096471 0.424105981986276 0.0
-0.362227690078772 0.483537639181042 0.0
-0.360006311052513 -0.644230921371509 0.0
-0.35684093594102 -0.582844537704275 0.0
-0.353775874076867 -0.521322233473771 0.0
-0.350900815794077 -0.459639048535069 0.0
-0.348279569967518 -0.397787634434872 0.0
-0.34595189130867 -0.335807680590052 0.0
-0.343712133569696 -0.273684649151804 0.0
-0.341406388019918 -0.211372620532779 0.0
-0.339191903537685 -0.14891381968788 0.0
-0.337041210268085 -0.0863417906311854 0.0
-0.33490905582244 -0.0237019474527121 0.0
-0.332742621499945 0.0389364225905458 0.0
-0.330476337519167 0.101470052806222 0.0
-0.32802458076943 0.163753827920368 0.0
-0.325273270693617 0.225599331896324 0.0
-0.322071352040635 0.286792908829501 0.0
-0.318232580998072 0.347147766510279 0.0
-0.313574234168394 0.406590054476658 0.0
-0.308354759252537 0.465304841052944 0.0
-0.298890927579338 -0.64756998785229 0.0
-0.295726452357236 -0.586248773970809 0.0
-0.29275307768029 -0.524811491940829 0.0
-0.290014859316672 -0.463249803425173 0.0
-0.287530530544531 -0.401575552801001 0.0
-0.285273754599453 -0.339813776293899 0.0
-0.283112749185229 -0.27796594900138 0.0
-0.280977079158555 -0.216033666102931 0.0
-0.27892994773647 -0.15406374252651 0.0
-0.276955331087709 -0.0921073879004781 0.0
-0.275018677091403 -0.0302257369830387 0.0
-0.273073389874766 0.0315078948555961 0.0
-0.2710550827374 0.093010755072547 0.0
-0.268871893875138 0.154201280775467 0.0
-0.266393645106523 0.215019921005863 0.0
-0.263447228291912 0.275464108742185 0.0
-0.259839294246034 0.335634479616847 0.0
-0.255488277824512 0.395792122686875 0.0
-0.251033434271459 0.456374100798676 0.0
-0.237772167319981 -0.651218364353538 0.0
-0.234633280481781 -0.589987832870871 0.0
-0.23176145647821 -0.528672707816885 0.0
-0.229152410621732 -0.467273143440417 0.0
-0.226786108492446 -0.405806002110056 0.0
-0.224611840125891 -0.344295034830552 0.0
-0.222541595735087 -0.282755854916962 0.0
-0.220535978141853 -0.221210699201537 0.0
-0.218615883196998 -0.159704412102009 0.0
-0.216766020573411 -0.0982844166045877 0.0
-0.214954580364479 -0.0369986757484521 0.0
-0.213135310371182 0.0241085758113161 0.0
-0.211242739194713 0.0850051773321165 0.0
-0.209186260495129 0.145684725193324 0.0
-0.206848230010883 0.206184354898565 0.0
-0.204096372239135 0.266606499317297 0.0
-0.20083466576528 0.327139779657883 0.0
-0.197138783245079 0.388057747525748 0.0
-0.193139087140745 0.4495425071937 0.0
-0.176614177892957 -0.655117473852562 0.0
-0.173522868685795 -0.593978045369581 0.0
-0.17075524106868 -0.532785302601849 0.0
-0.16826204961354 -0.471543138544477 0.0
-0.165994437675626 -0.410270062182083 0.0
-0.163893650178503 -0.348989685525473 0.0
-0.161896464190359 -0.287723602418378 0.0
-0.159975330066898 -0.226498554176924 0.0
-0.158132101399004 -0.165350813110379 0.0
-0.156351349968859 -0.104314820787595 0.0
-0.154605127264883 -0.0434192693990409 0.0
-0.152853677947805 0.0173176134710974 0.0
-0.151043994640413 0.0778940152030167 0.0
-0.149110434750574 0.138331654366318 0.0
-0.146982964620101 0.19868096692542 0.0
-0.144612621370342 0.25902139040777 0.0
-0.142024968211058 0.319444295404941 0.0
-0.139337561156846 0.379987647325752 0.0
-0.136262120830364 0.440566722306154 0.0
-0.115373552300159 -0.659135327215916 0.0
-0.112352791723612 -0.598066642014293 0.0
-0.109688897044688 -0.536970266619294 0.0
-0.107295286642446 -0.475851362782642 0.0
-0.105104202463683 -0.414727812153763 0.0
-0.103056223426098 -0.353621709010414 0.0
-0.101103365342839 -0.292554985229308 0.0
-0.0992244713616756 -0.231552038656844 0.0
-0.097414999195308 -0.170640036314841 0.0
-0.0956628358648525 -0.109842281853966 0.0
-0.0939484094863568 -0.049175262016922 0.0
-0.0922456362864091 0.0113541688007387 0.0
-0.090523426970455 0.0717512797210498 0.0
-0.0887506371795663 0.132035683678817 0.0
-0.08690848414645 0.192240960104658 0.0
-0.085014062260732 0.252411060270822 0.0
-0.0831422903932891 0.312590178667286 0.0
-0.0813653659706131 0.372824864654258 0.0
-0.0796074554369176 0.433321276547407 0.0
-0.0540105614263033 -0.663102288308336 0.0
-0.0510852685252216 -0.602072377848947 0.0
-0.0485237241036726 -0.541031975746818 0.0
-0.0462128469506957 -0.479986533544109 0.0
-0.0440754384856649 -0.418952453618485 0.0
-0.0420561198109111 -0.357949635067903 0.0
-0.0401185124073017 -0.296998137446655 0.0
-0.0382476328716398 -0.236118598767161 0.0
-0.0364399897519647 -0.175331510977348 0.0
-0.0346902093294988 -0.11465345510318 0.0
-0.0329902378138451 -0.0540955230422629 0.0
-0.0313309790682572 0.0063378214709952 0.0
-0.0297058753761774 0.0666488755823676 0.0
-0.0281184370508738 0.126845686818626 0.0
-0.0265961954964065 0.186937042664237 0.0
-0.0252106419518842 0.246921873210524 0.0
-0.0240914169178372 0.306770375407287 0.0
-0.0234422816661838 0.366409970489275 0.0
-0.0238772461542003 0.425708149496373 0.0
0.00750227345681499 -0.666844701320648 0.0
0.010306372964638 -0.605817934513181 0.0
0.0127670309899346 -0.544788558508968 0.0
0.0150111381858921 -0.483762635899043 0.0
0.0171163765751362 -0.42275538362845 0.0
0.0191301202397664 -0.361784662138228 0.0
0.0210778011794036 -0.30086816286122 0.0
0.0229670247852673 -0.240022871056441 0.0
0.0247960444474898 -0.179264204883406 0.0
0.0265615265061824 -0.118603628922858 0.0
0.0282590450688018 -0.058047441957051 0.0
0.0298809002158006 0.002404594112672 0.0
0.0314117359552132 0.0627605367720962 0.0
0.0328210378383206 0.123038343611704 0.0
0.0340521764958491 0.183268155993725 0.0
0.0350106053148105 0.243498452318285 0.0
0.0355513519823008 0.303812855738899 0.0
0.0354015807995033 0.364367105766715 0.0
0.033435792936278 0.425369058502658 0.0
0.0691758717723972 -0.670208716659823 0.0
0.0718347394277869 -0.609151174069228 0.0
0.0741965623308714 -0.548089977683694 0.0
0.0763887162202396 -0.487032908730462 0.0
0.078481056986507 -0.425994804934961 0.0
0.0805093611719244 -0.364991916213576 0.0
0.0824875126437908 -0.30403954796413 0.0
0.0844143525456745 -0.243151221003898 0.0
0.0862803618452908 -0.182337877138144 0.0
0.0880720076899076 -0.121606013057917 0.0
0.0897713082559208 -0.0609562545502136 0.0
0.0913528052700608 -0.000381129810809823 0.0
0.0927782562862521 0.060137828540843 0.0
0.0939886420630288 0.120634797748326 0.0
0.0948935995588571 0.181165746846436 0.0
0.0953585371540086 0.241818477217702 0.0
0.0951796626798174 0.302724632875285 0.0
0.0939888081414284 0.364047639837941 0.0
0.0915311875386013 0.425753546340643 0.0
0.131003544477785 -0.673073751363518 0.0
0.133497974503639 -0.611956151767937 0.0
0.135764968881909 -0.550826027601327 0.0
0.137919345360022 -0.489694260207228 0.0
0.140015724270483 -0.428576157008287 0.0
0.142075169700234 -0.367486801019621 0.0
0.144099042003703 -0.306439375834115 0.0
0.146076139454595 -0.245444545376777 0.0
0.147987280464077 -0.184510027399017 0.0
0.149807010750681 -0.123639309245899 0.0
0.151501733616193 -0.0628306676013311 0.0
0.153025319621403 -0.00207563437555173 0.0
0.154312300759037 0.0586422945334716 0.0
0.155268418784948 0.119348608291557 0.0
0.155758562458371 0.180075397336455 0.0
0.15559177302841 0.240852750915018 0.0
0.154501858737088 0.301680903747749 0.0
0.152205640914798 0.362451161440454 0.0
0.148996052325299 0.42295885119205 0.0
0.192963027561728 -0.675358212923185 0.0
0.195281837882724 -0.614157065743346 0.0
0.197461591842703 -0.55292810925897 0.0
0.199592506343289 -0.491686524301963 0.0
0.201707857414838 -0.430448630761428 0.0
0.203811704843276 -0.369228632106456 0.0
0.205892174591373 -0.308038012616167 0.0
0.207927198084705 -0.246885591257489 0.0
0.209886745700179 -0.185777797104191 0.0
0.211732255252375 -0.124718259036301 0.0
0.213413262500801 -0.0637078617339914 0.0
0.214861817013441 -0.00274471445808513 0.0
0.215984850768019 0.0581748238861701 0.0
0.216654780451996 0.119053777978331 0.0
0.216699363484833 0.17988830921561 0.0
0.215894192346393 0.240657441182983 0.0
0.213979049101988 0.301307949529091 0.0
0.21078424971447 0.361770687907194 0.0
0.206460043575846 0.422160214474152 0.0
0.255019791597887 -0.677020746763464 0.0
0.257162608923941 -0.615718473459914 0.0
0.25926763080188 -0.55436807546526 0.0
0.261390157192709 -0.492989545502713 0.0
0.263537851535387 -0.431600065078796 0.0
0.265696727802197 -0.370212760333072 0.0
0.267841722926909 -0.308837532697666 0.0
0.269939874784976 -0.247482036282325 0.0
0.271950107448692 -0.186152763812363 0.0
0.273820695923345 -0.124855499023283 0.0
0.275484630607866 -0.0635963027485578 0.0
0.276853272484928 -0.00238250128297 0.0
0.277808582515558 0.0587753531604163 0.0
0.278194587541266 0.119860888737019 0.0
0.277809867216984 0.180847535965401 0.0
0.276407355096206 0.241695151288739 0.0
0.273720996295418 0.302355012996266 0.0
0.269538619150413 0.362812709801507 0.0
0.263756283708067 0.423166041609632 0.0
0.317131344401566 -0.678060023537883 0.0
0.319110577370767 -0.616644754728711 0.0
0.321158812354981 -0.555157063774209 0.0
0.323288765678057 -0.493621017490443 0.0
0.325480644222709 -0.432053460262259 0.0
0.327702936121713 -0.370465454267296 0.0
0.329918402909165 -0.30886471133831 0.0
0.332084001451952 -0.247257489557705 0.0
0.334148274686217 -0.185650378125976 0.0
0.336047132112312 -0.124051405648638 0.0
0.33769815182201 -0.0624716554380235 0.0
0.338993630308385 -0.000926800888258268 0.0
0.339792631203725 0.0605606426968781 0.0
0.339912745300517 0.121959010796457 0.0
0.339123505035437 0.183224362187636 0.0
0.337146791832631 0.244299967398074 0.0
0.333672587721479 0.305123878136087 0.0
0.328389435354459 0.36565232255412 0.0
0.321000102725781 0.425888056169115 0.0
0.379250798206579 -0.678515405048172 0.0
0.381092312858101 -0.616981121685611 0.0
0.383106330186058 -0.555346574443264 0.0
0.385259217944261 -0.493637409332123 0.0
0.387504805981342 -0.431867756683447 0.0
0.389796209278751 -0.370044803341611 0.0
0.392085917227381 -0.308172682105403 0.0
0.394322242117103 -0.246255068248725 0.0
0.396444519233668 -0.184297451735808 0.0
0.398377446505856 -0.122308720516733 0.0
0.400024429780516 -0.0603033147400541 0.0
0.401259960118855 0.0016965937607709 0.0
0.401921126448337 0.0636580567177807 0.0
0.401798825855742 0.125534052574987 0.0
0.400630083740472 0.187259116714201 0.0
0.398094226134054 0.248747034184603 0.0
0.39381484302566 0.309893000043231 0.0
0.387362894016167 0.370583196601883 0.0
0.378259587426818 0.430711294550039 0.0
0.441330971677194 -0.67847009954208 0.0
0.443072794813915 -0.616817632241647 0.0
0.445077263895212 -0.555032959530693 0.0
0.447266097933345 -0.49313881215419 0.0
0.449570985156397 -0.431143299536508 0.0
0.451933230500009 -0.369047395495116 0.0
0.454297560354901 -0.306849740864034 0.0
0.456605394936138 -0.244549524274173 0.0
0.458788223401222 -0.182148944007957 0.0
0.460760764801868 -0.119655090001581 0.0
0.462413457362254 -0.0570826496097609 0.0
0.46360408802942 0.00554295506998758 0.0
0.464148445717969 0.0681809419903244 0.0
0.463810196487058 0.130769419181438 0.0
0.462290369029279 0.193217364283396 0.0
0.459216761927203 0.255396783352459 0.0
0.4541313820887 0.317135855115986 0.0
0.446471266839548 0.378214542623292 0.0
0.435553377809283 0.438368160333462 0.0
0.503327829776425 -0.67805770682047 0.0
0.50501592604817 -0.616296731205883 0.0
0.50703325657146 -0.554365231984495 0.0
0.509265519191878 -0.492276921623075 0.0
0.511629316354032 -0.430030409982765 0.0
0.514058559675475 -0.36761825126677 0.0
0.516492884596879 -0.305031659190774 0.0
0.518868521814823 -0.242263014009793 0.0
0.521110358824863 -0.179308037535781 0.0
0.523124231627122 -0.116167636906618 0.0
0.524788692577263 -0.0528509666034289 0.0
0.525945852013465 0.0106204844029852 0.0
0.526390871628029 0.0742063714253198 0.0
0.525859718752842 0.137838320627026 0.0
0.524014303720783 0.201405885410514 0.0
0.520423165751465 0.264738226970605 0.0
0.514533569305489 0.327579449908708 0.0
0.505630225362326 0.389556922837496 0.0
0.492783064081166 0.450149596946752 0.0
0.565202630632098 -0.677472909182229 0.0
0.566882531199378 -0.615624313727218 0.0
0.568927056483824 -0.553555176916591 0.0
0.571201605706406 -0.491264141529142 0.0
0.573616297486025 -0.428738271856345 0.0
0.576101981731662 -0.365960830644661 0.0
0.578595411307324 -0.302914415857949 0.0
0.581028806858063 -0.239582169938232 0.0
0.583321192471211 -0.175949036896059 0.0
0.585370105868308 -0.112003025711127 0.0
0.587042713852756 -0.0477380142255679 0.0
0.588165717907733 0.0168420161575089 0.0
0.588513221327779 0.0817155715448543 0.0
0.587791367056728 0.146832010006809 0.0
0.585617392360937 0.212091457747193 0.0
0.581489245297495 0.277312607636534 0.0
0.574739967179678 0.342178141345552 0.0
0.564471406504006 0.406144025772903 0.0
0.549457915461053 0.468298718482076 0.0
0.626921327230213 -0.676987914456464 0.0
0.628624715309737 -0.615084047760028 0.0
0.63069689593303 -0.552887106506672 0.0
0.633002474784142 -0.490379580833643 0.0
0.635452593156133 -0.427539620393644 0.0
0.637977889766488 -0.364343406893662 0.0
0.64051318536474 -0.300765030855025 0.0
0.642986902149819 -0.23677579993796 0.0
0.645312120959886 -0.172344261284428 0.0
0.647377769656948 -0.107436404218954 0.0
0.64903886130438 -0.0420172481992498 0.0
0.650104906020393 0.0239465408164273 0.0
0.650325057797419 0.0904813908930282 0.0
0.649367567017064 0.157597699930385 0.0
0.646788865122367 0.225271413721317 0.0
0.641984600875223 0.293408527336411 0.0
0.634111365721521 0.36176983967174 0.0
0.62197011384614 0.429806637259785 0.0
0.603865988671484 0.4962936770173 0.0
