-0.527086267303796 -0.699121209669379 0.0
0.707073489617958 -0.737762447647516 0.0
-0.418271815776825 0.61237245798111 0.0
0.61237245798111 0.61237245798111 0.0
-0.465963936068052 -0.702056191992345 0.0
0.707987333969683 -0.676198417690313 0.0
0.581586135044859 0.556811968689906 0.0
-0.443303830946533 0.534375861075782 0.0
-0.404855158219686 -0.704829019145737 0.0
0.709474261027448 -0.614245221284438 0.0
0.533924694793999 0.524431714909283 0.0
-0.460499184689336 0.459199144887141 0.0
-0.34380631151039 -0.707719122912986 0.0
0.71131435940472 -0.551876370306633 0.0
0.482006416356658 0.505622935722034 0.0
-0.471875000353953 0.386595630554767 0.0
-0.28280020599516 -0.710880668079282 0.0
0.713377404621124 -0.489074568916529 0.0
0.428836495376861 0.494227584504906 0.0
-0.479731022876866 0.31619413809511 0.0
-0.221792106312591 -0.714359725232905 0.0
0.715573161066677 -0.425820274827527 0.0
0.375102440806747 0.487131772336709 0.0
-0.485429317245914 0.247560063490342 0.0
-0.160717915535054 -0.718109881243763 0.0
0.71782749977349 -0.362086961820232 0.0
0.321006365453003 0.48282559707228 0.0
-0.489768486886718 0.180332478606095 0.0
-0.0995087468772404 -0.722005116299874 0.0
0.720067827973684 -0.297839098118681 0.0
0.266667536771521 0.480545994143449 0.0
-0.493239379904713 0.114234209616418 0.0
-0.0381061337738537 -0.725874002078509 0.0
0.722212151569121 -0.233030925593014 0.0
0.212205540982575 0.479922576663615 0.0
-0.496156818429256 0.0490553395614086 0.0
0.0235269042860833 -0.729535601194209 0.0
0.724159122772558 -0.167605991621336 0.0
0.157766637579502 0.480856200908105 0.0
-0.498730349159972 -0.0153633039911575 0.0
0.0854013026507082 -0.732826303126529 0.0
0.725777614925649 -0.101496342413036 0.0
0.103718461189501 0.485512676774775 0.0
-0.501106026206805 -0.0791413677274923 0.0
0.147502082917795 -0.735615596043348 0.0
0.726894501972156 -0.0346221942279373 0.0
0.0486241373916756 0.484012564077839 0.0
-0.503396894146084 -0.142366472831356 0.0
0.209792063031399 -0.737813204638333 0.0
0.727279102931837 0.0331088117859713 0.0
-0.00694636219125602 0.482050481684057 0.0
-0.505727812927749 -0.205097580918901 0.0
0.272216675909676 -0.739370996481835 0.0
0.726621432931794 0.101801997605585 0.0
-0.0617027788999493 0.491785473985325 0.0
-0.508528345816624 -0.26736517634408 0.0
0.334709330568816 -0.740282847075845 0.0
0.724498825788643 0.171575811073939 0.0
-0.11675523257843 0.49896845676339 0.0
-0.510352015667305 -0.329547430939656 0.0
0.397195657392371 -0.740584944625493 0.0
0.720319880510464 0.242558247302554 0.0
-0.170827465651296 0.508948165653073 0.0
-0.51244127327721 -0.391650460590398 0.0
0.459598351691027 -0.740358218329424 0.0
0.71322372936568 0.314874063729895 0.0
-0.225933262361741 0.51466409514497 0.0
-0.515302547908123 -0.453464433051674 0.0
0.52184232259796 -0.73973375554625 0.0
0.701888946024722 0.388599759292167 0.0
-0.281696054707372 0.521330276057381 0.0
-0.518221648863593 -0.515070847766659 0.0
0.583861347218531 -0.738901736897115 0.0
0.684157014512083 0.463617242930175 0.0
-0.33460134592733 0.540156197633142 0.0
-0.521266491814964 -0.576520522439967 0.0
0.645608772832868 -0.73812502008812 0.0
0.656312658395409 0.539143454344143 0.0
-0.386179895016761 0.563921461065097 0.0
-0.5241261402101 -0.637857383150324 0.0
-0.463031956895222 -0.640767280433697 0.0
-0.460117202040589 -0.579365716099383 0.0
-0.457094885428895 -0.517811087139161 0.0
-0.45422760289601 -0.45616283541 0.0
-0.451432156964956 -0.394423154906898 0.0
-0.449246284000443 -0.332405180486181 0.0
-0.447381614349709 -0.269948850966177 0.0
-0.444848037541891 -0.207159245823688 0.0
-0.442559742249317 -0.144099093752725 0.0
-0.440326716020141 -0.0806834753919334 0.0
-0.438039916625918 -0.0168386758543272 0.0
-0.435593703140816 0.0475023215929168 0.0
-0.432856376456028 0.11240237115453 0.0
-0.429647274422772 0.177913685193055 0.0
-0.425711571802391 0.244053694718835 0.0
-0.420694424547123 0.310745316728312 0.0
-0.414141742285156 0.377676305565862 0.0
-0.405659314091647 0.443992987697437 0.0
-0.395765856714658 0.50770922814506 0.0
-0.401894208664052 -0.643508308287965 0.0
-0.398914476275066 -0.582087093631377 0.0
-0.39595202131064 -0.520529611498906 0.0
-0.393138309274704 -0.458819139895872 0.0
-0.390551403325168 -0.396876473063071 0.0
-0.388409904781223 -0.33473315774656 0.0
-0.386400177162749 -0.272417500060077 0.0
-0.384138796796456 -0.209794090873117 0.0
-0.382005447797095 -0.146913858325501 0.0
-0.379928179801804 -0.0837717314056358 0.0
-0.377831925192248 -0.0203639164868526 0.0
-0.375636027234988 0.0432957111810377 0.0
-0.373242363158645 0.107160403071625 0.0
-0.370525801370199 0.171127635578849 0.0
-0.367329139666828 0.235003032688572 0.0
-0.363468792985792 0.298454936359427 0.0
-0.358763950415148 0.360985093278244 0.0
-0.353100211543527 0.422012472699746 0.0
-0.346256842970373 0.481291096204372 0.0
-0.340765818212304 -0.646428190301714 0.0
-0.33775669945858 -0.585034081307649 0.0
-0.334864822763443 -0.523504065224631 0.0
-0.332182129765132 -0.461812351767785 0.0
-0.329772967816068 -0.399951322247218 0.0
-0.327676354036804 -0.337961177658753 0.0
-0.325683168595423 -0.275826761073874 0.0
-0.323634865016627 -0.213501510542145 0.0
-0.321687471498533 -0.1510295598121 0.0
-0.319809540412176 -0.0884462641643213 0.0
-0.317950887328932 -0.0257998423658589 0.0
-0.316052890283758 0.036836135035505 0.0
-0.314043256543723 0.0993522812816827 0.0
-0.311828862036831 0.161595484627744 0.0
-0.309287896478754 0.223368326855915 0.0
-0.306262966047629 0.284449926930912 0.0
-0.302568822240951 0.344653613289879 0.0
-0.298058864968966 0.403919644904635 0.0
-0.293132499646002 0.462440958898303 0.0
-0.279653429218496 -0.649644036949449 0.0
-0.276644934594245 -0.588320034175898 0.0
-0.273848170318339 -0.526881537497589 0.0
-0.271308011142373 -0.465319951745673 0.0
-0.269042463385644 -0.403647415824329 0.0
-0.267023410203856 -0.341889561365774 0.0
-0.265115802950762 -0.280048264263344 0.0
-0.263245848304814 -0.218126036622254 0.0
-0.261474781370221 -0.156171944954468 0.0
-0.259783166883907 -0.0942395792328737 0.0
-0.258132235054755 -0.0323927980083888 0.0
-0.25647033636512 0.0292922298468323 0.0
-0.254726991435191 0.0907304368777291 0.0
-0.252803045565578 0.151839789568344 0.0
-0.250560147406804 0.212564222731025 0.0
-0.24781855872957 0.272911401433268 0.0
-0.244389427507369 0.33300157810653 0.0
-0.240230310873712 0.393123324070949 0.0
-0.23609731231167 0.453736056070334 0.0
-0.218538836540269 -0.653191313412716 0.0
-0.215556169222739 -0.591964026320183 0.0
-0.212864929313256 -0.530655694641657 0.0
-0.210459776895447 -0.469266433679865 0.0
-0.208318751248771 -0.40781361451552 0.0
-0.20638865601477 -0.346321780043806 0.0
-0.204578384799146 -0.284807376310257 0.0
-0.20284569763471 -0.223293839856728 0.0
-0.201209216135142 -0.161827687895351 0.0
-0.199650490489783 -0.100457707019264 0.0
-0.198133815869649 -0.0392326442331638 0.0
-0.196608234748608 0.0218036087553774 0.0
-0.195002681692557 0.0826211989641515 0.0
-0.193220324846487 0.143219072457755 0.0
-0.191137982188963 0.203643898882388 0.0
-0.18862261999679 0.264012573528527 0.0
-0.185591344371345 0.324531999751079 0.0
-0.182157929951848 0.385490985456188 0.0
-0.178471599497778 0.44705934368736 0.0
-0.157384053582964 -0.657007226388215 0.0
-0.154450045352908 -0.595876731359854 0.0
-0.151867326683408 -0.534698362291174 0.0
-0.149583673902586 -0.473475963692668 0.0
-0.147547233478098 -0.412228522881052 0.0
-0.145696288212229 -0.350980353739309 0.0
-0.143964658431805 -0.289753776857791 0.0
-0.142322233879105 -0.228576348115316 0.0
-0.14076859422104 -0.167485096176017 0.0
-0.139285530422881 -0.106514625021807 0.0
-0.137841847671434 -0.0456928993324202 0.0
-0.136394155957405 0.0149638268089857 0.0
-0.134885699596586 0.0754573237493822 0.0
-0.13324780833562 0.135814715591517 0.0
-0.131410180616648 0.196093401974703 0.0
-0.129330415665676 0.25637982102333 0.0
-0.127052559018272 0.316767992613177 0.0
-0.124718158130382 0.377285422761861 0.0
-0.122003837186016 0.437827373082882 0.0
-0.0961433444520527 -0.66095169808176 0.0
-0.0932821454266441 -0.599896332335978 0.0
-0.0908077811428195 -0.538820238804762 0.0
-0.0886290017700057 -0.477728380836983 0.0
-0.086674233247004 -0.416638927076509 0.0
-0.0848808578886152 -0.355574437858335 0.0
-0.0831981535242149 -0.294557302072008 0.0
-0.0816027417145303 -0.233612318183665 0.0
-0.0800881401923842 -0.172766833308159 0.0
-0.0786401473774692 -0.11204380745215 0.0
-0.0772370270739004 -0.0514587199941715 0.0
-0.0758506876336924 0.00898333196747135 0.0
-0.0744486956337081 0.0692901167913386 0.0
-0.0730002666715534 0.129484283510897 0.0
-0.0714905111696893 0.189602408527523 0.0
-0.0699462123210377 0.249690217224313 0.0
-0.0684571104263667 0.309790935397687 0.0
-0.0671011828828609 0.36994951450936 0.0
-0.065761890233066 0.430386035482403 0.0
-0.0347749636304058 -0.66484547768075 0.0
-0.0320129558321459 -0.603831576438973 0.0
-0.029645914670867 -0.542815174345632 0.0
-0.0275548327138046 -0.481801348061428 0.0
-0.0256582180295526 -0.420806589499166 0.0
-0.0238975222666267 -0.359851066994284 0.0
-0.0222339855177089 -0.298955117124331 0.0
-0.0206508734383764 -0.238139590787156 0.0
-0.019143321445179 -0.177425019235268 0.0
-0.0177047371483149 -0.116827720815143 0.0
-0.0163261280430281 -0.0563582287674741 0.0
-0.0149980743470279 0.00397972871408779 0.0
-0.0137149401513443 0.0641890617711218 0.0
-0.0124834830165015 0.124277673098574 0.0
-0.0113383188742352 0.184252217341491 0.0
-0.0103630276450031 0.244105387625327 0.0
-0.00970260087407863 0.303794324976429 0.0
-0.00957217537201227 0.363225175016524 0.0
-0.0106175901314399 0.422235970118339 0.0
0.0267498624631315 -0.668505679156255 0.0
0.0293853236105368 -0.60749593266497 0.0
0.0316460734891367 -0.546492088947599 0.0
0.033665650866696 -0.485499723430978 0.0
0.0355261292860747 -0.424534026832052 0.0
0.0372777757651425 -0.363613026956901 0.0
0.0389479196574451 -0.30275461049508 0.0
0.0405453583198536 -0.241975901327655 0.0
0.0420690709984237 -0.181292312487693 0.0
0.0435160971212752 -0.120715077826897 0.0
0.0448818883610617 -0.0602500212292992 0.0
0.0461577959925677 0.000103800217133346 0.0
0.0473261520359145 0.0603553489340915 0.0
0.0483520377963409 0.12052367772518 0.0
0.0491717175658323 0.180640380515523 0.0
0.0496812824953058 0.240756616473046 0.0
0.0497268463497164 0.300962809625699 0.0
0.0490253739866866 0.361431972039066 0.0
0.0463651223293816 0.422392654431021 0.0
0.0884424357389522 -0.6717707062965 0.0
0.0909256812462619 -0.610729738531547 0.0
0.0930817374751782 -0.549693677478286 0.0
0.095044780424063 -0.488669813702781 0.0
0.0968887754791768 -0.427672942803774 0.0
0.0986518904002184 -0.36671945254909 0.0
0.100349312445687 -0.305824794093233 0.0
0.101980450825451 -0.245002538381647 0.0
0.103535821704781 -0.184263480473779 0.0
0.105001429909371 -0.123613661140983 0.0
0.106358165449404 -0.0630528216631657 0.0
0.107578443105376 -0.00257200917050316 0.0
0.108620412920916 0.0578495836314883 0.0
0.109419410646568 0.118249746912202 0.0
0.109877065727929 0.178690001136081 0.0
0.109848838673534 0.239266676743591 0.0
0.109119662404378 0.300124060479442 0.0
0.107303135223243 0.361439299665402 0.0
0.104156733013544 0.423168350315003 0.0
0.150295560277954 -0.674514124296743 0.0
0.152605931769629 -0.613411475991605 0.0
0.154660924926986 -0.552304498824363 0.0
0.156581743184771 -0.491203711901425 0.0
0.158426470372953 -0.430124467220509 0.0
0.160217855441067 -0.369082023826212 0.0
0.161957858702829 -0.308089706437332 0.0
0.163635138119631 -0.247158186182429 0.0
0.165229762891071 -0.18629496492493 0.0
0.166714866449185 -0.12550299721763 0.0
0.168054543179202 -0.0647796183989427 0.0
0.169199068499029 -0.00411493193057625 0.0
0.170077578297027 0.0565094945099321 0.0
0.1705880737472 0.117121390758543 0.0
0.170585055152592 0.177754748818546 0.0
0.169864747505506 0.238439574939121 0.0
0.168146358036645 0.299170146578781 0.0
0.165138198973179 0.359818218240106 0.0
0.161183607423884 0.420160802625837 0.0
0.212285738876597 -0.676650376262192 0.0
0.21441094855304 -0.615461634140774 0.0
0.216372279077029 -0.55425257995815 0.0
0.218265372938773 -0.493038305458984 0.0
0.220125995460785 -0.431835364057257 0.0
0.221959014138742 -0.370658253510246 0.0
0.223752359247842 -0.309518687412746 0.0
0.225483037553201 -0.24842559567447 0.0
0.227119401239514 -0.187385369054752 0.0
0.228620433293928 -0.126401436034953 0.0
0.229932088088254 -0.0654743471758764 0.0
0.230981302241494 -0.00460185892127519 0.0
0.231667910454205 0.056219758377536 0.0
0.231854891915881 0.116992788627809 0.0
0.2313582543548 0.177710894803745 0.0
0.229940324754493 0.23834766237612 0.0
0.2273292331443 0.298840990384553 0.0
0.223357908275451 0.359115451403376 0.0
0.218230787576839 0.41930705862655 0.0
0.274376709686063 -0.678135827626616 0.0
0.276315779378318 -0.616842677711992 0.0
0.278196063990275 -0.555507951236489 0.0
0.280076821718535 -0.494151955578352 0.0
0.281966968509941 -0.432792367062267 0.0
0.283852340405235 -0.371442782710573 0.0
0.285706842277284 -0.31011350390772 0.0
0.287495781608855 -0.248812533068951 0.0
0.28917558537058 -0.18754670218919 0.0
0.290691051029799 -0.126322193096352 0.0
0.291970398506062 -0.0651456390895495 0.0
0.292918557295344 -0.00402530821285091 0.0
0.29340905717138 0.0570266344119585 0.0
0.293275319540798 0.117991135405685 0.0
0.292303353483195 0.178837516354337 0.0
0.290232564941366 0.239520165383812 0.0
0.286785812753987 0.299985181957093 0.0
0.281753071973936 0.360219241893202 0.0
0.275062707018692 0.420340393535015 0.0
0.336523982878576 -0.67896832783492 0.0
0.338289349765461 -0.617558268541409 0.0
0.340107016874997 -0.556081199875113 0.0
0.341991749669093 -0.494561977394518 0.0
0.343923606956716 -0.433018200355909 0.0
0.345869889139899 -0.371461568332301 0.0
0.347791514099934 -0.309900373342665 0.0
0.349642940355185 -0.24834149399658 0.0
0.351369384920504 -0.186792285616381 0.0
0.352902332561244 -0.125261808950798 0.0
0.354153512854656 -0.063762596738964 0.0
0.35500760925343 -0.00231238238529569 0.0
0.355314018502469 0.0590634206708397 0.0
0.354878455698174 0.120329192858001 0.0
0.353456502878416 0.181435874167195 0.0
0.350754842914685 0.242320672890434 0.0
0.346449967927211 0.302915793722262 0.0
0.340225877529297 0.363175648235528 0.0
0.331801482018588 0.423112486281549 0.0
0.398678620993061 -0.679187783331482 0.0
0.400296906951935 -0.617654213053075 0.0
0.402075397612208 -0.556024504239763 0.0
0.403980273691095 -0.494325523068523 0.0
0.405963783492386 -0.432572310382749 0.0
0.407976911683343 -0.370772761420916 0.0
0.409969573248205 -0.308931695078625 0.0
0.411886886614369 -0.247053617350928 0.0
0.413664098246726 -0.185145147392133 0.0
0.415220595555076 -0.123216762497842 0.0
0.416452901527744 -0.0612851402968232 0.0
0.417226697723521 0.000624437201210989 0.0
0.417368018967754 0.062474781242673 0.0
0.416654230304419 0.124213227720419 0.0
0.414806333765264 0.18576703023679 0.0
0.411485716644145 0.247040995675407 0.0
0.406298107418049 0.307920304530461 0.0
0.398801028792496 0.368282558238581 0.0
0.388515383602928 0.428020561394592 0.0
0.460791539795243 -0.678879456674784 0.0
0.462302280302132 -0.617222701067512 0.0
0.464067441310676 -0.555436418406133 0.0
0.466006191084068 -0.49354478789826 0.0
0.468047331152886 -0.43155677768634 0.0
0.470129246421847 -0.369473979623783 0.0
0.47219347525883 -0.30729569472397 0.0
0.47417763015632 -0.245022024958651 0.0
0.476008404210946 -0.182656523685239 0.0
0.477594349859179 -0.120208284498197 0.0
0.478817975694783 -0.0576949046354568 0.0
0.479526973405138 0.00485404272039544 0.0
0.479524476047049 0.0673919509416277 0.0
0.478558573450611 0.129848893077007 0.0
0.476311580149643 0.192122997333342 0.0
0.472389570225455 0.254072101410134 0.0
0.466310594701637 0.315506903288529 0.0
0.457487305943916 0.376187762987893 0.0
0.445218753649916 0.435832987004486 0.0
0.522817154021689 -0.678180955315388 0.0
0.524268482139029 -0.616410401748546 0.0
0.526044004217158 -0.554470301547289 0.0
0.528024701836628 -0.492375658261223 0.0
0.530123293921938 -0.430125623968676 0.0
0.532270198600346 -0.367713112511461 0.0
0.5344013737163 -0.305129822750383 0.0
0.536448695490316 -0.242368954524451 0.0
0.538331577451429 -0.179427581830366 0.0
0.539948826988398 -0.116308742016382 0.0
0.541169965182462 -0.0530248411413566 0.0
0.541825586744594 0.0103977636396092 0.0
0.541696331566082 0.0739115315117522 0.0
0.540500072491418 0.137437567395027 0.0
0.537876484645676 0.200850250436628 0.0
0.533367213654437 0.263957301156092 0.0
0.526387575775809 0.326473431120824 0.0
0.516185428566916 0.387987435622927 0.0
0.501793825142015 0.447932661755273 0.0
0.584715733205254 -0.677293732581446 0.0
0.586155703449313 -0.615430424580172 0.0
0.587956972738479 -0.553345277249693 0.0
0.58997872605738 -0.491037563465218 0.0
0.592126668092769 -0.428494420572474 0.0
0.594327795223519 -0.365699132315584 0.0
0.59651478200018 -0.302634484777005 0.0
0.598614970286406 -0.239284124626735 0.0
0.600541209211147 -0.175633987794071 0.0
0.602183073759038 -0.111673814841375 0.0
0.603397450839696 -0.0474003468106633 0.0
0.603997829644446 0.0171778280288273 0.0
0.603741418357682 0.0820319086373796 0.0
0.602312821966386 0.147099749999717 0.0
0.599301866648317 0.212263441243081 0.0
0.594171679929846 0.277313475236164 0.0
0.586211488352901 0.341888685186777 0.0
0.574470010163522 0.405378100464768 0.0
0.557664766938211 0.466774159396134 0.0
0.6464529061396 -0.676500924410513 0.0
0.64791540097223 -0.614577928067018 0.0
0.649743275138313 -0.552356760173366 0.0
0.651794649951764 -0.489819906340678 0.0
0.653976113801146 -0.426945307116942 0.0
0.65621421107496 -0.363708908973016 0.0
0.658439294997597 -0.300084601121544 0.0
0.66057433988901 -0.236043595209433 0.0
0.662525452735344 -0.171554575189099 0.0
0.664172485778469 -0.106584116255107 0.0
0.665358601754267 -0.041098627776976 0.0
0.665877819189568 0.0249324514048154 0.0
0.665458955797527 0.0915304299390345 0.0
0.663743291259564 0.158696583019342 0.0
0.660250912222481 0.226390752953009 0.0
0.654327601055147 0.294490264485847 0.0
0.64506103042184 0.362703895562487 0.0
0.631159959367623 0.430387169838183 0.0
0.610823356587065 0.496142099627352 0.0
