-0.519967173040301 -0.700024213088096 0.0
0.714247003647554 -0.736590637987471 0.0
-0.41277539730072 0.61237245798111 0.0
0.61237245798111 0.61237245798111 0.0
-0.458841285089747 -0.7028425465586 0.0
0.715033067588924 -0.67502422286247 0.0
0.582917055664787 0.556480977559058 0.0
-0.438090159853195 0.534267819650384 0.0
-0.397730999202143 -0.705503186721261 0.0
0.716388445088742 -0.613067030039108 0.0
0.535819815518499 0.523884430133034 0.0
-0.455431942699332 0.458952216320278 0.0
-0.336682824727664 -0.708284121078007 0.0
0.718091203024464 -0.550693346789496 0.0
0.484253609210319 0.505069741003014 0.0
-0.466839123481291 0.386216258666306 0.0
-0.275679371020153 -0.711342741141614 0.0
0.720010245232481 -0.487886372814828 0.0
0.431374410445162 0.493732509295521 0.0
-0.474655890050832 0.315702051527983 0.0
-0.21467516764356 -0.714726557434032 0.0
0.722054802291254 -0.424626835041625 0.0
0.377895044521873 0.486687034983888 0.0
-0.48027130256081 0.246975771259825 0.0
-0.153605150474916 -0.718388738106645 0.0
0.724150221272011 -0.360888300848441 0.0
0.324023724662385 0.482411806728175 0.0
-0.484500068019908 0.179674206088617 0.0
-0.0923994595958785 -0.72220149039882 0.0
0.726223200672573 -0.296635201811621 0.0
0.269884916862779 0.480146451021002 0.0
-0.48784321095101 0.113517423753782 0.0
-0.0309988225179232 -0.72599089524019 0.0
0.728190693470038 -0.231821654576591 0.0
0.215603355162258 0.479526132749372 0.0
-0.490622325133844 0.0482929378532134 0.0
0.0306342664933741 -0.729573398679842 0.0
0.729949790064229 -0.166391035674709 0.0
0.161330108280993 0.480450654780458 0.0
-0.493051661975838 -0.0161606620914438 0.0
0.0925109501055077 -0.732783038566989 0.0
0.731367091436539 -0.100275226304043 0.0
0.107455703931445 0.485226588993775 0.0
-0.495280680166232 -0.0799649401212356 0.0
0.15461616771087 -0.73548739828518 0.0
0.732266217182574 -0.0333943557977849 0.0
0.0524818165222746 0.4835651797677 0.0
-0.497425001602308 -0.143209177764033 0.0
0.216912430772115 -0.737594779182165 0.0
0.732411848325164 0.0343438273108287 0.0
-0.00295986318795446 0.481337796501648 0.0
-0.499611603602563 -0.205953864951784 0.0
0.279344714931174 -0.739056060494353 0.0
0.731487340620223 0.103044131409462 0.0
-0.0575584398456894 0.491272549626911 0.0
-0.502274602643396 -0.268231456991727 0.0
0.341845882913409 -0.739864491583708 0.0
0.729060263250703 0.172823654558192 0.0
-0.112516538357319 0.498460869940302 0.0
-0.503961335708836 -0.330421491341867 0.0
0.404340972428347 -0.740055947444176 0.0
0.724524417626116 0.243807249098399 0.0
-0.166480143061172 0.508495922059432 0.0
-0.505916768311664 -0.392530616477555 0.0
0.466752069352139 -0.73971136367078 0.0
0.716995558015624 0.316112446416448 0.0
-0.221520189877072 0.514124002495279 0.0
-0.508650618938054 -0.454348906578752 0.0
0.529003488583207 -0.738962234208267 0.0
0.705113728174944 0.389798600052309 0.0
-0.277233002340714 0.520643606556013 0.0
-0.511448540938342 -0.515959468894224 0.0
0.591028481242298 -0.737999709534454 0.0
0.686654877924272 0.464704772246421 0.0
-0.330015440555725 0.53960577305198 0.0
-0.51437525681116 -0.57741409775691 0.0
0.652780031831512 -0.737088463378345 0.0
0.657792547434695 0.539934361074948 0.0
-0.38148375462894 0.563499442687359 0.0
-0.517120786335958 -0.638755347732703 0.0
-0.456023138463228 -0.641548316927824 0.0
-0.453222015881985 -0.580141837790536 0.0
-0.450317200098287 -0.518581528920815 0.0
-0.447571697779034 -0.456927445535026 0.0
-0.444902657984522 -0.395181524819838 0.0
-0.44284891788454 -0.333155555998392 0.0
-0.441123778013139 -0.270688956858506 0.0
-0.438732582169157 -0.207886542992516 0.0
-0.43659037341646 -0.144810503821785 0.0
-0.434505499435946 -0.0813747418241861 0.0
-0.432366960057025 -0.017504509109708 0.0
-0.430066625166539 0.0468681996186022 0.0
-0.427469515015013 0.111807151862822 0.0
-0.42439054820511 0.177365224157362 0.0
-0.420568889979367 0.2435597920701 0.0
-0.415641699436278 0.310311842662853 0.0
-0.409145466877038 0.377302676510537 0.0
-0.400680684636294 0.443662469042422 0.0
-0.390791152338066 0.507373206648838 0.0
-0.394882814229425 -0.644176519512829 0.0
-0.392016515350266 -0.582749169589553 0.0
-0.389171548464186 -0.521185490429423 0.0
-0.386480300001873 -0.459468606596963 0.0
-0.384021668634283 -0.39751881057907 0.0
-0.382014644660228 -0.335367842186778 0.0
-0.380145070272591 -0.273043623072658 0.0
-0.378027805281962 -0.210409115210677 0.0
-0.376042240167721 -0.147515861688352 0.0
-0.374114962496941 -0.0843584420813955 0.0
-0.372169093763738 -0.0209328889078785 0.0
-0.370121766483002 0.0427467684304815 0.0
-0.367872156356166 0.106633080850827 0.0
-0.365291921158266 0.170621903110277 0.0
-0.362220354011861 0.234515756367152 0.0
-0.358470891932711 0.297977815728768 0.0
-0.353862406975695 0.360502867883179 0.0
-0.348287683915183 0.421505159695388 0.0
-0.341563405064838 0.480752820215125 0.0
-0.333753399669175 -0.646987375452547 0.0
-0.330857199911154 -0.585587676982734 0.0
-0.328083080039562 -0.524052349539312 0.0
-0.32552400611374 -0.462355461619126 0.0
-0.323244774499542 -0.400489338948753 0.0
-0.321284307007478 -0.33849425476236 0.0
-0.319432825880353 -0.276354573352938 0.0
-0.317530631929532 -0.214023317010246 0.0
-0.315733086721594 -0.151545195861164 0.0
-0.314007470173637 -0.0889559014939351 0.0
-0.312302061925958 -0.0263042401585001 0.0
-0.310556474626355 0.0363352292242912 0.0
-0.308696445567871 0.0988516224447156 0.0
-0.306626774736597 0.161089788606874 0.0
-0.304223707313869 0.222849933513035 0.0
-0.30132857558101 0.283909196018491 0.0
-0.297757094667941 0.34408084568869 0.0
-0.293372587209595 0.403308790038838 0.0
-0.288608712382149 0.461786661107595 0.0
-0.272641223616438 -0.650101118412325 0.0
-0.269744976972922 -0.58877299314027 0.0
-0.267066405748674 -0.527331212758885 0.0
-0.264651069805371 -0.465767130617466 0.0
-0.262517051411377 -0.404092921019612 0.0
-0.260635886303756 -0.342334261008165 0.0
-0.258871771604438 -0.280492917884627 0.0
-0.257149963483587 -0.218571508228865 0.0
-0.255530906165219 -0.1566196978579 0.0
-0.253994024400769 -0.0946916278338474 0.0
-0.252499202877677 -0.0328517978289246 0.0
-0.250993256090995 0.0288229317626731 0.0
-0.249403964223409 0.0902469245220216 0.0
-0.247630235064138 0.151338047159222 0.0
-0.245531713851241 0.212041163685725 0.0
-0.242927230081287 0.272366603178616 0.0
-0.239629353953547 0.332439535704092 0.0
-0.23560479620081 0.392554663006215 0.0
-0.231630320709884 0.453173566490622 0.0
-0.211527671855298 -0.653554266431993 0.0
-0.208656562710454 -0.592324777754906 0.0
-0.206084038414373 -0.531015764040776 0.0
-0.203804936263781 -0.469627286296614 0.0
-0.201797013971172 -0.408176768718164 0.0
-0.200006500406079 -0.346688842448611 0.0
-0.1983414716192 -0.285180022163238 0.0
-0.196758804117423 -0.223673973347156 0.0
-0.195276275702768 -0.162217637734743 0.0
-0.193874365849708 -0.100860113837781 0.0
-0.192516124044391 -0.0396503059938585 0.0
-0.19114917638355 0.021368028433591 0.0
-0.189700878483182 0.0821656818506553 0.0
-0.18807274907791 0.142743031515959 0.0
-0.186140224207354 0.203149227006292 0.0
-0.183770099578754 0.263504779942752 0.0
-0.180882354014957 0.324020822771514 0.0
-0.177597646607123 0.384988956471447 0.0
-0.174062028808129 0.446576245974422 0.0
-0.150374253908956 -0.657283342130704 0.0
-0.147551243197147 -0.59615259946021 0.0
-0.145087850297993 -0.534976166558324 0.0
-0.142931465048739 -0.473757773802015 0.0
-0.141029607732734 -0.412516423126987 0.0
-0.139319796588931 -0.351276491170226 0.0
-0.137734990454043 -0.290060371757691 0.0
-0.13624422498112 -0.228895765502181 0.0
-0.134846239171184 -0.167819868949209 0.0
-0.133521850923759 -0.106867285814786 0.0
-0.132238790938249 -0.0460657443198723 0.0
-0.13095253149016 0.0145690616132607 0.0
-0.129605199613475 0.0750398732664751 0.0
-0.128127236659157 0.135375231775786 0.0
-0.126448137222544 0.195634287468631 0.0
-0.124526788838901 0.255905098106427 0.0
-0.122410674860516 0.316282015952311 0.0
-0.120244289517249 0.376789882962867 0.0
-0.117691369001245 0.437321028354193 0.0
-0.089134696192449 -0.661146322113133 0.0
-0.0863842085117806 -0.600092403506253 0.0
-0.0840298922981876 -0.539020500212747 0.0
-0.0819795740886 -0.477935368780685 0.0
-0.0801607556705069 -0.416855115034928 0.0
-0.0785099180368298 -0.355802295987278 0.0
-0.0769754666814394 -0.294799315732533 0.0
-0.0755332181639061 -0.233871011516722 0.0
-0.0741759231598618 -0.173044736898403 0.0
-0.0728885749951812 -0.112343320507956 0.0
-0.0716486306326237 -0.051781940255309 0.0
-0.0704272601100879 0.00863479369967996 0.0
-0.0691914880705158 0.0689153095722106 0.0
-0.0679104182643674 0.129083019901457 0.0
-0.0665698389009398 0.189175202479432 0.0
-0.0651983191269922 0.249237929764064 0.0
-0.0638878854696841 0.30931418821818 0.0
-0.0627154401015226 0.369449078228178 0.0
-0.0615509355467991 0.429867126218803 0.0
-0.0277667706344627 -0.664961393402028 0.0
-0.0251155860450401 -0.603950238497008 0.0
-0.0228694702874959 -0.542939735356459 0.0
-0.0209080420494459 -0.481934661031972 0.0
-0.0191486614248258 -0.420951369381719 0.0
-0.0175318048244303 -0.360009968495702 0.0
-0.0160178696391343 -0.299130767833181 0.0
-0.0145893987009393 -0.238334608840688 0.0
-0.013240883854891 -0.177641991122724 0.0
-0.0119651326952709 -0.117069132770586 0.0
-0.0107526409577124 -0.0566264048127564 0.0
-0.00959365573672604 0.00368264624795252 0.0
-0.00848253701974011 0.0638610356478949 0.0
-0.0074266014031816 0.123916502512389 0.0
-0.00646186891503778 0.183854918013217 0.0
-0.005674279683688 0.243667008243858 0.0
-0.00521148259288255 0.303306101029856 0.0
-0.00528964168844663 0.362672337806324 0.0
-0.00656202710996795 0.42159506054911 0.0
0.0337586372675835 -0.668543057102154 0.0
0.0362826781460831 -0.607536942422874 0.0
0.0384214260960652 -0.546540132180706 0.0
0.0403101229915046 -0.485557835905855 0.0
0.0420321256939685 -0.42460505842148 0.0
0.0436386879361484 -0.363699737027885 0.0
0.0451579171895089 -0.302859712749205 0.0
0.0465992305177483 -0.242102081831416 0.0
0.0479621131132584 -0.181442214812385 0.0
0.0492440125684733 -0.120891259068811 0.0
0.0504406475540892 -0.0604549057824674 0.0
0.0515434120634124 -0.000132043142973826 0.0
0.0525343376215044 0.0600864821720368 0.0
0.0533777234072279 0.12021993343539 0.0
0.0540085103563662 0.180300203234145 0.0
0.0543211815620695 0.240379148057686 0.0
0.0541607893184961 0.300549204957952 0.0
0.0532431309262586 0.360988496133693 0.0
0.0503346522684204 0.421930592378175 0.0
0.0954529796519836 -0.671727407126226 0.0
0.0978236827846761 -0.610690587202278 0.0
0.0998564353360736 -0.54966217112874 0.0
0.101687310078717 -0.488649057757519 0.0
0.103391597139616 -0.427665843394437 0.0
0.105008403233341 -0.366728818122344 0.0
0.106553598298171 -0.305853378123786 0.0
0.108027091522034 -0.245053044998853 0.0
0.109419758636591 -0.184338533307476 0.0
0.110717825661839 -0.12371573578963 0.0
0.111902219870525 -0.0631841454859611 0.0
0.112945128813423 -0.00273441660889143 0.0
0.113804106283465 0.0576548684378515 0.0
0.114413419750377 0.118022449904223 0.0
0.114673141973286 0.178431346412459 0.0
0.114436878423087 0.238980264440059 0.0
0.113487606424848 0.299817083591691 0.0
0.111435373535777 0.361122759595941 0.0
0.108043960083013 0.422850957684699 0.0
0.15730901765545 -0.674386154632087 0.0
0.159505209712848 -0.613287864687326 0.0
0.161435374337089 -0.552188702782998 0.0
0.163222665202366 -0.491098819461219 0.0
0.164926436863339 -0.430033392126332 0.0
0.166570271811162 -0.369007600279709 0.0
0.168156684797481 -0.308034721575601 0.0
0.169674689569133 -0.247125373966847 0.0
0.171104542598523 -0.186286967242167 0.0
0.172419379293441 -0.125522295352048 0.0
0.173583050740321 -0.0648284403625135 0.0
0.174545248684317 -0.00419514216855349 0.0
0.175234067672303 0.0563965037567927 0.0
0.175545897653138 0.116974751797836 0.0
0.175333022197109 0.177573988492823 0.0
0.174388945865157 0.238224025708774 0.0
0.172429854777073 0.298917266244278 0.0
0.169162973371452 0.35951993906248 0.0
0.164946826976931 0.419805252503224 0.0
0.219303050467464 -0.676432360238684 0.0
0.22131198667806 -0.615247939580975 0.0
0.22314677570133 -0.554046514445862 0.0
0.224904922805258 -0.492842886470809 0.0
0.226623317746788 -0.4316535002914 0.0
0.228307503686261 -0.370492824347366 0.0
0.22994580692935 -0.309372567448553 0.0
0.231515422026084 -0.248301652517152 0.0
0.232984691423192 -0.187286445902709 0.0
0.234312354322536 -0.126330328991563 0.0
0.235443814450644 -0.0654337930535055 0.0
0.236305051394774 -0.00459456025360616 0.0
0.236794430920286 0.0561910243825312 0.0
0.236772876667503 0.116924902887774 0.0
0.236053783120366 0.177599882550662 0.0
0.234396527346131 0.238187890841643 0.0
0.231526791377324 0.29862435565898 0.0
0.227279082801222 0.358832618712238 0.0
0.221874941332029 0.418956146355484 0.0
0.281398502658823 -0.677821419234066 0.0
0.283218851748344 -0.616532341770411 0.0
0.284970763986368 -0.555204766108085 0.0
0.286715133563279 -0.493858842466997 0.0
0.288461773051178 -0.432512239041045 0.0
0.290196997160575 -0.371178601172277 0.0
0.291894930503688 -0.309868300206255 0.0
0.293520890315133 -0.248589424130736 0.0
0.295031091473156 -0.187348912532011 0.0
0.296369845080116 -0.12615309447183 0.0
0.297464532478582 -0.065008823449651 0.0
0.298218800344623 -0.00392471609985594 0.0
0.298504368033099 0.0570865041177044 0.0
0.298152274575608 0.118004916751417 0.0
0.296945620485126 0.178798595610542 0.0
0.294620613773631 0.239420372221895 0.0
0.290897534044573 0.299815033934195 0.0
0.285567697418419 0.359970015880476 0.0
0.278570598419546 0.420010251057336 0.0
0.343550514788729 -0.678550542989021 0.0
0.345194508183347 -0.617144098772091 0.0
0.346881955190948 -0.555673439215192 0.0
0.348628896595305 -0.494163436248723 0.0
0.350415998074332 -0.432631796150626 0.0
0.352210822377906 -0.371090352012845 0.0
0.353974329265053 -0.309547551636442 0.0
0.355660813608157 -0.248010469045541 0.0
0.357215086997909 -0.186486719399473 0.0
0.358567920491664 -0.124985719447253 0.0
0.359629939170019 -0.0635204948044292 0.0
0.360284241047614 -0.00210945894488427 0.0
0.36037807445146 0.0592210527376152 0.0
0.359714383621145 0.120434211572443 0.0
0.358045356157979 0.18147945385978 0.0
0.355073830411734 0.242292274972506 0.0
0.350472846920868 0.30280331389751 0.0
0.343925716627738 0.362966780647789 0.0
0.335157953711308 0.422798661543825 0.0
0.405709773365434 -0.678659283008963 0.0
0.407204012675086 -0.617128640127365 0.0
0.408850536093226 -0.555504331422581 0.0
0.410616320069439 -0.493813423663718 0.0
0.412453897028266 -0.432071163537819 0.0
0.414314301112435 -0.370285646512523 0.0
0.416147323895032 -0.308461919303234 0.0
0.417897759468887 -0.246604782962951 0.0
0.419500266950955 -0.184721258801928 0.0
0.420873301597713 -0.122822377061155 0.0
0.421912016857658 -0.0609255695718741 0.0
0.422480186357919 0.000942868025573258 0.0
0.422401296830209 0.0627444108841335 0.0
0.421449428328762 0.124424673384512 0.0
0.419341505509208 0.185908750205301 0.0
0.415734150516602 0.247098847522384 0.0
0.410228212963576 0.3078773179838 0.0
0.402377731882275 0.368119543478752 0.0
0.391705165168337 0.427719107417324 0.0
0.467826860007975 -0.678232846838772 0.0
0.469211073069241 -0.616578076020238 0.0
0.470842730467826 -0.554795903509304 0.0
0.472641233659992 -0.492910857204611 0.0
0.47453535257031 -0.430932160013298 0.0
0.476463335317728 -0.368861630724523 0.0
0.47836645391496 -0.306698838800355 0.0
0.480181850700479 -0.24444425178967 0.0
0.481835457993031 -0.182101938118551 0.0
0.483234678502671 -0.119681715198626 0.0
0.484260374110609 -0.0572021864383909 0.0
0.484757971356389 0.00530569233544889 0.0
0.484527586689632 0.0677934364812702 0.0
0.483313398878445 0.130188600002701 0.0
0.480792794776749 0.192385989437173 0.0
0.476565869068819 0.254239189746951 0.0
0.470143826255892 0.315553752079682 0.0
0.460932260017298 0.376084455044785 0.0
0.448225960780086 0.435545549878051 0.0
0.529855954254265 -0.677409189489458 0.0
0.531178684538257 -0.615639431333257 0.0
0.532819448721689 -0.553701872527584 0.0
0.534658890769409 -0.491611916503848 0.0
0.536609440391483 -0.429368946305939 0.0
0.538601238743177 -0.366966085297091 0.0
0.540569859131905 -0.304395302211389 0.0
0.542446573652692 -0.241650185677205 0.0
0.544149864898468 -0.178728376683015 0.0
0.545577167730403 -0.115633733539228 0.0
0.546596061576202 -0.05237984300731 0.0
0.547034480629689 0.0110052461307392 0.0
0.546669508794596 0.0744715751683981 0.0
0.545214357315643 0.137936804030751 0.0
0.542302701283751 0.201270441227764 0.0
0.537468604509886 0.264273432757521 0.0
0.530117996839589 0.326651335698421 0.0
0.51948754446216 0.387981158200883 0.0
0.504599402783836 0.447683084769784 0.0
0.591757263282571 -0.676390719776518 0.0
0.593067152665037 -0.614526846956939 0.0
0.594732684200013 -0.552442405392944 0.0
0.596612259498385 -0.490136969614846 0.0
0.598611148649598 -0.427597846098718 0.0
0.600655976805442 -0.364808489615924 0.0
0.602678931727227 -0.301751918892176 0.0
0.604606618573112 -0.23841212112436 0.0
0.60635077708475 -0.174775537979376 0.0
0.607799367461712 -0.11083266512699 0.0
0.608807002400734 -0.0465813764532683 0.0
0.609184045065128 0.017968030962292 0.0
0.608683477976141 0.0827841621739461 0.0
0.606984250183802 0.147800907340463 0.0
0.603668665683173 0.212894256527271 0.0
0.598189899751253 0.277845284104709 0.0
0.589824168883958 0.342278320645456 0.0
0.577603835007425 0.405560544800989 0.0
0.56022856578482 0.466654088112401 0.0
0.653496605221569 -0.675462508609183 0.0
0.654828155922612 -0.61353754214026 0.0
0.656519457758356 -0.551314830106501 0.0
0.658427738595467 -0.488777100031078 0.0
0.660459095369856 -0.425902461536385 0.0
0.662539627595576 -0.362667007008715 0.0
0.664599096794262 -0.29904477494508 0.0
0.666559593389032 -0.235007162947926 0.0
0.668325909102001 -0.170523127893171 0.0
0.66977599043413 -0.10555968173492 0.0
0.670750305915788 -0.0400839540482031 0.0
0.671039122644335 0.0259334210024601 0.0
0.670366064105009 0.0925117620532602 0.0
0.66836518742855 0.159649003106856 0.0
0.664546420622256 0.227299279873968 0.0
0.658241054587772 0.295329919005711 0.0
0.648516028149226 0.363431668684456 0.0
0.634051538474549 0.430926959018991 0.0
0.613012975068771 0.496358819398059 0.0
