-0.518331828029161 -0.700204004687865 0.0
0.715845564487733 -0.735926686138425 0.0
-0.412442743778229 0.61237245798111 0.0
0.61237245798111 0.61237245798111 0.0
-0.457204124917915 -0.702968892184558 0.0
0.716585502415822 -0.674360690262134 0.0
0.583111976458877 0.556501735745436 0.0
-0.437632728397237 0.534210168614448 0.0
-0.3960928250174 -0.705577487395412 0.0
0.717890797067035 -0.612404886170298 0.0
0.536083096586159 0.523957121655202 0.0
-0.454883010036031 0.458863461714303 0.0
-0.335044334551223 -0.708306877489889 0.0
0.719539956907996 -0.550034002868769 0.0
0.484566570882979 0.505207620483942 0.0
-0.466213074810623 0.3861077831855 0.0
-0.27404128258122 -0.711315139915148 0.0
0.721402368129998 -0.487231523197715 0.0
0.431731699125719 0.493919160890743 0.0
-0.473959276732628 0.315579414569875 0.0
-0.213038176335583 -0.714650366136543 0.0
0.723387717139061 -0.423978367073749 0.0
0.378289965430097 0.486902059530212 0.0
-0.479507359990093 0.246842339145695 0.0
-0.151969910085656 -0.71826606689472 0.0
0.725421774193088 -0.360248244493406 0.0
0.324449468827586 0.482640021125604 0.0
-0.48367061432981 0.179532361139722 0.0
-0.0907665643094584 -0.722034559612239 0.0
0.727431630616858 -0.296005703460892 0.0
0.270335571536358 0.48037720718866 0.0
-0.486949464825607 0.11336899995244 0.0
-0.0293687818863655 -0.725781832042209 0.0
0.729334601492032 -0.231204966388364 0.0
0.216074001168545 0.479751966321516 0.0
-0.489665282456288 0.0481394000128395 0.0
0.0322610504943959 -0.729324097630394 0.0
0.731028102212809 -0.16578951570187 0.0
0.161816632258792 0.480665699769227 0.0
-0.492032281591725 -0.0163181360733896 0.0
0.0941341969122156 -0.732495089982139 0.0
0.732379004652604 -0.0996913474524592 0.0
0.107955718240135 0.485438858076931 0.0
-0.494199978713206 -0.0801254212931563 0.0
0.156235723365 -0.735162065620965 0.0
0.733211113837672 -0.0328307240308865 0.0
0.0529887446977801 0.483749454853229 0.0
-0.496284096143658 -0.14337197663062 0.0
0.21852826849449 -0.737232999135621 0.0
0.733289155351666 0.0348844410340622 0.0
-0.00244689639732475 0.481487016201015 0.0
-0.49841170794189 -0.206118563674301 0.0
0.280956934231728 -0.738658443827225 0.0
0.732296293555208 0.103558732956718 0.0
-0.0570433343832605 0.49140683728645 0.0
-0.501017031561976 -0.268398206176418 0.0
0.34345470746051 -0.739431311380441 0.0
0.729799500171651 0.173308909993057 0.0
-0.112002688821162 0.498572126596633 0.0
-0.502647623540154 -0.330589316940601 0.0
0.405946744754926 -0.739587111882913 0.0
0.725191255177847 0.244259226996817 0.0
-0.165970908028083 0.508583396997736 0.0
-0.504547928228433 -0.392699459056804 0.0
0.468355239668659 -0.739206377049909 0.0
0.717584638147714 0.316525994174587 0.0
-0.221018133440813 0.514192145681596 0.0
-0.507227383583013 -0.454519501189743 0.0
0.530604595774593 -0.7384201537012 0.0
0.705614376985269 0.390165704998798 0.0
-0.27674132111653 0.520696897750405 0.0
-0.509971903062329 -0.516132113142528 0.0
0.592628124898463 -0.737419105208532 0.0
0.687045783424367 0.465009892125001 0.0
-0.329543700257421 0.539628451180536 0.0
-0.512845326428329 -0.577589205481775 0.0
0.654378834434681 -0.7364673917638 0.0
0.658030931005208 0.540139999596172 0.0
-0.381021956374184 0.563531148132715 0.0
-0.515538239720093 -0.63893270874099 0.0
-0.454438851707794 -0.641672255424998 0.0
-0.451690267803423 -0.580263558064951 0.0
-0.448838482051882 -0.518700868152768 0.0
-0.446146391173028 -0.457044526657396 0.0
-0.443531623524942 -0.395296361254307 0.0
-0.441532935983454 -0.333268626880497 0.0
-0.439864351337044 -0.270800420190307 0.0
-0.43753148344469 -0.207995717692787 0.0
-0.435448672101907 -0.144917171882687 0.0
-0.433424271729228 -0.0814784129787105 0.0
-0.431347187329555 -0.0176044703096963 0.0
-0.429109160360626 0.0467729032599422 0.0
-0.426575083408981 0.111717770683813 0.0
-0.423559775383039 0.177283402072727 0.0
-0.419802356889484 0.243487735879666 0.0
-0.414940027661399 0.310252599321315 0.0
-0.408509428856929 0.377260520502581 0.0
-0.400111325778291 0.443643131702548 0.0
-0.390289947165026 0.507382345181115 0.0
-0.39329736374312 -0.64424825453477 0.0
-0.390483478287181 -0.582818296548722 0.0
-0.387691298350968 -0.521252088481226 0.0
-0.385053465699656 -0.459532815347536 0.0
-0.382649236284057 -0.397580820284678 0.0
-0.380697616576565 -0.335427911362462 0.0
-0.37888475665998 -0.273101682178522 0.0
-0.376825743970084 -0.210464695352408 0.0
-0.374899574499556 -0.147568686607891 0.0
-0.37303269791011 -0.0844080473197446 0.0
-0.371148063837315 -0.0209786132185882 0.0
-0.369162604750576 0.0427058005288996 0.0
-0.3669752826034 0.106597986854944 0.0
-0.364457547813169 0.170594065922132 0.0
-0.361448534741136 0.23449680400555 0.0
-0.357761684664028 0.297969459577273 0.0
-0.353216325399983 0.360506384199687 0.0
-0.347706634975895 0.421520108277418 0.0
-0.341048360114854 0.480774479069752 0.0
-0.332167315282455 -0.647007441493684 0.0
-0.329323220785867 -0.585605103835896 0.0
-0.326601630776938 -0.524067311459122 0.0
-0.324095883270394 -0.462368173709783 0.0
-0.321871032576345 -0.400500014319014 0.0
-0.319966087947244 -0.338503050918288 0.0
-0.318171462359564 -0.276361408601301 0.0
-0.316327490050201 -0.214027918443517 0.0
-0.314589270976236 -0.151547335606004 0.0
-0.312923898404108 -0.0889552413361705 0.0
-0.311279447548083 -0.0263003263056848 0.0
-0.309595316560649 0.0363429521403406 0.0
-0.307797043085375 0.0988637801854357 0.0
-0.30578928438357 0.161107014805532 0.0
-0.30344826387577 0.222872758998414 0.0
-0.300615479066757 0.28393788380213 0.0
-0.297106896109341 0.344115189749486 0.0
-0.292784973536205 0.403347858255592 0.0
-0.288077393570134 0.461828477491508 0.0
-0.271054966943977 -0.650070834245269 0.0
-0.268210368797592 -0.588740227160746 0.0
-0.265584012161136 -0.527296251198172 0.0
-0.263221846885064 -0.465730260495153 0.0
-0.261142172071111 -0.404054391423062 0.0
-0.259316619111045 -0.342294235840094 0.0
-0.257609459901503 -0.280451404661286 0.0
-0.255945890665923 -0.218528416790567 0.0
-0.254386146005308 -0.156574949606312 0.0
-0.252909456267343 -0.0946451020541768 0.0
-0.251475510283879 -0.0328033408322403 0.0
-0.250030941351234 0.0288734801360041 0.0
-0.248503389883067 0.0902996949329883 0.0
-0.246791695518487 0.151393098427689 0.0
-0.244755519314397 0.212098437647371 0.0
-0.24221371493005 0.272425866810467 0.0
-0.238978458697603 0.332500239227538 0.0
-0.235014212566912 0.392615564201437 0.0
-0.231089575420587 0.453231992097277 0.0
-0.209941691122313 -0.653475496519404 0.0
-0.207121663659547 -0.592243827405514 0.0
-0.204601007664751 -0.530933047679872 0.0
-0.202374921417469 -0.469543179957466 0.0
-0.200421335808653 -0.408091588817492 0.0
-0.198686537292459 -0.346602822067254 0.0
-0.197078594199748 -0.285093293876417 0.0
-0.195554274864631 -0.223586620287831 0.0
-0.194131168278241 -0.162129751139811 0.0
-0.192789564607349 -0.100771777310824 0.0
-0.191492331594737 -0.0395616023216212 0.0
-0.190186935868208 0.0214570047317221 0.0
-0.188800610090667 0.0822548126977893 0.0
-0.18723478834325 0.142832163662596 0.0
-0.185364814732076 0.203238149183343 0.0
-0.183057196419536 0.263593156920188 0.0
-0.180230859682745 0.32410805388626 0.0
-0.177003379252439 0.385074094222966 0.0
-0.173514946711866 0.446659466191066 0.0
-0.148789016753824 -0.657158279541614 0.0
-0.146016459709595 -0.596025758456593 0.0
-0.14360459330444 -0.534848099394626 0.0
-0.141501103214882 -0.473628956959995 0.0
-0.139653623311205 -0.412387256993846 0.0
-0.137999674817875 -0.35114729776735 0.0
-0.136472146804547 -0.289931402357623 0.0
-0.135039933981766 -0.228767239947823 0.0
-0.133701588351914 -0.167692007560018 0.0
-0.132437736969914 -0.106740304182584 0.0
-0.131215927872817 -0.0459398540188811 0.0
-0.129991467424727 0.0146936503687045 0.0
-0.128706333086642 0.0751629474685428 0.0
-0.127290807386187 0.135496564569363 0.0
-0.125674123070394 0.195753610513363 0.0
-0.123814556848758 0.256022057078041 0.0
-0.121758137115518 0.316396181518376 0.0
-0.119646578179583 0.376901167533651 0.0
-0.117140638796121 0.437430966549084 0.0
-0.0875506909860861 -0.660977253837999 0.0
-0.0848500128878935 -0.599922016881437 0.0
-0.0825469110437889 -0.538849481754466 0.0
-0.0805494161036953 -0.477764293504486 0.0
-0.0787850702171896 -0.416684465323309 0.0
-0.0771902959834965 -0.355632475415494 0.0
-0.0757133764122604 -0.294630667584201 0.0
-0.0743299569833179 -0.233703848782057 0.0
-0.0730325900967955 -0.172879361906885 0.0
-0.0718060672173551 -0.112180024478109 0.0
-0.0706276491663588 -0.0516210042831387 0.0
-0.069468317526244 0.00879309478956064 0.0
-0.0682949037022585 0.0690706989907758 0.0
-0.067076269388902 0.129235203998433 0.0
-0.0657978010255113 0.189323853002656 0.0
-0.0644872922733158 0.249382692375661 0.0
-0.0632353514436544 0.309454813051567 0.0
-0.0621168357628355 0.36958580180806 0.0
-0.0609999435164267 0.430000928115985 0.0
-0.0261844809966004 -0.664750497250452 0.0
-0.0235824849025915 -0.603738506889549 0.0
-0.0213873196586946 -0.542727973203334 0.0
-0.0194786988867467 -0.481723529243344 0.0
-0.0177739404332904 -0.420741419826881 0.0
-0.0162133982806353 -0.359801669745481 0.0
-0.0147572988207819 -0.298924529316412 0.0
-0.013387983141147 -0.238130805925203 0.0
-0.0120997262170362 -0.177440980644563 0.0
-0.0108851170316189 -0.116871257598212 0.0
-0.00973443609676887 -0.0564319997367722 0.0
-0.00863771528351443 0.00387324393101475 0.0
-0.00758907967448307 0.0640474684506821 0.0
-0.00659554166817055 0.124098366460029 0.0
-0.00569264858397205 0.184031732591706 0.0
-0.00496555488745097 0.243838203356346 0.0
-0.0045606996014464 0.303471055855948 0.0
-0.00469274468774618 0.362830427067826 0.0
-0.00601473450159063 0.421745266235428 0.0
0.0353387661332861 -0.668292265058199 0.0
0.0378141820063937 -0.607285797373889 0.0
0.0399021789025886 -0.546289534059036 0.0
0.041738022817598 -0.48530851400284 0.0
0.0434052001092763 -0.42435761941406 0.0
0.0449551506886431 -0.363454699621025 0.0
0.0464161985970664 -0.30261753521156 0.0
0.0477979933706561 -0.241863184662643 0.0
0.0491002588202418 -0.181206994780887 0.0
0.0503206803585705 -0.120660096193113 0.0
0.051455212487217 -0.060228170312427 0.0
0.0524954901287743 8.98954270137472e-05 0.0
0.0534238133733885 0.0603032448972201 0.0
0.0542048241816331 0.120431125990942 0.0
0.0547739582609795 0.180505430705448 0.0
0.0550264366087128 0.240578083341693 0.0
0.0548083349364699 0.300741746991582 0.0
0.0538365234950621 0.361174962579557 0.0
0.0508777983014126 0.422111022553433 0.0
0.0970305689392452 -0.671438336863278 0.0
0.0993531219808866 -0.610401633705047 0.0
0.101335243341459 -0.549374303676078 0.0
0.103113152861617 -0.48836305680727 0.0
0.104762357369791 -0.427382359015229 0.0
0.106322210431214 -0.366448410859889 0.0
0.10780884061891 -0.3055765481414 0.0
0.10922241891157 -0.244780252855034 0.0
0.110554081542843 -0.184070212388397 0.0
0.111790311110934 -0.123452298760792 0.0
0.112912289124279 -0.0629259885775449 0.0
0.113892463441775 -0.00248192200140078 0.0
0.114688675006744 0.0579013354675834 0.0
0.115235541813838 0.118262557563171 0.0
0.115433602608228 0.178664843462769 0.0
0.115137092912923 0.239207079379814 0.0
0.114129783438034 0.300037475882169 0.0
0.112022627377658 0.361337386608434 0.0
0.108581615862592 0.423061131425143 0.0
0.158883772938518 -0.674060088732872 0.0
0.1610321740954 -0.6129623672528 0.0
0.162911734272685 -0.551864788653134 0.0
0.164645876106779 -0.490777307408756 0.0
0.166294253447046 -0.429714971385415 0.0
0.167880750561318 -0.368692875190725 0.0
0.169408178162731 -0.307724241124618 0.0
0.170865838148156 -0.246819651396314 0.0
0.172234267280881 -0.185986492209138 0.0
0.173486873507005 -0.125227541646445 0.0
0.174587775532622 -0.0645398722187844 0.0
0.175486935270905 -0.00391322036919399 0.0
0.176112735578529 0.0566713165154395 0.0
0.176361896314677 0.117241987966331 0.0
0.176087100956853 0.177833176670014 0.0
0.175082342870262 0.238474688229938 0.0
0.173064395144895 0.299158879584339 0.0
0.169741351302846 0.359751904663779 0.0
0.16547381676055 0.420027701808568 0.0
0.220874771228718 -0.67607024598566 0.0
0.222836137638551 -0.614886823716862 0.0
0.224620246142745 -0.553687438237858 0.0
0.22632498688667 -0.492486701206092 0.0
0.227987622513777 -0.431300939484458 0.0
0.229614044901731 -0.370144549781585 0.0
0.231192907953687 -0.30902919840999 0.0
0.232701717023452 -0.247963785381014 0.0
0.234109111846952 -0.186954668100316 0.0
0.235374117156267 -0.126005230782609 0.0
0.236442413490255 -0.0651159799292294 0.0
0.237240253829815 -0.00428466765629706 0.0
0.237666283235128 0.0564923138176304 0.0
0.237581721476391 0.11721684097184 0.0
0.236800285417669 0.177881640529722 0.0
0.235081703703567 0.238458558015352 0.0
0.232152075580672 0.298883001043529 0.0
0.227846681902935 0.35907863980367 0.0
0.222389443592357 0.419190258043585 0.0
0.282967086377391 -0.67742386664607 0.0
0.284739932644522 -0.616136188698526 0.0
0.286440982155511 -0.554811066937571 0.0
0.288131617878433 -0.493468482969686 0.0
0.289822085771911 -0.432126010692138 0.0
0.291499086655205 -0.370797245755176 0.0
0.293137098338967 -0.309492537868968 0.0
0.294701767692021 -0.248219973407821 0.0
0.29614962106725 -0.186986506705297 0.0
0.297425265271283 -0.125798497177418 0.0
0.298456363692478 -0.0646628451874137 0.0
0.299146833097654 -0.00358823180563452 0.0
0.29936865232944 0.057412538649572 0.0
0.298953106267048 0.118319454739111 0.0
0.297683517602147 0.179100505427125 0.0
0.295296280010881 0.239708479128789 0.0
0.291511876194062 0.300088248957685 0.0
0.286122235473691 0.360227679397402 0.0
0.279068838113864 0.420252958126575 0.0
0.345115957582041 -0.678117807909419 0.0
0.34671235346963 -0.616713121407319 0.0
0.348348654563236 -0.55524527982476 0.0
0.350041474398395 -0.493739024024868 0.0
0.351771955845964 -0.432211999887075 0.0
0.35350807486242 -0.370676019900475 0.0
0.355211163939994 -0.309139537102389 0.0
0.356835862415141 -0.247609651113183 0.0
0.358327304135122 -0.186094021124535 0.0
0.359616561941665 -0.124602126179041 0.0
0.360614541910155 -0.06314707245328 0.0
0.361204598486925 -0.00174737082089307 0.0
0.361234203329256 0.0595705341394824 0.0
0.360506472890736 0.120769703088039 0.0
0.358773688121825 0.181799477248971 0.0
0.355738679260835 0.242595298941725 0.0
0.351074447190836 0.303087852166907 0.0
0.344464581497326 0.363231662956892 0.0
0.335636190724301 0.42304374268051 0.0
0.407272168332809 -0.678191232686871 0.0
0.408718557764615 -0.616662640094848 0.0
0.410313566057658 -0.555041447344704 0.0
0.412024796754864 -0.493354642854767 0.0
0.413805284288195 -0.431617453822705 0.0
0.415606493052304 -0.369837988163608 0.0
0.417378601105321 -0.30802132830833 0.0
0.419066757575913 -0.246172332156388 0.0
0.420605950393542 -0.184298098976178 0.0
0.42191493725566 -0.122409758962042 0.0
0.422889143526901 -0.0605248663596861 0.0
0.423392573619393 0.00133013948440264 0.0
0.423248884911631 0.0631165729848563 0.0
0.422232236236623 0.124779878453083 0.0
0.42005949737936 0.1862449823131 0.0
0.41638706855087 0.247413940605197 0.0
0.410815450912462 0.308169017524563 0.0
0.40289847652983 0.368385709831097 0.0
0.392159562202462 0.427958423996095 0.0
0.469386394981351 -0.677728912043071 0.0
0.47072236793536 -0.616076388816224 0.0
0.472302079978261 -0.554297543596898 0.0
0.474045574992395 -0.492416889183473 0.0
0.47588213119021 -0.43044367152271 0.0
0.477750435618269 -0.368379755550538 0.0
0.479592155494004 -0.306224778578715 0.0
0.481344794637104 -0.243979298817822 0.0
0.482934616617152 -0.181647500585841 0.0
0.484269322320899 -0.119239346034755 0.0
0.485230029884461 -0.0567736163206765 0.0
0.485662362161302 0.00571851777190949 0.0
0.485366542584713 0.0681883159685789 0.0
0.484086722759019 0.130563033481247 0.0
0.481500070528979 0.19273713496968 0.0
0.477206208988969 0.254563828123859 0.0
0.470715593213478 0.315848284555127 0.0
0.461432926609728 0.376345017288969 0.0
0.448652943000659 0.43576866469583 0.0
0.531412913880729 -0.676868310734779 0.0
0.532686917130447 -0.615100870732802 0.0
0.534275278173751 -0.553166744815993 0.0
0.536059256149004 -0.491081384299769 0.0
0.537951782126799 -0.428844233609656 0.0
0.539883439489577 -0.366448495389419 0.0
0.541790201125916 -0.303886238051379 0.0
0.543603703558472 -0.241151173527632 0.0
0.54524276030967 -0.178241095065734 0.0
0.546605097799866 -0.115160050381938 0.0
0.547558533800627 -0.0519218641470017 0.0
0.547931162104634 0.0114451128876185 0.0
0.547500107491181 0.0748905348465027 0.0
0.54597844386016 0.138331560414661 0.0
0.542999450002692 0.201637046199557 0.0
0.538096429199425 0.264607096424173 0.0
0.530674066634167 0.326946215281301 0.0
0.519967255128745 0.388230212530348 0.0
0.504996555725456 0.447878489337187 0.0
0.593312046651952 -0.67581129615669 0.0
0.594572691997292 -0.613949660992872 0.0
0.596185371072065 -0.551868638037946 0.0
0.598009044667772 -0.489567895923564 0.0
0.599949475580199 -0.427034842666648 0.0
0.601933729494745 -0.364253046497907 0.0
0.603894393762722 -0.301205653414673 0.0
0.605758438256009 -0.237876796582089 0.0
0.607437932315908 -0.174253090967005 0.0
0.608821121574216 -0.11032524596984 0.0
0.609762841167306 -0.0460914086104226 0.0
0.610073580669296 0.0184377630240905 0.0
0.609506301688717 0.0832303807473869 0.0
0.607739707206435 0.148219637683023 0.0
0.604355516607399 0.213280507968634 0.0
0.598805815728814 0.278192551418024 0.0
0.590364995578272 0.342577832249102 0.0
0.578062607770229 0.405800265755078 0.0
0.560594765761933 0.466818081013208 0.0
0.655049781288589 -0.674842365858461 0.0
0.65633162460515 -0.612919393415752 0.0
0.657969658191834 -0.550699923382952 0.0
0.659821638775766 -0.488166851525211 0.0
0.661794141047329 -0.425298443540713 0.0
0.663813696597087 -0.362070936433747 0.0
0.665810462738146 -0.29845850829981 0.0
0.66770689332085 -0.234432701048819 0.0
0.669408108108166 -0.169962632454216 0.0
0.670792333477638 -0.105015506776313 0.0
0.67170024537743 -0.0395586973722475 0.0
0.67192220404091 0.0264368355284925 0.0
0.671181744890634 0.0929899500904173 0.0
0.669112547552356 0.160097890226879 0.0
0.665223697384928 0.227713690059812 0.0
0.658844885874572 0.295702803746879 0.0
0.649040234289529 0.363752621316227 0.0
0.634485302171798 0.431179385976797 0.0
0.613338820803505 0.496515309767944 0.0
