-0.51803815344025 -0.700198870461501 0.0
0.716061600807124 -0.735256674647405 0.0
-0.413728380203247 0.61237245798111 0.0
0.61237245798111 0.61237245798111 0.0
-0.456908717920834 -0.702916476047696 0.0
0.716769713222137 -0.673692059527361 0.0
0.582985600228895 0.556641046069508 0.0
-0.43861630741153 0.534150374145448 0.0
-0.395796315064866 -0.705478626583867 0.0
0.718038048955856 -0.6117396925637 0.0
0.535882100446278 0.524250672168104 0.0
-0.455666693590281 0.458798619645486 0.0
-0.334747145318192 -0.708161391846522 0.0
0.719646464987122 -0.549374761316938 0.0
0.484331152080759 0.505605623615989 0.0
-0.466859719891777 0.38605466549808 0.0
-0.273743942242845 -0.711122895583323 0.0
0.721465396618947 -0.486581045103767 0.0
0.431472854016055 0.494374241758836 0.0
-0.474503619862449 0.31554063271916 0.0
-0.212741421814224 -0.714411711107043 0.0
0.723405430696209 -0.423339689494031 0.0
0.378008517852576 0.487385029744299 0.0
-0.479969512708647 0.246816598967693 0.0
-0.151674726938289 -0.71798205748501 0.0
0.725393185182086 -0.359624606221641 0.0
0.324144247213348 0.483133551749057 0.0
-0.484062909202167 0.179517503032067 0.0
-0.0904741543652217 -0.721707024712991 0.0
0.727356613373574 -0.295400544881698 0.0
0.270005177044134 0.480870116977203 0.0
-0.487279815084542 0.113362881665589 0.0
-0.0290804640584471 -0.725413270790649 0.0
0.729213958215406 -0.230621940402436 0.0
0.215716944351135 0.480236230564274 0.0
-0.489938953993258 0.0481401299209541 0.0
0.032543971066 -0.72891748535699 0.0
0.730863672422991 -0.165232501674087 0.0
0.161431148260639 0.481136373130239 0.0
-0.492252895645511 -0.0163121743149021 0.0
0.0944105548505271 -0.732053667810896 0.0
0.732173813257718 -0.0991644622302571 0.0
0.107535072617055 0.485865718214031 0.0
-0.494370105004215 -0.0801156136272451 0.0
0.156504593916785 -0.734689153146507 0.0
0.732969557215406 -0.0323383239444619 0.0
0.0525397040237152 0.484185518508086 0.0
-0.496405600410198 -0.14335954885748 0.0
0.218789038532268 -0.736731835674234 0.0
0.733017229450436 0.0353377743431708 0.0
-0.00292911384519629 0.481956364437493 0.0
-0.498485899567441 -0.206104677666833 0.0
0.281209346496977 -0.738132048470684 0.0
0.732001877854616 0.103968234127337 0.0
-0.0575745305677036 0.491785269716122 0.0
-0.501043854267929 -0.268384288748206 0.0
0.343698882773421 -0.738882348253521 0.0
0.729492724713052 0.173669719199467 0.0
-0.11256687249399 0.498912802542807 0.0
-0.502629468206122 -0.330574533424123 0.0
0.406183185575956 -0.739017747573378 0.0
0.724884993658409 0.24456656925194 0.0
-0.166578400304081 0.508868456200799 0.0
-0.504485467008183 -0.392684262302053 0.0
0.46858481502535 -0.738618117447822 0.0
0.717295164701564 0.316775532796818 0.0
-0.221659425959437 0.514477421239183 0.0
-0.507119710421407 -0.454505676723268 0.0
0.530828503544365 -0.737813647871913 0.0
0.705362127427825 0.390354214714032 0.0
-0.277416722476695 0.521009806775824 0.0
-0.509818590480928 -0.516120209332151 0.0
0.592847822515741 -0.73679390157611 0.0
0.686855693417784 0.465136348897708 0.0
-0.330293060289746 0.539847069752631 0.0
-0.512645539624257 -0.577579636299103 0.0
0.654595922635231 -0.735821625078924 0.0
0.657929838503952 0.540206047783628 0.0
-0.381824938061296 0.563724039324114 0.0
-0.515291731737794 -0.638925319174058 0.0
-0.454190704059646 -0.641617723854537 0.0
-0.45148886443007 -0.580207088766265 0.0
-0.448683318742181 -0.518642439015396 0.0
-0.446036681994769 -0.456984380512395 0.0
-0.443467270430758 -0.39523464701211 0.0
-0.441513336161493 -0.33320669697801 0.0
-0.439889537259429 -0.270739274950245 0.0
-0.437603478273653 -0.207935095979053 0.0
-0.435568052336025 -0.144857721566967 0.0
-0.43359218078712 -0.0814207309363655 0.0
-0.431565274717962 -0.0175491316398708 0.0
-0.429379704826127 0.0468253930909069 0.0
-0.426901260265489 0.111767090535407 0.0
-0.423946086294072 0.177329661543647 0.0
-0.420255258896948 0.243531997166564 0.0
-0.415468752360456 0.310297964800376 0.0
-0.409126669491629 0.377314290310171 0.0
-0.40083212172076 0.443720432081905 0.0
-0.391121907683377 0.507508850485467 0.0
-0.393048209842547 -0.644147231502132 0.0
-0.390280922281742 -0.582715093872711 0.0
-0.387534591365841 -0.521146844011897 0.0
-0.38494199680337 -0.459425814302725 0.0
-0.382582711685131 -0.397472596463645 0.0
-0.380675647434077 -0.335319037767832 0.0
-0.378907645515537 -0.272992327207349 0.0
-0.376894750672182 -0.210354925781518 0.0
-0.375015413300356 -0.147458666208168 0.0
-0.373196353885269 -0.0842977459742503 0.0
-0.371360854224615 -0.0208677334822814 0.0
-0.369426267254177 0.0428179627057069 0.0
-0.367292118613064 0.106712771265461 0.0
-0.364830606121894 0.170713794883846 0.0
-0.361881795099625 0.234625243281164 0.0
-0.35826015843315 0.298112237726273 0.0
-0.353785920450023 0.360670724435757 0.0
-0.34835319403037 0.421711932905715 0.0
-0.341763470203154 0.480987808453234 0.0
-0.331917516622035 -0.646859538489892 0.0
-0.329119683778867 -0.585454780703041 0.0
-0.326443438379317 -0.52391474301745 0.0
-0.323982406744213 -0.46221364589213 0.0
-0.321801927245067 -0.400343825262398 0.0
-0.319941194416998 -0.338345380698904 0.0
-0.318191163315767 -0.276202208659895 0.0
-0.316392617377271 -0.213866968938066 0.0
-0.314700457406588 -0.151384292107378 0.0
-0.313081905281199 -0.0887894650510493 0.0
-0.311485224618756 -0.0261307921687156 0.0
-0.309850063161083 0.0365177657835482 0.0
-0.308102302331985 0.0990460089293062 0.0
-0.306147074088541 0.161299483308849 0.0
-0.303861233888581 0.223078905803381 0.0
-0.301086995624901 0.284161348159213 0.0
-0.297640425360906 0.34435882568597 0.0
-0.29337917207841 0.403612064622467 0.0
-0.288709278680622 0.462111708708321 0.0
-0.270804881396951 -0.649875912093187 0.0
-0.268006022074867 -0.588542648876228 0.0
-0.265424359491527 -0.5270961830866 0.0
-0.263106270328559 -0.465527885199296 0.0
-0.261070393970923 -0.40384981629393 0.0
-0.259288644138036 -0.34208741371132 0.0
-0.257625676288653 -0.280242071753255 0.0
-0.256006915243408 -0.218316117058211 0.0
-0.254492525315903 -0.156359045199664 0.0
-0.253061809473029 -0.0944247043262561 0.0
-0.251674596285987 -0.0325772971478897 0.0
-0.250277747163753 0.0291065572898911 0.0
-0.248799267514952 0.0905413242857085 0.0
-0.247138545476852 0.151644698352093 0.0
-0.245155948475314 0.212360901192875 0.0
-0.242670849151051 0.272698878875041 0.0
-0.239494261916016 0.332781283479152 0.0
-0.235583724012462 0.392898901949581 0.0
-0.231686960985377 0.453508795713656 0.0
-0.209691790799125 -0.653233967937583 0.0
-0.206916809524738 -0.591999494644126 0.0
-0.204440122029084 -0.530686056570153 0.0
-0.202257471036121 -0.469293631272803 0.0
-0.200347173852679 -0.407839468888921 0.0
-0.198655811932933 -0.346347953846444 0.0
-0.197091722845255 -0.284835317119937 0.0
-0.195611802320028 -0.223325021476829 0.0
-0.194233621819884 -0.161863891798958 0.0
-0.192937529624299 -0.100500908105045 0.0
-0.191686522734346 -0.0392849281053584 0.0
-0.19042829035181 0.0217402042766474 0.0
-0.18909040076559 0.0825449898146042 0.0
-0.187574706818221 0.143129217494693 0.0
-0.185756861461952 0.203541034743065 0.0
-0.183502930049958 0.263899395804453 0.0
-0.180729065165632 0.324413302018625 0.0
-0.177545251380748 0.385372511738842 0.0
-0.174082734715339 0.446948072968966 0.0
-0.148539968418527 -0.656871329496967 0.0
-0.14581162523613 -0.595736012768391 0.0
-0.143442982995013 -0.534555706626573 0.0
-0.141382348633333 -0.473333981531543 0.0
-0.139577757855636 -0.41208963695634 0.0
-0.137966999844495 -0.350846826375845 0.0
-0.136483145655549 -0.289627738100765 0.0
-0.135095153927104 -0.228459947183373 0.0
-0.133801561228932 -0.167380601254736 0.0
-0.132583017195848 -0.106424299069058 0.0
-0.131407139328135 -0.0456188461626117 0.0
-0.130229350718779 0.0150198696381646 0.0
-0.128991762644739 0.075494246296369 0.0
-0.12762469369383 0.135832302828569 0.0
-0.126057001608797 0.196092484041963 0.0
-0.124245487641667 0.256362073642185 0.0
-0.122232542497429 0.316735124329016 0.0
-0.120154154455547 0.377238317203313 0.0
-0.117670357822338 0.437769322380228 0.0
-0.0873033655701669 -0.660646868616746 0.0
-0.0846459543087835 -0.59958902695145 0.0
-0.0823853450556116 -0.538514069231348 0.0
-0.0804302141837109 -0.477426530736032 0.0
-0.0787084832085753 -0.416344298750821 0.0
-0.0771567869606261 -0.355289729246868 0.0
-0.0757235075279052 -0.29428506844314 0.0
-0.0743842885033847 -0.233355066989922 0.0
-0.0731316236347209 -0.172527054590708 0.0
-0.0719502522199717 -0.111823881525255 0.0
-0.0708173918432295 -0.0512608073098074 0.0
-0.0697039683781932 0.00915740391043915 0.0
-0.0685766798735244 0.0694389470493123 0.0
-0.0674040228250788 0.129606928394155 0.0
-0.0661704769567559 0.189698296065532 0.0
-0.0649019171857458 0.249758939851039 0.0
-0.0636857699095204 0.309832216643545 0.0
-0.0625937826155707 0.36996449111939 0.0
-0.0614957335418852 0.430380785504619 0.0
-0.0259398914746844 -0.664379328878695 0.0
-0.0233801230458809 -0.603365092683152 0.0
-0.0212267464564566 -0.542352553851305 0.0
-0.0193600884406 -0.481346214860083 0.0
-0.017697784064143 -0.420362193883904 0.0
-0.0161803188710641 -0.359420405621684 0.0
-0.0147679290089831 -0.298541018825017 0.0
-0.0134428760790104 -0.237744794252441 0.0
-0.0121993045542223 -0.177052199005626 0.0
-0.0110296548317135 -0.116479453555722 0.0
-0.00992403333138463 -0.0560369672108055 0.0
-0.00887223522481031 0.00427164164426513 0.0
-0.00786800135712865 0.0644492970067936 0.0
-0.00691764848126142 0.124503670472491 0.0
-0.00605545290758406 0.184440699859707 0.0
-0.00536444001482239 0.244251550424888 0.0
-0.00498809781982848 0.303890726007507 0.0
-0.00513820159345486 0.363260414237584 0.0
-0.00646494064655209 0.422191895655612 0.0
0.03557956688058 -0.667883417369465 0.0
0.0380138588960448 -0.606875196640685 0.0
0.0400607326135791 -0.545877495235164 0.0
0.0418549290137927 -0.484895200852044 0.0
0.0434797157443578 -0.42394306324188 0.0
0.0449865016041277 -0.363038824080044 0.0
0.046403696706336 -0.302200186082166 0.0
0.0477411145531629 -0.24144416049843 0.0
0.0489986910299899 -0.180786074429212 0.0
0.0501743559872035 -0.120237064491029 0.0
0.0512643542938142 -0.0598028443138792 0.0
0.0522606980683905 0.000517640635317892 0.0
0.0531462306596723 0.0607334537946992 0.0
0.0538864299956433 0.12086374899642 0.0
0.0544180132883654 0.1809403228434 0.0
0.054637996689178 0.241014988000908 0.0
0.0543945529073548 0.301180119037455 0.0
0.0534067631696085 0.361613249323939 0.0
0.0504493437449276 0.422545579061381 0.0
0.097266595439339 -0.670995148411136 0.0
0.0995491557298435 -0.609957282921798 0.0
0.101490765237175 -0.548929188945903 0.0
0.103227256955296 -0.487917404647456 0.0
0.104834047744938 -0.426936255309666 0.0
0.106350574610816 -0.366001833439667 0.0
0.107793152202282 -0.305129399685214 0.0
0.109162202978656 -0.244332392486963 0.0
0.110449159803286 -0.183621485958898 0.0
0.111640843053998 -0.123002571498174 0.0
0.112718832054438 -0.0624751849861304 0.0
0.113656074868554 -0.00203007722512157 0.0
0.114411086485063 0.0583540090864891 0.0
0.114919430681969 0.118715586471945 0.0
0.115082958528429 0.179117390900033 0.0
0.114757602483007 0.239657821263762 0.0
0.113729142648002 0.300484453347862 0.0
0.111611258444912 0.36177806625269 0.0
0.1081714959585 0.423494888228351 0.0
0.159114197687796 -0.673585946224578 0.0
0.161223717024182 -0.612487720506049 0.0
0.163063300062788 -0.551390125490555 0.0
0.164756163979964 -0.49030292440867 0.0
0.166362024567452 -0.42924101750906 0.0
0.167904973312398 -0.368219392474682 0.0
0.169388109885851 -0.307251201527353 0.0
0.17080107834926 -0.246346990368714 0.0
0.172124801740275 -0.185514141109835 0.0
0.173333125146248 -0.124755462769414 0.0
0.174390681017257 -0.0640680994029515 0.0
0.175248067162697 -0.00344190469649687 0.0
0.175834491329389 0.0571418637018107 0.0
0.176047765786921 0.117711276543883 0.0
0.175741994235231 0.17830058942404 0.0
0.174712914027894 0.238939684286858 0.0
0.17267930783668 0.299621505801539 0.0
0.169351095097878 0.360213979402535 0.0
0.165087275697654 0.420493522312856 0.0
0.221098990132669 -0.675568428842872 0.0
0.223022510263452 -0.614385202577998 0.0
0.224767072615763 -0.553186594891812 0.0
0.226430578523493 -0.491987010008223 0.0
0.228050519469824 -0.430802624141252 0.0
0.229633122253088 -0.369647731298352 0.0
0.231167433177818 -0.308533933997856 0.0
0.232631392191766 -0.247470100657798 0.0
0.23399411851296 -0.186462585275687 0.0
0.235215177144508 -0.125514794951917 0.0
0.236240879890415 -0.0646272826333613 0.0
0.236998245147055 -0.00379786122006801 0.0
0.237386869560137 0.0569770268964865 0.0
0.237269155003629 0.117699271269942 0.0
0.236460237210827 0.178361764716674 0.0
0.23472143016312 0.238936791653309 0.0
0.231780362724025 0.299360575437751 0.0
0.227473088989128 0.359557750070666 0.0
0.222021723341207 0.419672748120523 0.0
0.283184758520483 -0.676897410358785 0.0
0.284920658971464 -0.615610648155184 0.0
0.286582461289772 -0.554287122056316 0.0
0.288231801172987 -0.49294659668386 0.0
0.289879325181676 -0.431606499545056 0.0
0.291512193876205 -0.37028033295478 0.0
0.29310537690045 -0.308978391167929 0.0
0.294625045199242 -0.247708732075439 0.0
0.296028294900899 -0.186478300485974 0.0
0.297260370296461 -0.125293458083755 0.0
0.298249670131355 -0.064161109409977 0.0
0.298900978785141 -0.0030899243732489 0.0
0.299087305979362 0.0579073490231046 0.0
0.298641141347319 0.118810845159792 0.0
0.297347154728898 0.179588839937894 0.0
0.29494312898264 0.240194584433687 0.0
0.291150762904263 0.30057354728077 0.0
0.285762560125675 0.360714059103813 0.0
0.278719504540333 0.420742062968502 0.0
0.345327021878389 -0.677569371048742 0.0
0.346887177461906 -0.616166316077642 0.0
0.348484373682356 -0.554700889775367 0.0
0.350135728669541 -0.49319761912608 0.0
0.351822950455752 -0.4316740197497 0.0
0.353514589059745 -0.370141828873563 0.0
0.355172558916718 -0.308609458302678 0.0
0.356752104881653 -0.247083985988749 0.0
0.358199012253144 -0.185573057737833 0.0
0.359445076654959 -0.124086136602966 0.0
0.360402025695376 -0.0626362964445165 0.0
0.360954158527084 -0.00124198004990033 0.0
0.360950028619783 0.0600704988909878 0.0
0.360193962038483 0.121264427421513 0.0
0.358439532208878 0.182289500112723 0.0
0.355390849588066 0.243081655875428 0.0
0.350722013689439 0.303572192971189 0.0
0.344117299643505 0.363716243120653 0.0
0.335304167499334 0.4235312496127 0.0
0.407476840569981 -0.677622952631353 0.0
0.408887446841988 -0.616096674811277 0.0
0.410443321819385 -0.554478695070034 0.0
0.412112815474065 -0.492795811847133 0.0
0.413849671751189 -0.431063154680567 0.0
0.415606026030198 -0.369288786602098 0.0
0.417332714984539 -0.307477773261419 0.0
0.418975563628742 -0.245634967474168 0.0
0.420470282331228 -0.183767461917275 0.0
0.421736424935759 -0.121886365541623 0.0
0.422670310868734 -0.0600091805120621 0.0
0.423136953024166 0.00183775829213512 0.0
0.422961134604389 0.0636159505144808 0.0
0.421918237840482 0.12527114066812 0.0
0.419726403331507 0.186728706949289 0.0
0.416043259093285 0.247891338458753 0.0
0.410470362961642 0.308642114822366 0.0
0.40256235787923 0.368857480635063 0.0
0.391843657160034 0.428432929095128 0.0
0.469585148573261 -0.677142233975583 0.0
0.470885510666257 -0.615492637468122 0.0
0.472425894673783 -0.553717753408439 0.0
0.474127296152752 -0.491841957094006 0.0
0.475919814950294 -0.429874448205455 0.0
0.477742883932361 -0.367817091280581 0.0
0.479538890231918 -0.305669544291538 0.0
0.48124607234525 -0.243432390666525 0.0
0.482791477699349 -0.181109830998667 0.0
0.484083668198269 -0.118711820801385 0.0
0.485004721538937 -0.0562570937219775 0.0
0.485401329498114 0.00622329266215348 0.0
0.485074889644472 0.0686808113746617 0.0
0.483770806686452 0.131043076072569 0.0
0.481167526054834 0.193205109726327 0.0
0.476865884190934 0.255020934498682 0.0
0.470377380830084 0.316296835314433 0.0
0.461107598030068 0.3767887736289 0.0
0.448352556552829 0.436213384250237 0.0
0.531606449373456 -0.676263773810108 0.0
0.532844725499265 -0.614499748842283 0.0
0.534393428210414 -0.552570252058335 0.0
0.536134907438837 -0.49049068071163 0.0
0.537982988083548 -0.428260501378817 0.0
0.539869050696388 -0.365872974564376 0.0
0.541729834294825 -0.303320239477047 0.0
0.54349775926931 -0.240596077520975 0.0
0.545092478674516 -0.177698338831988 0.0
0.546412642415271 -0.114631103221079 0.0
0.547327095105253 -0.0514081855150992 0.0
0.547665068265067 0.0119421408965197 0.0
0.547204927841092 0.0753697130592501 0.0
0.545661063827198 0.138792032334368 0.0
0.542668090117133 0.202078532254954 0.0
0.537760571600918 0.265030225400356 0.0
0.530344259288881 0.327352982201415 0.0
0.519654846068533 0.388624631756364 0.0
0.504713886251932 0.448267741138768 0.0
0.593501262449548 -0.675188257106617 0.0
0.594725826438331 -0.613330338497276 0.0
0.596298441600952 -0.551254505951246 0.0
0.598079212395929 -0.488960478959931 0.0
0.599974828928453 -0.426435772077321 0.0
0.601913182539211 -0.363664079035202 0.0
0.603827660618797 -0.300628673409563 0.0
0.60564606115697 -0.237313810229896 0.0
0.607281349562621 -0.173706215179458 0.0
0.608622764336276 -0.109796690072381 0.0
0.609526250030885 -0.045583443640239 0.0
0.609803531267997 0.018922855416193 0.0
0.609208927523836 0.0836903911765127 0.0
0.607422603435209 0.14865255888212 0.0
0.604027801348462 0.213684734234194 0.0
0.598478104482508 0.278567184718865 0.0
0.590049203533419 0.342923171200708 0.0
0.577771438971534 0.406118660131455 0.0
0.560340979039751 0.467115743980176 0.0
0.655235779415837 -0.674198633607873 0.0
0.656481073720826 -0.612279431866931 0.0
0.65807864445855 -0.550065583806051 0.0
0.659887379199911 -0.487540175110691 0.0
0.661814774782243 -0.424681667080684 0.0
0.663788199160429 -0.361466482014305 0.0
0.665738638108916 -0.297868974002217 0.0
0.667589419922399 -0.233860855870771 0.0
0.669246625495246 -0.169411413392108 0.0
0.670589560407219 -0.104488014037874 0.0
0.671460123081842 -0.0390581820745312 0.0
0.671650059363359 0.0269069977636377 0.0
0.670884470740266 0.0934263076855397 0.0
0.668798799589179 0.160496995602775 0.0
0.664904104286207 0.228072223631237 0.0
0.658532246883481 0.296017759807183 0.0
0.648749595570658 0.364021588637585 0.0
0.634233559759148 0.431401009261594 0.0
0.613142985718628 0.49669045028308 0.0
