-0.519115725831039 -0.700006286606202 0.0
0.714867564720256 -0.734605272733428 0.0
-0.416621887683868 0.61237245798111 0.0
0.61237245798111 0.61237245798111 0.0
-0.457984684556358 -0.70268461678004 0.0
0.715559454509365 -0.673042909160964 0.0
0.582535094860662 0.556898760491709 0.0
-0.441033752189269 0.534090327390198 0.0
-0.396871108154801 -0.705207688693979 0.0
0.716805408410404 -0.611095850816502 0.0
0.535215098590791 0.524760275276663 0.0
-0.457780062833607 0.458760133772985 0.0
-0.33582090023224 -0.707850479458752 0.0
0.718387488312497 -0.548739749995248 0.0
0.483545411888998 0.506254012527801 0.0
-0.468779048813201 0.386059268092476 0.0
-0.274816989921917 -0.71077053057427 0.0
0.720177706443708 -0.485958690753107 0.0
0.430595210265594 0.495085109337976 0.0
-0.476291107805873 0.315587897129995 0.0
-0.213814532104053 -0.714016793591398 0.0
0.72208796200451 -0.422734074544845 0.0
0.37704742119945 0.488121856678154 0.0
-0.481661807125851 0.246900605285071 0.0
-0.152749203792063 -0.717544553851245 0.0
0.724046116078606 -0.359040072680736 0.0
0.323104346953578 0.483877682564987 0.0
-0.485682702313884 0.179631598834422 0.0
-0.0915517873284709 -0.721228327586908 0.0
0.725981426161848 -0.294841720574309 0.0
0.268889728593536 0.481610353621971 0.0
-0.48884165047761 0.113500988848887 0.0
-0.030163355282358 -0.724896198318594 0.0
0.727813603263557 -0.230093771395128 0.0
0.214527975385118 0.480964340129135 0.0
-0.491452348904481 0.0482970297153646 0.0
0.0314536436613773 -0.728366033329442 0.0
0.729442825154797 -0.164740279744179 0.0
0.160169271331794 0.481848356438501 0.0
-0.493724137662937 -0.0161408721878701 0.0
0.0933107730048777 -0.731472661067102 0.0
0.730739225018015 -0.0987138376441345 0.0
0.106189547709699 0.486494462185466 0.0
-0.495803330994157 -0.0799335959809612 0.0
0.155393692605992 -0.734083894183695 0.0
0.731530513324026 -0.0319352911932964 0.0
0.0511301307748128 0.484861322909869 0.0
-0.497803441725824 -0.143169946451815 0.0
0.217665844457961 -0.73610778844531 0.0
0.731586146487808 0.0356869362506625 0.0
-0.00441100974625155 0.482732848907821 0.0
-0.499849776519735 -0.205910222373843 0.0
0.280073264794503 -0.737494560222123 0.0
0.730595107917595 0.104257101202299 0.0
-0.0591555020425399 0.492398566143839 0.0
-0.502372355486154 -0.268187662154916 0.0
0.342549941333072 -0.738236395655846 0.0
0.728131697543546 0.173892013580295 0.0
-0.114213071158434 0.499474961919748 0.0
-0.503925870671212 -0.330375070455642 0.0
0.405022045903752 -0.738367683875928 0.0
0.723597934927887 0.244716768002225 0.0
-0.168307160144901 0.509344888287732 0.0
-0.505750106810163 -0.392482917097823 0.0
0.467412752470129 -0.737967391271335 0.0
0.716119790463815 0.316850187682265 0.0
-0.223450465207148 0.51497668943348 0.0
-0.508350041387526 -0.454305249138972 0.0
0.529647350992761 -0.737164461296826 0.0
0.704349890118601 0.390354932629164 0.0
-0.279268189441369 0.521580620343287 0.0
-0.511012783451509 -0.515921490529933 0.0
0.591659860957081 -0.736146770799436 0.0
0.686078007820209 0.465076699813241 0.0
-0.3322755359695 0.540258065431441 0.0
-0.513801843193869 -0.577383032241691 0.0
0.653403688906159 -0.735174791520913 0.0
0.657484299775685 0.540127324648291 0.0
-0.383911087637233 0.564070559898672 0.0
-0.516409010858091 -0.638730737577658 0.0
-0.455306489634772 -0.641384104412907 0.0
-0.452643804838015 -0.579971871102332 0.0
-0.449875947771415 -0.518405748116476 0.0
-0.447265067578131 -0.456746571687815 0.0
-0.444730370710284 -0.394995999391997 0.0
-0.44280916614733 -0.332969406965357 0.0
-0.441216667949172 -0.270505170661709 0.0
-0.438964204475829 -0.207704355806994 0.0
-0.436962475654375 -0.144631844639395 0.0
-0.435021533973185 -0.0812013919472564 0.0
-0.433031899991131 -0.0173381873098864 0.0
-0.430887331465092 0.0470259801339832 0.0
-0.428455534706982 0.111955424037494 0.0
-0.425555398388417 0.177504297192232 0.0
-0.421931939410166 0.243692795498487 0.0
-0.417230628374845 0.310447940607645 0.0
-0.410998374727229 0.37746343838274 0.0
-0.402842979627644 0.44389257622645 0.0
-0.393287081159193 0.507748435660137 0.0
-0.394163177806929 -0.643874592917305 0.0
-0.391434888674052 -0.582440761500358 0.0
-0.388725714164119 -0.520871011353048 0.0
-0.386168442513926 -0.459148903004404 0.0
-0.38384291672646 -0.397195470989663 0.0
-0.38196783888519 -0.335042565651389 0.0
-0.380231134999126 -0.272716906039315 0.0
-0.378250539918721 -0.210081162711236 0.0
-0.376403810034369 -0.147187159888786 0.0
-0.374618352525168 -0.0840289012628812 0.0
-0.372818292338177 -0.020601625917444 0.0
-0.370922030520308 0.0430818432267558 0.0
-0.368830442157588 0.106975942474445 0.0
-0.366417439743452 0.170979438616069 0.0
-0.363525133236958 0.234899128847307 0.0
-0.359970105604838 0.298403706435089 0.0
-0.355574027814346 0.360992691958655 0.0
-0.350229729153694 0.422076535991231 0.0
-0.343712852777576 0.48138845449375 0.0
-0.333031850417894 -0.646546543835371 0.0
-0.330272667904745 -0.585139641344156 0.0
-0.3276328395462 -0.523597625161753 0.0
-0.325206186144393 -0.461894893236141 0.0
-0.323058351874313 -0.400023806288661 0.0
-0.321228814378861 -0.338024282843543 0.0
-0.319509429006439 -0.275880010234964 0.0
-0.317741849686064 -0.213543505537416 0.0
-0.316080846329472 -0.1510591045883 0.0
-0.31449409403704 -0.0884616229625053 0.0
-0.312930447714641 -0.0257987178373367 0.0
-0.311330279530407 0.0368565295353652 0.0
-0.309620369752756 0.0993950634048567 0.0
-0.307706955154647 0.161663789779484 0.0
-0.3054681911385 0.223464760231164 0.0
-0.302747579781472 0.284575757687555 0.0
-0.299361201653518 0.344807814525112 0.0
-0.295158342967496 0.404097719034068 0.0
-0.290509194971425 0.46263332929228 0.0
-0.271918830833347 -0.64952094094217 0.0
-0.269158053464295 -0.588184901826605 0.0
-0.266611840037498 -0.526735691980921 0.0
-0.264327022245932 -0.465164712461977 0.0
-0.262322700013556 -0.403483912295365 0.0
-0.260571257319819 -0.341718507616391 0.0
-0.25893804867959 -0.279869623303078 0.0
-0.257349023077677 -0.217939305349078 0.0
-0.255864421491285 -0.155976676225294 0.0
-0.254463896377826 -0.0940351293454792 0.0
-0.253107761513261 -0.0321783769338103 0.0
-0.251743524832803 0.0295174229512111 0.0
-0.250300069190038 0.0909670303592189 0.0
-0.248677954593841 0.152088023064743 0.0
-0.246738956702387 0.212823715158785 0.0
-0.244303501940054 0.273180852986217 0.0
-0.24118082829482 0.333278052155812 0.0
-0.237317295029448 0.393400327928302 0.0
-0.233427034325815 0.453999556798592 0.0
-0.210805847251336 -0.652835951860786 0.0
-0.208068153812485 -0.591598101626422 0.0
-0.205625832513619 -0.530281144690107 0.0
-0.203475346011393 -0.468885007867464 0.0
-0.201595608789376 -0.407426774336971 0.0
-0.199933737082567 -0.345930588947888 0.0
-0.198398621554685 -0.284412422588846 0.0
-0.196947528754899 -0.222895485155551 0.0
-0.195598192329348 -0.161426345127929 0.0
-0.194331275687468 -0.100053770123129 0.0
-0.19311022528438 -0.0388265271837752 0.0
-0.191883343297292 0.0222114044482524 0.0
-0.190579000388564 0.0830300191521238 0.0
-0.189099983040917 0.143628044627184 0.0
-0.187322679342172 0.204051809115478 0.0
-0.185112627127798 0.26441752905237 0.0
-0.18238163707942 0.324930713274037 0.0
-0.17922773117898 0.385878339695234 0.0
-0.175769737077586 0.447435890027393 0.0
-0.149654988796273 -0.65643040679708 0.0
-0.14696292418154 -0.595291322316935 0.0
-0.144627525199335 -0.534106970077873 0.0
-0.14259803786672 -0.472880830899579 0.0
-0.140823186252625 -0.411631531074311 0.0
-0.139241295889194 -0.350383017024996 0.0
-0.137785878989477 -0.289157282890369 0.0
-0.136426171666407 -0.227981749987525 0.0
-0.13516087593362 -0.166893467986191 0.0
-0.133970887546676 -0.105927040675448 0.0
-0.132824155627361 -0.0451104399755976 0.0
-0.131676512829671 0.0155400559690367 0.0
-0.130470499556009 0.0760261694009536 0.0
-0.129136683454875 0.136374918981846 0.0
-0.12760346827814 0.196643462123282 0.0
-0.125825379769476 0.256917780356525 0.0
-0.123839069006774 0.31729151108684 0.0
-0.121771841314592 0.377793928648341 0.0
-0.119285137397756 0.438328576852901 0.0
-0.0884205879492642 -0.660164676811097 0.0
-0.0857982350429959 -0.599102980918928 0.0
-0.0835697427388845 -0.538023820029167 0.0
-0.0816448676350562 -0.476931625823661 0.0
-0.0799522490029504 -0.41584413077487 0.0
-0.0784290092668185 -0.35478352964535 0.0
-0.07702385959441 -0.293771938005115 0.0
-0.0757126207841518 -0.232834027244303 0.0
-0.0744878782225776 -0.171997113305011 0.0
-0.0733344801608213 -0.111284124759608 0.0
-0.0722297656441183 -0.050710516020211 0.0
-0.0711447502886211 0.00971862089364009 0.0
-0.0700460740673565 0.0700110189418994 0.0
-0.0689017669692892 0.130189220254581 0.0
-0.067694930620639 0.190289612220697 0.0
-0.0664484220873125 0.250357785600961 0.0
-0.0652447495852328 0.310437506852878 0.0
-0.0641514462505424 0.370576207258693 0.0
-0.0630429872409631 0.43099765655567 0.0
-0.0270608365304714 -0.663858937695388 0.0
-0.0245347008241868 -0.602841071520636 0.0
-0.0224123217973531 -0.541824549827162 0.0
-0.0205751513725583 -0.480813763701684 0.0
-0.018941502333507 -0.419824692293774 0.0
-0.0174522522690609 -0.358877118328216 0.0
-0.0160678377801989 -0.297991111029711 0.0
-0.0147705746726704 -0.237187375608276 0.0
-0.0135545755310411 -0.176486372853653 0.0
-0.0124122151295926 -0.11590437304359 0.0
-0.0113334805081663 -0.0554518897532553 0.0
-0.0103079235642361 0.00486731807162094 0.0
-0.00932876958279919 0.0650560462907641 0.0
-0.00840127219244527 0.125121960563389 0.0
-0.0075576703670402 0.185071343014965 0.0
-0.00687755245654783 0.244896473226265 0.0
-0.00649973655965738 0.304554308241922 0.0
-0.00663169802909897 0.363951071380174 0.0
-0.0079180821093331 0.422923039501788 0.0
0.034453264749146 -0.667329038639961 0.0
0.0368555352418869 -0.606317678188573 0.0
0.0388725190791797 -0.545316535714489 0.0
0.0406378874129395 -0.484330374025688 0.0
0.04223433764471 -0.42337380655223 0.0
0.0437130215176115 -0.362464453031528 0.0
0.0451022929863429 -0.301619925690341 0.0
0.0464120479894669 -0.240857183267297 0.0
0.0476423943118387 -0.180191540989879 0.0
0.0487914988286068 -0.119634168043339 0.0
0.0498559369116021 -0.0591908563467384 0.0
0.0508282189347661 0.00113932721429223 0.0
0.0516919892716181 0.0613652891517901 0.0
0.0524140357308184 0.121506003674705 0.0
0.052933124011613 0.181593069102963 0.0
0.0531491102949252 0.24167800073904 0.0
0.0529133495456645 0.301852375020676 0.0
0.0519483160208693 0.362291329787684 0.0
0.0490442127688267 0.423222231333616 0.0
0.096133372305513 -0.670411771132913 0.0
0.0983856649294174 -0.609371462360079 0.0
0.100298465137368 -0.548340719797703 0.0
0.102006686746722 -0.487325934358281 0.0
0.10358534369403 -0.426341286977852 0.0
0.105073781860939 -0.365402749254829 0.0
0.106488415755117 -0.304525496844603 0.0
0.107829894460474 -0.243722924922141 0.0
0.109089968837616 -0.183005711969515 0.0
0.110255863523044 -0.122379812278803 0.0
0.111309684655576 -0.0618448997885754 0.0
0.112225105771377 -0.00139196322307498 0.0
0.112961687935481 0.0589998815351989 0.0
0.113456521324512 0.119368590306632 0.0
0.113613603796035 0.179776093084923 0.0
0.113291628421985 0.240319638271929 0.0
0.112279612949345 0.301145208707594 0.0
0.11019580829673 0.36243203912242 0.0
0.106808749089406 0.42413947361263 0.0
0.157972720614085 -0.672978985013951 0.0
0.160053802022997 -0.611879162838436 0.0
0.16186559867279 -0.550779898087944 0.0
0.163530645594292 -0.489690775767598 0.0
0.165108473303707 -0.428626537222877 0.0
0.166623272019642 -0.367602046845833 0.0
0.168078407694195 -0.306630376792739 0.0
0.169463904510336 -0.245722039441826 0.0
0.17076116192613 -0.184884435618453 0.0
0.171944611364168 -0.124120454865781 0.0
0.172979630232026 -0.063427396151402 0.0
0.173817803515143 -0.00279535288009248 0.0
0.174389686611363 0.0577940971399414 0.0
0.174594934373358 0.118368669839363 0.0
0.174290082743842 0.178962366071123 0.0
0.173273868146848 0.239605216850104 0.0
0.171268516488061 0.300291367300546 0.0
0.167986749570058 0.360892321698673 0.0
0.163782267559032 0.421188702033507 0.0
0.21994827603334 -0.674943414822391 0.0
0.221845177055339 -0.613759542614038 0.0
0.223562874542256 -0.552560375807103 0.0
0.225198900037214 -0.491360102213124 0.0
0.226790815856368 -0.430174721266241 0.0
0.228345153041111 -0.369018398676898 0.0
0.229851397362534 -0.307902656192537 0.0
0.231288029615015 -0.246836325465227 0.0
0.232624813780496 -0.185825765527308 0.0
0.233822093751754 -0.124874428910878 0.0
0.234827151801963 -0.0639829484921614 0.0
0.235568249613807 -0.00314923118813045 0.0
0.235946595264485 0.0576302242403528 0.0
0.235826649459947 0.118357393892477 0.0
0.235026060067671 0.179025574948531 0.0
0.233308966226241 0.239607999517647 0.0
0.230405654336211 0.30004252976851 0.0
0.226152964652731 0.360255395211995 0.0
0.220767039537029 0.420389022747013 0.0
0.28202424747434 -0.676259722536821 0.0
0.283735234833623 -0.614973330634544 0.0
0.285370939897824 -0.553650443067153 0.0
0.28699300165148 -0.492310567563244 0.0
0.288612416109673 -0.430970939497961 0.0
0.290216857357895 -0.369644928993655 0.0
0.291781905801161 -0.308342744719245 0.0
0.293274432004621 -0.247072392159066 0.0
0.294652342332393 -0.185840784819577 0.0
0.295861843718148 -0.124654260884307 0.0
0.296832508351666 -0.063519688850583 0.0
0.297470572461094 -0.00244565490990769 0.0
0.29765083771187 0.0585552822394223 0.0
0.297207951867038 0.119463633800281 0.0
0.295929058527024 0.180248327099272 0.0
0.293554543434017 0.240863574249762 0.0
0.289808349894472 0.301255943804351 0.0
0.284483531224715 0.36141426494303 0.0
0.277518091588393 0.421462735626305 0.0
0.344156608168638 -0.676923991261997 0.0
0.345693333272481 -0.615522356455936 0.0
0.347264992167302 -0.554058818117313 0.0
0.34888911917334 -0.492557614585961 0.0
0.35054805265813 -0.431036066882654 0.0
0.352211054956484 -0.369505786149342 0.0
0.353840810207063 -0.307975099262533 0.0
0.355393409821763 -0.246451017389736 0.0
0.356815601238614 -0.184941117411981 0.0
0.358040307014088 -0.123454770038818 0.0
0.358980601963229 -0.0620049062774645 0.0
0.359522406088809 -0.000609738488012828 0.0
0.359516204950709 0.0607047862625067 0.0
0.358768569091194 0.121902512745657 0.0
0.357035568400992 0.182933930446469 0.0
0.354023894683968 0.243736016906177 0.0
0.349409903255318 0.304241244888942 0.0
0.342878980116741 0.36440562968481 0.0
0.33415768721494 0.424246433744413 0.0
0.406296867427558 -0.676974216643652 0.0
0.407685193184368 -0.615450409025314 0.0
0.409215840237113 -0.553835588005056 0.0
0.410857996981434 -0.492156257437805 0.0
0.412566297501398 -0.43042737518977 0.0
0.414293763963957 -0.368656904538754 0.0
0.415992140941861 -0.306849843366707 0.0
0.417608229326766 -0.245010978502956 0.0
0.41907883660946 -0.183147312385734 0.0
0.420324789598444 -0.121269812631727 0.0
0.421243909516215 -0.0593957565009364 0.0
0.421702984347061 0.00244887112949335 0.0
0.421528871777762 0.0642260970589314 0.0
0.420499321801276 0.125882430454734 0.0
0.41833507924894 0.187344313382906 0.0
0.414696466887003 0.248515840757178 0.0
0.409187531133998 0.309281798132508 0.0
0.401364774266184 0.369520393841782 0.0
0.390753638500044 0.429128440952715 0.0
0.468396371610099 -0.676493543742196 0.0
0.469675179004912 -0.614847421292688 0.0
0.471190377801608 -0.553076954471342 0.0
0.472864190557293 -0.491206263830195 0.0
0.474627821903103 -0.42924443569499 0.0
0.47642173073363 -0.367193288361472 0.0
0.478189324949658 -0.305052453214696 0.0
0.479869929456079 -0.242822473048316 0.0
0.481391808860795 -0.180507464643158 0.0
0.482664931971899 -0.118117225213411 0.0
0.483573025204881 -0.0556702158477101 0.0
0.483964711422981 0.00680294617389945 0.0
0.483643624099105 0.0692544136574323 0.0
0.482357702858556 0.131612811482038 0.0
0.479788178284568 0.193774613815775 0.0
0.475538808747737 0.255595838003706 0.0
0.469123972379179 0.316885359720454 0.0
0.459951951911707 0.377402281842024 0.0
0.447321422155822 0.436866801073238 0.0
0.530409973813861 -0.675617231151431 0.0
0.531626948897086 -0.61385756664783 0.0
0.533150269522634 -0.551933692656614 0.0
0.534863813052289 -0.489860852728645 0.0
0.536682658300679 -0.427638496191154 0.0
0.53853931015059 -0.36525991875403 0.0
0.540371615764612 -0.302717299843132 0.0
0.542113176842332 -0.24000443458458 0.0
0.543684974821388 -0.177119132594488 0.0
0.544987197651137 -0.114065346357373 0.0
0.545890490788707 -0.0508566309933063 0.0
0.546226190923805 0.0124791988019737 0.0
0.545775100012276 0.0758927347974478 0.0
0.544254379646515 0.139302666118294 0.0
0.541301723431016 0.202580232297326 0.0
0.536455010331769 0.265529103208686 0.0
0.529123424188414 0.327858931285664 0.0
0.518546122432095 0.389152774598656 0.0
0.5037483385824 0.448840280199964 0.0
0.592298467556655 -0.674544171278313 0.0
0.593501545725934 -0.612691282260279 0.0
0.595048425178831 -0.550622187018679 0.0
0.596800897047934 -0.488336611348797 0.0
0.598666980112929 -0.425822178748908 0.0
0.600575748206219 -0.363062717641306 0.0
0.602461764148342 -0.300041626623046 0.0
0.604254094751049 -0.236743255551874 0.0
0.605867147287353 -0.173154375070825 0.0
0.607191842008809 -0.109265754452895 0.0
0.608086103841638 -0.0450754483614968 0.0
0.608363988367504 0.0194062197250257 0.0
0.60778254360463 0.0841480788293629 0.0
0.606025102454912 0.149084635586925 0.0
0.602678548063511 0.214093100147096 0.0
0.597200578138439 0.278956694840863 0.0
0.588871374602864 0.343303381717149 0.0
0.57672579419462 0.406506559149145 0.0
0.559463875112033 0.467540024869517 0.0
0.654028274365603 -0.673554834925777 0.0
0.655251621771599 -0.611641006988014 0.0
0.6568230827199 -0.549434914783563 0.0
0.658603236566535 -0.486919850791578 0.0
0.660500913698603 -0.424074507399761 0.0
0.662444694219168 -0.360875529658267 0.0
0.664366799285528 -0.297297481290097 0.0
0.666191918802718 -0.23331226993262 0.0
0.667827705587228 -0.168889353428595 0.0
0.669155322944594 -0.103996229721109 0.0
0.670018887696222 -0.0386004765624621 0.0
0.670212806633738 0.0273269041992524 0.0
0.669465387074702 0.093805011144771 0.0
0.667415964671923 0.160831801652127 0.0
0.663580385827731 0.228361814081234 0.0
0.657296472238859 0.29626335168722 0.0
0.647637965355338 0.364229018903913 0.0
0.633290759914601 0.431584572872559 0.0
0.612420882091306 0.496880017313836 0.0
