-0.614938275193603 -0.65411289680765 0.0
0.612367836895397 -0.662831428820102 0.0
-0.559026175737381 0.61237245798111 0.0
0.61237245798111 0.61237245798111 0.0
-0.553724575620117 -0.654743368341553 0.0
0.612617642884505 -0.601531526392555 0.0
0.553108920262289 0.589780267432305 0.0
-0.576177726348785 0.54379158148175 0.0
-0.492524492378369 -0.655294088523603 0.0
0.613027272533525 -0.540149188372888 0.0
0.492775363875215 0.579026213111632 0.0
-0.585910721513626 0.475959553629774 0.0
-0.431347350078474 -0.655911263860001 0.0
0.613567630217232 -0.478671634529758 0.0
0.432633869451634 0.572767228607327 0.0
-0.592163879418522 0.409369208325753 0.0
-0.370179160483027 -0.656639423601657 0.0
0.614228157892868 -0.417086746426203 0.0
0.372623975989183 0.568807630677589 0.0
-0.59653215897703 0.343829383844086 0.0
-0.309002047062395 -0.657480474225703 0.0
0.615007353102284 -0.355380081134956 0.0
0.312680026535975 0.566208964784319 0.0
-0.599760325600939 0.279106940112652 0.0
-0.247795381815876 -0.65840813602225 0.0
0.615907054565352 -0.293533663014529 0.0
0.252780762439381 0.564496920219338 0.0
-0.602239574009625 0.215018797631067 0.0
-0.186540606552142 -0.659374130273835 0.0
0.616928344877678 -0.231525521029943 0.0
0.192934880403547 0.563413162754542 0.0
-0.60419650050333 0.151432082111596 0.0
-0.125225126455383 -0.660321750730039 0.0
0.618068062251871 -0.169329279734154 0.0
0.133171193809496 0.562821312891914 0.0
-0.605773508345024 0.0882514362570579 0.0
-0.0638442568678778 -0.661197725134572 0.0
0.619315430999016 -0.106914215007251 0.0
0.0735356836709802 0.562682725352389 0.0
-0.607066856192259 0.0254078925191768 0.0
-0.00240075002893728 -0.661959354636739 0.0
0.620648673257267 -0.0442448528617111 0.0
0.0140935110743982 0.563195677578683 0.0
-0.608146946006401 -0.0371479366986551 0.0
0.0590963509616329 -0.662577365238085 0.0
0.622031605740991 0.018719171699734 0.0
-0.045204166387237 0.562589171142842 0.0
-0.609072499246075 -0.0994503624936443 0.0
0.120633585428687 -0.663036006652626 0.0
0.62341033512224 0.0820241187254108 0.0
-0.104562169689049 0.562215485044113 0.0
-0.609913598738609 -0.161520695956403 0.0
0.182194581067409 -0.66333185642626 0.0
0.624709872775922 0.145723889413668 0.0
-0.163855748991084 0.564408523301478 0.0
-0.610899130007007 -0.223372830636048 0.0
0.243761658778456 -0.663472438520104 0.0
0.625829760643933 0.209884031611477 0.0
-0.222735545025341 0.5662639434582 0.0
-0.611227700743839 -0.285159020316748 0.0
0.305316391620292 -0.663475390779981 0.0
0.626635863349179 0.274588068972283 0.0
-0.281039261954874 0.568977564818034 0.0
-0.611625389172014 -0.346919419453939 0.0
0.366840777088502 -0.663368579638715 0.0
0.62694164576611 0.339949496957234 0.0
-0.338612319505874 0.569681682028531 0.0
-0.612369000708127 -0.408549872442189 0.0
0.428318302687527 -0.663191218897634 0.0
0.626462893988367 0.40613063773168 0.0
-0.39601661705373 0.571535328259954 0.0
-0.613053585797149 -0.470059052943543 0.0
0.489735363009913 -0.662995657555782 0.0
0.624705547134267 0.473369197709423 0.0
-0.452873917198664 0.579767901183888 0.0
-0.613760126165027 -0.531471403448687 0.0
0.551084403191015 -0.662848896470656 0.0
0.620682257611022 0.541999800362098 0.0
-0.50879133695489 0.588624351049205 0.0
-0.614324413962316 -0.592816761565829 0.0
-0.553120468031483 -0.593444508922524 0.0
-0.552533923932847 -0.532082730021171 0.0
-0.551850634063851 -0.470643519984707 0.0
-0.551187587704713 -0.409158418771737 0.0
-0.550481903267286 -0.347629019333104 0.0
-0.550034347323003 -0.285980635907101 0.0
-0.549663287596368 -0.22412009890169 0.0
-0.548803935671116 -0.162074465284789 0.0
-0.54797640631946 -0.0999222721332969 0.0
-0.547068995854068 -0.0376222956506074 0.0
-0.546020623998403 0.0248563520619262 0.0
-0.544776296707896 0.087538049425623 0.0
-0.543272509077752 0.150442061217431 0.0
-0.541426275854437 0.213579225606045 0.0
-0.539120770956186 0.276939969507017 0.0
-0.53618177406734 0.340467842734817 0.0
-0.532335959138514 0.40400209420457 0.0
-0.527134652135868 0.467162215129783 0.0
-0.519809148868905 0.529151784471829 0.0
-0.491912761796146 -0.593990515469028 0.0
-0.491290069904933 -0.53264040832959 0.0
-0.490631894538365 -0.471223074378573 0.0
-0.489985445320163 -0.409734906304658 0.0
-0.489380402257677 -0.348138882645878 0.0
-0.488931984841921 -0.286461967971276 0.0
-0.488451867639932 -0.22471553150857 0.0
-0.487717885700904 -0.162822582406109 0.0
-0.486945005509859 -0.100825420210469 0.0
-0.4860864703367 -0.0387257990766533 0.0
-0.48509667354418 0.0234739013270809 0.0
-0.483928911162692 0.085762492971586 0.0
-0.482528147496933 0.148113656954026 0.0
-0.480822540975396 0.210477688274112 0.0
-0.478710632332875 0.272769366582166 0.0
-0.476038697114024 0.334856213046952 0.0
-0.472558460467171 0.396559071153471 0.0
-0.467854263898166 0.457707025603772 0.0
-0.461293844852669 0.518371548291891 0.0
-0.430702045605304 -0.594626026583364 0.0
-0.430060422676108 -0.533295251804092 0.0
-0.429426330153423 -0.471903073715329 0.0
-0.42882885913404 -0.410440268309727 0.0
-0.428292587772881 -0.348906631114526 0.0
-0.427832117778895 -0.287327891662321 0.0
-0.427320918387807 -0.225693417982072 0.0
-0.426662904481838 -0.163974034960168 0.0
-0.425941911788821 -0.102197506680632 0.0
-0.425131020873133 -0.0403808819320957 0.0
-0.424192808066022 0.0214546153482256 0.0
-0.42308415921943 0.0832779816425098 0.0
-0.421751415040983 0.145044682688598 0.0
-0.420122173981384 0.206694684683937 0.0
-0.418092917025191 0.26815314605173 0.0
-0.415512086840785 0.32933994787949 0.0
-0.412168769857779 0.390195343300118 0.0
-0.407854893027243 0.450736969848799 0.0
-0.40287350999941 0.511189510716031 0.0
-0.369490844628161 -0.595376335923467 0.0
-0.368842351195648 -0.534077840455484 0.0
-0.368237514533404 -0.472732222077306 0.0
-0.367685513007596 -0.411337697415674 0.0
-0.36718869735516 -0.349902158419661 0.0
-0.366725171055173 -0.288439049074339 0.0
-0.366211228353351 -0.226944396947705 0.0
-0.365597227132558 -0.165413389604718 0.0
-0.364909143407132 -0.103868773586135 0.0
-0.364123721699245 -0.0423317920179397 0.0
-0.36320560997012 0.0191734572692712 0.0
-0.36211075204206 0.0806188301830183 0.0
-0.360782340213047 0.14197343641646 0.0
-0.359143986538093 0.20320880697584 0.0
-0.357091946197882 0.264308822039227 0.0
-0.354493237139639 0.325289295839077 0.0
-0.351219544415516 0.386231857315865 0.0
-0.347337311007392 0.447339265634797 0.0
-0.343976694559713 0.508967358965554 0.0
-0.308272264002221 -0.596242053381876 0.0
-0.307624855736707 -0.53498329514439 0.0
-0.307047464289091 -0.473695144681573 0.0
-0.306529566912503 -0.412378509849577 0.0
-0.306055367731565 -0.351041285707019 0.0
-0.305590406206835 -0.289692724644437 0.0
-0.305076113849806 -0.22833458647184 0.0
-0.304479256008937 -0.16697147069497 0.0
-0.303798913750206 -0.105621059210054 0.0
-0.303010567492374 -0.044300396399807 0.0
-0.302078921614584 0.0169742709580744 0.0
-0.300959534841398 0.0781891779272604 0.0
-0.299596433847894 0.139336781554059 0.0
-0.297919375584225 0.200422828666853 0.0
-0.295845366071228 0.261476574752782 0.0
-0.293297570278248 0.322566646214392 0.0
-0.290280670320131 0.383819653396385 0.0
-0.287106604165833 0.445414455057856 0.0
-0.284554109916152 0.507339426033197 0.0
-0.24703414583613 -0.597191968310663 0.0
-0.246393350618208 -0.535970467736135 0.0
-0.245839120413436 -0.474735109002056 0.0
-0.245344003261962 -0.413486991364672 0.0
-0.244879741165029 -0.352232631861806 0.0
-0.244408501903118 -0.290978991674957 0.0
-0.243885691769624 -0.22972995470225 0.0
-0.24328365532177 -0.168491724553972 0.0
-0.242588872177856 -0.10727601489272 0.0
-0.241775712958896 -0.0460928345563627 0.0
-0.240810415542251 0.0150509790706058 0.0
-0.239652282294366 0.0761539252302953 0.0
-0.238253855999045 0.13722286446626 0.0
-0.236563500279907 0.198277513480348 0.0
-0.234536695506147 0.259354591133696 0.0
-0.232170149049232 0.3205100671902 0.0
-0.229582299791458 0.381806097326698 0.0
-0.227098018950476 0.443238292216175 0.0
-0.224905346310703 0.504617354906859 0.0
-0.185764290743407 -0.598173806709975 0.0
-0.185135419645439 -0.53697982072857 0.0
-0.184600032335094 -0.475783471949422 0.0
-0.18411778347894 -0.4145851041311 0.0
-0.183652988381752 -0.353389373662729 0.0
-0.183168085322807 -0.292201240819472 0.0
-0.182626515540208 -0.231024339937289 0.0
-0.182002945940527 -0.169863403062046 0.0
-0.181278684398473 -0.108724916380136 0.0
-0.180428839527825 -0.0476130904716382 0.0
-0.179423541716665 0.0134714272886787 0.0
-0.17822956760006 0.0745330733155163 0.0
-0.176812963176219 0.135582862782334 0.0
-0.175145805905414 0.196640169679215 0.0
-0.173222813277374 0.257732419468508 0.0
-0.171095693670301 0.318890560977209 0.0
-0.168918846171404 0.380130711198 0.0
-0.166930490624326 0.441427141281891 0.0
-0.165363697752609 0.502806388110398 0.0
-0.124453831802177 -0.599129213610569 0.0
-0.12384269716617 -0.537949998387361 0.0
-0.123322750030895 -0.476775429763441 0.0
-0.122845411891134 -0.415604952355427 0.0
-0.122371662117041 -0.354441462522688 0.0
-0.121865918098333 -0.293288133639015 0.0
-0.121296905686806 -0.23214744590605 0.0
-0.120641139893462 -0.171022068535421 0.0
-0.119878882316344 -0.109914775442359 0.0
-0.118987744486752 -0.0488261377505525 0.0
-0.117943451563857 0.0122462475910692 0.0
-0.116722204218344 0.0733085964687449 0.0
-0.115305175803928 0.134371308387393 0.0
-0.113687713915159 0.19544899708365 0.0
-0.111896881286596 0.256557533534107 0.0
-0.110017994954474 0.317706409944336 0.0
-0.108216259504483 0.378883372471035 0.0
-0.106740109384417 0.440045975583698 0.0
-0.105953387388359 0.501111545756222 0.0
-0.0630989615940184 -0.600005160200963 0.0
-0.0625116180577064 -0.538828053711437 0.0
-0.0620047708339403 -0.477658394144912 0.0
-0.0615263001469013 -0.416495092736404 0.0
-0.061037124049379 -0.355339725567935 0.0
-0.0605046960686618 -0.294194030312668 0.0
-0.0599019405687801 -0.233059207348315 0.0
-0.0592075763228639 -0.171936083092135 0.0
-0.0584031339219076 -0.110824893497239 0.0
-0.0574699260020154 -0.049723864056001 0.0
-0.0563901544042803 0.0113712673007549 0.0
-0.0551499970288709 0.0724679034385903 0.0
-0.0537452246400965 0.133576832424376 0.0
-0.0521909986630619 0.194712379941546 0.0
-0.0505370200047974 0.255890543570551 0.0
-0.048885204517167 0.31712610511591 0.0
-0.0474029344909618 0.378430881279801 0.0
-0.0463379623584514 0.43981798108131 0.0
-0.0462558680576583 0.501313726035292 0.0
-0.00170083474928726 -0.600760201106891 0.0
-0.00114283617880597 -0.539574311986844 0.0
-0.000647421471046261 -0.478395119039659 0.0
-0.000163258590888476 -0.417221572100219 0.0
0.00034619183805008 -0.356054444457565 0.0
0.000909645229759137 -0.294894400312839 0.0
0.00155029001002999 -0.233741487310531 0.0
0.00228669837574466 -0.172595017735065 0.0
0.00313471070283426 -0.111453399381845 0.0
0.00410847287209406 -0.0503131590140295 0.0
0.00521870615590787 0.0108314074370266 0.0
0.00646894616227561 0.0719888864470782 0.0
0.00784928769041542 0.133171066393187 0.0
0.00932685072589542 0.194393333063987 0.0
0.0108332170105565 0.255673599216548 0.0
0.0122515186646944 0.31703135560746 0.0
0.0134058495456208 0.378486439875438 0.0
0.0140339719736517 0.440054646776906 0.0
0.0138710081787888 0.501666936793849 0.0
0.0597349431241644 -0.601366636980417 0.0
0.0602594341030282 -0.540163472997332 0.0
0.0607450306029749 -0.478963481270385 0.0
0.0612385193362932 -0.417766197552241 0.0
0.0617718792716077 -0.356572022130178 0.0
0.0623693890023575 -0.295380841261006 0.0
0.0630503574836183 -0.234191756842935 0.0
0.0638301965917187 -0.173002946524732 0.0
0.0647212503600863 -0.111811644135267 0.0
0.0657324633052106 -0.0506134956170146 0.0
0.0668669497221482 0.0105975413585008 0.0
0.0681176400753863 0.0718295176115926 0.0
0.0694607093317488 0.133092214781865 0.0
0.0708466398120915 0.194396469714921 0.0
0.0721897777985876 0.255751219118457 0.0
0.0733588763511278 0.317158727957217 0.0
0.0741713147943286 0.378604696260885 0.0
0.0744213145189676 0.440031961789778 0.0
0.0741222623425146 0.501329272094013 0.0
0.121199578798468 -0.601810208868963 0.0
0.121688607706431 -0.540583669919374 0.0
0.122166548666144 -0.479354750047523 0.0
0.122672565966381 -0.418123942819534 0.0
0.123232636915073 -0.356891530493214 0.0
0.123866235996797 -0.295656816469992 0.0
0.124588773823856 -0.234418178918925 0.0
0.125412216020321 -0.173173075891648 0.0
0.126344918290274 -0.111918255248982 0.0
0.127390267642531 -0.0506494511557993 0.0
0.12854364150185 0.0106383436055799 0.0
0.129787705691097 0.0719506910522058 0.0
0.131085997322835 0.133292711156305 0.0
0.132375163195246 0.194667511672216 0.0
0.133557244094148 0.256072400855455 0.0
0.134495247342856 0.317494041402585 0.0
0.135022156709131 0.378901385592024 0.0
0.134998085203297 0.440246147877736 0.0
0.134386990404751 0.501530430345299 0.0
0.182682156676114 -0.602088741056644 0.0
0.183136594329941 -0.540834835206175 0.0
0.183610009616207 -0.479571577781102 0.0
0.184131651804166 -0.418300503028216 0.0
0.184720685667564 -0.357021790999117 0.0
0.185391738207907 -0.295734203080928 0.0
0.186156448447248 -0.23443552232548 0.0
0.187023296208335 -0.17312278027348 0.0
0.187996532763085 -0.111792715396897 0.0
0.189074045588654 -0.050441777858669 0.0
0.190243889201861 0.0109332629109985 0.0
0.191479517734264 0.0723347594875505 0.0
0.192733885514224 0.133762845330019 0.0
0.193933116054754 0.19521377169458 0.0
0.194971412359938 0.256676731517336 0.0
0.195711253490589 0.318131170036635 0.0
0.195998030548254 0.379546549752941 0.0
0.195692968142467 0.440896077123161 0.0
0.194699748026535 0.502179107568546 0.0
0.244170991653126 -0.60221078375399 0.0
0.244594859988806 -0.540927327518771 0.0
0.245067965080924 -0.479626535720629 0.0
0.245608300131294 -0.418310681051863 0.0
0.246228116383505 -0.356979573015273 0.0
0.246937531770722 -0.295631262567243 0.0
0.247744761898598 -0.234262865231308 0.0
0.248655020576291 -0.172871004669404 0.0
0.249668666237201 -0.111452483184306 0.0
0.250778494064497 -0.0500045232415212 0.0
0.251966011576635 0.0114743860295701 0.0
0.253196786033366 0.0729837175855656 0.0
0.254415158556003 0.134519459810441 0.0
0.255539132475161 0.19607261507624 0.0
0.256457066639671 0.257626679130791 0.0
0.25702938550784 0.319156562980841 0.0
0.257098601420605 0.380630870606321 0.0
0.25650613958886 0.442019937218114 0.0
0.255103877697579 0.503307552889349 0.0
0.305654044370206 -0.602194951854811 0.0
0.306054437470475 -0.540881444042789 0.0
0.30653225874228 -0.479541742994728 0.0
0.307094107996262 -0.418178117798719 0.0
0.307745981792657 -0.356789461976211 0.0
0.308494199624568 -0.295372726915792 0.0
0.309344114521401 -0.233924038439532 0.0
0.310298107471774 -0.172439297457925 0.0
0.311353093987778 -0.110915005626038 0.0
0.312497410231466 -0.0493486817975462 0.0
0.313706961545652 0.0122601060961965 0.0
0.314940759436275 0.0739087909812465 0.0
0.316136173671308 0.135590220937004 0.0
0.317204628491483 0.197291112616766 0.0
0.3180288978556 0.258989648331405 0.0
0.318463487411255 0.320654632472986 0.0
0.318338447638345 0.382246730889965 0.0
0.317463667072826 0.4437232681647 0.0
0.31563374331865 0.505047380159393 0.0
0.367119878122586 -0.602070340035166 0.0
0.367506313734777 -0.540728132660462 0.0
0.367993972876507 -0.479349836040464 0.0
0.368579405820506 -0.417936578490346 0.0
0.369263720884324 -0.356485600362512 0.0
0.370050430520399 -0.294992177270056 0.0
0.370942735637484 -0.233450864488372 0.0
0.371940764959504 -0.171856170947595 0.0
0.373038601045707 -0.110203474814629 0.0
0.374220903445655 -0.0484895642776442 0.0
0.37545902755991 0.0132861649210456 0.0
0.37670677647961 0.0751205449831784 0.0
0.377896062445693 0.137004771664147 0.0
0.378932959740794 0.198922490364299 0.0
0.379694543896044 0.260846851435741 0.0
0.380026450329009 0.322738602837785 0.0
0.379739311665624 0.384545139107391 0.0
0.378600800236169 0.446201609218962 0.0
0.376327691292608 0.507637838649969 0.0
0.428558139215223 -0.601878062921333 0.0
0.42894114124177 -0.540510862443515 0.0
0.429442747470343 -0.479096167219412 0.0
0.430052379435944 -0.41763266548974 0.0
0.430768092829998 -0.356115166262283 0.0
0.431591702796432 -0.294536539012321 0.0
0.4325250341318 -0.232888926194707 0.0
0.433566619780733 -0.171164375450414 0.0
0.434708414300347 -0.10935574566383 0.0
0.435932286929852 -0.0474572879119005 0.0
0.437206198148678 0.0145340515099798 0.0
0.438480185582011 0.076617269445696 0.0
0.439682321573339 0.138785091061996 0.0
0.440714760130658 0.2010214221848 0.0
0.441449413842834 0.263297180437404 0.0
0.441721662786921 0.325565988157038 0.0
0.441318219772799 0.387758711215757 0.0
0.439953768879682 0.449777331695432 0.0
0.437235433451541 0.51149304213071 0.0
0.489959524752948 -0.601673580884079 0.0
0.490348312990615 -0.540288178841653 0.0
0.490865690503203 -0.478841758134879 0.0
0.491497939495221 -0.417329593291748 0.0
0.492241907798865 -0.355743282401032 0.0
0.493098791693569 -0.29407248038752 0.0
0.494069774266717 -0.232305848760164 0.0
0.495152429114006 -0.170431452021119 0.0
0.496337294016259 -0.108437486461718 0.0
0.497604358506252 -0.0463127344074874 0.0
0.498919380363356 0.0159522192797471 0.0
0.500230138982568 0.0783636625818189 0.0
0.50146264748586 0.14092245251167 0.0
0.502517043420864 0.203621027780374 0.0
0.50326182688782 0.266437883620306 0.0
0.503523296052793 0.329329788190177 0.0
0.50306366403751 0.392218447973122 0.0
0.501537007124504 0.454968370492639 0.0
0.498406381377052 0.517354825617675 0.0
0.5513157933811 -0.601528836609214 0.0
0.551715398117719 -0.540135869526928 0.0
0.552247123008274 -0.478666459364665 0.0
0.55289746340835 -0.417111462503572 0.0
0.553663711505585 -0.355458835994855 0.0
0.554547284131651 -0.293694436090965 0.0
0.555549247059648 -0.231802273183341 0.0
0.556666693405969 -0.169764439587168 0.0
0.557889329287976 -0.107561482468552 0.0
0.559196040572408 -0.0451724970779185 0.0
0.560551393091014 0.0174241298529847 0.0
0.561902173072389 0.0802500881712622 0.0
0.563173873405102 0.14332584198982 0.0
0.564266500300652 0.206668956626203 0.0
0.565047593235444 0.270289872063893 0.0
0.565337743599353 0.334184143121514 0.0
0.564878600331104 0.398313920384798 0.0
0.563263442801231 0.462563800286112 0.0
0.559789635877539 0.526635787429384 0.0
