-0.55789900597514 -0.673245799765518 0.0
0.674580396472702 -0.718887795580033 0.0
-0.526896274089813 0.61237245798111 0.0
0.61237245798111 0.61237245798111 0.0
-0.496788956105028 -0.676398613526899 0.0
0.674959765765471 -0.657172613083224 0.0
0.557024870088133 0.570632431791865 0.0
-0.514563342910248 0.536112424153068 0.0
-0.435703655835634 -0.679379035109415 0.0
0.675865122153166 -0.594926968589858 0.0
0.497783676090948 0.545185012692199 0.0
-0.514133142352385 0.464294405997592 0.0
-0.374684875023079 -0.682393790033096 0.0
0.676861472531309 -0.53216277618734 0.0
0.438113543390348 0.527694313433832 0.0
-0.514877030734672 0.395320143567877 0.0
-0.313738784099025 -0.685561652199304 0.0
0.677651502310061 -0.468918819580916 0.0
0.378490690657474 0.514783093079921 0.0
-0.515594171576387 0.328256791212093 0.0
-0.252856497164821 -0.688967687607017 0.0
0.677988217135 -0.405253600701807 0.0
0.318961961525628 0.504843622149915 0.0
-0.516376577208464 0.262571876717854 0.0
-0.192012008439977 -0.69266771632589 0.0
0.677657047158995 -0.341246506814605 0.0
0.259515604494552 0.497004569235419 0.0
-0.517479620397305 0.197898655661211 0.0
-0.131164524538149 -0.696683239018192 0.0
0.676503395268654 -0.276994718480652 0.0
0.200147381161314 0.490745978096182 0.0
-0.519099964814224 0.133956687148681 0.0
-0.0702609906807567 -0.701007024354246 0.0
0.674497936897267 -0.212592523295284 0.0
0.140875065700063 0.485751300463712 0.0
-0.521291642669299 0.0705303279918377 0.0
-0.00923543607697613 -0.705600889640273 0.0
0.671804092450033 -0.148087716722223 0.0
0.0817432994991621 0.481879777649281 0.0
-0.523949809672756 0.00746921715852569 0.0
0.0519956126193173 -0.710362046204253 0.0
0.668763713575099 -0.0834355041241949 0.0
0.0228188223014474 0.479351583680255 0.0
-0.52687818648323 -0.0553103333861889 0.0
0.113532798642325 -0.71504372062575 0.0
0.66573659477374 -0.0184972222170168 0.0
-0.0357939714828553 0.476311593963157 0.0
-0.529905288872008 -0.117837392578615 0.0
0.175462563375528 -0.719235001497762 0.0
0.662895191916664 0.0469073008665658 0.0
-0.0946192547085056 0.474629719351012 0.0
-0.532976787613367 -0.180107501092517 0.0
0.237797299082966 -0.722502895704844 0.0
0.660177526570838 0.112952372353044 0.0
-0.153443956352898 0.477190746756406 0.0
-0.536307369114899 -0.242100589045921 0.0
0.300449028993451 -0.724572923678852 0.0
0.657380190204932 0.179803500290585 0.0
-0.212000928912003 0.48090931631947 0.0
-0.538840335686001 -0.304010487563206 0.0
0.363260964634122 -0.725394863576421 0.0
0.654207595542091 0.247630710416139 0.0
-0.270243982071526 0.487511972670381 0.0
-0.541619066124375 -0.36589344148682 0.0
0.426059664743634 -0.72510087386515 0.0
0.650272632729524 0.31663162755313 0.0
-0.329490994783331 0.496073750745108 0.0
-0.544973158474141 -0.427626027170066 0.0
0.488690507179009 -0.723938045108296 0.0
0.645054938357635 0.387067411735882 0.0
-0.38969906352878 0.506878512878973 0.0
-0.548289557169061 -0.489201313098765 0.0
0.551032469216042 -0.722227594024514 0.0
0.637798369264646 0.459325341567457 0.0
-0.448945355430094 0.522269439960384 0.0
-0.551637335321031 -0.550645594038342 0.0
0.613005111274917 -0.720366144259734 0.0
0.627327848126858 0.534039657809809 0.0
-0.507546541177092 0.547573865713591 0.0
-0.554740458576397 -0.611982306944951 0.0
-0.493667439058345 -0.615119354971429 0.0
-0.490514628324846 -0.553739013536941 0.0
-0.487172058678124 -0.492220260417159 0.0
-0.483886217535849 -0.430628048549478 0.0
-0.480625164340826 -0.368962248603807 0.0
-0.477821103050652 -0.307131747920335 0.0
-0.475188828291325 -0.244984364732549 0.0
-0.47196499283714 -0.182552100900136 0.0
-0.468874849836649 -0.119947509241467 0.0
-0.465828818898298 -0.0571164574191452 0.0
-0.462905837295819 0.00598258308705858 0.0
-0.460304284762833 0.0693887126350433 0.0
-0.458239456362104 0.133158805613712 0.0
-0.456816867741515 0.197379199712581 0.0
-0.455977870023854 0.262156660255118 0.0
-0.455541733249347 0.32758731564755 0.0
-0.455316814423534 0.39368487920091 0.0
-0.4553196150521 0.460178776355531 0.0
-0.456004591855977 0.525795343137489 0.0
-0.432575373823886 -0.618067835373205 0.0
-0.429347352879936 -0.556657077790803 0.0
-0.426034699538511 -0.49512547777716 0.0
-0.42278042303802 -0.433465562058255 0.0
-0.419665400064913 -0.371621047768126 0.0
-0.416859800272905 -0.309610069091937 0.0
-0.414088647772779 -0.247437971364455 0.0
-0.411034285667741 -0.184998352009424 0.0
-0.407994011232131 -0.122324432865046 0.0
-0.40496874570674 -0.0594131589755595 0.0
-0.40207763975725 0.00372747644302762 0.0
-0.399576260638884 0.0670750320781909 0.0
-0.397723904631816 0.130612601005216 0.0
-0.396631156092457 0.194328675872919 0.0
-0.396225476457575 0.258180962902832 0.0
-0.396324616803559 0.322035945427437 0.0
-0.39671500635208 0.385586663600954 0.0
-0.396963181727488 0.448242866826378 0.0
-0.45637397885055 0.463703168427683 0.0
-0.371503935461734 -0.621084998343984 0.0
-0.36822338203956 -0.55966673160032 0.0
-0.364940708636535 -0.498120482091891 0.0
-0.36177116145743 -0.436424639894516 0.0
-0.358781976617197 -0.374562947567097 0.0
-0.355994076043174 -0.312551707665969 0.0
-0.353211066501983 -0.250362496859783 0.0
-0.350276442980616 -0.187941477896509 0.0
-0.347293357370398 -0.125308831318289 0.0
-0.344278383448244 -0.0624925187703942 0.0
-0.341387092638585 0.000446182197350848 0.0
-0.338970009894799 0.0634171353322751 0.0
-0.337353158114877 0.126343368122554 0.0
-0.336630385822037 0.18915976314884 0.0
-0.336661687728864 0.251772300366374 0.0
-0.337175103336189 0.314027052490284 0.0
-0.337739588656074 0.375718196720901 0.0
-0.39880562920193 0.386609654395324 0.0
-0.397331412878373 0.446238105990998 0.0
-0.310467948493177 -0.624271717502674 0.0
-0.3071501776487 -0.562875216002968 0.0
-0.303915256802772 -0.501354891563261 0.0
-0.300847373199198 -0.439693034021545 0.0
-0.297971245459794 -0.377880272698427 0.0
-0.295244311262841 -0.315914577210638 0.0
-0.292518329647407 -0.253773520068136 0.0
-0.289682623958834 -0.191436429970818 0.0
-0.286734081146944 -0.128927954870706 0.0
-0.28366380440874 -0.0663019164002935 0.0
-0.280665997332925 -0.00366611005936939 0.0
-0.278256223959465 0.0588356063033737 0.0
-0.276845858709417 0.121116180325482 0.0
-0.276456241715244 0.183139794279675 0.0
-0.276810465634084 0.244868728519777 0.0
-0.277500483882138 0.306249579631451 0.0
-0.338906304960334 0.314177538859887 0.0
-0.338847938904294 0.374379477358337 0.0
-0.336210226406195 0.434119994878846 0.0
-0.249466634699092 -0.627714807078329 0.0
-0.246123747186168 -0.566369447842724 0.0
-0.242952738402029 -0.504910991634027 0.0
-0.239998466223869 -0.443319763964353 0.0
-0.237243373316105 -0.381583546696248 0.0
-0.234612308026028 -0.319693857843768 0.0
-0.23197589939262 -0.257635720084173 0.0
-0.229219417818457 -0.195402979362714 0.0
-0.226255206499896 -0.133020988234554 0.0
-0.223006961749821 -0.0705556857961249 0.0
-0.219719144093881 -0.00815421034297275 0.0
-0.217214536936106 0.0539897448010297 0.0
-0.215996295890256 0.11582811343593 0.0
-0.215916869148525 0.177404724794738 0.0
-0.216511853527915 0.238750476817873 0.0
-0.277815082380822 0.244773025461053 0.0
-0.278427287720727 0.305337098938106 0.0
-0.27793673175623 0.365645868825435 0.0
-0.27521498041655 0.426089063601522 0.0
-0.188484430023295 -0.631466361361186 0.0
-0.185131818430843 -0.570191650518285 0.0
-0.18204506753046 -0.508813513187888 0.0
-0.179221110253651 -0.447306717985521 0.0
-0.176602742635389 -0.385654816961891 0.0
-0.174092819043796 -0.323844865206734 0.0
-0.171561582875724 -0.261861965584779 0.0
-0.168865127840605 -0.199697300250867 0.0
-0.165820954267783 -0.13736260065063 0.0
-0.162218133169775 -0.0749184473088009 0.0
-0.158371807847457 -0.0125584401163101 0.0
-0.155703135225998 0.0494447896577859 0.0
-0.154746754963888 0.11113639491455 0.0
-0.155009905392718 0.172655790168447 0.0
-0.21601686361426 0.177396327685924 0.0
-0.216894039210042 0.238218176152685 0.0
-0.217400390007909 0.298792920107237 0.0
-0.21692490969274 0.359264900127732 0.0
-0.215071542710113 0.419917426711525 0.0
-0.127496810902706 -0.635543826087715 0.0
-0.124161471918484 -0.574350072755851 0.0
-0.12118790186712 -0.513058744115217 0.0
-0.118517168868171 -0.45163818117849 0.0
-0.116056265578243 -0.390066838243103 0.0
-0.113691337196332 -0.32832465893751 0.0
-0.111282635476393 -0.266386318572823 0.0
-0.108643079209473 -0.204221902481209 0.0
-0.105465777518025 -0.141805678346286 0.0
-0.101272989891297 -0.0791638325543886 0.0
-0.0964639557235398 -0.0165549293989967 0.0
-0.0936696996588475 0.0456025130516502 0.0
-0.093163158695514 0.107558443291564 0.0
-0.153691205971366 0.111590410850388 0.0
-0.154596683513074 0.172774420466945 0.0
-0.155515266341791 0.233712270617467 0.0
-0.156053878408339 0.294443885492264 0.0
-0.155898960542801 0.355108392482281 0.0
-0.155041358486685 0.415918876342996 0.0
-0.0664754143789665 -0.639938376915108 0.0
-0.0632024904788679 -0.578832383349478 0.0
-0.0603817050588489 -0.517633947648982 0.0
-0.0578950076753573 -0.456308058857706 0.0
-0.0556214792020523 -0.39482902327376 0.0
-0.0534378376300857 -0.333166329575989 0.0
-0.0511941626980476 -0.27127232092535 0.0
-0.0486558120096576 -0.209071560123309 0.0
-0.0453522252935472 -0.146454406502832 0.0
-0.0402608616923315 -0.0833329255287349 0.0
-0.0338069534457973 -0.0199978057196188 0.0
-0.0311823620904975 0.0429546906409616 0.0
-0.0908794416401948 0.0470862951489098 0.0
-0.0917043691010125 0.108861302582329 0.0
-0.0927761123462874 0.170320562705056 0.0
-0.0937669936959335 0.231452855415312 0.0
-0.0944759745967058 0.29232809975709 0.0
-0.094845330534315 0.353052542549952 0.0
-0.0952522900070982 0.41370614442138 0.0
-0.00539013731035425 -0.644610709878946 0.0
-0.00224491710816421 -0.583603092914977 0.0
0.000374139488504323 -0.522522419436659 0.0
0.00263627220381871 -0.461341407609577 0.0
0.00467433415325067 -0.400039950780012 0.0
0.00660567395283522 -0.338584526782049 0.0
0.00857570532374165 -0.276904416605535 0.0
0.0108488220011473 -0.214853849306638 0.0
0.0140733966928844 -0.152146563822839 0.0
0.0204047025340076 -0.0883409987767285 0.0
0.0297868469128398 -0.0229511620520369 0.0
-0.0272375988359951 -0.016047182028847 0.0
-0.0281319545101925 0.0467248434402919 0.0
-0.0293293663230311 0.108830269490945 0.0
-0.0305446343254843 0.170427659608673 0.0
-0.0316674682281588 0.231685560130663 0.0
-0.0326411134985501 0.292773351810016 0.0
-0.0335861066906016 0.35387217183628 0.0
-0.0352180986655619 0.415148717134057 0.0
0.0557974061234141 -0.649449733383293 0.0
0.058738489013139 -0.588558030018906 0.0
0.0611075080901109 -0.52765489526384 0.0
0.0631000861649845 -0.466750409736064 0.0
0.0648304506038015 -0.40588005066488 0.0
0.0663670014631181 -0.345102896690129 0.0
0.0677671977994163 -0.284516691347838 0.0
0.0691270911548328 -0.224296962049409 0.0
0.0707573930910984 -0.164769451231798 0.0
0.0761541757020699 -0.10659148934191 0.0
0.0422042591051681 -0.0732248085196444 0.0
0.0371796221034384 -0.0116062892817183 0.0
0.0351473896377198 0.050114057266241 0.0
0.0335247465041035 0.111567025533044 0.0
0.0320445444798502 0.172815670891439 0.0
0.0306449807586296 0.233963787950182 0.0
0.0292414185432213 0.295133283573812 0.0
0.0275629812930143 0.356447339020203 0.0
0.0251042511199789 0.41791010567382 0.0
0.117151777130988 -0.654179590608785 0.0
0.119829807652321 -0.593386791909759 0.0
0.121940673383407 -0.532665883786362 0.0
0.123682242307335 -0.472065719715111 0.0
0.125141582997042 -0.411670436128166 0.0
0.126347196693856 -0.351601306646674 0.0
0.127305100726531 -0.292026432483303 0.0
0.12803748183074 -0.233161962074983 0.0
0.12883117752395 -0.175199922126716 0.0
0.12669783118193 -0.117241504235671 0.0
0.10679155729388 -0.0644060914518155 0.0
0.101478918721185 -0.00532797356933455 0.0
0.098703589918175 0.0549093117661114 0.0
0.0966195859408881 0.115561635538072 0.0
0.0947831286531782 0.17640359925485 0.0
0.0929950868997614 0.237367009152626 0.0
0.0910509750445715 0.298437757728857 0.0
0.0886455209401895 0.359577392107428 0.0
0.0855791622577264 0.420661158237281 0.0
0.178751610154004 -0.658350064964075 0.0
0.18114399038378 -0.59756027303118 0.0
0.183042724000113 -0.53687902248821 0.0
0.184628346794136 -0.476351606795417 0.0
0.185966664677254 -0.416033627409239 0.0
0.187072442592311 -0.355972225184239 0.0
0.18793985346788 -0.296175756147675 0.0
0.188533520215469 -0.236547833696088 0.0
0.18810143765125 -0.176685218343886 0.0
0.182962743243853 -0.11682792042469 0.0
0.170327387330568 -0.060108858799053 0.0
0.165183693181549 -0.00089307510534028 0.0
0.162061339564416 0.0591935097096595 0.0
0.15965080318677 0.119722667190241 0.0
0.157490613113198 0.180510089340128 0.0
0.155312764885175 0.241461786227998 0.0
0.152857155079559 0.3025132862652 0.0
0.149838122716355 0.363593339468612 0.0
0.145967466914908 0.424672861997405 0.0
0.240629453773357 -0.661516188266562 0.0
0.242733012202851 -0.600596655701471 0.0
0.244468745946836 -0.5397561283347 0.0
0.245968058976019 -0.479015877223414 0.0
0.247253999594624 -0.418384216993684 0.0
0.248294193715924 -0.35783783743759 0.0
0.248994044422277 -0.297301109860307 0.0
0.249018558889238 -0.236622317823839 0.0
0.247256200136867 -0.175762084953334 0.0
0.241695802764964 -0.115555557864361 0.0
0.233085057460946 -0.0567966287027765 0.0
0.228364868839196 0.00302858158765124 0.0
0.225144172606834 0.0634345058220204 0.0
0.222532870714315 0.124194541065149 0.0
0.220111896139447 0.185180189639225 0.0
0.217587292842601 0.246303870275521 0.0
0.214670766289182 0.30749089319247 0.0
0.211042212248237 0.36867179625316 0.0
0.206341226569238 0.429783703035195 0.0
0.302738445118141 -0.66342909717325 0.0
0.304553002336975 -0.602283809969906 0.0
0.306145946031195 -0.541153210772199 0.0
0.307567184678307 -0.48004576107688 0.0
0.308774010311115 -0.418948302929725 0.0
0.309663098792674 -0.35782033041515 0.0
0.310026256164917 -0.296597475605578 0.0
0.309399046461755 -0.235246861956208 0.0
0.306912327258494 -0.173962770994095 0.0
0.301782750489237 -0.113291896520692 0.0
0.295442417234085 -0.0533006547511721 0.0
0.291184562163993 0.00720031814167484 0.0
0.28798926426569 0.068099035714637 0.0
0.28526359715352 0.12927375925903 0.0
0.282641505102377 0.19062839781541 0.0
0.279819832768299 0.252078724706352 0.0
0.276483408792668 0.313540572211334 0.0
0.272273411303386 0.374921958447072 0.0
0.266772234481915 0.436117598094974 0.0
0.364977600167722 -0.664077069984909 0.0
0.366512044163578 -0.602673054110743 0.0
0.367966332806498 -0.541215708012124 0.0
0.369290727089851 -0.479715906211578 0.0
0.370370680144446 -0.418160951108085 0.0
0.371036936645477 -0.356522637999277 0.0
0.371022030098226 -0.294781030564382 0.0
0.369895273160585 -0.232985814397712 0.0
0.367118792318176 -0.171340832731032 0.0
0.362594776489204 -0.11013203923991 0.0
0.357592279092665 -0.0492272430071288 0.0
0.353746351387196 0.0119726058725104 0.0
0.350632507456407 0.0734711927105873 0.0
0.347851193394161 0.13519749196085 0.0
0.345081103432951 0.197069743397358 0.0
0.342013629338716 0.258998751315012 0.0
0.338308634828638 0.320881281317596 0.0
0.333567030058335 0.382591591837943 0.0
0.327308368393541 0.443973730118264 0.0
0.427235721835076 -0.6636207630382 0.0
0.428520797150631 -0.601972550586055 0.0
0.42984460356578 -0.540211779677828 0.0
0.431056465461158 -0.478356936432176 0.0
0.431978919733537 -0.41640282471184 0.0
0.432400456460774 -0.354339457169087 0.0
0.432048136573388 -0.29217946732504 0.0
0.430587489626241 -0.229996742438055 0.0
0.427760624753286 -0.167944502465477 0.0
0.423780506338258 -0.106141915939327 0.0
0.419602518368575 -0.0444301589015125 0.0
0.416094342891441 0.0175133684808641 0.0
0.413084228263575 0.0797194903630298 0.0
0.410289602662087 0.142139769803545 0.0
0.407420226085801 0.204697699419166 0.0
0.404161723817065 0.267295030978848 0.0
0.400149635680115 0.329804178269682 0.0
0.394941669259604 0.392054593568893 0.0
0.387977027057507 0.45381644769913 0.0
0.489419283107372 -0.66232171609082 0.0
0.490511827015394 -0.60046841102792 0.0
0.491724219874718 -0.53845030421268 0.0
0.492819178536644 -0.476288323478401 0.0
0.493574909093868 -0.413982773977834 0.0
0.493762477301939 -0.351537595107019 0.0
0.493134415466915 -0.288981694613866 0.0
0.491463502863954 -0.226385594969079 0.0
0.488685844023729 -0.163844928606178 0.0
0.485123805008137 -0.101386549122306 0.0
0.481469695895981 -0.0388708109736027 0.0
0.478226398509262 0.0238899479928951 0.0
0.47532471066757 0.0869282129511109 0.0
0.472546669288752 0.150209900169505 0.0
0.46961957056309 0.21366733436561 0.0
0.466221809361907 0.277200623116459 0.0
0.461965869299344 0.340662015641877 0.0
0.456365099196447 0.403827537459882 0.0
0.448763129971927 0.466353992810691 0.0
0.551461981268907 -0.66050984076924 0.0
0.552436739776942 -0.598500674181736 0.0
0.553561965481559 -0.536267677513426 0.0
0.554543241506118 -0.473823210487171 0.0
0.55513717774491 -0.411171759359201 0.0
0.555115541169627 -0.348329637163896 0.0
0.554268345292115 -0.285335773993283 0.0
0.552460281652668 -0.222250465199384 0.0
0.549746751734456 -0.159125584603736 0.0
0.546471929299078 -0.0959418510383105 0.0
0.543150529982059 -0.0325825716046025 0.0
0.540106225474678 0.0310767227233722 0.0
0.537304275629584 0.0950748909223358 0.0
0.534555301175609 0.159404939933278 0.0
0.531592039742057 0.224031322991861 0.0
0.528083989869472 0.288882327882317 0.0
0.523622972928977 0.353821547563182 0.0
0.517682340825535 0.418591999672422 0.0
0.509517502161614 0.482707676368317 0.0
0.613322323796945 -0.658598696160411 0.0
0.614249926760917 -0.596482205693864 0.0
0.615304927487587 -0.534038687266726 0.0
0.616179986269071 -0.471275081064344 0.0
0.616627912220911 -0.408210112856554 0.0
0.616429098460113 -0.344881422936754 0.0
0.615407947791311 -0.281344894239968 0.0
0.613495468486228 -0.217660876553618 0.0
0.6108155430461 -0.153860546899429 0.0
0.60770903271651 -0.0899054047516548 0.0
0.604586938673144 -0.0256890905597053 0.0
0.601679455653685 0.0389015711911113 0.0
0.598949896301169 0.103942729144439 0.0
0.596210812790415 0.169491529557889 0.0
0.593188443714738 0.235591339715353 0.0
0.589536713680755 0.302262895654409 0.0
0.584819185464293 0.369477229502973 0.0
0.578461157411739 0.437086479849545 0.0
0.569654829942999 0.504629094644009 0.0
