-0.521580759187795 -0.699624482749083 0.0
0.712249499270069 -0.733986224786359 0.0
-0.421099948883057 0.61237245798111 0.0
0.61237245798111 0.61237245798111 0.0
-0.46044826347726 -0.702272755862573 0.0
0.712941475605786 -0.672426905479058 0.0
0.581760185325995 0.557278297056555 0.0
-0.444868325967669 0.534033368825608 0.0
-0.399333449138235 -0.704765305874211 0.0
0.714180468583971 -0.61048686459506 0.0
0.534083757253494 0.525484079069284 0.0
-0.461212963598429 0.458751987117819 0.0
-0.338281836445771 -0.707375957322706 0.0
0.715751551956735 -0.54814221812612 0.0
0.482210363247766 0.507146475355767 0.0
-0.47196496882404 0.386125160027362 0.0
-0.277276640510695 -0.710261034815616 0.0
0.717528804931961 -0.485377360114023 0.0
0.429098665036446 0.496043557755649 0.0
-0.479318291538024 0.315724233240005 0.0
-0.216273681676941 -0.713469751696816 0.0
0.719425818922095 -0.422173977263741 0.0
0.375405686070606 0.48910346416231 0.0
-0.48458270693398 0.247096925077036 0.0
-0.15520945125787 -0.716958799796258 0.0
0.721372064525694 -0.35850655851123 0.0
0.32132809792287 0.484862909003998 0.0
-0.488529982678555 0.179876868738006 0.0
-0.0940154816858439 -0.720604757821885 0.0
0.723298518282457 -0.294340510078794 0.0
0.266986999685912 0.482588236036718 0.0
-0.491636275441527 0.113785291051156 0.0
-0.0326333512201295 -0.724237877365047 0.0
0.725126872966206 -0.229631010219335 0.0
0.212504364929221 0.481926610971456 0.0
-0.49420797357447 0.0486118931489665 0.0
0.0289743254871738 -0.727677897734256 0.0
0.726759693055616 -0.164322580013869 0.0
0.158027729713322 0.482791493571255 0.0
-0.496449656580187 -0.0158025553688979 0.0
0.0908192880892649 -0.730761036714711 0.0
0.72807005228312 -0.0983482932071873 0.0
0.103915950812125 0.487317228009038 0.0
-0.498504419383038 -0.0795777712358732 0.0
0.152887656765725 -0.733355983181604 0.0
0.728889331612916 -0.0316294484476654 0.0
0.0487561478122118 0.485768682411105 0.0
-0.50048348497298 -0.142801617294009 0.0
0.215143538204765 -0.735371197094779 0.0
0.72899162391025 0.0359251809981177 0.0
-0.0068959943890457 0.483804111541896 0.0
-0.502510304295933 -0.205533664567502 0.0
0.27753376127283 -0.736756884599657 0.0
0.728071872441439 0.104419734217851 0.0
-0.061787767012513 0.493240860179582 0.0
-0.50501062041287 -0.267806782833767 0.0
0.339993171902872 -0.737504851407424 0.0
0.725712252779922 0.17397138692054 0.0
-0.116943937427844 0.50025331868967 0.0
-0.506546033090251 -0.329989395003862 0.0
0.402448817895356 -0.73764874688044 0.0
0.721325604865244 0.244706618610572 0.0
-0.171160954751095 0.510008723403651 0.0
-0.508352164690058 -0.392093887406133 0.0
0.46482472493719 -0.737266403170844 0.0
0.714053467582643 0.316747886028766 0.0
-0.226397710471257 0.515688143782763 0.0
-0.510929826999059 -0.45391664135927 0.0
0.527046960857483 -0.736485147563422 0.0
0.702571838430932 0.3901667025305 0.0
-0.282305567132785 0.522405853638503 0.0
-0.513567092191813 -0.515534330959804 0.0
0.589050175535808 -0.735490612836712 0.0
0.684706240009958 0.464830254566009 0.0
-0.335503929392075 0.540856455804388 0.0
-0.51632803502721 -0.576997714339016 0.0
0.650788141146484 -0.734540171097887 0.0
0.656688486061492 0.539903012519328 0.0
-0.387301480320494 0.564559684440338 0.0
-0.518905079055495 -0.638347238324917 0.0
-0.457801234067877 -0.640970879427913 0.0
-0.455168910840879 -0.579557426230947 0.0
-0.452429007284621 -0.517990356358263 0.0
-0.449843030431554 -0.456330694653136 0.0
-0.44733126813866 -0.39458004163491 0.0
-0.445429646333568 -0.332556378719828 0.0
-0.443853854885291 -0.270097709744562 0.0
-0.441620663971644 -0.207303091492077 0.0
-0.439637844065421 -0.144239110189257 0.0
-0.437717137461435 -0.0808199244508017 0.0
-0.435750769685797 -0.0169711101056661 0.0
-0.433634630376289 0.0473752601967407 0.0
-0.431239341827473 0.112283440881152 0.0
-0.428387918455732 0.177808036081427 0.0
-0.424831252799054 0.243970843290823 0.0
-0.420222974293541 0.310703019518965 0.0
-0.414120138664028 0.377707733064061 0.0
-0.406137920084315 0.444157502388011 0.0
-0.396779780729168 0.508095187163045 0.0
-0.396657298210478 -0.643431011943545 0.0
-0.393959211730221 -0.5819960122692 0.0
-0.391277328639206 -0.520425338120686 0.0
-0.388744315938767 -0.458702856019909 0.0
-0.386440232615178 -0.396750233631659 0.0
-0.384583457241416 -0.334599286259245 0.0
-0.382863391065388 -0.27227620745284 0.0
-0.380900183592206 -0.209644195383686 0.0
-0.379070755198625 -0.146754957541614 0.0
-0.377303615425926 -0.0836023115350379 0.0
-0.375524241970839 -0.0201811174929293 0.0
-0.37365270919716 0.0434965455977228 0.0
-0.37159202492572 0.107386458314544 0.0
-0.369218785430798 0.171389674524249 0.0
-0.366378277178995 0.235316631509608 0.0
-0.3628903341666 0.298841181753316 0.0
-0.358578789413294 0.361468303418098 0.0
-0.353334374691929 0.422608344555257 0.0
-0.346897911732601 0.481970213583163 0.0
-0.335525343702898 -0.646070318949338 0.0
-0.332796017234334 -0.584661588076205 0.0
-0.330182521553894 -0.523117893853043 0.0
-0.327778774233373 -0.46141387682929 0.0
-0.32565074220548 -0.399541935775612 0.0
-0.323838283157063 -0.337541748090022 0.0
-0.322134508777813 -0.275396819311384 0.0
-0.32038236327507 -0.21305956064366 0.0
-0.318736559805585 -0.15057384881546 0.0
-0.317165555115139 -0.0879738633981123 0.0
-0.315619202330044 -0.0253063704011667 0.0
-0.314039077771456 0.0373567889933355 0.0
-0.312353422337077 0.0999082065829365 0.0
-0.31047021814887 0.162196793923255 0.0
-0.308269606392607 0.224026651052648 0.0
-0.305596988153841 0.285176830476014 0.0
-0.302268502745647 0.345457348828163 0.0
-0.29812218107228 0.404799931291539 0.0
-0.293480359441018 0.463388877437399 0.0
-0.274411830950472 -0.649008959188137 0.0
-0.271680314542896 -0.587670066555527 0.0
-0.26915916861602 -0.526217891965001 0.0
-0.266895701601393 -0.464643882439898 0.0
-0.264909589744335 -0.402959841126562 0.0
-0.263173874049978 -0.341190701164361 0.0
-0.261554923170818 -0.279337272811933 0.0
-0.259979507624089 -0.217401240582081 0.0
-0.258508097769884 -0.155431168969749 0.0
-0.25712097719275 -0.0934798008333883 0.0
-0.255779294434254 -0.0316101387953074 0.0
-0.254431625209318 0.0301023427024754 0.0
-0.253008243359459 0.0915728679132731 0.0
-0.25141150487396 0.152718905348373 0.0
-0.249505306113459 0.213482531474057 0.0
-0.247111723963287 0.273867389348565 0.0
-0.244037860171013 0.333986338169738 0.0
-0.240215348142685 0.394116103623179 0.0
-0.23631236783377 0.454700743684974 0.0
-0.213298854656889 -0.652285637279026 0.0
-0.210589550093252 -0.591043878349875 0.0
-0.208170878539931 -0.529722573114933 0.0
-0.206040189743902 -0.468321594606082 0.0
-0.20417720171399 -0.406857810354422 0.0
-0.202529804371092 -0.345355054343223 0.0
-0.201007726296183 -0.283828966062272 0.0
-0.199568851485514 -0.222302407273271 0.0
-0.198231260693122 -0.160821560860543 0.0
-0.196976193705402 -0.0994348808165181 0.0
-0.195767869670556 -0.0381909948404642 0.0
-0.194555596015982 0.0228659324608 0.0
-0.193269015008287 0.0837051702821219 0.0
-0.191812371658517 0.144323906715361 0.0
-0.19006325337493 0.204765813458975 0.0
-0.18788670182368 0.265143098455483 0.0
-0.185188896796693 0.325656137743192 0.0
-0.182051857675878 0.386587655679046 0.0
-0.178578150358141 0.44811880391803 0.0
-0.152149035452057 -0.655840805239204 0.0
-0.149484200659 -0.594697016784884 0.0
-0.1471709735064 -0.533507243273352 0.0
-0.145159847601734 -0.472274873753665 0.0
-0.143400517832415 -0.411018318237972 0.0
-0.141832114332813 -0.349761257624284 0.0
-0.140388851940358 -0.288525435638821 0.0
-0.139040462129713 -0.227338061593086 0.0
-0.137785998830445 -0.166236037614693 0.0
-0.136606832664851 -0.105253974275915 0.0
-0.135471511612283 -0.0444200880263731 0.0
-0.134336576930237 0.0162487684177377 0.0
-0.133145304632072 0.0767533207026884 0.0
-0.131828749855663 0.137119110716922 0.0
-0.130314842968758 0.197401395936804 0.0
-0.128555158311159 0.25768423106813 0.0
-0.126578686566004 0.318060579134205 0.0
-0.124501170791542 0.378563271647183 0.0
-0.121987438280893 0.439103910195587 0.0
-0.0909172586558007 -0.659537013394513 0.0
-0.0883206722870862 -0.598470240469778 0.0
-0.0861128547247756 -0.537385107653403 0.0
-0.0842050680804516 -0.476285952939517 0.0
-0.0825270046944484 -0.415190328519282 0.0
-0.0810165512386426 -0.354120231924458 0.0
-0.0796229820593562 -0.29309761699906 0.0
-0.0783224803591772 -0.232147053375084 0.0
-0.0771078807764869 -0.171295841533265 0.0
-0.0759643094280028 -0.11056703129432 0.0
-0.0748694004749842 -0.0499763711471107 0.0
-0.0737944167795619 0.0104705564227174 0.0
-0.0727060350225261 0.070780796900637 0.0
-0.0715717526934915 0.130976056585668 0.0
-0.0703728853497824 0.191091893067033 0.0
-0.0691282684893035 0.251173437460068 0.0
-0.0679138436271529 0.311264974270604 0.0
-0.0667918079654624 0.371415273608517 0.0
-0.0656440887152785 0.431845833502158 0.0
-0.0295621356776223 -0.663196624002467 0.0
-0.0270599870445822 -0.602173758228638 0.0
-0.0249567720490475 -0.541151272534614 0.0
-0.0231355718853424 -0.480133469988528 0.0
-0.0215157363272767 -0.419136181922039 0.0
-0.0200387989198081 -0.358179040208691 0.0
-0.01866559380335 -0.297281998827472 0.0
-0.0173786330345888 -0.236465699916552 0.0
-0.0161721055792144 -0.175750606447899 0.0
-0.0150384143128953 -0.115153072753538 0.0
-0.0139674944621892 -0.0546837760681505 0.0
-0.0129486653680248 0.0056533093258683 0.0
-0.0119745316833286 0.0658607856234619 0.0
-0.0110489587431099 0.125946309069063 0.0
-0.0102014472597461 0.185916668793349 0.0
-0.00950692580174946 0.245765771925077 0.0
-0.00909790135982484 0.305454137161934 0.0
-0.00917613107592362 0.364893843276421 0.0
-0.0103779374633394 0.423928659554582 0.0
0.0319451460443359 -0.666637312374202 0.0
0.0343255135058114 -0.605621425989163 0.0
0.0363248591791109 -0.544614819137017 0.0
0.0380752452702183 -0.483622160834388 0.0
0.0396584459867094 -0.422657928454549 0.0
0.0411251240304789 -0.361739609077905 0.0
0.0425034261249098 -0.300884714841094 0.0
0.0438032385856112 -0.240110149248504 0.0
0.0450247892669698 -0.179431225920872 0.0
0.0461664618875614 -0.118859175918765 0.0
0.0472251876821185 -0.0583999190829518 0.0
0.0481940776748363 0.00194728772216543 0.0
0.0490578094847675 0.0621911096931213 0.0
0.0497849191860585 0.12235024399911 0.0
0.0503169430056759 0.182455972068047 0.0
0.0505575790840017 0.24255931256318 0.0
0.0503624385081665 0.302750542560792 0.0
0.0494586086869084 0.363201089191243 0.0
0.0466592062223586 0.424132851105614 0.0
0.0936163146463934 -0.669697187306844 0.0
0.0958490453199359 -0.608653139463323 0.0
0.0977457339249817 -0.547617825406489 0.0
0.0994398451696827 -0.486597518872897 0.0
0.101005672426996 -0.425606257459232 0.0
0.102482286962001 -0.364659883080461 0.0
0.103886105678823 -0.303773480038944 0.0
0.105217966979214 -0.242960403491994 0.0
0.106469947903977 -0.182231356507108 0.0
0.107629729861363 -0.121592402061286 0.0
0.108680059318131 -0.0610434328804311 0.0
0.109595542163765 -0.000575804386434934 0.0
0.110337134412147 0.0598307975756269 0.0
0.110844004159645 0.120213477006525 0.0
0.111023097533042 0.180632917608355 0.0
0.11073690365829 0.241184559867119 0.0
0.109778894559748 0.302011843397452 0.0
0.107773731224294 0.363291472153744 0.0
0.104490493997361 0.424986968451908 0.0
0.155444904714511 -0.672248901563682 0.0
0.15750893747035 -0.611146359466757 0.0
0.159306111972584 -0.550043714349926 0.0
0.160957802559214 -0.488950392083308 0.0
0.162523098769525 -0.427880969008367 0.0
0.164026169065557 -0.366850174207888 0.0
0.165470609375196 -0.305870993348536 0.0
0.16684684766984 -0.244953911516075 0.0
0.168136835329389 -0.184106373270698 0.0
0.169315724141391 -0.12333139988633 0.0
0.170349851314106 -0.0626265296971664 0.0
0.171192121597392 -0.00198221918978415 0.0
0.171774938599371 0.058619472071733 0.0
0.17200052416475 0.119205724224457 0.0
0.171728832104462 0.17981014261855 0.0
0.170762832990814 0.240462949974649 0.0
0.168829621969981 0.301160042613445 0.0
0.165645704680325 0.36177820013488 0.0
0.161555757305819 0.422103922935789 0.0
0.217408353460863 -0.674205531361528 0.0
0.219290774382692 -0.613020122472767 0.0
0.220995242677319 -0.551818981946196 0.0
0.222618532081478 -0.490616078824046 0.0
0.224198105036858 -0.429427215123589 0.0
0.225740750972964 -0.368266407087538 0.0
0.227236426196086 -0.307145082221954 0.0
0.228664242486381 -0.246072033002875 0.0
0.229994757782526 -0.185053634164695 0.0
0.231189317182465 -0.124093408175863 0.0
0.232196495613807 -0.0631921035229413 0.0
0.232946257595709 -0.00234775784958995 0.0
0.233342062806387 0.0584430608102856 0.0
0.233251288043068 0.11918247551682 0.0
0.232495171446311 0.179864402907844 0.0
0.230841912075763 0.240463496319111 0.0
0.228025588099228 0.30092003848618 0.0
0.223883840879692 0.361162469174104 0.0
0.218622747191448 0.421329608928322 0.0
0.279471446459677 -0.675521681710213 0.0
0.281170434990647 -0.61423504727157 0.0
0.28279413144675 -0.552911741664128 0.0
0.284403915641271 -0.491570982916371 0.0
0.286011064752797 -0.430229774138368 0.0
0.287603801868484 -0.368901318727298 0.0
0.289158418841061 -0.307595713009191 0.0
0.290642643639534 -0.246320888899094 0.0
0.292015416049713 -0.185083709342993 0.0
0.293224213835026 -0.123890466009708 0.0
0.294200203912712 -0.0627479548447567 0.0
0.294851642072248 -0.00166461156051485 0.0
0.295055867732411 0.05934731803534 0.0
0.294650628534052 0.120268938419283 0.0
0.293426663866059 0.181070172705436 0.0
0.291128180427682 0.241706668957047 0.0
0.287482402796784 0.302126578359244 0.0
0.282282924866142 0.362319245457017 0.0
0.275462337717473 0.422405638447959 0.0
0.341590778489744 -0.67619302442969 0.0
0.343117739008814 -0.614792511631685 0.0
0.344678355337995 -0.553330211575393 0.0
0.346290470028213 -0.491830006565472 0.0
0.347937095413883 -0.430308964087458 0.0
0.349588323200976 -0.368778522314546 0.0
0.351207774790912 -0.307246882533163 0.0
0.3527526100896 -0.245720946625574 0.0
0.354170831288406 -0.184208169687439 0.0
0.355396874930725 -0.122717757037156 0.0
0.356345672808859 -0.0612623909428862 0.0
0.356905427872296 0.000140102093245735 0.0
0.356929397320148 0.0614643672080736 0.0
0.35622742588889 0.122675124121573 0.0
0.354559286577439 0.183724080488021 0.0
0.351635564524431 0.244549771847655 0.0
0.347136046640806 0.305086377060932 0.0
0.340747686323656 0.365291040839743 0.0
0.332194947797949 0.425180211902945 0.0
0.40371847285559 -0.676256794186674 0.0
0.405098857697608 -0.614735505789544 0.0
0.40661910261404 -0.553123643262668 0.0
0.408249300172826 -0.491447318461989 0.0
0.409945129661371 -0.429721248267114 0.0
0.411660692155765 -0.367953244481195 0.0
0.413348867621558 -0.30614818858323 0.0
0.414957712712265 -0.244310742653905 0.0
0.416425488163371 -0.182447737720078 0.0
0.417674753643882 -0.120569883371021 0.0
0.418605425103782 -0.0586940641726249 0.0
0.419086820546452 0.00315432299778614 0.0
0.41894881393783 0.0649381630200035 0.0
0.417972667589154 0.12660517868699 0.0
0.415883073614184 0.188083466890947 0.0
0.412344537836937 0.249279272587214 0.0
0.406965063308562 0.310079940586105 0.0
0.399304113484071 0.370366216026507 0.0
0.388888233873335 0.430036423859083 0.0
0.465806436619993 -0.675794975542121 0.0
0.467078570931193 -0.614152749214706 0.0
0.468583645637596 -0.552386986401063 0.0
0.470245353180198 -0.490521441886914 0.0
0.47199625724191 -0.428565024930215 0.0
0.473778097348285 -0.366519463645087 0.0
0.475535580021971 -0.304384316877997 0.0
0.477209447435563 -0.24216002223789 0.0
0.4787295957805 -0.179850514444611 0.0
0.480007929893692 -0.117465283714449 0.0
0.480930500156785 -0.0550222983447867 0.0
0.481348712892318 0.00744858413470189 0.0
0.481069495558161 0.0699006511066951 0.0
0.479844609700108 0.132264174134144 0.0
0.477359596413568 0.194437946540201 0.0
0.473222880131742 0.256281126842224 0.0
0.466953611075656 0.317606613084679 0.0
0.457964680005326 0.378178285826308 0.0
0.445558848924902 0.437721391293262 0.0
0.527809989783871 -0.674941153934239 0.0
0.529020912073811 -0.613186653427036 0.0
0.530534047130699 -0.55126920449718 0.0
0.532235199069767 -0.489203801546785 0.0
0.534041029518738 -0.426989838724709 0.0
0.535885467934485 -0.364620624630757 0.0
0.537707787737651 -0.302088348360995 0.0
0.539443147792874 -0.239386763252976 0.0
0.541014327322944 -0.176513541844371 0.0
0.542323649858521 -0.11347235180131 0.0
0.543244321953377 -0.0502762423156117 0.0
0.543610743903964 0.0130478056811558 0.0
0.543207346600572 0.0764517003366413 0.0
0.541755527512811 0.139856147828239 0.0
0.538897829775785 0.203135398916877 0.0
0.534177549970608 0.266097494812215 0.0
0.527009762760555 0.328458236289262 0.0
0.516639897940086 0.389809050215795 0.0
0.502099716078625 0.449590461825442 0.0
0.589690272578195 -0.673891848000238 0.0
0.590887286932149 -0.612045147234939 0.0
0.592423683688825 -0.549984124772431 0.0
0.594163443714462 -0.487708469298039 0.0
0.596016283532467 -0.425205914963046 0.0
0.597912788627805 -0.362460432955219 0.0
0.599789047934311 -0.299455543364076 0.0
0.601575815251892 -0.236175663243204 0.0
0.603189464937523 -0.172607542378313 0.0
0.604523269569634 -0.108741793236839 0.0
0.605437990196912 -0.0445761024173043 0.0
0.605751098568553 0.0198799043010838 0.0
0.605223738038935 0.0845962680148693 0.0
0.60354412324826 0.149509507644839 0.0
0.600304920823668 0.214500088966953 0.0
0.594970616807195 0.279356421451075 0.0
0.58682919052602 0.343714656167076 0.0
0.574923957405562 0.406960986636623 0.0
0.557962990308036 0.468088717431812 0.0
0.651413960465635 -0.672924158324937 0.0
0.652630798638191 -0.611017146222889 0.0
0.654191432405369 -0.548820713463606 0.0
0.655958653970198 -0.486318373871902 0.0
0.657843006395401 -0.423489084208666 0.0
0.659774629557649 -0.36030974819109 0.0
0.661687361177649 -0.296755171882579 0.0
0.663507715827732 -0.232797481172439 0.0
0.665145506298307 -0.168406310010114 0.0
0.666484510923564 -0.103549254517828 0.0
0.667372041597927 -0.0381938496419815 0.0
0.667606424894089 0.0276891909164893 0.0
0.666920801253277 0.0941196709797978 0.0
0.664960524205928 0.161096957965632 0.0
0.661249049627369 0.228578209233225 0.0
0.655133980824224 0.29643648239796 0.0
0.645701651888848 0.364373041248549 0.0
0.63165330768692 0.431729570164583 0.0
0.611169732146151 0.497085205899724 0.0
