-0.572444065661166 -0.669390038855061 0.0
0.660277290906082 -0.711922316952601 0.0
-0.54349353313446 0.61237245798111 0.0
0.61237245798111 0.61237245798111 0.0
-0.511326043219111 -0.672407169478096 0.0
0.66058523332712 -0.650249991837515 0.0
0.553905805946289 0.57418527718562 0.0
-0.53041945639945 0.537267667631726 0.0
-0.450231965515585 -0.67526061638252 0.0
0.661399612232209 -0.588091045504898 0.0
0.492980817555765 0.55092409972154 0.0
-0.529475763993797 0.46619548802909 0.0
-0.389202316120781 -0.678153321665093 0.0
0.662324254179871 -0.525454623752027 0.0
0.432106020800288 0.534784320044875 0.0
-0.529917120059838 0.397798031991959 0.0
-0.328241708283368 -0.681203351055896 0.0
0.663090541113282 -0.462374240141262 0.0
0.37149115795662 0.522743355216824 0.0
-0.530517783389914 0.331190443638584 0.0
-0.267339713605587 -0.684494214742166 0.0
0.663478502547537 -0.39889987810425 0.0
0.311087598966171 0.513374867412362 0.0
-0.531342742091456 0.265857569298334 0.0
-0.206468950025431 -0.688081261631774 0.0
0.663297223658562 -0.335098208894663 0.0
0.250837801030942 0.505899655871872 0.0
-0.53261425817225 0.201440442327289 0.0
-0.14558681311169 -0.691986160480312 0.0
0.662401914632029 -0.271050842940393 0.0
0.190708750574758 0.499841815497993 0.0
-0.534473926213564 0.13766641880515 0.0
-0.0846370979880847 -0.69619832470918 0.0
0.660741659300891 -0.206840537727154 0.0
0.130696033877891 0.494894654750147 0.0
-0.536899549478345 0.0743338719047234 0.0
-0.0235490284596438 -0.700664763795762 0.0
0.658416191560525 -0.142519958461725 0.0
0.0708254865609881 0.490886403652965 0.0
-0.53971668748888 0.0113136821137641 0.0
0.0377654845982343 -0.705247414608898 0.0
0.655686312040553 -0.078072531111796 0.0
0.0111529642349484 0.48785011101167 0.0
-0.542700346398995 -0.0514546192862702 0.0
0.0994045567235176 -0.709649219979476 0.0
0.652879343921203 -0.0133975963424172 0.0
-0.0480965885173849 0.484667082523887 0.0
-0.545694705749364 -0.113982505916233 0.0
0.161433092212497 -0.713451619234745 0.0
0.650223668454991 0.0516615774682261 0.0
-0.107423182981956 0.482783369784301 0.0
-0.548675150639128 -0.176256176188878 0.0
0.223831714317609 -0.716283138131223 0.0
0.647753817956308 0.117275431578307 0.0
-0.166782074512028 0.484295577174546 0.0
-0.551884905677941 -0.238252253403016 0.0
0.286493905100058 -0.717955779192097 0.0
0.645344956838068 0.183612346078744 0.0
-0.225847093407506 0.487094690640385 0.0
-0.554285380661149 -0.300168252061535 0.0
0.349266573660029 -0.718480604389871 0.0
0.642772349986331 0.250847243941056 0.0
-0.284628232330064 0.49267590786546 0.0
-0.556907872743422 -0.362053590518171 0.0
0.411994106678834 -0.718011492686796 0.0
0.639731773314057 0.319185225149043 0.0
-0.344265450515633 0.50045603358813 0.0
-0.560094760115417 -0.423779362581902 0.0
0.474542966111673 -0.716787284354118 0.0
0.635820412083126 0.388902160925193 0.0
-0.404778456996096 0.510427986558867 0.0
-0.563253415726896 -0.485348292665398 0.0
0.536810285740102 -0.715103708045643 0.0
0.630470682502716 0.460419204347427 0.0
-0.464494488342452 0.524548668556579 0.0
-0.566451068600846 -0.546788736712537 0.0
0.598728708251985 -0.713321026953979 0.0
0.622846230285419 0.534455098245348 0.0
-0.52385943389528 0.548048701512609 0.0
-0.569419200657479 -0.608124556027954 0.0
-0.508336022116119 -0.611125989122319 0.0
-0.50531933620635 -0.549746952928535 0.0
-0.502128207728042 -0.488233680568407 0.0
-0.499001509277957 -0.426649019959564 0.0
-0.495901092239877 -0.36499339671856 0.0
-0.493247575053491 -0.303170262966481 0.0
-0.49075800193212 -0.241035801153938 0.0
-0.48766379273793 -0.178627685104551 0.0
-0.484664860438138 -0.116053327903889 0.0
-0.481646608658747 -0.0532618654288247 0.0
-0.4786538640364 0.00978413520034903 0.0
-0.475869006679969 0.0731159079900606 0.0
-0.473544663416297 0.136776672718231 0.0
-0.471864586880318 0.200839130601224 0.0
-0.470846462576795 0.2654027395822 0.0
-0.47035693108529 0.330565463843172 0.0
-0.470225405177183 0.396354485309735 0.0
-0.470478360000729 0.462534421006623 0.0
-0.471584603070814 0.527919050321255 0.0
-0.447232928117656 -0.613948529792602 0.0
-0.444143709861569 -0.55254124352023 0.0
-0.440983514939554 -0.491017804095429 0.0
-0.437889351753863 -0.429370567783972 0.0
-0.434935860609133 -0.367543117699839 0.0
-0.432284781033971 -0.30555442673256 0.0
-0.429658350817044 -0.243411073080869 0.0
-0.426731350699645 -0.181006862031773 0.0
-0.42378026864786 -0.11837425357545 0.0
-0.420776298391093 -0.055507464206237 0.0
-0.417794200855466 0.00758876751696208 0.0
-0.415067361516757 0.0708883662492829 0.0
-0.412907458608837 0.134360902457627 0.0
-0.411520265249746 0.197985411044917 0.0
-0.410909429834506 0.261723433215535 0.0
-0.410924791452903 0.325458547523157 0.0
-0.411354509778785 0.38891142090059 0.0
-0.411772961896054 0.451525406033293 0.0
-0.471313853715309 0.465806086140106 0.0
-0.386148484517283 -0.616845174639117 0.0
-0.383008462657668 -0.555433269013146 0.0
-0.379879756990976 -0.493898998831513 0.0
-0.376871521147526 -0.432220397738967 0.0
-0.374044119104391 -0.370381147273582 0.0
-0.371411910928098 -0.308397139019911 0.0
-0.368774533273506 -0.24623923075069 0.0
-0.365967525464939 -0.183851859940884 0.0
-0.363076090162037 -0.121250708626568 0.0
-0.360082248863703 -0.0584553319226787 0.0
-0.357074927554554 0.00448287226297714 0.0
-0.354366228859371 0.0674704123623844 0.0
-0.352366366743346 0.130409711414959 0.0
-0.351296113108302 0.193226560795345 0.0
-0.351091231797429 0.255836367184083 0.0
-0.351493426245759 0.318102075979657 0.0
-0.352062787674797 0.379830061952851 0.0
-0.413070822390222 0.389920236025449 0.0
-0.411677097632079 0.449689103488326 0.0
-0.32509592899585 -0.619915476270523 0.0
-0.321920252409956 -0.558527626818146 0.0
-0.318841259518284 -0.497021504989613 0.0
-0.315935847709408 -0.435378395478161 0.0
-0.31322177366115 -0.373587993677352 0.0
-0.310651303219991 -0.311646904159452 0.0
-0.308072928972556 -0.249530485789342 0.0
-0.305370424113063 -0.18721382647016 0.0
-0.302526548810454 -0.12471338760926 0.0
-0.299492080234091 -0.062068742643501 0.0
-0.296349769228409 0.000630360560630748 0.0
-0.29354524066683 0.0632325990390223 0.0
-0.291647324032325 0.125610777734612 0.0
-0.290855938615726 0.187716838352298 0.0
-0.290959247517583 0.249525907619629 0.0
-0.291533614890826 0.310997299806006 0.0
-0.352808469791263 0.318349392426005 0.0
-0.352728935402293 0.378661404171804 0.0
-0.350227234426626 0.438524990624123 0.0
-0.264073467093273 -0.623244598792188 0.0
-0.260875295984354 -0.561909287307642 0.0
-0.257863280622373 -0.500465505706573 0.0
-0.255073380799958 -0.438891926673467 0.0
-0.252481426157199 -0.377174843531592 0.0
-0.250008902768897 -0.315303698640624 0.0
-0.247525828032363 -0.253260084691623 0.0
-0.244917130563152 -0.191031725229042 0.0
-0.242088457901416 -0.128632579795966 0.0
-0.238919034993021 -0.0661071543787341 0.0
-0.235453246602885 -0.0035699054811846 0.0
-0.232386485078651 0.0587686949405583 0.0
-0.23054708973835 0.120780821842782 0.0
-0.230028258768152 0.182503616879401 0.0
-0.230382531030185 0.243994818562811 0.0
-0.291507554631371 0.249623781436424 0.0
-0.292010361778961 0.310314380470112 0.0
-0.291510308281627 0.370739886061546 0.0
-0.288970655698027 0.431263113457687 0.0
-0.203065364785606 -0.626884685404653 0.0
-0.199862603909354 -0.565621285093797 0.0
-0.196939781069246 -0.5042580635259 0.0
-0.194283422396073 -0.442768158244931 0.0
-0.191830903068224 -0.381133696524494 0.0
-0.189484509501626 -0.319339464194904 0.0
-0.187118415621465 -0.257366566606229 0.0
-0.184597016944056 -0.195198938641823 0.0
-0.181746317416178 -0.132833910881383 0.0
-0.178318477241929 -0.0702996959380086 0.0
-0.174250121489978 -0.00772534568955844 0.0
-0.170729506120305 0.0545840959474936 0.0
-0.168999907284993 0.116517010222529 0.0
-0.168827991275211 0.178245996729878 0.0
-0.22959648936659 0.182804782609152 0.0
-0.230290734708865 0.243813941708762 0.0
-0.230681253835604 0.304580329926532 0.0
-0.23017094400175 0.36523042444611 0.0
-0.228440552799892 0.42602996317872 0.0
-0.142047449377177 -0.630853800741244 0.0
-0.13887080293264 -0.569673546286409 0.0
-0.136068100631556 -0.508399675599093 0.0
-0.133569612183441 -0.447000116661589 0.0
-0.131279467715594 -0.385452900814996 0.0
-0.12908720942318 -0.323736386148589 0.0
-0.126863377968128 -0.261821652267636 0.0
-0.124442200331771 -0.199671423413974 0.0
-0.121555247534695 -0.13724298117858 0.0
-0.117738405502505 -0.0745127664087784 0.0
-0.112642043687943 -0.0116033476498249 0.0
-0.108462063758534 0.0510176525579584 0.0
-0.107067474417025 0.113294180437539 0.0
-0.167222925983315 0.11742114252764 0.0
-0.167890179353586 0.178878340155576 0.0
-0.16864209365671 0.240093151827198 0.0
-0.169044705722315 0.301084040115566 0.0
-0.168809360598298 0.361979133559098 0.0
-0.167967405898584 0.422970573855227 0.0
-0.0809913245963625 -0.635139259894396 0.0
-0.0778896386148378 -0.574050572803684 0.0
-0.0752475304385547 -0.512877433774564 0.0
-0.0729384077529385 -0.451587318578067 0.0
-0.0708427720967975 -0.390156743723683 0.0
-0.0688458957571773 -0.328556424518407 0.0
-0.0668163090742288 -0.266738332809296 0.0
-0.0645588045019135 -0.204623197563507 0.0
-0.0616959230382348 -0.142086470558106 0.0
-0.0574041113028459 -0.0789684642280729 0.0
-0.0505657244118136 -0.0152751271364524 0.0
-0.0455176555891513 0.0484631524050014 0.0
-0.104320981374369 0.0532020267678856 0.0
-0.104904256904819 0.115412268626557 0.0
-0.105814536388826 0.177249145968887 0.0
-0.106637772698792 0.23869863257068 0.0
-0.107181344872032 0.299855299193839 0.0
-0.107402217235478 0.360849111013656 0.0
-0.107634725306805 0.421782800177733 0.0
-0.0198648227609841 -0.63968457003319 0.0
-0.0169044145718228 -0.578699044218951 0.0
-0.0144695081936271 -0.517658337958673 0.0
-0.0123884283335706 -0.456542741222212 0.0
-0.0105357268318635 -0.39534102136137 0.0
-0.00880944945348187 -0.334031149226132 0.0
-0.0070939403193672 -0.272558116361719 0.0
-0.00518937542151152 -0.210797775094073 0.0
-0.00262946280300238 -0.148492960286816 0.0
0.00194863255834718 -0.0851898513359213 0.0
0.0117332656872523 -0.020540108970055 0.0
-0.0396491510259455 -0.00931026870259569 0.0
-0.0409900815002806 0.0540473564396286 0.0
-0.0422054124728179 0.116502949799417 0.0
-0.0433162164131515 0.17832525710831 0.0
-0.0442859102812565 0.239758658116279 0.0
-0.0450850587362436 0.301001109519597 0.0
-0.0458401094956885 0.36223266119673 0.0
-0.0471980070344753 0.423607851508243 0.0
0.0413764855559909 -0.644338556372784 0.0
0.0441249300251153 -0.583468754429257 0.0
0.0463136877662138 -0.522616644869947 0.0
0.0481326102433305 -0.461805752274758 0.0
0.0496827620378273 -0.401092637023271 0.0
0.0510089374914564 -0.34057425826089 0.0
0.0521193309181861 -0.280420365496967 0.0
0.0529907711786757 -0.220947404256748 0.0
0.0535530096742733 -0.162765569565041 0.0
0.0541778697036761 -0.106994718149298 0.0
0.0415142561934979 -0.0581029594356623 0.0
0.0260833333409037 -0.0013063148445055 0.0
0.0229149313242743 0.0593975158927191 0.0
0.0210374498045901 0.120439429765096 0.0
0.0195623939443895 0.181524933770602 0.0
0.0182835795718555 0.242625198580802 0.0
0.0170686271264232 0.30379356442393 0.0
0.0156383195522904 0.365105191071825 0.0
0.0134702681565205 0.426537110686251 0.0
0.102804302937605 -0.648770045388659 0.0
0.105296105372563 -0.587974615430808 0.0
0.107251158056812 -0.527266927029944 0.0
0.108859907984168 -0.46669391772924 0.0
0.110205840298139 -0.406330677022443 0.0
0.111317652537848 -0.346274416679 0.0
0.112203022737124 -0.28663468833706 0.0
0.112869396767724 -0.227494206168261 0.0
0.113326344374329 -0.168782966923224 0.0
0.111813535082013 -0.109804799302582 0.0
0.100899969616712 -0.0523771116896031 0.0
0.0904611747751631 0.00475809563165828 0.0
0.0867059641233194 0.0643399100765931 0.0
0.0843480323237082 0.124665557166696 0.0
0.0825062657391727 0.18535135711654 0.0
0.0808568193517701 0.246255547845879 0.0
0.079153770107093 0.307322816186203 0.0
0.077075799774791 0.368495784397099 0.0
0.0743666716492057 0.429644542958458 0.0
0.164485324334816 -0.652529441839865 0.0
0.166705809660242 -0.591698408165586 0.0
0.16847578170208 -0.530967386451396 0.0
0.169964793558304 -0.470368994265708 0.0
0.171234974206729 -0.409938171536421 0.0
0.172297523821746 -0.349692932307401 0.0
0.173131144682825 -0.289608109104529 0.0
0.173639850408244 -0.229573557715567 0.0
0.173248891745785 -0.169331769106095 0.0
0.169905356962367 -0.108985505896786 0.0
0.161403784214178 -0.0502213850224343 0.0
0.153861647434705 0.00843452381897022 0.0
0.150062049995011 0.0682695790325148 0.0
0.147461336793557 0.128663430032697 0.0
0.145342482440139 0.189393060012601 0.0
0.143354206888223 0.250343635496353 0.0
0.141206972551473 0.311437590377536 0.0
0.138596872879774 0.372594150159363 0.0
0.135209351907437 0.433760134931719 0.0
0.226425380453583 -0.655248197585832 0.0
0.228369427339016 -0.594264626876067 0.0
0.229989350553867 -0.53334003138967 0.0
0.231402135112527 -0.472487105814763 0.0
0.23262473528443 -0.411705180217492 0.0
0.233619061937671 -0.350966881090464 0.0
0.234283275913791 -0.290207994690365 0.0
0.234338478946377 -0.229328908484036 0.0
0.23304939607809 -0.168316648581545 0.0
0.229158975507809 -0.107614784238218 0.0
0.222492825059275 -0.047876592237857 0.0
0.216688287021782 0.0118227015196653 0.0
0.213060081307673 0.0721462543101558 0.0
0.210361541658468 0.132868367154893 0.0
0.208047124950892 0.193856889786847 0.0
0.205776720599023 0.255020505243229 0.0
0.203247166651146 0.316280246277724 0.0
0.200134090867162 0.37755819320526 0.0
0.196082416934298 0.438775106169195 0.0
0.288560447999149 -0.6567693354137 0.0
0.290225474703102 -0.595564650238895 0.0
0.291705533662691 -0.534357188342922 0.0
0.293038711509007 -0.473153894853018 0.0
0.294180526374616 -0.411943310827632 0.0
0.295032403489648 -0.350693767266496 0.0
0.295414596898366 -0.2893609808409 0.0
0.294979135463953 -0.227927558898783 0.0
0.293129925501196 -0.1665116427876 0.0
0.289268854613667 -0.105449302707542 0.0
0.283910569073485 -0.0449480194074443 0.0
0.279197779646835 0.0155583480036841 0.0
0.275799514727432 0.0764359066195423 0.0
0.273083111315057 0.137606863023009 0.0
0.27063691676475 0.19898466290401 0.0
0.268141605861699 0.260488096664827 0.0
0.265283736958895 0.322033120341488 0.0
0.261716845999981 0.383524857647953 0.0
0.257046467901925 0.444854035126669 0.0
0.350790591323834 -0.657137241074611 0.0
0.352186704542618 -0.595697487467635 0.0
0.353530161771254 -0.534194970891413 0.0
0.354767700047536 -0.472642387552846 0.0
0.355791783183628 -0.411032159903546 0.0
0.356452178464446 -0.349345010110582 0.0
0.356529917804683 -0.28756856866657 0.0
0.355699517947072 -0.225736216984538 0.0
0.353562031790533 -0.16397881209669 0.0
0.349946779189012 -0.102501866165879 0.0
0.345503409641722 -0.0413272240574645 0.0
0.341511003588227 0.0198948127340428 0.0
0.338340794024043 0.081377439823734 0.0
0.335652851711943 0.143094697007889 0.0
0.333127681753639 0.204979889139993 0.0
0.330464065470854 0.266951499691706 0.0
0.327339633380469 0.328911686384565 0.0
0.323382659525613 0.390739644470865 0.0
0.318147635901944 0.45228605251942 0.0
0.413016090141673 -0.656526665761652 0.0
0.414176193278113 -0.594872933828745 0.0
0.41539426163976 -0.533105185561706 0.0
0.416527015556012 -0.471243813563367 0.0
0.417413073819842 -0.409287868273865 0.0
0.417868864830183 -0.347231436577449 0.0
0.417670494786977 -0.28508382091119 0.0
0.41655418621631 -0.22289512502681 0.0
0.414300102262557 -0.1607709818369 0.0
0.410973528132711 -0.098816687381753 0.0
0.407166925867293 -0.0369848269963426 0.0
0.403669447581892 0.0249462823925264 0.0
0.400705934771793 0.0871055785761092 0.0
0.398076232826435 0.149481711942995 0.0
0.395519040204078 0.212015479796915 0.0
0.392745652755616 0.274620591435966 0.0
0.38942415307083 0.337181409367582 0.0
0.385153897601554 0.399542059185432 0.0
0.379421239197637 0.461491662851777 0.0
0.475156370153234 -0.655185849105286 0.0
0.476137257448172 -0.593355648421667 0.0
0.477251596737945 -0.531365752947058 0.0
0.478280086253832 -0.469238105624099 0.0
0.479023548151517 -0.406975231699686 0.0
0.479283460806915 -0.344580765980417 0.0
0.478852004721139 -0.282075565158359 0.0
0.477536872334954 -0.219509708994374 0.0
0.475253779712447 -0.156955331632708 0.0
0.472181625475725 -0.0944522978188233 0.0
0.468814307779157 -0.0319319807305009 0.0
0.465665606135971 0.0307529583078826 0.0
0.462882826359095 0.0936852876692122 0.0
0.460330763036504 0.156859454928946 0.0
0.45778162545882 0.220225079754266 0.0
0.454953937707115 0.283697797270517 0.0
0.451506807392009 0.347149435126481 0.0
0.447010887406447 0.41038364476625 0.0
0.440874842176288 0.473095147007186 0.0
0.537155115403211 -0.653416910864557 0.0
0.538028419423526 -0.591454306846265 0.0
0.539064296269601 -0.529279372797576 0.0
0.539994077582663 -0.466905280407378 0.0
0.540600138303862 -0.40433663021119 0.0
0.540682990261266 -0.341586298225352 0.0
0.540059963331353 -0.278683933140421 0.0
0.538602845999181 -0.215675824560314 0.0
0.53631923948769 -0.152606912955085 0.0
0.533436138971655 -0.0894788130847865 0.0
0.53036276964209 -0.0262184620756711 0.0
0.527459772080492 0.0372829191367388 0.0
0.524828722696549 0.101091496209945 0.0
0.522360003049323 0.165219729760127 0.0
0.519841551751288 0.229646452999501 0.0
0.516995262484023 0.294317019791071 0.0
0.513474660116567 0.359121617987119 0.0
0.508831018437197 0.423846444212665 0.0
0.502414537928689 0.488073230994903 0.0
0.598976876054385 -0.651595394320699 0.0
0.599808714302488 -0.589543313675155 0.0
0.600783520418364 -0.527186437246311 0.0
0.601622278984013 -0.464531421031008 0.0
0.602104347364316 -0.401593970531398 0.0
0.602035798988545 -0.338404930059485 0.0
0.601257629076441 -0.275009960565235 0.0
0.599689735859387 -0.211460151320802 0.0
0.597397457544986 -0.147788877625976 0.0
0.594628010557014 -0.0839798895997375 0.0
0.591735417599536 -0.0199566699883239 0.0
0.588996097441283 0.0443841837387511 0.0
0.586477815935606 0.109129651358301 0.0
0.584071794294945 0.174345391331114 0.0
0.581567112682226 0.240083651008149 0.0
0.578682846168492 0.306379955721991 0.0
0.575064905628755 0.373232772643419 0.0
0.570251681009915 0.44054572291809 0.0
0.563591445001483 0.507954971694347 0.0
