-0.58881906984853 -0.6659426883339 0.0
0.644157765377097 -0.705097520029577 0.0
-0.560648334026337 0.61237245798111 0.0
0.61237245798111 0.61237245798111 0.0
-0.527693355393392 -0.668813642592504 0.0
0.644416502229631 -0.64347165740288 0.0
0.550764372008999 0.577907041267716 0.0
-0.546995073414641 0.538431040111361 0.0
-0.466590816447348 -0.671528890775236 0.0
0.645164106323713 -0.581406197094572 0.0
0.48807500299904 0.556857314109126 0.0
-0.545654173731345 0.468114186038262 0.0
-0.405550955071196 -0.674293010410732 0.0
0.646050330374893 -0.518905699971663 0.0
0.425902205995573 0.542082621889344 0.0
-0.545905702982783 0.400294605994535 0.0
-0.344575710290538 -0.677225424037299 0.0
0.646839819196141 -0.455996080005027 0.0
0.364209006958557 0.530927603025416 0.0
-0.546515414509241 0.334135658322191 0.0
-0.283651542882862 -0.680407612264085 0.0
0.647341732790538 -0.392716363878907 0.0
0.302854361332665 0.522145930599864 0.0
-0.547530875657649 0.269138573325067 0.0
-0.222747735360211 -0.683891789949792 0.0
0.647387851144022 -0.329118597824778 0.0
0.241733895751083 0.515049203120884 0.0
-0.549142981209848 0.204949894563985 0.0
-0.161817651323902 -0.687693834967407 0.0
0.646839353584865 -0.265268119583796 0.0
0.180784105618207 0.509206521271045 0.0
-0.551424365017743 0.141303077410039 0.0
-0.100799815153858 -0.691788153933877 0.0
0.645619477221075 -0.201236549611445 0.0
0.119976416726953 0.504325583220599 0.0
-0.554246883126588 0.0780122001448015 0.0
-0.0396178546833044 -0.696086570527436 0.0
0.643763112159481 -0.137081432174059 0.0
0.0593150552680932 0.500212018044061 0.0
-0.557337961304184 0.0149758860110361 0.0
0.0218167617219247 -0.70039234696662 0.0
0.641450298919583 -0.072813169018084 0.0
-0.00115856649174252 0.496738254235997 0.0
-0.560438198060718 -0.0478347406152852 0.0
0.0835839462593754 -0.704379440334318 0.0
0.638969079018485 -0.00836915527603259 0.0
-0.061121570463247 0.493472562263513 0.0
-0.563423526478714 -0.110408256585177 0.0
0.145713275426038 -0.707677786092971 0.0
0.63658993045674 0.0563801423096163 0.0
-0.121009518092024 0.491385218074303 0.0
-0.566315961811107 -0.172719685474142 0.0
0.208156361217866 -0.710011944823747 0.0
0.634438136392039 0.12159653763932 0.0
-0.180943327898868 0.491779503129143 0.0
-0.569406854279942 -0.234742205735712 0.0
0.270801046617844 -0.711276667050765 0.0
0.632474560440305 0.187448901680459 0.0
-0.240559722367956 0.493529824841556 0.0
-0.571651046715653 -0.296686890684504 0.0
0.333508358873011 -0.711524037555621 0.0
0.630555069534034 0.254116315271776 0.0
-0.299903504491064 0.497950639359117 0.0
-0.57409117050766 -0.358594900124648 0.0
0.396144551707866 -0.710912466895005 0.0
0.628467649772125 0.321811121313326 0.0
-0.359918675260571 0.504857721378254 0.0
-0.577095941789741 -0.42032577555343 0.0
0.458597154401471 -0.709663692794813 0.0
0.625937148875036 0.390823011336596 0.0
-0.420711473250217 0.513957646349767 0.0
-0.580082271211913 -0.481895681300175 0.0
0.520780232935515 -0.708045020605502 0.0
0.622600286767996 0.461603680278686 0.0
-0.480847842672996 0.526812823552869 0.0
-0.583118134486385 -0.543336345792937 0.0
0.582638534696054 -0.706379585985922 0.0
0.617996645326465 0.534946007181728 0.0
-0.540892293636659 0.548492811933394 0.0
-0.585938330293686 -0.604673894949952 0.0
-0.524844983218282 -0.607529021048926 0.0
-0.521976882442217 -0.546148034568123 0.0
-0.518950244937371 -0.484635274146992 0.0
-0.515998537924107 -0.423051694755527 0.0
-0.513073375088508 -0.361398669489762 0.0
-0.510592919629166 -0.299569026870017 0.0
-0.508270789151132 -0.237425977793205 0.0
-0.505311265499713 -0.175017143715597 0.0
-0.502400804652099 -0.11244504450143 0.0
-0.499385307243154 -0.0496613248980619 0.0
-0.496256905670824 0.0133676032632155 0.0
-0.493164324619797 0.0766644736953611 0.0
-0.490408433375522 0.140254476843105 0.0
-0.488285706303716 0.204192410503657 0.0
-0.486919753861309 0.268569247577507 0.0
-0.486234543844072 0.333485522860696 0.0
-0.486076296940522 0.398982573168266 0.0
-0.486473622279629 0.464860322646539 0.0
-0.487909739124207 0.530020974885409 0.0
-0.463730234752685 -0.610214568038307 0.0
-0.460791962829865 -0.548808763539129 0.0
-0.457798867986765 -0.487289930616659 0.0
-0.454881562018483 -0.425649836799901 0.0
-0.452108029663355 -0.36383042637126 0.0
-0.449634640129368 -0.30185269551088 0.0
-0.447173991092373 -0.239725827552972 0.0
-0.444383526711959 -0.177341476912704 0.0
-0.441520016839342 -0.114731959463631 0.0
-0.438511270377994 -0.0518872795531444 0.0
-0.435366980153882 0.0111934726606852 0.0
-0.432274326805579 0.074481816967009 0.0
-0.429618629970098 0.137926816593828 0.0
-0.427748043322464 0.201492713753678 0.0
-0.426771627709392 0.265145501683895 0.0
-0.426573681845938 0.328787994178795 0.0
-0.426935842668611 0.39216887494957 0.0
-0.427435423178126 0.454763927979017 0.0
-0.487074830489729 0.467900089410389 0.0
-0.402631691463764 -0.612985689291114 0.0
-0.399644836464817 -0.551580035214343 0.0
-0.396686640239627 -0.490056301701446 0.0
-0.393858741280546 -0.4283916483276 0.0
-0.391214009600395 -0.366569903651286 0.0
-0.388760146705405 -0.304607728398663 0.0
-0.386288190113543 -0.242475094571763 0.0
-0.383620559176513 -0.180113268727893 0.0
-0.380821360996891 -0.117532303296132 0.0
-0.37782384202743 -0.0547400462257722 0.0
-0.374625768462607 0.00822650546717878 0.0
-0.371459178776986 0.0712733346023575 0.0
-0.368862513289611 0.134268143657582 0.0
-0.367253368508391 0.197121195619091 0.0
-0.366667020667972 0.259762194959376 0.0
-0.366846102791493 0.322075304444531 0.0
-0.367327248461657 0.383878221612696 0.0
-0.428247607867058 0.393211605141279 0.0
-0.426885119872124 0.453133735428128 0.0
-0.341560840943911 -0.615941694293828 0.0
-0.338541367757361 -0.554564847193658 0.0
-0.335637261161851 -0.493074429220402 0.0
-0.332915420143401 -0.431450661466921 0.0
-0.330385456889894 -0.369682886565454 0.0
-0.327993673241484 -0.307766952608653 0.0
-0.325582711373288 -0.245675565366267 0.0
-0.323028139997889 -0.183378010055226 0.0
-0.320294386628722 -0.120879848099518 0.0
-0.317276504028867 -0.0582008815950291 0.0
-0.313916185918232 0.00459460712050698 0.0
-0.310504762799586 0.0673548181948703 0.0
-0.307867257992602 0.129883253175907 0.0
-0.306487148828565 0.192114677184876 0.0
-0.306218481674863 0.254050650409036 0.0
-0.306583743188844 0.315667860503039 0.0
-0.367691978313667 0.322496686072048 0.0
-0.367524492952734 0.382952963662111 0.0
-0.365117777637428 0.442968121389512 0.0
-0.280514415784393 -0.619165469557383 0.0
-0.277477738270457 -0.557845302779114 0.0
-0.274646263266403 -0.496421252814709 0.0
-0.272043358762484 -0.434870764674897 0.0
-0.26963708561921 -0.373179425810702 0.0
-0.267345238701552 -0.311334988386983 0.0
-0.265036594885844 -0.249314911179158 0.0
-0.262595341893943 -0.187098649241976 0.0
-0.259917075411751 -0.124684255417866 0.0
-0.256819725811251 -0.0620859388174754 0.0
-0.253116231576523 0.000627141714654053 0.0
-0.249187590411439 0.063247139218926 0.0
-0.246422442367929 0.125505382128517 0.0
-0.245300942834522 0.187438935225478 0.0
-0.245327464066905 0.249159375142959 0.0
-0.306229131067084 0.254456191780231 0.0
-0.306556631393749 0.315328663085592 0.0
-0.305988127493219 0.375916470966615 0.0
-0.303603352004149 0.436550962300949 0.0
-0.219475892013507 -0.622706231105427 0.0
-0.216443663467197 -0.561462043542358 0.0
-0.213708701105439 -0.500123198259305 0.0
-0.211243425067847 -0.438662506170827 0.0
-0.208979485605582 -0.377061927498709 0.0
-0.206819450583964 -0.315304486453751 0.0
-0.204642930016619 -0.25336647173444 0.0
-0.202325116982625 -0.191221618311296 0.0
-0.199699826657468 -0.128845748386994 0.0
-0.196463911705246 -0.0662198200077571 0.0
-0.192163044574483 -0.00338481837388041 0.0
-0.187311832470149 0.0593787768079364 0.0
-0.18444530730545 0.121678144120084 0.0
-0.183738454425858 0.183767625096586 0.0
-0.244211960877439 0.188231239891644 0.0
-0.244682278406076 0.249513025421809 0.0
-0.24489503364874 0.310535307409219 0.0
-0.244296954296013 0.371407169925162 0.0
-0.24266264408824 0.432380013261594 0.0
-0.158420589613016 -0.626576092256064 0.0
-0.155427908984483 -0.565420038526122 0.0
-0.152821436616479 -0.504179413458609 0.0
-0.150518635421349 -0.442824667420514 0.0
-0.148422213506893 -0.381336036742608 0.0
-0.146427793834885 -0.319692272194927 0.0
-0.144420583148986 -0.257861481769818 0.0
-0.142263265331813 -0.195796455344403 0.0
-0.139730698213356 -0.133427117067999 0.0
-0.136350142848277 -0.0706536185291945 0.0
-0.131109317113684 -0.00741177118154339 0.0
-0.124675808661683 0.055965458720216 0.0
-0.122005209966314 0.118936693789 0.0
-0.181710849808159 0.123392115737462 0.0
-0.182167891815454 0.185252138596732 0.0
-0.182708431640801 0.246808515619626 0.0
-0.182919369239351 0.308085747385505 0.0
-0.182558564292909 0.369222762282625 0.0
-0.181708270320867 0.430402169986454 0.0
-0.097318427073797 -0.630745489776513 0.0
-0.0944166261192141 -0.569687184686895 0.0
-0.091977475862718 -0.508564021166686 0.0
-0.0898674430657963 -0.44735184683059 0.0
-0.0879724578087429 -0.386036581186266 0.0
-0.0861922283139475 -0.324599661168652 0.0
-0.084423881681286 -0.263004495631656 0.0
-0.0825295503452556 -0.20117903328633 0.0
-0.0802443806273147 -0.138982423556129 0.0
-0.0769034420260898 -0.0761446909731923 0.0
-0.0703093788545361 -0.0122714587858883 0.0
-0.0610851551676379 0.0530258108973214 0.0
-0.118431269814787 0.0599064727229717 0.0
-0.118970419712924 0.122696632912262 0.0
-0.11973161018062 0.18486691969988 0.0
-0.120360875928349 0.246553207434406 0.0
-0.120706005650242 0.307922802245971 0.0
-0.120750188272146 0.369140007534855 0.0
-0.120789144396249 0.430328764715358 0.0
-0.0361317612500252 -0.63511774571737 0.0
-0.0333830884102161 -0.574165533909091 0.0
-0.0311494575050317 -0.513193294858042 0.0
-0.0292619941488839 -0.452199173105981 0.0
-0.0276092760250142 -0.391200125801699 0.0
-0.0261169924862848 -0.33022491976563 0.0
-0.0247280996350996 -0.269316265058481 0.0
-0.0233784874147345 -0.208543578745376 0.0
-0.0219402727850845 -0.148031273881257 0.0
-0.0199954171600399 -0.0880082732922974 0.0
-0.013626346000463 -0.0290200150318567 0.0
-0.0502387826357623 0.00154771474997285 0.0
-0.0541439325358857 0.0636438443047925 0.0
-0.0557069472881532 0.125583574286082 0.0
-0.0568209801515434 0.187182708909568 0.0
-0.0576666707101104 0.248549513050452 0.0
-0.0582886287165744 0.309812614199367 0.0
-0.058838949275227 0.371102017145238 0.0
-0.0598976440683593 0.432532813474776 0.0
0.0251932561272774 -0.63947561594434 0.0
0.0277330431246079 -0.578616615494529 0.0
0.0297454990209175 -0.517801735068421 0.0
0.0314144075333826 -0.45705841258998 0.0
0.0328360541263239 -0.396442327733131 0.0
0.0340540481264843 -0.336037434398346 0.0
0.0350816459088913 -0.275966497073814 0.0
0.0359188431401305 -0.216408979939222 0.0
0.036583092215917 -0.157614540467655 0.0
0.0373668581234421 -0.0998448309472108 0.0
0.0353655303450118 -0.0422631626132039 0.0
0.01482404762583 0.0103440409765708 0.0
0.0101851400972927 0.0696964669644896 0.0
0.00789510612056651 0.130088456231433 0.0
0.00635786381068801 0.190855844641979 0.0
0.00518159366864239 0.251811535855335 0.0
0.00416207623688664 0.312918804138361 0.0
0.00300062519189843 0.374189298058955 0.0
0.00116059363078082 0.435563253962559 0.0
0.0867217865241498 -0.643464103593064 0.0
0.0890202896852945 -0.582632796138254 0.0
0.0908346284853717 -0.521886039621722 0.0
0.0923456772870396 -0.461257084993322 0.0
0.093635819133311 -0.400795432496675 0.0
0.0947373855746216 -0.340556151820986 0.0
0.095660830140888 -0.280586437479478 0.0
0.0964085158357389 -0.220896182612521 0.0
0.0969623750764996 -0.161388428452288 0.0
0.0965977909003066 -0.101642260484602 0.0
0.0914788168362034 -0.0418219449674212 0.0
0.0786311592085895 0.0146930114814716 0.0
0.0739703117466683 0.0739492738137913 0.0
0.0713258721917853 0.134067939372686 0.0
0.0694740158254311 0.19463813513526 0.0
0.0679743950644581 0.255493706034194 0.0
0.0665359549520947 0.316556237581149 0.0
0.0648190418975486 0.377755591940526 0.0
0.0625067285318912 0.438960938647635 0.0
0.148492633887776 -0.646699139776768 0.0
0.150535613920746 -0.585794041693921 0.0
0.152187730826939 -0.524965377371751 0.0
0.153603062873007 -0.464232750166508 0.0
0.154838370883287 -0.403614483712746 0.0
0.155902104385146 -0.343113360902834 0.0
0.156771029709472 -0.282701023965904 0.0
0.157367269741608 -0.222296932858261 0.0
0.157372409725034 -0.161742581651888 0.0
0.155659861113811 -0.10098403262357 0.0
0.15013333202862 -0.0408931810015602 0.0
0.141536659329613 0.0176979127917809 0.0
0.137221649709623 0.0774567993793653 0.0
0.134473938975929 0.137805792978992 0.0
0.132423463402747 0.198526223950739 0.0
0.130655275946177 0.259501676090502 0.0
0.128853964570065 0.320650797989802 0.0
0.126697507166545 0.381888203183872 0.0
0.123846058280828 0.44313876835485 0.0
0.210485930627963 -0.648918815956715 0.0
0.212265173272899 -0.587853407308031 0.0
0.213775717857378 -0.526821464208512 0.0
0.215118235389561 -0.465831447982709 0.0
0.216305836029053 -0.404880794036608 0.0
0.217304125356278 -0.343947576740699 0.0
0.218031558103782 -0.282985774273131 0.0
0.218302017169795 -0.221927730841838 0.0
0.217662958976431 -0.160738443092499 0.0
0.215231899736824 -0.0996164921203112 0.0
0.210177783981014 -0.0391275628659338 0.0
0.203975443842414 0.0206591319169305 0.0
0.200099188828642 0.0809959106114324 0.0
0.197376423442637 0.141735609705723 0.0
0.195211559162459 0.202761655368056 0.0
0.193238152725372 0.26398723981846 0.0
0.191143978524625 0.32533317892546 0.0
0.18860252355642 0.386715066927969 0.0
0.185265163084787 0.448038561405993 0.0
0.272631311006908 -0.650046153583017 0.0
0.274145254376636 -0.588778208773107 0.0
0.275520681477662 -0.527489634417565 0.0
0.276785662743711 -0.466188655422896 0.0
0.277899681119161 -0.40486821924381 0.0
0.278780661359948 -0.343505830613882 0.0
0.279293072116081 -0.282069244533868 0.0
0.279196159925653 -0.220537621102679 0.0
0.278071817677059 -0.1589623976326 0.0
0.275371032226408 -0.0975526494116251 0.0
0.270972294183608 -0.0366062745885304 0.0
0.266185595117681 0.024012499735376 0.0
0.26272361173989 0.0849292522257795 0.0
0.26008675801658 0.146134305364824 0.0
0.257868841403686 0.207560986642396 0.0
0.25575168071284 0.26913574671823 0.0
0.253430374109452 0.330776624915066 0.0
0.250573981435308 0.392386323885839 0.0
0.246811924590426 0.453850940166314 0.0
0.334837923386794 -0.650158048090997 0.0
0.336100484001755 -0.588685859892977 0.0
0.337347031819332 -0.527142095658798 0.0
0.338524977768814 -0.465541568721786 0.0
0.33954032591251 -0.403881062207756 0.0
0.340270006457357 -0.342146629282867 0.0
0.340546179758916 -0.280325974446402 0.0
0.340126829712071 -0.218432093894643 0.0
0.338690961464777 -0.15654140338835 0.0
0.335972629934665 -0.0948130214792411 0.0
0.332172298281689 -0.0333752238140919 0.0
0.328270423671572 0.0279323371594556 0.0
0.32516359576525 0.0894425008998069 0.0
0.322641629150469 0.151180538049261 0.0
0.320419900979308 0.213100610583219 0.0
0.318219249572073 0.275131834686755 0.0
0.315742500100838 0.337182694786489 0.0
0.312649449504031 0.399136665224198 0.0
0.30853019728983 0.460848647834733 0.0
0.397020135874601 -0.649427018603978 0.0
0.398066686785346 -0.587773061773551 0.0
0.399199136262289 -0.526003692674859 0.0
0.400286860420641 -0.464140005829209 0.0
0.401190218164965 -0.402183248545303 0.0
0.40175760381374 -0.340128139567315 0.0
0.401810576433339 -0.277977210583162 0.0
0.401136040083745 -0.215758947054445 0.0
0.39952193523463 -0.153545461471162 0.0
0.396898820645778 -0.0914377950206954 0.0
0.393577959006292 -0.0294710686026628 0.0
0.390257889767775 0.0324917861363352 0.0
0.387445673968568 0.0946392449319196 0.0
0.385053535051878 0.156997765718046 0.0
0.382871053952087 0.219528744873254 0.0
0.380647928142417 0.282159728062562 0.0
0.378092942379437 0.344787195500957 0.0
0.374852671370909 0.407268246159567 0.0
0.370462368551782 0.469406677629336 0.0
0.459109976939108 -0.648081015547892 0.0
0.459996118640676 -0.586278975715514 0.0
0.461037634743808 -0.524321688442797 0.0
0.462038762462031 -0.462230400431369 0.0
0.462827385855069 -0.400007824338051 0.0
0.463236775731963 -0.337655046425816 0.0
0.463093367679818 -0.275183952926697 0.0
0.462225609449847 -0.212627658201632 0.0
0.460516662740843 -0.150042698528124 0.0
0.458017590346196 -0.0874825018670705 0.0
0.45505547028673 -0.0249348352965531 0.0
0.452131899871178 0.0377097508549279 0.0
0.449561614680175 0.100567043525702 0.0
0.447306738384058 0.163659593611124 0.0
0.445200103039851 0.226956320288472 0.0
0.443012042192325 0.290389530824103 0.0
0.440457535547476 0.353850185583187 0.0
0.43717244994873 0.417166903899608 0.0
0.432635592808839 0.480065982020922 0.0
0.521059987090896 -0.646392704573401 0.0
0.521852564096953 -0.584481168286777 0.0
0.522828030992348 -0.522367773209828 0.0
0.523748949714531 -0.460064878521936 0.0
0.524426855416627 -0.397575533823144 0.0
0.524690981021082 -0.334907803915518 0.0
0.524380853857749 -0.272082120621059 0.0
0.523366419623945 -0.209133439187987 0.0
0.521603282648427 -0.14610322908917 0.0
0.519210639748344 -0.083012267072842 0.0
0.516499798252814 -0.0198248647981304 0.0
0.513848641823105 0.0435503902395043 0.0
0.511473447003442 0.107198862352572 0.0
0.509353240717638 0.171152182476181 0.0
0.507343693558322 0.235404897648092 0.0
0.505230356937318 0.299920103830923 0.0
0.502739053344869 0.364613916287163 0.0
0.499510444490653 0.429312719700983 0.0
0.495002060169868 0.49365794467686 0.0
0.582839766439817 -0.644699314906379 0.0
0.583598777328996 -0.582716189134981 0.0
0.584524929367659 -0.520449963431724 0.0
0.585372576047582 -0.457905478853331 0.0
0.585950216106895 -0.39509381627475 0.0
0.586088931618165 -0.332037824727492 0.0
0.585641968377343 -0.268772907354178 0.0
0.584512383440496 -0.205342191259736 0.0
0.582705240490957 -0.141782172856335 0.0
0.58037756792156 -0.0780972161834479 0.0
0.577823821293054 -0.0142389328169291 0.0
0.57535119013101 0.0498834012746198 0.0
0.573121611422823 0.114363314314882 0.0
0.571112074792607 0.179274639241476 0.0
0.56918550111895 0.244679016312401 0.0
0.567136886191139 0.310627079053425 0.0
0.564705850840667 0.377144456595709 0.0
0.561559116188713 0.444184379949011 0.0
0.557226067416347 0.511473658754789 0.0
