-0.606861515637744 -0.662983620774379 0.0
0.62635953105591 -0.699299324344071 0.0
-0.578221815824509 0.61237245798111 0.0
0.61237245798111 0.61237245798111 0.0
-0.545729122487662 -0.66574267833539 0.0
0.626632314351662 -0.637717797440189 0.0
0.547801988331724 0.581402983791949 0.0
-0.563909376044101 0.539573239871865 0.0
-0.484617828274977 -0.668348844246291 0.0
0.627379834541669 -0.57574155656989 0.0
0.483358794777082 0.562395558104111 0.0
-0.562197312578472 0.469998204367747 0.0
-0.423566243429361 -0.671015004408135 0.0
0.628297263265975 -0.513370027957295 0.0
0.419862607242018 0.548899397448534 0.0
-0.562364401276498 0.40274475198454 0.0
-0.362572743482983 -0.673861787014492 0.0
0.629180548414626 -0.450621621844138 0.0
0.357062371151297 0.538596664733441 0.0
-0.563155101044506 0.337012800976903 0.0
-0.301619722008677 -0.676966553826518 0.0
0.629865603184768 -0.38752541022115 0.0
0.294730801705871 0.530402388252668 0.0
-0.564583112206533 0.272311501648949 0.0
-0.240672080443687 -0.680373944402797 0.0
0.630206624978978 -0.324120531628434 0.0
0.232716539748061 0.523709640674089 0.0
-0.566765343268277 0.20829098572644 0.0
-0.179678475749462 -0.684086477694963 0.0
0.630076765220625 -0.260457111747569 0.0
0.170923620413344 0.518128493448196 0.0
-0.569641413216019 0.144698816702663 0.0
-0.118572851753315 -0.688053865194542 0.0
0.629389106826008 -0.196593050422223 0.0
0.109296263074782 0.513379200678221 0.0
-0.572936264978057 0.0813804999727295 0.0
-0.0572769278550411 -0.692147047491555 0.0
0.628134536167958 -0.132581825487097 0.0
0.047812932629864 0.509241735062745 0.0
-0.576303435676565 0.0182757778745042 0.0
0.00429024727998759 -0.696124471295517 0.0
0.626418892083457 -0.0684485521472771 0.0
-0.0135041692490311 0.505435294524054 0.0
-0.579512227285754 -0.0446114455220666 0.0
0.0661832553782417 -0.699661224031861 0.0
0.624461912361488 -0.00416398999590521 0.0
-0.074247887335528 0.502154216320619 0.0
-0.582500313433503 -0.107252796382404 0.0
0.128397702044684 -0.702455278740131 0.0
0.622526372794347 0.0603651674508777 0.0
-0.134747583239922 0.49987710130751 0.0
-0.585335626033777 -0.169617409360189 0.0
0.190864065011052 -0.704325064955826 0.0
0.62080692456418 0.12527981427389 0.0
-0.195286573312439 0.499125242853919 0.0
-0.588352346770733 -0.231677253952427 0.0
0.253471497485237 -0.705235574097712 0.0
0.619366540219946 0.190745070054682 0.0
-0.255488334273997 0.499769804131512 0.0
-0.590472189964566 -0.293661095392067 0.0
0.316098077400996 -0.705268739224007 0.0
0.61815704683036 0.256944449726388 0.0
-0.315416683332426 0.5029922604967 0.0
-0.592764799372517 -0.355603498749077 0.0
0.378632049023812 -0.704580974280683 0.0
0.617066408538006 0.324099169634194 0.0
-0.375826442955821 0.509063112853783 0.0
-0.595629620208885 -0.417349258200471 0.0
0.440981105434498 -0.703373974452296 0.0
0.61594932471535 0.392513677279394 0.0
-0.436911457097293 0.517360528728918 0.0
-0.598480293860205 -0.47892657180027 0.0
0.503075283853966 -0.701885641311434 0.0
0.614646729096957 0.462667788865821 0.0
-0.497463267527632 0.52900827274804 0.0
-0.601390426218313 -0.540370545957715 0.0
0.564870759749363 -0.70040178624669 0.0
0.613080619020093 0.535414856958766 0.0
-0.558156636481874 0.548950623004215 0.0
-0.604092853960294 -0.60171153580373 0.0
-0.542990379322461 -0.604454614473991 0.0
-0.54024040847577 -0.543069538215195 0.0
-0.537343570849825 -0.481553451938185 0.0
-0.534530447936915 -0.419965755141291 0.0
-0.531739979832909 -0.358308831981791 0.0
-0.529397046297806 -0.296463535811311 0.0
-0.527207320502619 -0.234297227874332 0.0
-0.524339240730572 -0.171867902013987 0.0
-0.52148881788268 -0.109276253968527 0.0
-0.518470969232773 -0.046475904637424 0.0
-0.515226025515426 0.0165639340057947 0.0
-0.51183030015456 0.0798621994540877 0.0
-0.508555829846139 0.14343195706905 0.0
-0.505796060034863 0.207303247059082 0.0
-0.503838469856805 0.271547286283804 0.0
-0.502734190039628 0.336261423958507 0.0
-0.502384482254023 0.401501821022311 0.0
-0.502832437031805 0.467105137845497 0.0
-0.504592513120593 0.532055730176664 0.0
-0.481863835280907 -0.607032615217202 0.0
-0.479045513058311 -0.545627493077592 0.0
-0.476185979623304 -0.484110297665352 0.0
-0.473409239586798 -0.422471951836051 0.0
-0.470776715201559 -0.360651870434472 0.0
-0.468443468058632 -0.298673841353792 0.0
-0.466109746371881 -0.236550308635754 0.0
-0.463415919241899 -0.174170081937165 0.0
-0.460615241540216 -0.111567624639213 0.0
-0.457606251283792 -0.0487304251071396 0.0
-0.454340801524821 0.0143500189105972 0.0
-0.450908838851798 0.0776553787235007 0.0
-0.447652965914688 0.141127424190069 0.0
-0.445064969129087 0.204699427001567 0.0
-0.443453561117228 0.268323966036918 0.0
-0.442818400439555 0.331918567420784 0.0
-0.442962278234488 0.39526247959781 0.0
-0.443464759941923 0.457864065963657 0.0
-0.503129273595109 0.46994465669652 0.0
-0.420749579768707 -0.609709778855411 0.0
-0.41788547506377 -0.548310256344975 0.0
-0.415065435673267 -0.48679457939511 0.0
-0.412382379656102 -0.425138778276335 0.0
-0.409881905180079 -0.363327071380652 0.0
-0.407566613467826 -0.30137799940313 0.0
-0.405218394177838 -0.239261259092181 0.0
-0.402650436684677 -0.176915707212436 0.0
-0.399920746255464 -0.114348437330852 0.0
-0.396937300055188 -0.0515577445457693 0.0
-0.39363273581035 0.0114380552737216 0.0
-0.390085212900394 0.0745685678630603 0.0
-0.386752469311782 0.137689873502597 0.0
-0.384300466088474 0.200656533781852 0.0
-0.383026780847256 0.263386185982148 0.0
-0.382762945117814 0.325786019254973 0.0
-0.383022990612784 0.387693340639049 0.0
-0.44378913582279 0.396382168005796 0.0
-0.442394308905261 0.456463048501283 0.0
-0.359657594318109 -0.612584255460195 0.0
-0.356765513001347 -0.551218994454952 0.0
-0.354005257017922 -0.489742749806535 0.0
-0.35143189329378 -0.428134986952061 0.0
-0.349046874005504 -0.366385504406395 0.0
-0.346791267177241 -0.304490515474923 0.0
-0.344502494180759 -0.242421128438631 0.0
-0.342053135778158 -0.180142573455879 0.0
-0.339406157716299 -0.117652970819276 0.0
-0.336441004179566 -0.0549560430678024 0.0
-0.333027810544583 0.00791465522680168 0.0
-0.329185879030912 0.0708514164751611 0.0
-0.325581985658969 0.133633037896191 0.0
-0.323190631248412 0.196082835226659 0.0
-0.322205066456439 0.258199821829877 0.0
-0.322157550246242 0.31999861387503 0.0
-0.383021284040206 0.326435704678639 0.0
-0.382674438477608 0.387051077663022 0.0
-0.380291595633524 0.447222746166594 0.0
-0.298583012602273 -0.615734449997152 0.0
-0.295681333591473 -0.554430571671785 0.0
-0.293000242217047 -0.493026018217503 0.0
-0.290548631725563 -0.431497949159347 0.0
-0.288286828391962 -0.369832475324633 0.0
-0.2861293767035 -0.308017048939771 0.0
-0.28394462928953 -0.246026641183066 0.0
-0.281621137963926 -0.183835233504412 0.0
-0.279064232605895 -0.121430390265561 0.0
-0.276097010771892 -0.0588044098430343 0.0
-0.272467995817509 0.00402111199288336 0.0
-0.268044300759241 0.0669256989428134 0.0
-0.263903896106035 0.129594760125572 0.0
-0.261579111419302 0.191844444522166 0.0
-0.260919769454427 0.253844659913254 0.0
-0.321480408299345 0.258988493767684 0.0
-0.321510591141541 0.320074972165794 0.0
-0.320796619586554 0.380851401836837 0.0
-0.318503144787534 0.441610495086089 0.0
-0.237508002620008 -0.619201623584641 0.0
-0.234622126310929 -0.557977635275318 0.0
-0.23204455291249 -0.496663997448938 0.0
-0.2297325097718 -0.435234782017642 0.0
-0.227612274090388 -0.373673496222322 0.0
-0.225586832918514 -0.311963416975096 0.0
-0.223541212831774 -0.250078801255451 0.0
-0.221364475851791 -0.187988054810721 0.0
-0.218918705797125 -0.12565550879128 0.0
-0.215947803834242 -0.0630351403853912 0.0
-0.211994978664993 -9.34615497565931e-05 0.0
-0.206558534493223 0.0630757751665252 0.0
-0.201550929967264 0.126020404640897 0.0
-0.199509968010428 0.188571731420599 0.0
-0.259447124444889 0.193244719339002 0.0
-0.259528280498305 0.254868666258697 0.0
-0.259476919651472 0.31621146325955 0.0
-0.258723960586964 0.377352467552561 0.0
-0.257131619371589 0.438528478888506 0.0
-0.176406445731899 -0.622983538559082 0.0
-0.173574629704548 -0.561850916687767 0.0
-0.171131452450812 -0.500643884317879 0.0
-0.168981994030673 -0.439337367706141 0.0
-0.167028147329823 -0.377916064973123 0.0
-0.165171073729411 -0.316362385473417 0.0
-0.163308593212579 -0.254646907038136 0.0
-0.161329679741358 -0.192722728791855 0.0
-0.159064893846878 -0.130514441700314 0.0
-0.156167256985087 -0.0678981833824277 0.0
-0.151861766324837 -0.00470026155776141 0.0
-0.144731760162103 0.0591470144174645 0.0
-0.138413740840717 0.123288186336946 0.0
-0.196858538784404 0.128787187395505 0.0
-0.196909211832382 0.191221020429761 0.0
-0.197162128316766 0.253241138898807 0.0
-0.197117357602357 0.314878843622124 0.0
-0.196572299884468 0.376300763768605 0.0
-0.195662685136188 0.437691815476314 0.0
-0.115245451565168 -0.627023401553977 0.0
-0.112518710484242 -0.565989794050654 0.0
-0.110243897930713 -0.504911104228011 0.0
-0.108282216860488 -0.44377256746075 0.0
-0.106525033324672 -0.382571060597292 0.0
-0.104884069695858 -0.321302356413567 0.0
-0.103278857862856 -0.259950438585535 0.0
-0.101616321774888 -0.198474141904791 0.0
-0.099729998469018 -0.136779814933169 0.0
-0.0972225599122586 -0.0746687416302005 0.0
-0.0929360609603185 -0.0117816761770845 0.0
-0.0832015754505822 0.0520633627263069 0.0
-0.132159053033893 0.0663856280558439 0.0
-0.133251443041487 0.129830284913377 0.0
-0.133956367741279 0.19238804910509 0.0
-0.134382607869969 0.254324852155927 0.0
-0.134492808089952 0.315904694551113 0.0
-0.13431628561516 0.37733912240476 0.0
-0.134115266198322 0.438779148886898 0.0
-0.053982207133944 -0.631179409729911 0.0
-0.0514153547956498 -0.570244599525153 0.0
-0.0493351952136703 -0.509317170206977 0.0
-0.047576566619489 -0.448407681892226 0.0
-0.046038070621241 -0.387550165235214 0.0
-0.0446612082837604 -0.326801285964087 0.0
-0.043418632501793 -0.266253212307083 0.0
-0.0423099295341177 -0.206066380481253 0.0
-0.0413601885799289 -0.146536296005602 0.0
-0.0406311737931154 -0.0882204105074191 0.0
-0.0399555265947079 -0.0321226915610219 0.0
-0.0484600485853963 0.0192562132356602 0.0
-0.0661296778325942 0.07469599915064 0.0
-0.069087526243966 0.135244739240798 0.0
-0.0704606985723483 0.196265710912858 0.0
-0.0712443202562149 0.257397960159626 0.0
-0.0716861909226251 0.318593619501596 0.0
-0.0720030182730326 0.379891092863188 0.0
-0.0727161058601772 0.441347682053611 0.0
0.00744019873719919 -0.635186874736653 0.0
0.00980580270157946 -0.574315928755401 0.0
0.0116944791948273 -0.51350333289889 0.0
0.0132816138744128 -0.452776387268479 0.0
0.014659250326748 -0.39218491300572 0.0
0.0158716235260119 -0.331796814289432 0.0
0.016937027008408 -0.271696742580433 0.0
0.0178641583694198 -0.211977935682735 0.0
0.0186664764121698 -0.152705618229122 0.0
0.0193475367898891 -0.0938013153449706 0.0
0.0185731781380461 -0.0346554258881207 0.0
0.00970684212509227 0.0236115310058997 0.0
-0.00163714992883175 0.0803594150648667 0.0
-0.00511733584691722 0.139882262222909 0.0
-0.00693938235610402 0.200207156591993 0.0
-0.00807336601694704 0.260937383369166 0.0
-0.00889735353588184 0.321928785279664 0.0
-0.00976221837647317 0.383119688158528 0.0
-0.0112256520103153 0.444408353447125 0.0
0.0690725962914552 -0.638700414107787 0.0
0.0712141291836822 -0.577815785151954 0.0
0.0729384520730449 -0.517005791949401 0.0
0.0744130147610034 -0.456293179267872 0.0
0.0757163847184357 -0.395709051433197 0.0
0.0768815520664154 -0.335281101623193 0.0
0.0779175478708907 -0.275020138951924 0.0
0.0788116956061427 -0.214898037045356 0.0
0.0794860535350888 -0.154811432916078 0.0
0.0794694876765513 -0.0945300150404079 0.0
0.0769788802423602 -0.0340618488664386 0.0
0.0695540389927604 0.025064663343871 0.0
0.0618078440161106 0.0835897265895698 0.0
0.0583712576761929 0.143387060425603 0.0
0.05634899098625 0.203777798128806 0.0
0.0549579266344476 0.264540905314701 0.0
0.0537916504324092 0.325564993532931 0.0
0.0524671612694638 0.386762768696043 0.0
0.050593680745536 0.448002470604665 0.0
0.130926142105721 -0.641417779000666 0.0
0.13283028012333 -0.580432671978713 0.0
0.134414623857948 -0.519500041724504 0.0
0.135815403572052 -0.458631001600735 0.0
0.137083115189678 -0.397833081628306 0.0
0.138223580674805 -0.337099678169406 0.0
0.13920999221135 -0.276400875049155 0.0
0.139962894436192 -0.215674911393713 0.0
0.140249235112419 -0.15482931712899 0.0
0.139425642174466 -0.0938343573096822 0.0
0.136293540427463 -0.0330552012251456 0.0
0.130313193417561 0.0268177702171992 0.0
0.124658673648745 0.0864333717374545 0.0
0.121476549196632 0.1466960467228 0.0
0.119397870589971 0.207378996611193 0.0
0.117832567118094 0.268356926931988 0.0
0.116395956677884 0.329540979015452 0.0
0.114729299582377 0.390839785317085 0.0
0.112460821278611 0.452155600318734 0.0
0.192961505395945 -0.643176497621415 0.0
0.194619540867418 -0.58203150682826 0.0
0.196074406715855 -0.520895865535725 0.0
0.197409867838198 -0.459775617991268 0.0
0.198635068492609 -0.398667128154961 0.0
0.199717769312862 -0.337552215402808 0.0
0.200586216225338 -0.276397180043445 0.0
0.201096209266771 -0.215158397796627 0.0
0.200947394539029 -0.153814168277929 0.0
0.199589719342577 -0.092458665161453 0.0
0.196378846377965 -0.0313988734677052 0.0
0.191567723241282 0.0290930591935775 0.0
0.187195116254521 0.0894804496197419 0.0
0.184313612427137 0.150234645654065 0.0
0.182256028051745 0.211290130486517 0.0
0.180585589851284 0.272568153633694 0.0
0.178957053172257 0.333989066205763 0.0
0.177029935628858 0.395461387024072 0.0
0.174456905057315 0.456875780202243 0.0
0.255106920518987 -0.643965389899305 0.0
0.256519650956517 -0.582638937501304 0.0
0.257849376857875 -0.521274487310057 0.0
0.259114044718956 -0.459881206074433 0.0
0.260275849508677 -0.398455107840701 0.0
0.26126385525366 -0.336980314119703 0.0
0.261968298944858 -0.275434509113014 0.0
0.262211201061515 -0.213802731217925 0.0
0.261704138795827 -0.152110580771331 0.0
0.26005675244317 -0.0904737531010272 0.0
0.257021637498979 -0.0290977092252673 0.0
0.25309371707966 0.0319435971167444 0.0
0.249555737890303 0.0929609486976537 0.0
0.246962421015108 0.154216204971734 0.0
0.24497258877263 0.215696303926336 0.0
0.243259449335776 0.277342028212631 0.0
0.241515644400141 0.339074499637838 0.0
0.2394186738578 0.400793455584388 0.0
0.236616716424423 0.462379336172695 0.0
0.317282280171648 -0.643883740304765 0.0
0.318466961299204 -0.582382806438217 0.0
0.319680027851406 -0.520800718414163 0.0
0.320869093446016 -0.459153329582917 0.0
0.321951003481605 -0.397440444047345 0.0
0.32282211580756 -0.335652571499044 0.0
0.323348530273984 -0.273780266878799 0.0
0.323347420747802 -0.211828980647955 0.0
0.322579893960919 -0.149842373594964 0.0
0.320812899878013 -0.0879207004985458 0.0
0.31803841784257 -0.0261818525348053 0.0
0.314763057910289 0.0353849777630314 0.0
0.311800786146065 0.0969852031378476 0.0
0.309469059401665 0.158770940112451 0.0
0.307581164483067 0.220740283699126 0.0
0.305885307313818 0.282839269341818 0.0
0.30410643226353 0.34498366219345 0.0
0.301931969128785 0.407059810405617 0.0
0.298981904377309 0.468923824498245 0.0
0.379415924458607 -0.643096809980976 0.0
0.380409090594688 -0.581444030578551 0.0
0.381522436363291 -0.519672831557642 0.0
0.382636963450727 -0.45780397788128 0.0
0.383631225157698 -0.395840235869655 0.0
0.384378081183401 -0.333777656967095 0.0
0.384733123293859 -0.271616271388494 0.0
0.384527365323037 -0.20937223442344 0.0
0.383584241552325 -0.147090729754408 0.0
0.381797186347376 -0.0848445442528328 0.0
0.379284326767848 -0.022689558174759 0.0
0.376488905866794 0.039416974038995 0.0
0.373944276027467 0.101612549893741 0.0
0.371849285454303 0.16398857292779 0.0
0.370092733234061 0.226541102634977 0.0
0.368473538365668 0.289216207114268 0.0
0.366742789794396 0.351922530706274 0.0
0.364592664206414 0.414527093635556 0.0
0.36160132129246 0.476842313121253 0.0
0.441451904672803 -0.6418102679096 0.0
0.44230657765949 -0.58003554692904 0.0
0.443343618225449 -0.518107929640321 0.0
0.444389347684163 -0.456047230628904 0.0
0.445295088707148 -0.393856277236737 0.0
0.445920175154334 -0.331534955779079 0.0
0.446120207471014 -0.269089809040507 0.0
0.445749570650571 -0.206541735120739 0.0
0.444691570487235 -0.143929746031262 0.0
0.44293020209267 -0.0812994168573961 0.0
0.440641931275409 -0.0186663946717968 0.0
0.438198064118891 0.0440224938838037 0.0
0.435967975608381 0.106864373930179 0.0
0.434088986846243 0.16991929248017 0.0
0.432488610764759 0.233183781136008 0.0
0.431001301307357 0.296609700074691 0.0
0.429402357981323 0.360105768603855 0.0
0.427393374448386 0.423520204716753 0.0
0.424518406260132 0.48660040752793 0.0
0.503351072266331 -0.640266749261271 0.0
0.5041281403919 -0.578403711515848 0.0
0.505112470380008 -0.516346909395742 0.0
0.506096172714131 -0.454107474016966 0.0
0.506916720545549 -0.391687201948477 0.0
0.507428553270486 -0.329090685426925 0.0
0.507493529690042 -0.266331381848379 0.0
0.50699122447084 -0.203433923331724 0.0
0.505854453068261 -0.140430701210431 0.0
0.504127356825886 -0.0773462584094449 0.0
0.502010424006748 -0.0141712138688427 0.0
0.499818595935148 0.0491523743662531 0.0
0.497828032510273 0.112704091579901 0.0
0.496142832722102 0.176538450983 0.0
0.494710916825256 0.240670651134428 0.0
0.493393835832582 0.305082739260892 0.0
0.491995832777887 0.369714137592947 0.0
0.490249958716736 0.434423973904074 0.0
0.487720381599961 0.498897448207371 0.0
0.56508768639838 -0.638765065231939 0.0
0.565840136713952 -0.576847204394078 0.0
0.566787244494964 -0.514665403773063 0.0
0.567714928454362 -0.452222567978567 0.0
0.568458125069374 -0.389525681296644 0.0
0.568871364700053 -0.326590739432422 0.0
0.568823922026206 -0.263443860316867 0.0
0.568216290583801 -0.200118736639137 0.0
0.567017308360803 -0.136648104394469 0.0
0.565309320350676 -0.0730462166838676 0.0
0.563303627906128 -0.00928930555318893 0.0
0.561279986880457 0.0546890732934371 0.0
0.559462919897623 0.118976738849193 0.0
0.557935270815297 0.183657179951252 0.0
0.556653091667206 0.24880344093883 0.0
0.555498432544919 0.314481447520491 0.0
0.554310639078049 0.380741884808422 0.0
0.55288950658316 0.447581000171206 0.0
0.55095292667341 0.514797923261095 0.0
