-0.646864270081829 -0.659011765754926 0.0
0.586781593663807 -0.692880241791911 0.0
-0.614053592830896 0.61237245798111 0.0
0.61237245798111 0.61237245798111 0.0
-0.585726371196808 -0.661760645669159 0.0
0.587295418246452 -0.631376847767367 0.0
0.542987037622465 0.586483237245409 0.0
-0.597555768672571 0.541682753891983 0.0
-0.524601582782929 -0.664361692542206 0.0
0.588258554728806 -0.569559408428922 0.0
0.475470610462269 0.570575152054128 0.0
-0.594940235084671 0.473432346528621 0.0
-0.463527929298134 -0.667052069878076 0.0
0.589454751308376 -0.507417867101649 0.0
0.409601784729098 0.559189766915127 0.0
-0.595295088995733 0.407182587165955 0.0
-0.402494204478584 -0.669960308699623 0.0
0.590740221555629 -0.44495730507297 0.0
0.344811123418667 0.550458635361844 0.0
-0.597233397210755 0.342136803124452 0.0
-0.341469360388982 -0.673149898173097 0.0
0.592004258210642 -0.382189458938116 0.0
0.280726633698621 0.543510777866482 0.0
-0.600512793972813 0.27777257919878 0.0
-0.28040272463498 -0.676627945808634 0.0
0.593151948063369 -0.319130440405283 0.0
0.217110598447976 0.537851076118125 0.0
-0.604714897763338 0.213755493915497 0.0
-0.219228415790862 -0.680327731136186 0.0
0.594098468042433 -0.255800786408968 0.0
0.153802331342886 0.533151993682021 0.0
-0.609161322674619 0.149933704861594 0.0
-0.157874228923214 -0.684096813376934 0.0
0.594772689011919 -0.192225157120286 0.0
0.0906858954667219 0.529161605721463 0.0
-0.613320458984468 0.0862990739002911 0.0
-0.096278281352203 -0.687707160006435 0.0
0.595129992705773 -0.128430043709102 0.0
0.0276733385345187 0.525636379770209 0.0
-0.617014002170381 0.0229003517059027 0.0
-0.034410649270113 -0.690907379900023 0.0
0.595172812369945 -0.0644364012338224 0.0
-0.0352897598137537 0.522130622307207 0.0
-0.620269166420032 -0.0402150068891582 0.0
0.0277126294912431 -0.693494038762825 0.0
0.594971571562095 -0.000247055346138688 0.0
-0.0978470763201575 0.519894541217503 0.0
-0.623191262831684 -0.103016623694811 0.0
0.09003429436248 -0.695356461788253 0.0
0.594670743478183 0.0641693831402576 0.0
-0.159953511474485 0.518105768301013 0.0
-0.625929434745237 -0.165485883961251 0.0
0.152473232684331 -0.696479161704306 0.0
0.594464498351058 0.128890683940639 0.0
-0.22200807794937 0.515421527294303 0.0
-0.628885854826495 -0.227606162829127 0.0
0.214942835586772 -0.696919075587801 0.0
0.594546521294412 0.194044748935978 0.0
-0.283843743688762 0.513499859554753 0.0
-0.630887797070827 -0.289657085846105 0.0
0.277362251154941 -0.696779640904071 0.0
0.595067619459362 0.259808788576326 0.0
-0.345381547754454 0.513341404950484 0.0
-0.63304051684131 -0.351653482055172 0.0
0.339662009149028 -0.696193117053288 0.0
0.596134480248159 0.326420486860656 0.0
-0.40676963008045 0.517179634499628 0.0
-0.635798407170346 -0.413408891026489 0.0
0.401785853201082 -0.695313268767703 0.0
0.597851763386531 0.394217939996544 0.0
-0.468562635649684 0.523794833768432 0.0
-0.638566185626385 -0.474981706447622 0.0
0.463691825385496 -0.694317165825434 0.0
0.600412501794568 0.463735009332992 0.0
-0.530008762477101 0.533117059768768 0.0
-0.641424818125861 -0.53641420792285 0.0
0.525356137244671 -0.693415910829979 0.0
0.604380445120751 0.535910271273503 0.0
-0.591996591363996 0.550055779667495 0.0
-0.644103381776971 -0.597746651490028 0.0
-0.58298960156902 -0.600477166445702 0.0
-0.580264454031095 -0.539095568631661 0.0
-0.577428432378907 -0.477584638885491 0.0
-0.574705316757467 -0.415997936386388 0.0
-0.572009317625191 -0.354338920868009 0.0
-0.56978312350915 -0.29245883347527 0.0
-0.567732384074173 -0.230233119997608 0.0
-0.564969893268562 -0.167744524730002 0.0
-0.562233996275546 -0.105079493606905 0.0
-0.559304310851473 -0.0421910945244362 0.0
-0.556032378654817 0.0209511778653353 0.0
-0.552301429338031 0.0843669268267413 0.0
-0.548079499579387 0.148069160105732 0.0
-0.543576808772152 0.212060764009988 0.0
-0.539435187568474 0.276331517756483 0.0
-0.536421692215319 0.34091276658524 0.0
-0.53494208050461 0.405876863112445 0.0
-0.535207411192449 0.471137421457745 0.0
-0.53783486540419 0.535793043527215 0.0
-0.521841766385854 -0.603052676042987 0.0
-0.519055858569212 -0.541659900624873 0.0
-0.516269190426642 -0.480154475371123 0.0
-0.51359003358935 -0.418523473644651 0.0
-0.511068025681981 -0.356699846046938 0.0
-0.508862969828016 -0.29471189688801 0.0
-0.506664775865244 -0.232580014625266 0.0
-0.504098169089515 -0.170187713054378 0.0
-0.501434882177278 -0.107574123076638 0.0
-0.498545615178997 -0.0447236022707444 0.0
-0.495292873439368 0.0183888295131002 0.0
-0.491548210434447 0.081784901732021 0.0
-0.487251808395663 0.145461351680464 0.0
-0.482615882692196 0.209345351345922 0.0
-0.478491470699722 0.273265480922255 0.0
-0.475822729097754 0.337066196669862 0.0
-0.474843149395459 0.400590481745095 0.0
-0.475137420760887 0.463420227135102 0.0
-0.534534211825311 0.473826122970541 0.0
-0.460697317016325 -0.605765162677255 0.0
-0.457878427365387 -0.544391775389227 0.0
-0.455148126398878 -0.482902906967255 0.0
-0.452577745188905 -0.421271717121645 0.0
-0.450200742903638 -0.359484142992687 0.0
-0.448018410049761 -0.297564185487311 0.0
-0.445808862124796 -0.235483788628996 0.0
-0.443386230570408 -0.173180444391763 0.0
-0.440823442402553 -0.110659013558879 0.0
-0.438016096251889 -0.0479018943194544 0.0
-0.434824691689602 0.0151146392318752 0.0
-0.431082886056577 0.07840427822359 0.0
-0.426632700740052 0.141933579174951 0.0
-0.421606165903205 0.20554555717979 0.0
-0.41726839385485 0.268913601569166 0.0
-0.414853281298106 0.331834988329995 0.0
-0.414080673790591 0.394259960529862 0.0
-0.474188675485965 0.402253260960637 0.0
-0.472569170700264 0.462767950914956 0.0
-0.399563321615032 -0.608714684361566 0.0
-0.396736961643753 -0.547392696394107 0.0
-0.394087724761117 -0.485963980778272 0.0
-0.391642042857572 -0.4244088818691 0.0
-0.389389182787567 -0.36272203844192 0.0
-0.38727010997917 -0.300904977808294 0.0
-0.385126587683693 -0.238930964520749 0.0
-0.382844857450759 -0.176762817363594 0.0
-0.380413812529494 -0.114389183140206 0.0
-0.377731787626425 -0.051785178584179 0.0
-0.374641992773449 0.0110826365450646 0.0
-0.370901048474196 0.0742440739752132 0.0
-0.36613870488527 0.137683535188271 0.0
-0.360235636066469 0.201215585973416 0.0
-0.355351829274976 0.264375808632668 0.0
-0.353197542662745 0.327062452562357 0.0
-0.413021938653021 0.33357125643559 0.0
-0.412095963491901 0.394794117870305 0.0
-0.409567773503034 0.455495969890915 0.0
-0.338430202453504 -0.611962875814894 0.0
-0.335623911934139 -0.550719575081483 0.0
-0.333076464019 -0.489387461895412 0.0
-0.330764528627693 -0.4279498052891 0.0
-0.328639975233374 -0.366401742014645 0.0
-0.326622927458148 -0.304739086348038 0.0
-0.324596262246932 -0.242941961933244 0.0
-0.322477246521477 -0.18098435955565 0.0
-0.320221249552882 -0.118843847380467 0.0
-0.3177240656178 -0.0564786226372262 0.0
-0.314802758776183 0.00617985243208275 0.0
-0.3111014811951 0.0692322306568181 0.0
-0.305866305676422 0.1327837571442 0.0
-0.298303095034072 0.196747344855598 0.0
-0.292562425366879 0.260669104979339 0.0
-0.351122364997337 0.26712086926816 0.0
-0.350384064413895 0.329241781818807 0.0
-0.349264743105577 0.390796283671857 0.0
-0.347075220281315 0.452019280362138 0.0
-0.277273578918232 -0.6155088231638 0.0
-0.274520064659728 -0.554359404391912 0.0
-0.27209515163061 -0.493146591325645 0.0
-0.269927800238842 -0.431858938557179 0.0
-0.267944357194793 -0.370497224279167 0.0
-0.2660629181947 -0.309063264265467 0.0
-0.264196578231453 -0.2475509771977 0.0
-0.262284609434054 -0.185949104816727 0.0
-0.260279655174511 -0.124238407422129 0.0
-0.258088090240106 -0.0623682168360925 0.0
-0.255518329460999 -0.000225156954524719 0.0
-0.252107918971448 0.0624226360268511 0.0
-0.246490774278536 0.125965582642048 0.0
-0.236038475883025 0.190701947739159 0.0
-0.287390441333682 0.202975307978627 0.0
-0.287499471466081 0.266334030828776 0.0
-0.28709868389231 0.328714999271067 0.0
-0.286033637784058 0.390489514925386 0.0
-0.284513599151007 0.452079585426921 0.0
-0.216057602530588 -0.619273693483599 0.0
-0.213394611569998 -0.558219512710161 0.0
-0.211110135026041 -0.49713768500041 0.0
-0.209094114349054 -0.436028110862681 0.0
-0.207260400600885 -0.374906534509052 0.0
-0.205537033393713 -0.313797439522981 0.0
-0.203867738126623 -0.252734109967412 0.0
-0.202225938111229 -0.191769897811464 0.0
-0.200609163812167 -0.130996984089414 0.0
-0.199024294574784 -0.0705788016361754 0.0
-0.197498007598999 -0.0108259734979444 0.0
-0.196085687687453 0.0476515941085177 0.0
-0.194199991987202 0.103687981568639 0.0
-0.207637493872891 0.151987715424897 0.0
-0.221394422786396 0.209415667897332 0.0
-0.22314332155719 0.2702479251082 0.0
-0.223251227354373 0.33139465752601 0.0
-0.222592308277453 0.392671616713505 0.0
-0.22168011999103 0.454084355408422 0.0
-0.154736801944256 -0.623089142774147 0.0
-0.152200508262768 -0.562111053829483 0.0
-0.150062844248458 -0.50114461780707 0.0
-0.148187218029649 -0.440201397796635 0.0
-0.146483767376102 -0.379310615353417 0.0
-0.144891586488775 -0.31851414752572 0.0
-0.143373495714585 -0.257867842229503 0.0
-0.141917409559293 -0.197447674247931 0.0
-0.140527087469522 -0.137353777903266 0.0
-0.139206405177874 -0.0777015549928197 0.0
-0.137947654635657 -0.0185770346790396 0.0
-0.136679094288897 0.0401196162534731 0.0
-0.137094469928651 0.099313575420033 0.0
-0.147733670990158 0.156728727546915 0.0
-0.156670828340038 0.214249980541385 0.0
-0.158883662437932 0.274011490751075 0.0
-0.159406338820262 0.334549280147238 0.0
-0.159177947459883 0.395578946973443 0.0
-0.158664363310796 0.457020440444022 0.0
-0.0932644063390427 -0.626711369126782 0.0
-0.0908830859479359 -0.565763563349774 0.0
-0.0888834657042855 -0.504852921223008 0.0
-0.0871165539464707 -0.443993755707014 0.0
-0.0854940683369137 -0.383212986308885 0.0
-0.083962520755721 -0.322542883917957 0.0
-0.0824913911047274 -0.262016338247795 0.0
-0.0810675312292875 -0.201660623322861 0.0
-0.0796882695929858 -0.141483722473566 0.0
-0.0783641798806144 -0.0814471842482782 0.0
-0.0771673621426466 -0.0214244894411697 0.0
-0.076623084077947 0.0388655311914942 0.0
-0.0790300869434984 0.0992527633848042 0.0
-0.0868145378758002 0.157964440825722 0.0
-0.0929107371716901 0.216751715283243 0.0
-0.0950958265032852 0.276663791529514 0.0
-0.095861003357365 0.33716625097967 0.0
-0.09600580667454 0.398062261891118 0.0
-0.0959740173438192 0.459227742508091 0.0
-0.0316105265894015 -0.629882314695186 0.0
-0.0294050350888371 -0.568903087805058 0.0
-0.0275289035188996 -0.50796202490246 0.0
-0.0258373412151687 -0.447068489534629 0.0
-0.02425198447459 -0.386236896287995 0.0
-0.0227311142470648 -0.325478683033728 0.0
-0.0212563222666994 -0.264796178929659 0.0
-0.0198286940914297 -0.204176018336024 0.0
-0.0184733197123889 -0.143581043234077 0.0
-0.017268045326683 -0.0829419556260919 0.0
-0.0164604359538026 -0.0221590875078223 0.0
-0.0167776505702263 0.0387862827028981 0.0
-0.0197124212649917 0.0993993715095612 0.0
-0.0253863247715157 0.159019350077114 0.0
-0.0297259544228819 0.218673675154083 0.0
-0.0316874985243254 0.278916790245667 0.0
-0.0325510025725226 0.339541126672752 0.0
-0.0329560180102237 0.400399267795683 0.0
-0.0334708593856888 0.46135865280103 0.0
0.0302223000912556 -0.632405205958984 0.0
0.0322354077850489 -0.571339299778551 0.0
0.0339977004369163 -0.510291697413938 0.0
0.0356325890766164 -0.449266894242225 0.0
0.0371982205534387 -0.388268888206315 0.0
0.0387168312773572 -0.327295131896026 0.0
0.040186417517845 -0.266332957277637 0.0
0.0415807718653921 -0.205357273452829 0.0
0.0428367635904224 -0.144330447644855 0.0
0.0438127893086407 -0.0832079787137176 0.0
0.0441908557788278 -0.0219722130946245 0.0
0.0433452213752287 0.0392613410524292 0.0
0.0405261584324473 0.100112599149791 0.0
0.0363516002628885 0.160382103210963 0.0
0.0331655993436087 0.220671541997951 0.0
0.0314945394654792 0.281297772274119 0.0
0.0306428483627097 0.342193077762826 0.0
0.030088061241108 0.403285199146506 0.0
0.0292631327663859 0.464500476338063 0.0
0.0921998956355401 -0.63418412030704 0.0
0.0940090221972093 -0.572997719191473 0.0
0.0956610838937872 -0.511798916688482 0.0
0.0972440614417241 -0.450591854667334 0.0
0.0987880026526375 -0.38937660757845 0.0
0.100291107349999 -0.328146043316655 0.0
0.101728425668944 -0.266885211589709 0.0
0.103048760307237 -0.205572477961615 0.0
0.104158755941046 -0.144184139799819 0.0
0.104886981345763 -0.0827074440088672 0.0
0.104929825219238 -0.0211752848235532 0.0
0.103849114934635 0.0402741350297131 0.0
0.101390645248933 0.101402321841855 0.0
0.0982880172169855 0.162191471193165 0.0
0.0959076157480509 0.223000819619364 0.0
0.0945305904351275 0.284020911571415 0.0
0.0937403774021066 0.345231743604471 0.0
0.0931015722644108 0.406571516770307 0.0
0.092171461104783 0.467927345828107 0.0
0.154269041448177 -0.635218195980363 0.0
0.155871566627886 -0.57390002507871 0.0
0.157416317472984 -0.512536143642797 0.0
0.158946743159084 -0.451134463065834 0.0
0.160460884528762 -0.389695865053811 0.0
0.161932215276168 -0.328213964378703 0.0
0.163314649652133 -0.266676874931671 0.0
0.164537402933524 -0.205070472727417 0.0
0.165490665193562 -0.143385314220072 0.0
0.166002981807117 -0.081630419621892 0.0
0.165827812214254 -0.0198585906598935 0.0
0.164711249067775 0.0418112091272721 0.0
0.162673575329547 0.103247045246665 0.0
0.160355503761563 0.164491682897515 0.0
0.158571858951349 0.225762770941603 0.0
0.157477780689473 0.287173041542269 0.0
0.156798524302751 0.348705295020181 0.0
0.156185688638443 0.410285867874944 0.0
0.155283333265548 0.471801026191487 0.0
0.216371646092821 -0.635574299548664 0.0
0.2177776161522 -0.574129055208873 0.0
0.21922243062818 -0.512606627847172 0.0
0.22070080610145 -0.451020375353313 0.0
0.222178501121856 -0.389373665544918 0.0
0.22360627125975 -0.327662453385285 0.0
0.224920811907207 -0.265878887671984 0.0
0.226038774041937 -0.204015783234576 0.0
0.226846701324207 -0.14207400270756 0.0
0.227192843080894 -0.0800738926649735 0.0
0.226902443947651 -0.0180698816110916 0.0
0.22586636080305 0.0438504416234853 0.0
0.224233441665321 0.105622875015239 0.0
0.222509897998719 0.167301927824706 0.0
0.221197986907269 0.229019449778256 0.0
0.220386392731648 0.290836191044641 0.0
0.219882007071291 0.352723648637028 0.0
0.219401339955169 0.414599349589254 0.0
0.218612793547286 0.476347428979845 0.0
0.278453547644891 -0.635360923876882 0.0
0.279686959936689 -0.573802226006212 0.0
0.281045723902765 -0.512138282371007 0.0
0.282476093445245 -0.450386982629294 0.0
0.283914327807438 -0.388553538464759 0.0
0.285292247516562 -0.326635776339364 0.0
0.286534124201478 -0.264629063836963 0.0
0.287550857547067 -0.202531205582066 0.0
0.288235178812627 -0.140349072292196 0.0
0.28846552151357 -0.0781064277374729 0.0
0.288136373720244 -0.0158495460676115 0.0
0.287238714120268 0.0463644870522182 0.0
0.285968801565378 0.108511232357475 0.0
0.284715013514458 0.170640224546256 0.0
0.283802598251352 0.232830381474584 0.0
0.283287305771556 0.295107452504258 0.0
0.283027530760187 0.357429545300567 0.0
0.282781227004679 0.419702079853917 0.0
0.282203095578224 0.48178749399629 0.0
0.340469379425766 -0.634712532086432 0.0
0.34156680605459 -0.573058548006321 0.0
0.342858927701016 -0.511274262578364 0.0
0.344248285455002 -0.449379027119621 0.0
0.345647044069808 -0.387377945024968 0.0
0.346973002415655 -0.325269471591828 0.0
0.34814292437894 -0.263050982439643 0.0
0.349067669317413 -0.200723334294095 0.0
0.349652492115665 -0.138295899204971 0.0
0.349809181406107 -0.0757905563665425 0.0
0.349490697284787 -0.0132411389113027 0.0
0.348751815982241 0.0493208741387079 0.0
0.347797914597762 0.111894400094184 0.0
0.34693083761577 0.174521594175356 0.0
0.346377761568778 0.237250251733089 0.0
0.346182512212625 0.300084687413208 0.0
0.346241704410592 0.362971690376393 0.0
0.346343870989271 0.425799540562764 0.0
0.346118565054908 0.488388125404651 0.0
0.402384197509677 -0.633784793253433 0.0
0.403390825741424 -0.57205665088233 0.0
0.404637978894526 -0.510173676073364 0.0
0.405994124287292 -0.448152090436628 0.0
0.407354814812569 -0.385994635425773 0.0
0.408629217266217 -0.323699426068337 0.0
0.409730987363148 -0.261265224132367 0.0
0.410574973485611 -0.198694871332297 0.0
0.411081841637256 -0.135998145775512 0.0
0.411194901657625 -0.0731922299539921 0.0
0.41091263981549 -0.0102974903456054 0.0
0.410328769590637 0.0526754990293263 0.0
0.409644130299929 0.115741685188137 0.0
0.409104386879872 0.178940840727195 0.0
0.408886405613443 0.242308181787597 0.0
0.409037731997712 0.305842517351506 0.0
0.409493186205901 0.369489944221243 0.0
0.410080821759327 0.433125459887905 0.0
0.410429806092989 0.496509583822496 0.0
0.464172951731841 -0.632759190373829 0.0
0.465135582925685 -0.570980896442594 0.0
0.466356960097808 -0.509017805990387 0.0
0.467685997804192 -0.446878099530734 0.0
0.469010199393269 -0.384561159922794 0.0
0.470235102042709 -0.322065477564665 0.0
0.471274443408249 -0.259392334536246 0.0
0.472048962141694 -0.196547299101278 0.0
0.472494496055146 -0.133540575193874 0.0
0.472581003073983 -0.0703844276275461 0.0
0.472340524908196 -0.00708682831214545 0.0
0.471890787641797 0.0563593814044112 0.0
0.471426928075047 0.119984586060543 0.0
0.471163072692466 0.183837043396141 0.0
0.471255419748677 0.247961734103562 0.0
0.47176820738056 0.3123794071716 0.0
0.472685855968219 0.377068335983903 0.0
0.473912246800864 0.441926713482346 0.0
0.475168264212438 0.506672011337579 0.0
0.525817712765253 -0.631857770476272 0.0
0.526773835477562 -0.570054753222463 0.0
0.52798106396146 -0.508018274504439 0.0
0.529286219145857 -0.445747521711439 0.0
0.530576315874054 -0.38324205268409 0.0
0.531756588068624 -0.320505165188997 0.0
0.532742036443093 -0.257544686598964 0.0
0.533458768293901 -0.194372352454376 0.0
0.533854866148441 -0.131001963080779 0.0
0.533920353896491 -0.0674442883131777 0.0
0.533710821610749 -0.0036988031984462 0.0
0.533359911254096 0.0602567540903281 0.0
0.533060738580191 0.124472437657286 0.0
0.53301310628077 0.189022767846961 0.0
0.533368952255088 0.253995798770368 0.0
0.534216930454715 0.319484946452918 0.0
0.535606136225982 0.385580355148665 0.0
0.537577494175485 0.452334577420865 0.0
0.540157773737519 0.519617434858494 0.0
