-0.667974113314828 -0.658692370439922 0.0
0.565527399823107 -0.692529659933073 0.0
-0.632021845877171 0.61237245798111 0.0
0.61237245798111 0.61237245798111 0.0
-0.606832451231522 -0.661491686765713 0.0
0.566274264663391 -0.631061254389839 0.0
0.541265207206822 0.587744365692189 0.0
-0.613909112367588 0.542603595023424 0.0
-0.545696752186715 -0.664145527820131 0.0
0.567452897185636 -0.569315650740453 0.0
0.472580435069705 0.572772364331354 0.0
-0.610950691431781 0.474862593816895 0.0
-0.484602681998714 -0.66690025939088 0.0
0.56889362072506 -0.507278691960754 0.0
0.405801554402064 0.562171060095349 0.0
-0.612120994662454 0.408930934732628 0.0
-0.423532354384314 -0.669878848261452 0.0
0.570484468243049 -0.444949126125467 0.0
0.34025004426088 0.554143372729802 0.0
-0.615743112044997 0.343940163820617 0.0
-0.362446565570177 -0.673121682323414 0.0
0.572142051590039 -0.382330566210222 0.0
0.275498775759542 0.547851857628066 0.0
-0.620824431546487 0.279353564728516 0.0
-0.301287867876584 -0.676594195638818 0.0
0.573797300596438 -0.319428740491143 0.0
0.211275482251127 0.542820986782575 0.0
-0.626093069266698 0.214965211174058 0.0
-0.239990309078694 -0.680177571473274 0.0
0.575388955715829 -0.256251005946446 0.0
0.147392438462396 0.538737955226876 0.0
-0.630830779460155 0.150788034835115 0.0
-0.17849489329527 -0.683684317719832 0.0
0.576862910772325 -0.192806202571539 0.0
0.0837067316842041 0.535362448529438 0.0
-0.634913207393575 0.0868929325009144 0.0
-0.116767534714148 -0.686901750843811 0.0
0.578177460947606 -0.129104122798816 0.0
0.0200970608343016 0.532454838852771 0.0
-0.638432399673814 0.0233306460245921 0.0
-0.0548103931045589 -0.689647672015022 0.0
0.579314945208664 -0.0651522833804376 0.0
-0.0435398143740315 0.529562056159935 0.0
-0.641527162903364 -0.0398766950384437 0.0
0.00733936448736955 -0.691808715795952 0.0
0.580298353519115 -0.000949353071175273 0.0
-0.106944341728489 0.528410482272298 0.0
-0.64433357250218 -0.102724508644219 0.0
0.0696216242879221 -0.693347625049482 0.0
0.581206993051252 0.0635262277702873 0.0
-0.169924874201224 0.52752972499699 0.0
-0.647000095590475 -0.165212960619609 0.0
0.131967227224125 -0.694288848104604 0.0
0.582180310258929 0.128330103639667 0.0
-0.232824365199627 0.52483601544269 0.0
-0.649930871034099 -0.227336742932792 0.0
0.194308473804726 -0.6946986782612 0.0
0.583401288943469 0.193565445602488 0.0
-0.295805856155294 0.52243163022833 0.0
-0.651916106246039 -0.289396195451848 0.0
0.256584027279785 -0.694669932337666 0.0
0.585066195034019 0.259393661058035 0.0
-0.358673418428442 0.520187869120178 0.0
-0.654050903643648 -0.351396547165354 0.0
0.31874134882886 -0.694313853695597 0.0
0.587366220281923 0.3260511019089 0.0
-0.42089418497013 0.522010704295226 0.0
-0.656798334990718 -0.413140132339189 0.0
0.380737681044169 -0.69375835313199 0.0
0.590509683967181 0.393888432240096 0.0
-0.483232572296338 0.527259175166905 0.0
-0.65956861392579 -0.474698117148292 0.0
0.442541341108095 -0.693151248937204 0.0
0.594819682814738 0.463464689237233 0.0
-0.545288291102516 0.535155612053319 0.0
-0.662446281720517 -0.536114799221621 0.0
0.504135812436138 -0.692668369889743 0.0
0.601075582348401 0.53575477354751 0.0
-0.608030848831672 0.550821637725558 0.0
-0.665164664765395 -0.597436191848378 0.0
-0.604043694955585 -0.600215548165563 0.0
-0.601282251167613 -0.538841581665914 0.0
-0.598433381929405 -0.477341939044446 0.0
-0.595710156490659 -0.415764450401439 0.0
-0.593017042945562 -0.354112748760078 0.0
-0.590798921876893 -0.292226647686102 0.0
-0.588774655325497 -0.229986783799756 0.0
-0.5860555573566 -0.167483291076691 0.0
-0.583401598022103 -0.104790503292069 0.0
-0.580605324674909 -0.0418570383333125 0.0
-0.577522155506996 0.0213527493761598 0.0
-0.574005163765792 0.0848641104389131 0.0
-0.569898628903356 0.148698700159905 0.0
-0.565091040391423 0.212878028863548 0.0
-0.559714274636092 0.277414526689413 0.0
-0.554652928946826 0.34227301357446 0.0
-0.551427811863561 0.40740219504688 0.0
-0.550952202731018 0.472741639241345 0.0
-0.553977905083532 0.537432190408722 0.0
-0.542884304142464 -0.602846030762061 0.0
-0.540071227579305 -0.541465493299756 0.0
-0.537278860094081 -0.479972025774574 0.0
-0.53460307925615 -0.418351166979368 0.0
-0.532088013505972 -0.356534430123589 0.0
-0.529896824221849 -0.294551369107099 0.0
-0.527727862806455 -0.232425505476764 0.0
-0.525214665578228 -0.17003923254655 0.0
-0.522648739889147 -0.107432625897361 0.0
-0.519917474883806 -0.0445901932984593 0.0
-0.516892893588629 0.0185156516420488 0.0
-0.513426678380503 0.0819194365779853 0.0
-0.509345268711765 0.145658820101459 0.0
-0.504482237751319 0.209753053382409 0.0
-0.498855759351998 0.274130470358741 0.0
-0.493581238397614 0.338502812438972 0.0
-0.490706583014659 0.402486503033407 0.0
-0.490332810774383 0.46576956945369 0.0
-0.54922400165656 0.475751475556198 0.0
-0.481722943996084 -0.605628285854929 0.0
-0.478890044701196 -0.544272850642936 0.0
-0.476164266571023 -0.482802411920137 0.0
-0.47360345254733 -0.421191023192082 0.0
-0.471237532482738 -0.359427558160033 0.0
-0.469072741882974 -0.297539950967531 0.0
-0.466897125850761 -0.235504076939895 0.0
-0.46453816863607 -0.173261004108976 0.0
-0.462089702937979 -0.110819268398981 0.0
-0.45947009080039 -0.0481621233253966 0.0
-0.456564307120424 0.0147415144685767 0.0
-0.453222021773444 0.0779344923808044 0.0
-0.449230541396689 0.141464453927052 0.0
-0.444272831358754 0.205352206555519 0.0
-0.437968157500061 0.26948563991407 0.0
-0.431842625939489 0.333412845790621 0.0
-0.42910798286615 0.396688381402901 0.0
-0.488294516474488 0.405138980558046 0.0
-0.486287548508443 0.466166676747801 0.0
-0.420564600512952 -0.608653207919488 0.0
-0.417741703870917 -0.547355500377992 0.0
-0.415108009697149 -0.485955426883317 0.0
-0.412676580604371 -0.424438255001783 0.0
-0.410436238614821 -0.362805412445692 0.0
-0.408335715885699 -0.301066179561904 0.0
-0.406229327069286 -0.23920246591866 0.0
-0.404020712845127 -0.177186530120447 0.0
-0.401724250285202 -0.115016851599209 0.0
-0.39927322316269 -0.0526756142593625 0.0
-0.396565540971127 0.00987347059871173 0.0
-0.393447696943917 0.0726915916484542 0.0
-0.389644637014803 0.135874212541702 0.0
-0.384574114141652 0.199550399499308 0.0
-0.376874963421285 0.263788283301976 0.0
-0.368919856996917 0.328506264236504 0.0
-0.426657182525959 0.337139321393701 0.0
-0.425269009911838 0.399244719186881 0.0
-0.422516766053741 0.460564133483642 0.0
-0.359395554431971 -0.611955866276486 0.0
-0.356612460973059 -0.550740035504231 0.0
-0.354088094341511 -0.489446531231479 0.0
-0.351789215647814 -0.428068067943554 0.0
-0.349671719314651 -0.366611275076835 0.0
-0.347666945430547 -0.305085972761755 0.0
-0.345673852172915 -0.243490305484219 0.0
-0.343632598842465 -0.181822524137518 0.0
-0.341533904545785 -0.120093690359186 0.0
-0.339331850252775 -0.0583077615775123 0.0
-0.336954140510524 0.0035431263583288 0.0
-0.334276762823861 0.0654884219943163 0.0
-0.331017547961574 0.127597372914826 0.0
-0.326378085187878 0.1899864475753 0.0
-0.316912361963857 0.252510684615642 0.0
-0.36216237433496 0.2729253584356 0.0
-0.362429172217706 0.335857916692998 0.0
-0.361397862111019 0.39777393092871 0.0
-0.359401703913396 0.459130710200732 0.0
-0.298185478096188 -0.615489097888731 0.0
-0.295472195592093 -0.55436122552502 0.0
-0.293068670998965 -0.493187207749423 0.0
-0.290900896791576 -0.431968011972538 0.0
-0.288903699261168 -0.370719189354241 0.0
-0.287008550674436 -0.309462223956418 0.0
-0.285146379074994 -0.248220072434763 0.0
-0.28328304866225 -0.187027844895327 0.0
-0.281416828668232 -0.125945053209344 0.0
-0.279542738307465 -0.065061564775167 0.0
-0.277665814614717 -0.00452528354863575 0.0
-0.275812484940513 0.055402829675021 0.0
-0.274014449951699 0.114246387206341 0.0
-0.272155186078058 0.171141617875751 0.0
-0.277413474346242 0.224660827487592 0.0
-0.295706787703751 0.279152198288489 0.0
-0.297463709011365 0.339318837699279 0.0
-0.297030249769571 0.400097636660933 0.0
-0.295904546867033 0.461240023624426 0.0
-0.236893284589623 -0.61911869829809 0.0
-0.234278598382878 -0.558063314719008 0.0
-0.231999183352417 -0.496994229660329 0.0
-0.229950117525678 -0.435919910315972 0.0
-0.228054918690908 -0.374863449431307 0.0
-0.226250518804071 -0.313855868441985 0.0
-0.224487650723828 -0.252934909074488 0.0
-0.222744612102987 -0.19215131063576 0.0
-0.221020128479558 -0.131573678203474 0.0
-0.219313807170788 -0.0712854807297752 0.0
-0.21762573040548 -0.0113760442147336 0.0
-0.215949005756173 0.0481002617619472 0.0
-0.214226873152383 0.107259202137346 0.0
-0.213482064621664 0.166795623293971 0.0
-0.219983704509925 0.225852726618511 0.0
-0.230792345786578 0.282735618917702 0.0
-0.232846100283025 0.342345617186443 0.0
-0.232885567714808 0.4028288838666 0.0
-0.232304170642953 0.463817567339316 0.0
-0.175476267595502 -0.622643829636163 0.0
-0.172984740519807 -0.561624192348909 0.0
-0.170823212492687 -0.5006133870988 0.0
-0.168868213120351 -0.439622053310023 0.0
-0.167039166197227 -0.378672087608469 0.0
-0.165278613561074 -0.317789777197755 0.0
-0.163547041323649 -0.257002591305304 0.0
-0.161824608822819 -0.196337845164895 0.0
-0.160103326591221 -0.135817148809094 0.0
-0.158377898468706 -0.0754421788473187 0.0
-0.156654414312669 -0.0151732573947844 0.0
-0.154988885029438 0.0451024647364165 0.0
-0.153683996631479 0.105613693350305 0.0
-0.154659898117484 0.166255341965971 0.0
-0.160287678979663 0.225811742888991 0.0
-0.166935401607438 0.28452068567108 0.0
-0.168815150604998 0.344511990276114 0.0
-0.169065553226337 0.405216632898762 0.0
-0.168581573055333 0.466477516233375 0.0
-0.113904294731404 -0.625845992536432 0.0
-0.111555955105593 -0.564813003178326 0.0
-0.109501948681719 -0.503793776845531 0.0
-0.107614450008649 -0.442796070744538 0.0
-0.105816558669773 -0.381833761945006 0.0
-0.104059246870661 -0.32092002514837 0.0
-0.102312728528332 -0.260063190490499 0.0
-0.100564230593964 -0.199263397178599 0.0
-0.0988147555150085 -0.138507676383649 0.0
-0.0970823414881974 -0.0777629054860469 0.0
-0.0954274443909301 -0.016971421654688 0.0
-0.0940267682075873 0.0439452808127667 0.0
-0.0934244564183553 0.105034041672747 0.0
-0.0950556646247801 0.165916331605204 0.0
-0.0994285842933111 0.225995648009809 0.0
-0.103709069852824 0.285701772255471 0.0
-0.105275716135815 0.346017037362524 0.0
-0.105612910516958 0.406732728985176 0.0
-0.105185754184738 0.467687118507111 0.0
-0.0521716532364534 -0.628547116746547 0.0
-0.049983353481712 -0.567454955044036 0.0
-0.0480292786403767 -0.506365026561191 0.0
-0.0461917699858608 -0.445281729701637 0.0
-0.0444061791964231 -0.384211344860544 0.0
-0.0426370822008841 -0.323156636107765 0.0
-0.0408686980441188 -0.262113983687098 0.0
-0.0391024274828411 -0.201071652125769 0.0
-0.037357914371523 -0.140008611030569 0.0
-0.0356833443772161 -0.0788941290322125 0.0
-0.0341866762648498 -0.0176926736368985 0.0
-0.0331142191220402 0.0436174379048318 0.0
-0.0330097576872589 0.104964325675852 0.0
-0.034705958682253 0.166014258290969 0.0
-0.0379355426650651 0.226510206843689 0.0
-0.0407684365909175 0.286800453726302 0.0
-0.0419668410519335 0.347352060079016 0.0
-0.042254208847518 0.408068266145909 0.0
-0.0421942107479533 0.46885795847 0.0
0.00970107830901469 -0.630644538170289 0.0
0.0117162400757913 -0.569462278876289 0.0
0.0135736320426088 -0.508260639610844 0.0
0.015368336922296 -0.447043500238492 0.0
0.017145650346817 -0.385813633621462 0.0
0.0189235324476232 -0.324569309006367 0.0
0.0207015252923905 -0.263303172779419 0.0
0.022462260233179 -0.202002234184411 0.0
0.0241677029394651 -0.140649060364261 0.0
0.0257463046192279 -0.0792245673114469 0.0
0.0270625136939047 -0.0177168391624858 0.0
0.0278594614387973 0.0438540001348847 0.0
0.0277103774705668 0.105376834862858 0.0
0.0262418166837376 0.166617593375099 0.0
0.0239560571470451 0.227490537535738 0.0
0.0221037289318168 0.288245498740366 0.0
0.0213002020270331 0.349140402768324 0.0
0.0211188052964174 0.410185137138787 0.0
0.0209179822782717 0.471378061976518 0.0
0.0716751008413372 -0.632112448437815 0.0
0.0735106441140019 -0.570826274217736 0.0
0.0752735394754315 -0.509495162542899 0.0
0.0770274283964867 -0.448125556531801 0.0
0.0787938556496987 -0.386720257646888 0.0
0.0805718277579678 -0.325277017946244 0.0
0.0823448904509284 -0.263788931829209 0.0
0.0840812021789889 -0.202245609409728 0.0
0.085728344320204 -0.140635674479019 0.0
0.0872006523686521 -0.0789510931094121 0.0
0.0883558456421393 -0.0171977410640177 0.0
0.0889683387050881 0.0445826461061221 0.0
0.0887585011613213 0.106282551050592 0.0
0.0876375669250045 0.167756792527806 0.0
0.086110344168742 0.228996293461568 0.0
0.0849703267935366 0.290171575662005 0.0
0.0845191120622407 0.351431880867732 0.0
0.0844353493264001 0.412785029735711 0.0
0.0842608239113684 0.474140159663014 0.0
0.133703731157033 -0.63298371997742 0.0
0.13536276290331 -0.571592903054456 0.0
0.137036232162901 -0.510131469405731 0.0
0.138751105922366 -0.448610085757184 0.0
0.140503431328356 -0.387033196758338 0.0
0.142273672497029 -0.325399557238014 0.0
0.144031044075387 -0.263703914003371 0.0
0.145732009452407 -0.201939034522912 0.0
0.147314651498958 -0.140098965589041 0.0
0.148688503694178 -0.0781840589047127 0.0
0.149721689985339 -0.0162109861586491 0.0
0.150241387767705 0.0457722760033496 0.0
0.150098577659974 0.107678619427177 0.0
0.149356232620906 0.169424890812158 0.0
0.148442033947145 0.23102867167543 0.0
0.147855677972884 0.292597915441813 0.0
0.147735679009037 0.354207102637335 0.0
0.147842277138186 0.415828319368447 0.0
0.147829833348375 0.477367641018389 0.0
0.195740669214253 -0.633329395119267 0.0
0.197237370622872 -0.571841111575246 0.0
0.198831518630027 -0.510258228744178 0.0
0.200511434027689 -0.448595574085124 0.0
0.202248230987896 -0.386859162348652 0.0
0.20400563464129 -0.325048698430628 0.0
0.205740977072551 -0.26316036849872 0.0
0.207402261266892 -0.201189471493506 0.0
0.208923029389942 -0.139134045889201 0.0
0.210216165229654 -0.076999776946834 0.0
0.211171578221374 -0.0148079745879205 0.0
0.211674417985007 0.0473966068992076 0.0
0.211674196582177 0.109550307804126 0.0
0.211302936763233 0.171608391717069 0.0
0.210900152624521 0.233592023313183 0.0
0.210784572997464 0.295561894399245 0.0
0.211016235021739 0.357540846410382 0.0
0.211404155774381 0.419478166698963 0.0
0.211634349777236 0.481273953759872 0.0
0.257744096478852 -0.633244515917246 0.0
0.259103421877529 -0.571670217768853 0.0
0.26063339838133 -0.509979536364672 0.0
0.262284844986111 -0.448189864056465 0.0
0.264006577293226 -0.386307592307792 0.0
0.265748445623869 -0.324332537351529 0.0
0.267458798188232 -0.262261567941738 0.0
0.269080506143962 -0.200091539930039 0.0
0.270547082774092 -0.137822865376094 0.0
0.271780916668512 -0.0754636228239676 0.0
0.272699355778512 -0.0130348977631566 0.0
0.273240981097382 0.0494269875809856 0.0
0.273422999348014 0.111879705030209 0.0
0.273402562415705 0.174301529207728 0.0
0.2734465929287 0.23670937355917 0.0
0.273768343509664 0.299130811200964 0.0
0.274392313372686 0.361554627079176 0.0
0.275153092690323 0.423907916534405 0.0
0.275722313585301 0.486063866165512 0.0
0.319679096890296 -0.632841650081744 0.0
0.32093482680962 -0.571195480566039 0.0
0.322419118754258 -0.509412768341223 0.0
0.324049800099902 -0.447510626279901 0.0
0.325757868672872 -0.385494050642796 0.0
0.327482906740726 -0.323361891177351 0.0
0.329167344721885 -0.261110882764563 0.0
0.330752016157471 -0.198738503519308 0.0
0.332174009785066 -0.136246034668947 0.0
0.333369008839267 -0.0736413764475582 0.0
0.334282876912056 -0.0109417363814697 0.0
0.334898946856679 0.05182775336301 0.0
0.335278878536684 0.114643445409399 0.0
0.335586009949406 0.177499044952143 0.0
0.336037633864844 0.240408001784683 0.0
0.336791457673067 0.303378060093982 0.0
0.337862937522674 0.366375826861316 0.0
0.339106385260043 0.429303871026764 0.0
0.340167311912693 0.491986720648147 0.0
0.381518404024337 -0.632250742064439 0.0
0.382709456866688 -0.570549466995409 0.0
0.384166921239002 -0.508691131307534 0.0
0.385783869942901 -0.44668892954577 0.0
0.387479373455848 -0.384544694281627 0.0
0.389186676631384 -0.322255513501747 0.0
0.390845189429057 -0.259817603039352 0.0
0.392396199636529 -0.197228603386858 0.0
0.39378268687044 -0.134489658258056 0.0
0.394955045499466 -0.071606587937577 0.0
0.395885615416575 -0.00859017289010816 0.0
0.396593234584205 0.0545473150919492 0.0
0.39716905295393 0.11779991326178 0.0
0.397777909281535 0.181175934018771 0.0
0.39861011591161 0.244692748937924 0.0
0.399803155202341 0.308354317765004 0.0
0.401387321512302 0.372121031522252 0.0
0.403253609152222 0.435877211429074 0.0
0.405051996620289 0.499381855435559 0.0
0.443241789082752 -0.631624159789975 0.0
0.444406305465785 -0.569887658956407 0.0
0.445852435515137 -0.507968866053333 0.0
0.447460119209286 -0.445873571349805 0.0
0.449142945694864 -0.383599513766497 0.0
0.450831547626672 -0.32114241168264 0.0
0.45246459546541 -0.258498794833024 0.0
0.453985302395708 -0.195667120861809 0.0
0.455343267949027 -0.132648454189513 0.0
0.456502822386895 -0.0694458056059093 0.0
0.457458821240976 -0.00606224569711977 0.0
0.458257394615733 0.0575039951124303 0.0
0.459010667091102 0.12126602800028 0.0
0.459887157119269 0.185252206737452 0.0
0.461069573166681 0.249499169833615 0.0
0.462701946062347 0.314033899305653 0.0
0.464857013809136 0.37884652495609 0.0
0.467509792522911 0.443843248997037 0.0
0.47042166754689 0.508736920846606 0.0
0.504833837762524 -0.631147540609187 0.0
0.506000607404492 -0.569398027140799 0.0
0.507443942232253 -0.507427618690769 0.0
0.509043264879685 -0.445233265823693 0.0
0.510712513843702 -0.382810882635102 0.0
0.512382348731368 -0.32015801584868 0.0
0.513991744804398 -0.25727444160196 0.0
0.515485896085922 -0.194161805486925 0.0
0.516820010746395 -0.130822969635236 0.0
0.51796962970742 -0.0672596647129886 0.0
0.518946911070874 -0.00346848378707568 0.0
0.519818177420671 0.0605659570736782 0.0
0.5207116288296 0.124878507168828 0.0
0.521803039142455 0.189528488790163 0.0
0.523280728641598 0.254597772483796 0.0
0.525312769915977 0.320184231999193 0.0
0.528041023029885 0.386389147105544 0.0
0.531600017015555 0.453278381306198 0.0
0.536110879273394 0.520726681891153 0.0
