-0.688494060988407 -0.661936711294087 0.0
0.543688325414598 -0.694078353045462 0.0
-0.649831047654152 0.61237245798111 0.0
0.61237245798111 0.61237245798111 0.0
-0.627324539050856 -0.664588788270237 0.0
0.544733196031699 -0.632655412474144 0.0
0.54094666708372 0.5874710148806 0.0
-0.648204844285726 0.538424169949602 0.0
-0.566144106551824 -0.667103398783515 0.0
0.546162832118056 -0.571004833724869 0.0
0.472040759516168 0.572837430798903 0.0
-0.648898447424143 0.468640341731632 0.0
-0.504977427575698 -0.66967854855704 0.0
0.547865698242364 -0.509110617726795 0.0
0.40515068014251 0.562861381265049 0.0
-0.649824733881884 0.401379512728133 0.0
-0.44380722912132 -0.672393666636277 0.0
0.549770679975819 -0.446966377793861 0.0
0.339594812191547 0.555588165739663 0.0
-0.65117896212126 0.335691772338107 0.0
-0.382600802178692 -0.675255947390451 0.0
0.55182990589473 -0.384568390123318 0.0
0.274954814848327 0.550114687914155 0.0
-0.653034180762031 0.270992534712447 0.0
-0.3213154457385 -0.678211561355615 0.0
0.554009578481349 -0.321912455546797 0.0
0.210977932230509 0.545951808574328 0.0
-0.655198775409954 0.206947135654732 0.0
-0.25990933027593 -0.68115390541107 0.0
0.55628503510432 -0.258992413590198 0.0
0.147504610822116 0.542807802432084 0.0
-0.657469551485048 0.14337872713498 0.0
-0.198353192254605 -0.683951415980659 0.0
0.558638489163562 -0.195798982670679 0.0
0.0844286382577585 0.540495208137646 0.0
-0.659756276838383 0.0801900914349546 0.0
-0.136638373125747 -0.686481164247768 0.0
0.561058941528581 -0.132318899857573 0.0
0.0216749568008248 0.538874103540077 0.0
-0.662029076807128 0.0173224345840835 0.0
-0.0747775887895754 -0.688653365005817 0.0
0.563544437943805 -0.0685329845631757 0.0
-0.040808531112735 0.537706266163879 0.0
-0.664284174647073 -0.0452617994505985 0.0
-0.0128004168141589 -0.690419806082253 0.0
0.566106825869028 -0.00441333497652328 0.0
-0.102753761568946 0.53797538797859 0.0
-0.666534313808312 -0.107586309845564 0.0
0.0492536278198785 -0.69177004961648 0.0
0.568778458678193 0.0600819860140417 0.0
-0.164349753731391 0.538846211972689 0.0
-0.668822549979018 -0.169663259120754 0.0
0.111340775728103 -0.692723280341743 0.0
0.571618406244015 0.125016816071617 0.0
-0.225734100534899 0.539893719862411 0.0
-0.671397506888971 -0.23149433291229 0.0
0.173417164812512 -0.693321268480924 0.0
0.574714670897543 0.190488442623218 0.0
-0.28683581499447 0.541939441584485 0.0
-0.673342598389164 -0.29328888203552 0.0
0.235440753736744 -0.693624235934668 0.0
0.578181519789006 0.256642728909388 0.0
-0.347583231196784 0.545511103013428 0.0
-0.675428838341434 -0.355045465027497 0.0
0.297373306999088 -0.693709410533586 0.0
0.58215955948326 0.323699079357217 0.0
-0.408444379982445 0.551189901002805 0.0
-0.677986066662447 -0.416623495330955 0.0
0.359182173798775 -0.69367154554146 0.0
0.586837140306344 0.391997554403593 0.0
-0.469724306295787 0.55812603097003 0.0
-0.680578350951786 -0.478071494293995 0.0
0.42084260633614 -0.69362484911269 0.0
0.592534968799506 0.462099317847951 0.0
-0.530240555317656 0.568058912814295 0.0
-0.683266285678568 -0.539419042272326 0.0
0.482342346726531 -0.693706038679498 0.0
0.600029984231974 0.535002364578707 0.0
-0.590838929523112 0.583686950170938 0.0
-0.685842944879598 -0.600700235325164 0.0
-0.624689966459989 -0.603333618747247 0.0
-0.622084157893951 -0.542004518120736 0.0
-0.619421306035878 -0.480582691869369 0.0
-0.616863613468729 -0.419103382541503 0.0
-0.614345076637487 -0.357568408616182 0.0
-0.61219520349895 -0.295865241970393 0.0
-0.610222039333473 -0.233908529060733 0.0
-0.607805963279287 -0.171760507381978 0.0
-0.605534105814141 -0.10947264812589 0.0
-0.603306583401446 -0.0470027051749843 0.0
-0.601090145551855 0.0156844245891465 0.0
-0.598876342763512 0.0786214784506572 0.0
-0.596677512998016 0.141843640757158 0.0
-0.594541265294121 0.205389308373443 0.0
-0.59259436405366 0.269288352914762 0.0
-0.591116099965128 0.333525438829403 0.0
-0.590407200645983 0.397993282462325 0.0
-0.590623673655854 0.462336797318397 0.0
-0.592196924993742 0.525415659543098 0.0
-0.563496843683147 -0.605829400117258 0.0
-0.560860182291307 -0.544492182104922 0.0
-0.558246096762137 -0.483066917800779 0.0
-0.555727415868812 -0.421544494330895 0.0
-0.553340453957208 -0.359877341670492 0.0
-0.551212878367869 -0.298089226046053 0.0
-0.549140447567965 -0.236198259296121 0.0
-0.546882824175338 -0.174120572575259 0.0
-0.544692674970743 -0.111891215484978 0.0
-0.542544123999379 -0.0495070214315614 0.0
-0.540424562424441 0.0130375518860422 0.0
-0.538339656112416 0.0757419249710844 0.0
-0.536317921072389 0.138590803425699 0.0
-0.53442626874444 0.201536778966954 0.0
-0.532816262938019 0.264462195101978 0.0
-0.531860284487548 0.327118895358607 0.0
-0.531934556043441 0.389126229996037 0.0
-0.533085570273935 0.449969156447706 0.0
-0.534295876604533 0.509052669770487 0.0
-0.502291135145394 -0.608423240794554 0.0
-0.499651879456256 -0.547099690693681 0.0
-0.497096103121141 -0.485684896356491 0.0
-0.494666931257164 -0.424162958723775 0.0
-0.492391960674287 -0.362529647796411 0.0
-0.490287050822439 -0.300810310834683 0.0
-0.488215642229343 -0.238994112780066 0.0
-0.486080137050605 -0.17704855474415 0.0
-0.483991831151225 -0.114998258017579 0.0
-0.481950999855943 -0.0528592216867206 0.0
-0.47996025383404 0.00934708449511782 0.0
-0.478036987940955 0.0715848093064371 0.0
-0.476218553885708 0.133792930968427 0.0
-0.474569756329067 0.195869183759284 0.0
-0.473225678350259 0.257642076303735 0.0
-0.472665242283249 0.318826140344745 0.0
-0.473231243655894 0.379138921617269 0.0
-0.474519453308467 0.438402019004405 0.0
-0.474296223981304 0.497590001652223 0.0
-0.441074908961011 -0.611168482064074 0.0
-0.438458357274159 -0.549880629681038 0.0
-0.435979266421121 -0.488510166086142 0.0
-0.433648383905089 -0.427051020181431 0.0
-0.431465058061141 -0.365510266490093 0.0
-0.429404633247981 -0.30390290187077 0.0
-0.427379686691131 -0.242227404113592 0.0
-0.425348022986772 -0.180481230823342 0.0
-0.423361480123314 -0.118691362460593 0.0
-0.421429502267485 -0.05688716800371 0.0
-0.419563160501886 0.00489388778874633 0.0
-0.417784622246208 0.0666011910340105 0.0
-0.416128680183623 0.128166068021404 0.0
-0.4146376299379 0.189496606977391 0.0
-0.413400315232751 0.250459713884776 0.0
-0.413117706557858 0.310799483473607 0.0
-0.414015600747987 0.370359581414221 0.0
-0.414329163361292 0.429987085132144 0.0
-0.41267276577297 0.489732929284879 0.0
-0.379834692846322 -0.614066093427528 0.0
-0.377263298400246 -0.552825973829857 0.0
-0.374870021855029 -0.491519114056137 0.0
-0.372633781620745 -0.430145113104183 0.0
-0.370530953743103 -0.368714598505552 0.0
-0.36852374879624 -0.307242213613684 0.0
-0.366555290965694 -0.245736780495365 0.0
-0.364605549964614 -0.18421158330589 0.0
-0.362700752886838 -0.122696198264046 0.0
-0.360852978849712 -0.0612242830084297 0.0
-0.359076932186403 0.000165375301487703 0.0
-0.357395363466075 0.06142865765595 0.0
-0.355836977837261 0.122517956937825 0.0
-0.354417038159807 0.183386962775346 0.0
-0.353168378582262 0.243976846917588 0.0
-0.353259972199407 0.304047637040895 0.0
-0.353592086316686 0.364091044882571 0.0
-0.353126010262303 0.424158369059035 0.0
-0.350999962778675 0.48446162576801 0.0
-0.318545348754215 -0.617051622038392 0.0
-0.316038828669955 -0.555854637323053 0.0
-0.313734184483358 -0.494606789596041 0.0
-0.311583398005854 -0.433310957826338 0.0
-0.309547420134245 -0.371979591801171 0.0
-0.307586080163221 -0.310628195837093 0.0
-0.305660599643329 -0.249271047420462 0.0
-0.303760030377159 -0.187926710259911 0.0
-0.301898918761653 -0.126622092788017 0.0
-0.300089278672534 -0.0653857002585298 0.0
-0.298346705234051 -0.00424559145725586 0.0
-0.296692834631091 0.0567756704228464 0.0
-0.295150064081386 0.117674180410093 0.0
-0.293702149000914 0.178499585617709 0.0
-0.29231477631034 0.239410748905405 0.0
-0.292392049309445 0.299777320087796 0.0
-0.292289653566986 0.360062275806303 0.0
-0.291381387622354 0.420413463047661 0.0
-0.289377037063452 0.481028350717701 0.0
-0.257178320505257 -0.620009227125337 0.0
-0.254754480360187 -0.558836348683962 0.0
-0.252536812973714 -0.497623776000414 0.0
-0.250457909904902 -0.436375595258676 0.0
-0.248470288971728 -0.37510352223821 0.0
-0.246535628945201 -0.313821135087075 0.0
-0.244625802836666 -0.252541194170854 0.0
-0.242733322679408 -0.19127749608727 0.0
-0.240866106168621 -0.130045016239896 0.0
-0.239033493070371 -0.068854704094792 0.0
-0.237248088505144 -0.00771041374263096 0.0
-0.235526779791746 0.0533938250252085 0.0
-0.233885452302473 0.114471828093457 0.0
-0.232278928361543 0.175528463899991 0.0
-0.231140388674394 0.236402609778701 0.0
-0.230972953026683 0.296938395372643 0.0
-0.23051623707614 0.357440771364562 0.0
-0.229383077478569 0.418047593759487 0.0
-0.227520383123053 0.478866031873188 0.0
-0.195710660855762 -0.622803105273972 0.0
-0.193385575343622 -0.561627891389423 0.0
-0.191251101468472 -0.500416556535852 0.0
-0.189229588315362 -0.439172979188542 0.0
-0.187271558029548 -0.377906491634678 0.0
-0.185343245737804 -0.316626992683285 0.0
-0.183424407845208 -0.255342985889048 0.0
-0.181510747512138 -0.194062043119474 0.0
-0.179609034929533 -0.132790769591657 0.0
-0.177730181157145 -0.0715331375670224 0.0
-0.175890042111231 -0.0102918262386365 0.0
-0.174108869908677 0.0509278978880085 0.0
-0.172394377496753 0.112111955436809 0.0
-0.170786329998351 0.173251040303313 0.0
-0.169718603515901 0.234245497939299 0.0
-0.169240809098703 0.295021650651907 0.0
-0.168490301241902 0.355788594422708 0.0
-0.167221554979593 0.416670771560521 0.0
-0.165454338752688 0.477767222754282 0.0
-0.13413241745869 -0.625311665885583 0.0
-0.131920321380999 -0.564108449423367 0.0
-0.129865523906574 -0.50286526032934 0.0
-0.127889649981711 -0.441586013043749 0.0
-0.1259471772041 -0.380278227393427 0.0
-0.124011462916575 -0.318949284825801 0.0
-0.122069944082115 -0.25760530360201 0.0
-0.120122793348185 -0.196251599445877 0.0
-0.118178892874193 -0.134893421169271 0.0
-0.116251830440779 -0.0735361189808676 0.0
-0.114359041130491 -0.0121868258609475 0.0
-0.112517663862093 0.0491444754143645 0.0
-0.110747877665974 0.110450093158453 0.0
-0.10916356735558 0.171717393852743 0.0
-0.108053879649925 0.232858545508365 0.0
-0.107289091441582 0.293849110619128 0.0
-0.106311668703134 0.354823817098508 0.0
-0.104982711626511 0.415867181368788 0.0
-0.103357791568077 0.47703247390921 0.0
-0.0724487652938557 -0.627450001028172 0.0
-0.0703610528391662 -0.566199538254731 0.0
-0.068383140141342 -0.50489998704787 0.0
-0.0664445547582868 -0.443556622044949 0.0
-0.0645086377233713 -0.382176722543849 0.0
-0.0625577590597526 -0.320766969421614 0.0
-0.060587013879133 -0.259333019793959 0.0
-0.0586012841075997 -0.197880049737737 0.0
-0.0566119251418215 -0.136413636094029 0.0
-0.0546340027911283 -0.0749399945666053 0.0
-0.0526848504468316 -0.0134666274346176 0.0
-0.0507846729876589 0.0479988578242823 0.0
-0.0489767571197577 0.109448854283035 0.0
-0.0473870085087811 0.170855569080029 0.0
-0.046167232791388 0.23215121555553 0.0
-0.0451460436895529 0.293328544140857 0.0
-0.0439783354520849 0.354463133014565 0.0
-0.0426125518827577 0.415590934483838 0.0
-0.0412792442960073 0.476716283102493 0.0
-0.0106777217267854 -0.629175455882203 0.0
-0.00872111411979587 -0.567866307404181 0.0
-0.00681663653420451 -0.506495913042768 0.0
-0.00490870201389792 -0.445072139391858 0.0
-0.0029730417074978 -0.38360312642174 0.0
-0.00100203684526553 -0.322095709565601 0.0
0.00100190913272834 -0.260555531360154 0.0
0.00302957061271267 -0.198987624373053 0.0
0.00506741141355983 -0.137397252127063 0.0
0.00709934205476625 -0.0757900601338074 0.0
0.00910669354990815 -0.0141724059956171 0.0
0.0110626733985449 0.0474485912725872 0.0
0.0129122192736582 0.109060318607174 0.0
0.0145532303901269 0.170630238852594 0.0
0.0159282707478703 0.232111338938507 0.0
0.0171942574824599 0.293505943216697 0.0
0.0185548783915382 0.354864198453077 0.0
0.0199819468811442 0.41622156531057 0.0
0.0211798585051113 0.477588476552877 0.0
0.0511546623533504 -0.630482000526503 0.0
0.0529798919454768 -0.569109098579006 0.0
0.0548167263571958 -0.507661237040941 0.0
0.0567007025184215 -0.446149400381555 0.0
0.0586415326978715 -0.384582819165244 0.0
0.0606365744213344 -0.322968420553717 0.0
0.0626766777175051 -0.261311478377474 0.0
0.0647487671941662 -0.199616342291258 0.0
0.0668373903371463 -0.13788735284408 0.0
0.0689253147593246 -0.0761291013504526 0.0
0.070991833135647 -0.0143471659006473 0.0
0.0730058988096986 0.0474504296119079 0.0
0.0749140957478386 0.109247806626885 0.0
0.0766487676137038 0.171014582586782 0.0
0.0782060983920011 0.232719365651907 0.0
0.0797078589016474 0.294365849395767 0.0
0.0812555999708963 0.355982137276741 0.0
0.0827586947699922 0.417577154004057 0.0
0.0839323495401876 0.479112026545415 0.0
0.113018549244074 -0.631391712779476 0.0
0.114719599963567 -0.569954370269321 0.0
0.116497851913018 -0.508427666456054 0.0
0.118365422482541 -0.446825440340275 0.0
0.120316602453805 -0.385157549301614 0.0
0.12233890720285 -0.323430471703797 0.0
0.124417217666442 -0.261648551719468 0.0
0.126535206426369 -0.199814963850733 0.0
0.128675832807116 -0.137932781195876 0.0
0.130820907673758 -0.0760054645250588 0.0
0.13294861701701 -0.0140380883574411 0.0
0.135028219773706 0.0479605501784888 0.0
0.137016994996746 0.109973580411479 0.0
0.138879174691835 0.171974770228822 0.0
0.14063668500174 0.23394107324442 0.0
0.142374000161724 0.295869871186003 0.0
0.144123983948765 0.357764110153455 0.0
0.145763958431053 0.419599593024942 0.0
0.147017831642786 0.481310057863617 0.0
0.174883793770045 -0.631948220949353 0.0
0.176475439973931 -0.570448810545863 0.0
0.178207383860884 -0.508845443659298 0.0
0.180066841888354 -0.447153821806345 0.0
0.182033140479096 -0.385383494014763 0.0
0.184085033827231 -0.32353973234904 0.0
0.186202474269418 -0.261625354575848 0.0
0.188366639424463 -0.199641915781668 0.0
0.190559455667833 -0.137590925666637 0.0
0.192762528214452 -0.0754745491961779 0.0
0.194954918543566 -0.0132971529985255 0.0
0.197110711890602 0.0489325320594832 0.0
0.19920226616353 0.111198498524867 0.0
0.201219310778047 0.173478625892283 0.0
0.203194653397822 0.23575300171292 0.0
0.205183443036995 0.29800930612948 0.0
0.20717765835022 0.360227214371406 0.0
0.20903614606972 0.422355284264922 0.0
0.21046365284338 0.484303068400094 0.0
0.236721633451984 -0.632213263142716 0.0
0.238225437260414 -0.570656778541228 0.0
0.239925636766464 -0.508981714441569 0.0
0.241785259182382 -0.447203964584603 0.0
0.243770471648458 -0.385331534100989 0.0
0.245852958929022 -0.323367643471355 0.0
0.248009031506637 -0.261312978940684 0.0
0.250218294822158 -0.199167013901343 0.0
0.252462448330558 -0.136929297755599 0.0
0.254724083987695 -0.0746002514930048 0.0
0.256985467116774 -0.012182776359919 0.0
0.259228973204874 0.0503159309249049 0.0
0.26144340785348 0.112882629579904 0.0
0.263638469832255 0.175499577680498 0.0
0.26585267068467 0.238148148761722 0.0
0.268123727994707 0.300806944141829 0.0
0.270423268621777 0.363436163737175 0.0
0.272598489156436 0.425957953213239 0.0
0.274318465803649 0.488244783952035 0.0
0.298506435466654 -0.632265912512989 0.0
0.299948988419838 -0.570660205436115 0.0
0.301632635072805 -0.508920948301723 0.0
0.303499535716604 -0.447061991809377 0.0
0.305505744557846 -0.385088463143745 0.0
0.307618017692978 -0.323000722075393 0.0
0.309810462533621 -0.26079676333491 0.0
0.312062133739794 -0.198473512980069 0.0
0.314355452874198 -0.136028035730008 0.0
0.316675336402296 -0.0734582156412848 0.0
0.319009333416442 -0.0107641193795341 0.0
0.321350302382972 0.0520507812031763 0.0
0.323703474900571 0.114978624650457 0.0
0.326095447634038 0.178008020795713 0.0
0.328571534464331 0.241123587694346 0.0
0.331165334090384 0.304299228025037 0.0
0.333846535555383 0.36748073135012 0.0
0.336463131374666 0.430562388199497 0.0
0.338649729085599 0.493361833901737 0.0
0.360216639979296 -0.632203801267207 0.0
0.361626562142238 -0.570560188530787 0.0
0.363307232302821 -0.508766597409396 0.0
0.365186064123503 -0.446832393593658 0.0
0.367212894859121 -0.384758686264733 0.0
0.369351868113137 -0.322542376212786 0.0
0.371576330582507 -0.260178437759897 0.0
0.373865759479664 -0.197660947344597 0.0
0.376204171465865 -0.134983953040442 0.0
0.378579922066739 -0.0721417382602364 0.0
0.380987259040158 -0.00912959522799024 0.0
0.383430551575444 0.0540557731859363 0.0
0.385931007752776 0.117415905173038 0.0
0.388531437473315 0.18095070450727 0.0
0.391288829537127 0.244655177763921 0.0
0.394247408296088 0.308509428159218 0.0
0.397396812672064 0.372457437478381 0.0
0.400613612807598 0.436372213543508 0.0
0.403532307377142 0.499999538893185 0.0
0.4218347316025 -0.632145979204549 0.0
0.423238105156947 -0.570479771301059 0.0
0.424925283496275 -0.508643427087562 0.0
0.426817099554055 -0.446639942756022 0.0
0.42886117495364 -0.384465709200525 0.0
0.431021265341667 -0.322114259812312 0.0
0.433271169855617 -0.259577925427165 0.0
0.435591466989707 -0.19684817122667 0.0
0.437968264237532 -0.133915780990064 0.0
0.440393876483438 -0.0707703644384804 0.0
0.442869699901693 -0.00740016759049643 0.0
0.44541152493738 0.0562087255917439 0.0
0.448055789801439 0.120073149843649 0.0
0.450862099427235 0.184213406743987 0.0
0.453905413993 0.248649795834658 0.0
0.457256167259383 0.313392547443181 0.0
0.460952328049416 0.378418375618367 0.0
0.464953596424025 0.443619775797429 0.0
0.469002282405691 0.508688439504498 0.0
0.483346163412393 -0.632237416559476 0.0
0.484760578246554 -0.570567528719676 0.0
0.486457689393611 -0.508700194751931 0.0
0.488359235964157 -0.446630541303552 0.0
0.490414335277835 -0.384351421554092 0.0
0.492587984043517 -0.321855011940606 0.0
0.494855000446205 -0.25913281932963 0.0
0.497197122818101 -0.196174908513277 0.0
0.499602368967342 -0.132969236355779 0.0
0.502066631080467 -0.0695002404446213 0.0
0.504597673332405 -0.00574736483578367 0.0
0.507221267574593 0.0583175783754159 0.0
0.509987317744257 0.122733601622204 0.0
0.512971889742255 0.187554342137108 0.0
0.516271860186896 0.252849761184526 0.0
0.519995378705434 0.318705087998303 0.0
0.524257178961034 0.385210657454135 0.0
0.52918183197112 0.452420808017579 0.0
0.534873613612423 0.52018975983524 0.0
