-0.726155942887049 -0.669349500150958 0.0
0.499807183597207 -0.700754548285032 0.0
-0.684398120641708 0.61237245798111 0.0
0.61237245798111 0.61237245798111 0.0
-0.664942301977665 -0.671199500897405 0.0
0.501639906277016 -0.639410793052646 0.0
0.539869222305897 0.585238404938498 0.0
-0.678307122012743 0.538923006710764 0.0
-0.60371492594555 -0.672695775235568 0.0
0.503732106350522 -0.577920982133906 0.0
0.470097837217508 0.570106256425474 0.0
-0.679244690256715 0.469295636371894 0.0
-0.542491470826774 -0.674179230992241 0.0
0.506090235585777 -0.516268581603891 0.0
0.402533472631322 0.560606171074042 0.0
-0.68187897356755 0.401835584481749 0.0
-0.481266436647695 -0.675677058565212 0.0
0.508730793962799 -0.45443630174892 0.0
0.33641270874929 0.554344200374112 0.0
-0.685057134022392 0.335675660061765 0.0
-0.420042809965305 -0.67720985677862 0.0
0.511677822203882 -0.392403572310699 0.0
0.271253050668544 0.550181039366334 0.0
-0.688375925829182 0.270376071506328 0.0
-0.358818768198075 -0.678799702791284 0.0
0.51496041913219 -0.330145017635294 0.0
0.206754828422131 0.54749748533566 0.0
-0.691667770890574 0.205700773770956 0.0
-0.297587388474125 -0.680452645662143 0.0
0.518610327452306 -0.267629353298134 0.0
0.142718859620156 0.545925247973029 0.0
-0.69486873626838 0.141512379392806 0.0
-0.236339614369611 -0.682159761591065 0.0
0.522659113104713 -0.204818183395472 0.0
0.0789973546271211 0.545220911151487 0.0
-0.697957732926397 0.0777242222158416 0.0
-0.175066984832595 -0.683901750181264 0.0
0.52713465083052 -0.141665187218779 0.0
0.0154628902744096 0.545174877616074 0.0
-0.700931165638465 0.0142784970405837 0.0
-0.113763026976058 -0.6856527577467 0.0
0.532057151748557 -0.078114782699538 0.0
-0.0480099535398447 0.545345522949138 0.0
-0.703793404792702 -0.0488625502681918 0.0
-0.0524246700142214 -0.68738386556066 0.0
0.537435364236104 -0.0141009337021742 0.0
-0.110923831618845 0.547564103511801 0.0
-0.706558035410339 -0.111719569473504 0.0
0.00894697001440036 -0.689067099966327 0.0
0.543264337289152 0.0504552232294553 0.0
-0.173482909406029 0.550685043344499 0.0
-0.709275185399664 -0.174294229333896 0.0
0.0703459587975281 -0.690679889686078 0.0
0.549526442473408 0.115649275037836 0.0
-0.236214699310991 0.552699441669109 0.0
-0.712177481726712 -0.236571256854852 0.0
0.131761935324857 -0.692209411091693 0.0
0.556197656479872 0.181601524253582 0.0
-0.299227116300264 0.555573862562768 0.0
-0.71392588942976 -0.298713397949251 0.0
0.19318049361862 -0.693656195457623 0.0
0.563260815651118 0.248471404973074 0.0
-0.36262116760924 0.558823667911437 0.0
-0.715884975314719 -0.360891622431538 0.0
0.254585063999235 -0.695036609591656 0.0
0.570728955055916 0.316486897031683 0.0
-0.426225049762081 0.564810658790666 0.0
-0.718415425480909 -0.422974421924109 0.0
0.315959264869609 -0.696383822232448 0.0
0.578687327826554 0.386002828773377 0.0
-0.489877371187561 0.571720685185012 0.0
-0.720633320894066 -0.484833745644598 0.0
0.377289777836597 -0.697746637446575 0.0
0.587389772542055 0.457622163095766 0.0
-0.553728817259607 0.577729954901956 0.0
-0.722767717626889 -0.546478730331511 0.0
0.438570625334541 -0.699184634731665 0.0
0.59759101608343 0.532449758769785 0.0
-0.618739622578247 0.588942244970854 0.0
-0.724426187078775 -0.607975521284208 0.0
-0.663251765696263 -0.609825662226513 0.0
-0.661554575126693 -0.548299285723847 0.0
-0.659467368011437 -0.486603652551035 0.0
-0.65726822288303 -0.424819519946413 0.0
-0.654883520304653 -0.362953789266721 0.0
-0.652922471398121 -0.300964666658579 0.0
-0.650975396109382 -0.23861873097455 0.0
-0.648136065247988 -0.175907779456637 0.0
-0.645400023843876 -0.113074205152191 0.0
-0.642623131797518 -0.0500543049618554 0.0
-0.639764132331897 0.0131985516764863 0.0
-0.636809216099679 0.0767227944632503 0.0
-0.633757385774091 0.140556333656194 0.0
-0.630622147754077 0.204740048645229 0.0
-0.62744600070839 0.269314865858897 0.0
-0.624337005731705 0.33430598503181 0.0
-0.621553964500753 0.399666508123951 0.0
-0.619680782187618 0.465105483108088 0.0
-0.620052324036511 0.529515534684633 0.0
-0.602054572775104 -0.611314142200996 0.0
-0.600269524702568 -0.549809588700343 0.0
-0.598219544101825 -0.488143259387303 0.0
-0.596029486410652 -0.426322982200741 0.0
-0.593784810523585 -0.36429925435199 0.0
-0.591737890731118 -0.302121385680161 0.0
-0.589557701765574 -0.239798851221013 0.0
-0.586906644193061 -0.177216068049086 0.0
-0.584219437909522 -0.11444035322121 0.0
-0.581470111969706 -0.0514711112392716 0.0
-0.578642119683638 0.0117012570531422 0.0
-0.575731723445238 0.0750838021062576 0.0
-0.572746839111636 0.138674868353673 0.0
-0.569712712841213 0.202454868280396 0.0
-0.566686931078655 0.266366724792558 0.0
-0.563789127207573 0.330278441804818 0.0
-0.561257598638262 0.393914385110655 0.0
-0.559446110297127 0.456755783387778 0.0
-0.557747221234733 0.517928432367956 0.0
-0.540820654337022 -0.612806799424147 0.0
-0.5389898797657 -0.551291532011133 0.0
-0.536961728652718 -0.489609009483367 0.0
-0.534822481469095 -0.427751843816172 0.0
-0.532655968252024 -0.365722760242675 0.0
-0.530529588169721 -0.303567959830479 0.0
-0.528245418836412 -0.241267839879265 0.0
-0.525683494952004 -0.17876797050624 0.0
-0.523039139853409 -0.116101282535571 0.0
-0.520319802826858 -0.0532811044383006 0.0
-0.517522219369222 0.00967987655150695 0.0
-0.514648343546643 0.0727609199853397 0.0
-0.511708474556566 0.135926006455579 0.0
-0.508725693846188 0.199115255209115 0.0
-0.505742826055925 0.262232886712346 0.0
-0.502829533383852 0.325134655595795 0.0
-0.50008820765877 0.38761836108453 0.0
-0.497405791729153 0.449448722320906 0.0
-0.493729459986385 0.51062880201739 0.0
-0.479573684333123 -0.614306903875984 0.0
-0.477722179482117 -0.552788544161684 0.0
-0.475718680249209 -0.491109687742971 0.0
-0.473622521804271 -0.429272649890831 0.0
-0.471483304683309 -0.367292428113053 0.0
-0.469304059361354 -0.305191062598005 0.0
-0.466974320922662 -0.242956521460293 0.0
-0.464453284393284 -0.180572061413005 0.0
-0.461832509517348 -0.118062732380998 0.0
-0.459125063267985 -0.0554513579853615 0.0
-0.45633182170313 0.00723512507091365 0.0
-0.453454261520382 0.0699605446128517 0.0
-0.450497605877749 0.132675175409504 0.0
-0.447472722213972 0.195312211759484 0.0
-0.444396020445766 0.257784125095082 0.0
-0.441280876526968 0.319980150465167 0.0
-0.438124683358821 0.3817576938849 0.0
-0.43467036850919 0.442979762523206 0.0
-0.429633378156064 0.503589958232566 0.0
-0.418323703365334 -0.615848501448793 0.0
-0.416463041897825 -0.554344536922864 0.0
-0.41447906223941 -0.492694187834895 0.0
-0.412408101364191 -0.43090430841269 0.0
-0.410272718171739 -0.36898931985329 0.0
-0.408056740318316 -0.306963145891197 0.0
-0.405699061538788 -0.24482471281792 0.0
-0.403186148875394 -0.182576677899466 0.0
-0.400561688257315 -0.120243465910294 0.0
-0.397835094064578 -0.0578526162767849 0.0
-0.395005688410862 0.00456341490090578 0.0
-0.392070579000639 0.0669649504313216 0.0
-0.389026804107536 0.129303153726487 0.0
-0.385871370550926 0.191518887986813 0.0
-0.382596394762261 0.253540838526166 0.0
-0.379172055394141 0.315283054779995 0.0
-0.375558637074277 0.376634168312755 0.0
-0.37144271055532 0.437516031495464 0.0
-0.366358272079592 0.498079788266945 0.0
-0.357070508425013 -0.617453357500958 0.0
-0.355203378036287 -0.555975407840139 0.0
-0.353230573082472 -0.494365766036809 0.0
-0.351169344576096 -0.432632638183672 0.0
-0.349024415899114 -0.370789308083015 0.0
-0.346775745826442 -0.308848041760458 0.0
-0.344387987772652 -0.246815653506127 0.0
-0.341855311355236 -0.184704134215314 0.0
-0.339197145518446 -0.122537660419696 0.0
-0.336416699243023 -0.0603441669461687 0.0
-0.333509177768866 0.00184453574291203 0.0
-0.330466038015374 0.0639921257756639 0.0
-0.327276055859152 0.126057220002713 0.0
-0.323923897219442 0.18799380473457 0.0
-0.320382322618275 0.249752587796967 0.0
-0.316603188548554 0.311288553282472 0.0
-0.31253392649624 0.37256266734434 0.0
-0.308005747034862 0.43362949084724 0.0
-0.303232867313221 0.494712323798959 0.0
-0.295809273627996 -0.619123741680232 0.0
-0.293934869965837 -0.557675631899948 0.0
-0.291964726802497 -0.496109277506602 0.0
-0.289900422454971 -0.434433112147003 0.0
-0.287735440996666 -0.372659617363068 0.0
-0.285450084222651 -0.310801187277555 0.0
-0.283021482277475 -0.248869120721664 0.0
-0.28044427302296 -0.186879199871401 0.0
-0.277724212313776 -0.12485431674695 0.0
-0.274858341143744 -0.0628202272195685 0.0
-0.271837269822567 -0.000804986717171053 0.0
-0.268647251793281 0.0611615426269891 0.0
-0.265270528439565 0.123048453172957 0.0
-0.261683587062096 0.184826033166413 0.0
-0.257851707860103 0.246469471495425 0.0
-0.253742093400534 0.307962864680772 0.0
-0.249345196944207 0.36930853508787 0.0
-0.244673944762812 0.43056662145815 0.0
-0.239927610073347 0.491748349153392 0.0
-0.2345341126837 -0.620847347945944 0.0
-0.232651032834387 -0.559427228529313 0.0
-0.230675742889223 -0.497900329960196 0.0
-0.228597366325621 -0.436274829429662 0.0
-0.226402344773508 -0.374562535357533 0.0
-0.224071850120429 -0.312775981109139 0.0
-0.221588397194666 -0.250928311632411 0.0
-0.218944575211324 -0.189035952604981 0.0
-0.216137558142353 -0.127119443161172 0.0
-0.213159071361651 -0.0652009318998929 0.0
-0.209995703861689 -0.00330335618871195 0.0
-0.206630077661449 0.0585505913539616 0.0
-0.203041465581421 0.120339662619431 0.0
-0.199205603052641 0.182046500150839 0.0
-0.195097727493429 0.243661222662562 0.0
-0.19071748046291 0.305185273314005 0.0
-0.186106732003662 0.366640882555996 0.0
-0.181329080269078 0.428084000696202 0.0
-0.176396971810042 0.489588009587721 0.0
-0.173239966578836 -0.622602410139482 0.0
-0.171347287608986 -0.561204525235779 0.0
-0.169359833671163 -0.499708772292658 0.0
-0.167257468788442 -0.438122881635664 0.0
-0.165022316472751 -0.376457885711295 0.0
-0.162636041721499 -0.314725895795067 0.0
-0.160082915756457 -0.252940074806323 0.0
-0.157352791669025 -0.191115755647726 0.0
-0.154437025387039 -0.129270614953679 0.0
-0.151323242733408 -0.0674230823239279 0.0
-0.147995378288247 -0.00559171934239597 0.0
-0.144434944598928 0.0562056116312838 0.0
-0.140622766302498 0.117952447280525 0.0
-0.13654231470982 0.179635315523687 0.0
-0.132191414681272 0.241244804027555 0.0
-0.127608499195147 0.30277453290355 0.0
-0.122879217158784 0.364219853162835 0.0
-0.118102644733504 0.425574890771994 0.0
-0.113221842864681 0.486823397716598 0.0
-0.111923179268593 -0.624361343544754 0.0
-0.110020532341705 -0.562977305474102 0.0
-0.108014469338819 -0.501501340886618 0.0
-0.105878859632855 -0.439940676952065 0.0
-0.10359346191749 -0.378305345263812 0.0
-0.101140057813404 -0.3166064167957 0.0
-0.0985029129102571 -0.254855944350023 0.0
-0.0956691604192914 -0.193067369314992 0.0
-0.0926260370445773 -0.131255581076925 0.0
-0.0893582891806883 -0.0694359579107441 0.0
-0.0858486552384788 -0.00762414441129754 0.0
-0.0820797863105309 0.0541643440690197 0.0
-0.0780376690307081 0.115914206073393 0.0
-0.0737187564054534 0.177610768462103 0.0
-0.0691457233030805 0.239238348619807 0.0
-0.0643877987170295 0.300776094452788 0.0
-0.0595595853854021 0.3621935672128 0.0
-0.0547967623297741 0.42344909495059 0.0
-0.0504342963562172 0.484548861883853 0.0
-0.0505822503520663 -0.626094211118817 0.0
-0.0486693940126502 -0.564714169512707 0.0
-0.0466386197767645 -0.503244951706461 0.0
-0.0444610993075562 -0.441693255298771 0.0
-0.0421157468605412 -0.380067837311153 0.0
-0.0395842488825109 -0.318378207201052 0.0
-0.0368500399680431 -0.256634635425229 0.0
-0.0338977503591764 -0.194848311706986 0.0
-0.0307115797620327 -0.133031489871406 0.0
-0.02727436808134 -0.0711969381513898 0.0
-0.0235687975806322 -0.00935798545774 0.0
-0.019580237806886 0.0524717061393753 0.0
-0.0153018917835751 0.114278122517769 0.0
-0.010744281756587 0.176047177435316 0.0
-0.00595059877630101 0.237763467859833 0.0
-0.00101024645160195 0.299409777278839 0.0
0.0039413872735464 0.360972314177427 0.0
0.00868776166248534 0.422463697560135 0.0
0.0127400661909583 0.483922310122977 0.0
0.0107818617069599 -0.627772802269753 0.0
0.0127056459651634 -0.566386645564724 0.0
0.0147669813093126 -0.504910842191016 0.0
0.0169942666108679 -0.44335146012139 0.0
0.0194082803524323 -0.381715658792437 0.0
0.0220275624298673 -0.320010937908347 0.0
0.0248699104730752 -0.258245317673227 0.0
0.0279529697102686 -0.196427462093679 0.0
0.0312948500998743 -0.134566937546782 0.0
0.0349138302243602 -0.0726738925307278 0.0
0.0388262995602832 -0.0107592247810901 0.0
0.0430428553767418 0.0511656248068876 0.0
0.0475616968757377 0.113088659645134 0.0
0.0523580900719737 0.174997592311444 0.0
0.0573705269334474 0.236878975356203 0.0
0.0624892062784705 0.298718960295087 0.0
0.0675427519322416 0.360507922727417 0.0
0.0722497711537156 0.422238760063142 0.0
0.0761849558018394 0.483852228127532 0.0
0.0721653378254466 -0.629375117436467 0.0
0.074101796884684 -0.567973657332941 0.0
0.0761991787181544 -0.506478980129403 0.0
0.0784828421755596 -0.444896249156986 0.0
0.0809725523890652 -0.383230631243799 0.0
0.0836872424922025 -0.321487195928845 0.0
0.0866461707536423 -0.259671315026516 0.0
0.089869057851455 -0.197788829328265 0.0
0.0933757772142062 -0.135846409184089 0.0
0.0971850353448031 -0.0738513865870667 0.0
0.101311413170948 -0.0118120435697456 0.0
0.105760459668654 0.0502624492149625 0.0
0.110521126579636 0.112361720978393 0.0
0.115555187624119 0.174473911204509 0.0
0.120784909237221 0.236584028523643 0.0
0.126081139290898 0.298673034260871 0.0
0.131246256363655 0.360715178552354 0.0
0.135989527027789 0.422663376413348 0.0
0.139936611679974 0.484430378458084 0.0
0.133561801239459 -0.630889679180993 0.0
0.13551400376731 -0.569465734368627 0.0
0.137652203344481 -0.507942111017267 0.0
0.139997055674434 -0.446322553656685 0.0
0.142567154918576 -0.38460977481091 0.0
0.145382100841086 -0.322806006728912 0.0
0.148462779333438 -0.26091358842923 0.0
0.151830823594929 -0.198935183535529 0.0
0.155507456933324 -0.136874232189759 0.0
0.159511286844842 -0.0747349277415107 0.0
0.163854530931601 -0.0125226962617285 0.0
0.168537391526963 0.0497555511659325 0.0
0.173540214883111 0.11209054839545 0.0
0.178813719304512 0.174469505881298 0.0
0.18426836929306 0.236873174987513 0.0
0.189763499698508 0.299272376236221 0.0
0.195093501459157 0.361621121203426 0.0
0.199971691839501 0.423845644410893 0.0
0.204021786911306 0.485841500311296 0.0
0.194962243719116 -0.632319086208868 0.0
0.196934412935971 -0.570868417114904 0.0
0.199116886645784 -0.509308952791891 0.0
0.201525312364704 -0.447642285920697 0.0
0.204177531587689 -0.385868200020121 0.0
0.207094186647074 -0.3239856958186 0.0
0.210297934985842 -0.26199365011462 0.0
0.213812212516715 -0.19989104931775 0.0
0.217659337903411 -0.137677513485846 0.0
0.221857576173666 -0.0753534091216013 0.0
0.22641676422137 -0.0129205476068362 0.0
0.231332407313988 0.0496171948892676 0.0
0.236578278737436 0.112252402916233 0.0
0.242098169705483 0.17497204169074 0.0
0.247797497244939 0.237753102843889 0.0
0.253534524170906 0.300556867314152 0.0
0.259107781318691 0.363319993431711 0.0
0.264234179325447 0.425943731107264 0.0
0.268503352724855 0.488288818158622 0.0
0.256356016165436 -0.633682466297071 0.0
0.258352720420902 -0.572204545129608 0.0
0.26058080008877 -0.510606302896287 0.0
0.263052156882965 -0.448886396419508 0.0
0.26578472932727 -0.387041294833048 0.0
0.268800593241508 -0.325066370425601 0.0
0.272124291615626 -0.262956465837134 0.0
0.275781014380893 -0.200706100590528 0.0
0.279794099052526 -0.13831002269703 0.0
0.284181553977097 -0.0757634004097406 0.0
0.288951377956845 -0.0130626692203377 0.0
0.294095866837485 0.0497935844585818 0.0
0.299585303798336 0.11280269777209 0.0
0.305361862203348 0.175955093945524 0.0
0.311333978856354 0.239228572615527 0.0
0.317369785246407 0.302580211171204 0.0
0.323283642042218 0.365933554930344 0.0
0.328801952251175 0.429160723386774 0.0
0.333471997097327 0.492062209432869 0.0
0.317731718602254 -0.635016444616367 0.0
0.319756337357633 -0.573515042097385 0.0
0.322028372290936 -0.511879790730658 0.0
0.32455851696397 -0.45010595651041 0.0
0.32736570938437 -0.388186488752657 0.0
0.330473727192352 -0.326112620909404 0.0
0.333909069446512 -0.263874326206687 0.0
0.337698677866279 -0.201460450231254 0.0
0.341866977833343 -0.138859199767754 0.0
0.346432066557261 -0.0760582749567405 0.0
0.351401036030649 -0.0130456630703403 0.0
0.356764941320791 0.0501895122634745 0.0
0.362494143206816 0.113655037563425 0.0
0.368534979708769 0.177352547703495 0.0
0.374807646486165 0.241270990930197 0.0
0.381202893655417 0.305376122149021 0.0
0.387568983504664 0.36959131061865 0.0
0.393666601212756 0.433763535496203 0.0
0.399029544605107 0.497606133479499 0.0
0.379077815490189 -0.636373929351357 0.0
0.381130503451173 -0.574857494119913 0.0
0.38344130852599 -0.513192913773417 0.0
0.38602231896471 -0.451372444521191 0.0
0.388893892425225 -0.38938509272988 0.0
0.392081657126302 -0.327217167207372 0.0
0.395614085743616 -0.264852621796916 0.0
0.399519868481306 -0.202272999752202 0.0
0.403824637713479 -0.139457684332313 0.0
0.408547010127576 -0.0763837315114582 0.0
0.413694168369967 -0.0130262633819397 0.0
0.419257824567767 0.0506412546112812 0.0
0.425211631385731 0.114645888781555 0.0
0.431511223876275 0.17901330859096 0.0
0.438096855050891 0.243762490108399 0.0
0.444896410467935 0.308895549833782 0.0
0.451820154950451 0.374374269281234 0.0
0.458721045105492 0.440064886584155 0.0
0.465230977756417 0.505606702784335 0.0
0.440383650229434 -0.637818869270959 0.0
0.442459818569142 -0.576301078367712 0.0
0.444800884705574 -0.514624719167358 0.0
0.447420532339604 -0.45277794009026 0.0
0.450340892215512 -0.390744882433487 0.0
0.453589504763872 -0.328506025032441 0.0
0.457196712939399 -0.266038079759095 0.0
0.461192841227011 -0.203313466074295 0.0
0.465604748150794 -0.140300075441554 0.0
0.470451853848742 -0.0769605314560662 0.0
0.475742095810257 -0.0132517916063211 0.0
0.481468971925568 0.0508758221959148 0.0
0.487611088781379 0.115479607233454 0.0
0.494135812176088 0.180626201290308 0.0
0.5010077695966 0.24639253787995 0.0
0.508202258221271 0.312865992261625 0.0
0.515721287075168 0.380135950765863 0.0
0.523602496011498 0.448250158102089 0.0
0.531859730320487 0.517026925113832 0.0
