-0.617790778540288 -0.673486967825598 0.0
0.611581830922543 -0.692461405491244 0.0
-0.541917616128922 0.61237245798111 0.0
0.61237245798111 0.61237245798111 0.0
-0.556596806814412 -0.674856032413368 0.0
0.612193455645045 -0.631097509901979 0.0
0.555752770403354 0.579358896000345 0.0
-0.560399335036284 0.539663257885538 0.0
-0.495417694020978 -0.67607542248681 0.0
0.613098217233501 -0.569572462768951 0.0
0.496159884902928 0.562151051468687 0.0
-0.572281251036532 0.468944662768298 0.0
-0.4342726975697 -0.677385178201196 0.0
0.614232980415639 -0.50786619005613 0.0
0.436509712542867 0.551822369148242 0.0
-0.580279712347193 0.400097602505449 0.0
-0.373142833915784 -0.678859775288 0.0
0.615567796839311 -0.445961207831887 0.0
0.377004369245868 0.545162746449392 0.0
-0.586059421238901 0.332747190462003 0.0
-0.312001526962148 -0.680509996085777 0.0
0.617088191193906 -0.383837483707147 0.0
0.317607747587792 0.540731104979757 0.0
-0.590485711026983 0.266543896537191 0.0
-0.250815612160033 -0.682301702713567 0.0
0.618785064937345 -0.321470372179716 0.0
0.258293122742456 0.537789268599312 0.0
-0.594028241342681 0.201225620905365 0.0
-0.189552791778164 -0.68416208146462 0.0
0.620647901666534 -0.258829823784137 0.0
0.199063216456855 0.535933371975277 0.0
-0.596959702909977 0.13660545928072 0.0
-0.128188812144749 -0.685999713512493 0.0
0.622659428219731 -0.195879827401113 0.0
0.139945940617745 0.534947782600728 0.0
-0.599448888823298 0.0725509366769743 0.0
-0.0667117775773468 -0.687724002101402 0.0
0.624790830672666 -0.132578336810839 0.0
0.0809922170612286 0.534763790412623 0.0
-0.601607371224211 0.00896772294868973 0.0
-0.00512272467958982 -0.689258257911499 0.0
0.626997167897099 -0.0688766619614063 0.0
0.0222806435060997 0.535689746818677 0.0
-0.603515575709102 -0.0542103261599552 0.0
0.0565655870753253 -0.690546262448034 0.0
0.629212754381115 -0.00471899252680738 0.0
-0.0363382292217337 0.535189551087502 0.0
-0.605241999250754 -0.117027335098197 0.0
0.118331313674023 -0.691554231012006 0.0
0.631346375869906 0.059959142263527 0.0
-0.0950990572086393 0.535107092630802 0.0
-0.6068766484336 -0.179507861995692 0.0
0.180146112674888 -0.692270283734319 0.0
0.633275728427104 0.125233440662373 0.0
-0.153738225476297 0.538698627504584 0.0
-0.608743855547444 -0.241661441256508 0.0
0.241977893178367 -0.692703164681845 0.0
0.634839530742967 0.191196124962127 0.0
-0.211964135987516 0.541986997354393 0.0
-0.609637830270706 -0.303726189832502 0.0
0.303792481825029 -0.692881401815388 0.0
0.635823327526243 0.257964327176464 0.0
-0.269552587674859 0.546638364727529 0.0
-0.610655609206699 -0.365761332318299 0.0
0.365555897982632 -0.692853590426808 0.0
0.635930333703083 0.325695550854277 0.0
-0.326756709980089 0.549387766766343 0.0
-0.612215211530171 -0.427603003875804 0.0
0.427236631958814 -0.692689967273399 0.0
0.634717302176697 0.394612458134193 0.0
-0.384019461281399 0.553532578234427 0.0
-0.613683764767703 -0.489259402670169 0.0
0.488808572087992 -0.692484943612879 0.0
0.631448281441432 0.465039418631718 0.0
-0.440309435590363 0.564925017624735 0.0
-0.615184608959267 -0.550764307514869 0.0
0.550256236989789 -0.692359583856729 0.0
0.62476833464133 0.537439490367044 0.0
-0.495694928487733 0.578876668673596 0.0
-0.616449587217444 -0.61216466152765 0.0
-0.555274088762552 -0.613527506382446 0.0
-0.553972239894127 -0.552097359656887 0.0
-0.552505540640791 -0.490543263858444 0.0
-0.551070569407775 -0.428917085714483 0.0
-0.549577578740279 -0.367223099094485 0.0
-0.548492843088938 -0.305346778066718 0.0
-0.547526303895987 -0.243142153917392 0.0
-0.545836031792789 -0.180658040853722 0.0
-0.544218335201881 -0.118013706422755 0.0
-0.542516984393992 -0.0551494288957279 0.0
-0.540654710078142 0.0079802642749818 0.0
-0.538567918612435 0.0714122621448695 0.0
-0.536185701197603 0.135178135996816 0.0
-0.533415266029752 0.199300890960288 0.0
-0.530124979874432 0.263780102454127 0.0
-0.526121268722122 0.328556038996327 0.0
-0.521121868695638 0.393426941923628 0.0
-0.514756773732995 0.457870011502902 0.0
-0.506746704394289 0.520681989128181 0.0
-0.494084709887461 -0.614736936040348 0.0
-0.492723848555137 -0.553320695688298 0.0
-0.491297681640872 -0.491794941473672 0.0
-0.489889758850279 -0.430154341801243 0.0
-0.488550672159514 -0.368341998294689 0.0
-0.487460304160055 -0.306396908490088 0.0
-0.486331083938577 -0.24433679984651 0.0
-0.484834527178351 -0.182049776248429 0.0
-0.483303353574435 -0.119594925787447 0.0
-0.481680720154142 -0.0569745459999129 0.0
-0.479914097223207 0.00580963111042117 0.0
-0.47795411105835 0.0687442663259389 0.0
-0.475745586999747 0.131795182472153 0.0
-0.473218387372997 0.194894585495332 0.0
-0.470275982019096 0.257921319314257 0.0
-0.466779020788232 0.320677530519013 0.0
-0.462520329629422 0.382875273590287 0.0
-0.457184331230008 0.444183148251416 0.0
-0.450118449484479 0.50444349263588 0.0
-0.432888730990856 -0.616072850070136 0.0
-0.431497339219298 -0.554681420221034 0.0
-0.430110314776224 -0.493185951254478 0.0
-0.428780479906581 -0.431571503580882 0.0
-0.427550159799842 -0.369836737729539 0.0
-0.426444969266045 -0.308019612567458 0.0
-0.42527467648036 -0.246104231717898 0.0
-0.423901190021493 -0.184047445740738 0.0
-0.422460015433737 -0.121887961743 0.0
-0.420925247936379 -0.0596505790837147 0.0
-0.41925899323735 0.00263379957012341 0.0
-0.417420542239084 0.0649195078522306 0.0
-0.415361364189914 0.127139900629013 0.0
-0.413016428699263 0.189203109310851 0.0
-0.410291690606929 0.250991448185329 0.0
-0.407047740541194 0.312372550783965 0.0
-0.403088495458522 0.373231312833585 0.0
-0.398190080715852 0.433532490628234 0.0
-0.392550271876111 0.493495871849235 0.0
-0.371692247655511 -0.617580291722475 0.0
-0.370290875834132 -0.556234229377261 0.0
-0.368952880102737 -0.494802862793478 0.0
-0.367698798261841 -0.433282485550124 0.0
-0.366536192929558 -0.371684229376024 0.0
-0.365434865239421 -0.310027830722983 0.0
-0.364271581881304 -0.24830751465547 0.0
-0.362978965301183 -0.1865166221728 0.0
-0.361606833816223 -0.124688650576184 0.0
-0.36013605615529 -0.0628566062170122 0.0
-0.358533875838341 -0.00105883227322374 0.0
-0.356760404168564 0.0606586995780608 0.0
-0.354764229785084 0.122243544823466 0.0
-0.352474276745033 0.183643012734564 0.0
-0.349790199551931 0.244816724975389 0.0
-0.346577614186757 0.305760193648651 0.0
-0.342691059672645 0.366542197676808 0.0
-0.338131584804036 0.427367523180684 0.0
-0.333805801035325 0.488619966701711 0.0
-0.310485871142614 -0.619268611006029 0.0
-0.309088817278158 -0.557981384106099 0.0
-0.307799535812836 -0.496633816065978 0.0
-0.3066066576196 -0.435226615701512 0.0
-0.305489200880184 -0.373771437919994 0.0
-0.30439798341972 -0.31228247798718 0.0
-0.303249118472477 -0.250763407633425 0.0
-0.302000803288361 -0.18922273527833 0.0
-0.300663613600564 -0.127688722897737 0.0
-0.299217318714097 -0.0661904092208135 0.0
-0.297630029319526 -0.00475730198023535 0.0
-0.295861384084168 0.0565825431429317 0.0
-0.293859626816389 0.117807205622125 0.0
-0.291557472361267 0.178909617001824 0.0
-0.288871417292038 0.239909899880696 0.0
-0.285715729918558 0.300873342047713 0.0
-0.282064783629337 0.361932144245954 0.0
-0.278146389726743 0.42328851133012 0.0
-0.274564846866894 0.485016025597684 0.0
-0.249250242618322 -0.621095854741494 0.0
-0.247868093515546 -0.559865705473779 0.0
-0.246623147563833 -0.498597882205744 0.0
-0.245476195697731 -0.437293927208427 0.0
-0.244386433252878 -0.375964160129637 0.0
-0.243299709316271 -0.31462025793678 0.0
-0.242154124919187 -0.253270054805168 0.0
-0.240916973508748 -0.19192562663159 0.0
-0.239580563659019 -0.13060802521408 0.0
-0.238123141047673 -0.0693373807463126 0.0
-0.236514732381114 -0.00813081498409057 0.0
-0.234718988712883 0.0530002668403614 0.0
-0.23269286425247 0.114054010123519 0.0
-0.23038796063634 0.175043596088418 0.0
-0.227759437954158 0.236002406051375 0.0
-0.224794971227238 0.296987547499115 0.0
-0.221584818919009 0.358069858579207 0.0
-0.218395403008014 0.419271143322053 0.0
-0.215334174123389 0.480454881885565 0.0
-0.187964116480108 -0.622982309925481 0.0
-0.186607116195949 -0.561795512232823 0.0
-0.18540147151075 -0.50058841017636 0.0
-0.184286227823043 -0.439361986749433 0.0
-0.183208531364666 -0.378124482942389 0.0
-0.182114798574872 -0.316885365738853 0.0
-0.180955879266821 -0.255652875403831 0.0
-0.179703044537144 -0.194437721969801 0.0
-0.178341079659492 -0.13325411051728 0.0
-0.176849002766147 -0.0721142554020588 0.0
-0.175201559389922 -0.0110265299940793 0.0
-0.173371016061181 0.0500064782618033 0.0
-0.171329288681036 0.110989960263562 0.0
-0.169053485999178 0.17193925969719 0.0
-0.166540122860704 0.232880409755438 0.0
-0.163835194141824 0.293847317322526 0.0
-0.161074878527112 0.354867501444089 0.0
-0.158467190669356 0.415941573042447 0.0
-0.156213924355006 0.47714195383039 0.0
-0.126610411026975 -0.624833179378746 0.0
-0.125289549097698 -0.563670284616378 0.0
-0.124118908661088 -0.502498120791855 0.0
-0.123023103576908 -0.441316828452496 0.0
-0.121943694505918 -0.380132586542186 0.0
-0.12083034393535 -0.318952755172339 0.0
-0.119642393715647 -0.25778435473788 0.0
-0.118354242037617 -0.196635475177062 0.0
-0.116949105485014 -0.135515175883942 0.0
-0.115409151422251 -0.074430372705175 0.0
-0.113716013661368 -0.0133846674376943 0.0
-0.111853070553777 0.0476227813929323 0.0
-0.109809425615586 0.108597952638568 0.0
-0.10758798366878 0.169552408326707 0.0
-0.105221112284575 0.230500960842932 0.0
-0.10279502421265 0.291455046057383 0.0
-0.100471618674647 0.352408375734507 0.0
-0.0985014884283104 0.413327505914767 0.0
-0.0973139534827305 0.474138319059859 0.0
-0.0651798014904147 -0.626557590888314 0.0
-0.0639063645209711 -0.565398276685448 0.0
-0.0627674813009962 -0.504234460372185 0.0
-0.0616810078859372 -0.443065917233648 0.0
-0.0605882839369742 -0.381897289285548 0.0
-0.0594439960638966 -0.320734167609178 0.0
-0.0582143420213293 -0.259581947218288 0.0
-0.0568773229120628 -0.198446165231483 0.0
-0.0554179420937989 -0.137332170914656 0.0
-0.0538231736282853 -0.0762432304205704 0.0
-0.0520826978856009 -0.0151797255502518 0.0
-0.05019177479371 0.0458618235881478 0.0
-0.048156325965903 0.106889470558316 0.0
-0.046001733335671 0.167916753029158 0.0
-0.0437866577407205 0.228962104523194 0.0
-0.0416199624649441 0.290048026153321 0.0
-0.0396767153650626 0.351202332445725 0.0
-0.0382301887723942 0.412466359232738 0.0
-0.0379788151767979 0.473903835802408 0.0
-0.00367158930482692 -0.628080442332942 0.0
-0.00245589857094428 -0.566906446948054 0.0
-0.00134608461582816 -0.505727187787181 0.0
-0.000260623851452115 -0.444542904811614 0.0
0.000854921347149225 -0.383357386549509 0.0
0.00203941163352196 -0.322174865138779 0.0
0.00332021065559636 -0.260999154410793 0.0
0.00471497497477145 -0.199833574800448 0.0
0.00623493611723073 -0.138680673980516 0.0
0.00788712242244301 -0.0775409375970289 0.0
0.00967294153416871 -0.016412126832107 0.0
0.0115846260218206 0.0447117873381524 0.0
0.013599394638564 0.105841590828567 0.0
0.0156705601304123 0.166994245063705 0.0
0.0177154516805243 0.228193358091857 0.0
0.0196016350952382 0.289470306806082 0.0
0.0211308524761551 0.350865073789319 0.0
0.0219939697021289 0.412420347882637 0.0
0.0218690526902464 0.474072315334848 0.0
0.057906671889285 -0.629347897431494 0.0
0.0590568210751955 -0.56814437423899 0.0
0.0601405894703479 -0.506930327924276 0.0
0.0612322191518815 -0.445707296024477 0.0
0.0623783428245146 -0.384478794350913 0.0
0.0636102294795221 -0.32324803787297 0.0
0.0649487606978161 -0.262017458911051 0.0
0.0664065862498082 -0.200788617975315 0.0
0.0679899108478021 -0.139562135544838 0.0
0.069698799490034 -0.0783368556214595 0.0
0.07152489028432 -0.0171094919005708 0.0
0.0734471083476954 0.0441260539117179 0.0
0.075425242508233 0.105378926960463 0.0
0.0773911255331581 0.166661284900376 0.0
0.0792377681086093 0.227985911270512 0.0
0.0808078357677679 0.289361287745926 0.0
0.0818826811375598 0.350778961586122 0.0
0.0822104637040802 0.41217702620755 0.0
0.0818055973989629 0.473422214151605 0.0
0.119540894702597 -0.630328653873166 0.0
0.120621716260065 -0.569084493994392 0.0
0.121683712516751 -0.507821121878059 0.0
0.122788184935046 -0.446541948725069 0.0
0.1239712994962 -0.385250531695235 0.0
0.125256003314094 -0.323949257961205 0.0
0.126656638898245 -0.262639400431866 0.0
0.128180441650475 -0.201321270007359 0.0
0.12982787498919 -0.139994478416673 0.0
0.13159148134208 -0.0786575670546233 0.0
0.133452773016525 -0.017308140599868 0.0
0.135377415965209 0.0440571553086377 0.0
0.137308705018441 0.105441889945385 0.0
0.139159555017746 0.166848471868273 0.0
0.140803996621401 0.228274241895375 0.0
0.14207100614473 0.289705690143973 0.0
0.142752371381797 0.351108932254661 0.0
0.142668272992888 0.412429009849256 0.0
0.141756449808866 0.473676015292252 0.0
0.181212300124308 -0.631013081738526 0.0
0.182225175890979 -0.569720726854235 0.0
0.183271564389446 -0.508397972432936 0.0
0.184395445478243 -0.447050209561179 0.0
0.185620925203085 -0.385680958586268 0.0
0.18696246875616 -0.324291717067255 0.0
0.188428082359439 -0.262882671447786 0.0
0.190019559004461 -0.201453209619846 0.0
0.191731449558305 -0.14000254518912 0.0
0.193548782229825 -0.0785297717699687 0.0
0.195443317774294 -0.017034451355439 0.0
0.19736849830679 0.0444828907147168 0.0
0.199253244156282 0.10601948717605 0.0
0.200995162468092 0.167568642462525 0.0
0.202454600653719 0.229116294714888 0.0
0.203453742077586 0.290637676894124 0.0
0.203791414927183 0.352096565448116 0.0
0.203277997237982 0.413461831284361 0.0
0.201758884089301 0.474734788639192 0.0
0.242899663924961 -0.631411912644733 0.0
0.243851786937613 -0.57006707274165 0.0
0.244890767750582 -0.508678807732775 0.0
0.24604052901219 -0.447253940798594 0.0
0.247312768620878 -0.385795403077865 0.0
0.248713986776964 -0.32430340897074 0.0
0.250246432662414 -0.262776831647794 0.0
0.251906823651709 -0.201214067435546 0.0
0.25368409582577 -0.139613969486592 0.0
0.255556252495074 -0.0779762345548215 0.0
0.257486175433138 -0.0163023337230024 0.0
0.259416529904054 0.0454036554116245 0.0
0.261263995876318 0.107133512600046 0.0
0.262913503711998 0.16887318986563 0.0
0.264213961020348 0.230599925292954 0.0
0.26497884120234 0.29228066300404 0.0
0.264995130283645 0.353874224981078 0.0
0.264038286375857 0.415340023697768 0.0
0.261877317827946 0.476649605680235 0.0
0.304580619455229 -0.631555622935402 0.0
0.305484908115778 -0.570157211150514 0.0
0.306526192073848 -0.508700784726877 0.0
0.307707741498019 -0.447193283218429 0.0
0.309029860688756 -0.3856360359905 0.0
0.310492269368875 -0.324027247406706 0.0
0.31209239567701 -0.262363895402984 0.0
0.313822567203609 -0.200642846230668 0.0
0.315666738206949 -0.138862008065051 0.0
0.317596687310282 -0.0770209637327891 0.0
0.319567534930198 -0.0151221823353832 0.0
0.32151268348867 0.0468278307613375 0.0
0.32333839865117 0.10881665568534 0.0
0.324918623812718 0.170823952227437 0.0
0.326091028890132 0.232818358302443 0.0
0.326655727330396 0.294755768055697 0.0
0.326376775586363 0.356579655821921 0.0
0.324982448174685 0.418224863856641 0.0
0.322162081786446 0.479624756573631 0.0
0.366233441484835 -0.631495167928038 0.0
0.367107436404884 -0.570045651008115 0.0
0.368160959411903 -0.508521740757255 0.0
0.369378706248751 -0.446928463524153 0.0
0.370751905874275 -0.385264226518556 0.0
0.372275197948643 -0.323524244613892 0.0
0.37394237026311 -0.261702677718342 0.0
0.375742253055254 -0.199793844218058 0.0
0.377654661903258 -0.137793479793326 0.0
0.379646145849577 -0.0756995304106868 0.0
0.381665338749702 -0.013513611376307 0.0
0.383637972662213 0.0487574710693502 0.0
0.385461677044639 0.111099291495086 0.0
0.387000877168565 0.173487006839845 0.0
0.388081963956662 0.235881083068646 0.0
0.388488485421704 0.298223568033062 0.0
0.387954109886246 0.360434785907184 0.0
0.386149061157275 0.422411316463402 0.0
0.382661283927375 0.484028258539092 0.0
0.427838231692203 -0.631304231611571 0.0
0.428701621935418 -0.569810430486793 0.0
0.429775567272485 -0.508223237023901 0.0
0.431031182744476 -0.446543397129224 0.0
0.432453863862342 -0.384765048512821 0.0
0.4340351050214 -0.322879288639288 0.0
0.435766324385784 -0.260876247602852 0.0
0.437633823972663 -0.198746186655536 0.0
0.439614215184722 -0.13648068388971 0.0
0.441669915304366 -0.0740734376318194 0.0
0.443744459747129 -0.0115218580503726 0.0
0.445757632118736 0.0511711013481635 0.0
0.447600376601644 0.113993916223674 0.0
0.449129392454548 0.176922592376067 0.0
0.450160647854338 0.239914321860079 0.0
0.450459933427091 0.302899841187614 0.0
0.449726128500965 0.365772939559886 0.0
0.447560820704135 0.428376738815506 0.0
0.443417896462309 0.490489844983809 0.0
0.489377314675888 -0.631082681784316 0.0
0.490247825696568 -0.569556802338496 0.0
0.491346317895283 -0.507914538855769 0.0
0.492637484839324 -0.446150484362567 0.0
0.494104276842324 -0.384253301485337 0.0
0.495736927653744 -0.32220890970238 0.0
0.497525649265226 -0.2600020528249 0.0
0.499455091162532 -0.197616943734314 0.0
0.501499529247248 -0.135038104937686 0.0
0.503618295914 -0.0722509216332635 0.0
0.505751166073429 -0.00924305776329632 0.0
0.507813648658936 0.0539938069642427 0.0
0.509691964689203 0.117460864026949 0.0
0.511237158212887 0.181147709406966 0.0
0.512256623324271 0.245024154913292 0.0
0.512499547665488 0.309027695544915 0.0
0.51162937538548 0.37304150092175 0.0
0.509171991601208 0.436856080686776 0.0
0.504417785481213 0.500105725801249 0.0
0.550834985112907 -0.630960235752961 0.0
0.551723011753244 -0.569420623956555 0.0
0.552844279165564 -0.507736802672522 0.0
0.554163604131872 -0.445895633744706 0.0
0.555664542526198 -0.383880008225574 0.0
0.55733750659755 -0.321670258147781 0.0
0.559172272479883 -0.259244475369504 0.0
0.561152413222843 -0.196578360437549 0.0
0.563250489855556 -0.133645498891993 0.0
0.565423520773876 -0.0704173721522103 0.0
0.567608462998488 -0.00686407256814195 0.0
0.569717622119531 0.0570449980103808 0.0
0.57163359819249 0.121339562554025 0.0
0.573202775386106 0.186046164671364 0.0
0.574224711057543 0.251182509761642 0.0
0.574432159009546 0.31674647091736 0.0
0.573451268576889 0.382689722963093 0.0
0.570723298253894 0.448853166607705 0.0
0.56535515077438 0.514803899983455 0.0
