-0.744915278835303 -0.666218473640363 0.0
0.479895809953458 -0.704312294793311 0.0
-0.700876188278198 0.61237245798111 0.0
0.61237245798111 0.61237245798111 0.0
-0.683717139905504 -0.668258110062295 0.0
0.482164976848287 -0.642972597270658 0.0
0.537443543113285 0.585293510429827 0.0
-0.692616565428134 0.539706851742095 0.0
-0.622517060433736 -0.669921030518126 0.0
0.484721241315765 -0.581476523852679 0.0
0.465997422091443 0.570105645176708 0.0
-0.692195440930887 0.470724957202332 0.0
-0.561332018686499 -0.671600311545369 0.0
0.487575772574513 -0.519804637196413 0.0
0.39712726949937 0.560549679252418 0.0
-0.693931693092226 0.403887078894492 0.0
-0.500153010191433 -0.673320776743666 0.0
0.490746392562494 -0.457936692438114 0.0
0.329916483474616 0.554263024140435 0.0
-0.696632532914387 0.338307812360589 0.0
-0.438983039019769 -0.675102754546859 0.0
0.4942549833718 -0.395849606307797 0.0
0.263803420572558 0.550111079325653 0.0
-0.699876105826022 0.273513722091343 0.0
-0.377820098024888 -0.676971093352732 0.0
0.49812485288819 -0.33351643815403 0.0
0.198440548286709 0.547463894965712 0.0
-0.703431677933461 0.209242319846137 0.0
-0.316655803693508 -0.678931487529472 0.0
0.502378921183853 -0.270905738679343 0.0
0.133596779015531 0.545933504198378 0.0
-0.707143730449549 0.14534480746905 0.0
-0.255478802616565 -0.680970104332912 0.0
0.50703854071453 -0.207980626136781 0.0
0.0691017480497864 0.545251438861805 0.0
-0.710900718507575 0.0817369889846099 0.0
-0.194278473156757 -0.683060013614238 0.0
0.512122709257244 -0.144697954027743 0.0
0.0048108502326449 0.545175458187868 0.0
-0.714622476688475 0.0183732372965252 0.0
-0.133047080663762 -0.685168265224195 0.0
0.517647678809465 -0.0810065489112795 0.0
-0.0594154376515759 0.545195644775544 0.0
-0.718254006267733 -0.0447662558659001 0.0
-0.0717813185562625 -0.687261905309315 0.0
0.523626947529923 -0.0168451298152059 0.0
-0.122969211771769 0.547612871564405 0.0
-0.721766464012256 -0.107681076036072 0.0
-0.010482634560507 -0.689312623596437 0.0
0.530072070282422 0.0478613814283072 0.0
-0.186012345864911 0.550871967177111 0.0
-0.725185231222709 -0.170349697707227 0.0
0.0508428172930126 -0.691300173699642 0.0
0.536995071777308 0.113207350571148 0.0
-0.249165078346691 0.552627276678789 0.0
-0.72874265473697 -0.232731037048272 0.0
0.112185102397971 -0.693214966689565 0.0
0.544414337152551 0.179316076605671 0.0
-0.312577319254093 0.555416500037755 0.0
-0.730938539960012 -0.294995061835014 0.0
0.173531102710899 -0.695060085781767 0.0
0.552367028122273 0.246355803204014 0.0
-0.376334729668645 0.558745290162246 0.0
-0.733295181389355 -0.35732349377759 0.0
0.234866309962649 -0.696852789164194 0.0
0.560934318880853 0.314570976042682 0.0
-0.440336963429513 0.565148538207856 0.0
-0.736249904956895 -0.419553342973241 0.0
0.296176906545434 -0.698625158710391 0.0
0.570293585830522 0.384343777762801 0.0
-0.504409739486046 0.572355042815712 0.0
-0.738793433256202 -0.481530956850297 0.0
0.357452327014226 -0.700423107751341 0.0
0.580845508931731 0.456322349316932 0.0
-0.568599715056045 0.578526032018326 0.0
-0.741201732530227 -0.543257805076901 0.0
0.418689299908808 -0.702301896187159 0.0
0.593632490692163 0.531684960355197 0.0
-0.634141994517247 0.58977298375523 0.0
-0.74302257985938 -0.604813682827471 0.0
-0.68186330221132 -0.606863765722062 0.0
-0.679996473591983 -0.545294502065833 0.0
-0.677645056306072 -0.483537016484987 0.0
-0.675121584637802 -0.421684008477409 0.0
-0.672335013338229 -0.359750206398866 0.0
-0.66997809161269 -0.297692850624745 0.0
-0.667551078187433 -0.235258392137852 0.0
-0.664047881625849 -0.172451510852387 0.0
-0.660600937709791 -0.1095559426445 0.0
-0.65706956911528 -0.0465153690359017 0.0
-0.653438391697052 0.0167081605567773 0.0
-0.649736637855123 0.0801442608459172 0.0
-0.646023962463563 0.143823754856524 0.0
-0.64239205199905 0.207783676110729 0.0
-0.638974570623225 0.272065384452588 0.0
-0.635968277852216 0.336699717480026 0.0
-0.63368416503833 0.4016533667508 0.0
-0.632704069208532 0.466657055878102 0.0
-0.63434866587922 0.530621071675325 0.0
-0.620692702672284 -0.608529370779846 0.0
-0.61871584637714 -0.547007181240634 0.0
-0.616401199663273 -0.485309751833393 0.0
-0.613881744643566 -0.423449187677915 0.0
-0.611246973239555 -0.36137380621802 0.0
-0.608776588366529 -0.299145726206293 0.0
-0.606080218649783 -0.236780558954747 0.0
-0.602782670767852 -0.174159671457954 0.0
-0.599385986772248 -0.111363771985738 0.0
-0.595883438588254 -0.0484012637333512 0.0
-0.592289124049894 0.0147305182350751 0.0
-0.588645265300014 0.0780326305642983 0.0
-0.585022644054351 0.141498019673289 0.0
-0.581525641266504 0.205101924994766 0.0
-0.578301523290428 0.268782195184445 0.0
-0.57555397967601 0.332403824183193 0.0
-0.573558587127036 0.395697502101933 0.0
-0.572635645012384 0.458164314602242 0.0
-0.57200029981988 0.51897866190415 0.0
-0.559484551790653 -0.610228577814363 0.0
-0.557443358322408 -0.548709453824538 0.0
-0.555143461255181 -0.487014472387903 0.0
-0.552671627889767 -0.425137038018282 0.0
-0.550114443348331 -0.363083460359016 0.0
-0.547540831878809 -0.300909693266486 0.0
-0.544717968493014 -0.23859759546196 0.0
-0.541514709650923 -0.176091140514412 0.0
-0.53816471683895 -0.113430314212405 0.0
-0.534699960790995 -0.0506346474162985 0.0
-0.531151340089098 0.0122775258912847 0.0
-0.527569236800837 0.0752794678491828 0.0
-0.524028122491877 0.138328042235863 0.0
-0.520629648228139 0.201354664628431 0.0
-0.51750348288619 0.26425400420388 0.0
-0.514798185128373 0.326875539462088 0.0
-0.512627787524709 0.389026348627054 0.0
-0.510776155419293 0.450501984634103 0.0
-0.507889967605191 0.511367396620861 0.0
-0.498266429767531 -0.611957915326279 0.0
-0.496187262190626 -0.550446342620182 0.0
-0.493902438607849 -0.488770645146139 0.0
-0.491467034370438 -0.426933949990927 0.0
-0.488928416396512 -0.36495472152274 0.0
-0.486282870825434 -0.302859692097531 0.0
-0.483400624793055 -0.2406370941707 0.0
-0.480240789992224 -0.178270091673585 0.0
-0.476921506134126 -0.115788118063612 0.0
-0.473482500289018 -0.0532189052411929 0.0
-0.469961149617334 0.00940513083135013 0.0
-0.466408813885989 0.0720411349202062 0.0
-0.462894868688052 0.134631050432004 0.0
-0.459506542566072 0.197098302953755 0.0
-0.456342200119422 0.259345799905003 0.0
-0.453484521417631 0.321258358057643 0.0
-0.450895204149658 0.382710880885243 0.0
-0.448130794487703 0.44360815019685 0.0
-0.443521924312923 0.503921424545153 0.0
-0.437050789691067 -0.613754401364312 0.0
-0.434945447229905 -0.552267054114446 0.0
-0.432668095386686 -0.490634306872408 0.0
-0.430247518620877 -0.428863298375273 0.0
-0.427700642093809 -0.3669704061259 0.0
-0.425003176204481 -0.3049715652098 0.0
-0.422084157269995 -0.242865696190115 0.0
-0.418935130079744 -0.180655955243838 0.0
-0.415621734424802 -0.118369878018611 0.0
-0.412181037507535 -0.0560390800618522 0.0
-0.408650125209953 0.00629899508963092 0.0
-0.405076303079416 0.0685985448823019 0.0
-0.401519351777334 0.130803523401216 0.0
-0.398048555938891 0.192847180055715 0.0
-0.394729794757037 0.254651839099616 0.0
-0.391583987108942 0.316130752853772 0.0
-0.38846678136148 0.377198798946631 0.0
-0.384852360222416 0.437795789498101 0.0
-0.379987911349783 0.498102465510278 0.0
-0.375838385507479 -0.615642830960618 0.0
-0.373709080124869 -0.554190054798393 0.0
-0.371428576316379 -0.492610086532192 0.0
-0.369004544386247 -0.430910715331184 0.0
-0.366434506923721 -0.369105845720239 0.0
-0.363691334713056 -0.307208213087361 0.0
-0.360735582714797 -0.245224277964596 0.0
-0.357569194688504 -0.183166327315761 0.0
-0.354231795747234 -0.121060420195554 0.0
-0.350754646877479 -0.0589371997664243 0.0
-0.347171069233535 0.0031681644919172 0.0
-0.343521981910275 0.0652154367954392 0.0
-0.339856151082464 0.127159084661819 0.0
-0.336224325658671 0.188949294598567 0.0
-0.332660506939292 0.250533646368124 0.0
-0.32913197759163 0.311863949890891 0.0
-0.32544409416091 0.372918552332929 0.0
-0.3212350637901 0.433772369981598 0.0
-0.316587055413802 0.494690816364296 0.0
-0.314623996788705 -0.61762435834314 0.0
-0.312469216481035 -0.556207405735129 0.0
-0.310174970594403 -0.494678900649955 0.0
-0.307732362460486 -0.433046125761744 0.0
-0.305127412811253 -0.371320966848993 0.0
-0.302335004324702 -0.309515017550255 0.0
-0.29933175803827 -0.24763842427798 0.0
-0.296121650723971 -0.185706302746176 0.0
-0.292730001268803 -0.123741793722416 0.0
-0.289181963435912 -0.0617714727188157 0.0
-0.285506016358852 0.000175270701164878 0.0
-0.281736474829139 0.0620665811715221 0.0
-0.277912015162316 0.123868561154546 0.0
-0.274067659570039 0.185546887395355 0.0
-0.270213450528386 0.247069687698301 0.0
-0.266292128820556 0.308417576644657 0.0
-0.262147811921747 0.369608421319277 0.0
-0.257643373082196 0.430723215327269 0.0
-0.252880457354423 0.491786020658111 0.0
-0.253400376602783 -0.619681013784679 0.0
-0.251218016697789 -0.558294406517351 0.0
-0.248900400300437 -0.496808413628507 0.0
-0.246426313272052 -0.435229290969257 0.0
-0.24377530383898 -0.373567080391245 0.0
-0.24092484816274 -0.311832309603814 0.0
-0.237859349410667 -0.250035965308741 0.0
-0.234581851259758 -0.188192712508154 0.0
-0.231109048316624 -0.126322049124668 0.0
-0.227460823967722 -0.0644458305236493 0.0
-0.223661143470859 -0.00258771441037935 0.0
-0.219738735223157 0.0592273779572954 0.0
-0.215724408069163 0.120973866179622 0.0
-0.21164206062868 0.18262763781904 0.0
-0.207489504903399 0.244170615956027 0.0
-0.203214926107536 0.30560342416635 0.0
-0.198727481836882 0.366965298114547 0.0
-0.193966127035828 0.428336607550841 0.0
-0.188834254863917 0.489820728350261 0.0
-0.192160789005952 -0.621783207179938 0.0
-0.189949427310719 -0.560417344776554 0.0
-0.187600141092285 -0.498960268116816 0.0
-0.185083470172964 -0.437417088729221 0.0
-0.182375730886841 -0.375796094305022 0.0
-0.179456538239016 -0.314106460588131 0.0
-0.176313842124966 -0.252358476386133 0.0
-0.172948920423859 -0.190565140715105 0.0
-0.169372893007331 -0.128742712764686 0.0
-0.165601463449369 -0.066909411826096 0.0
-0.161654901052587 -0.00508524472194569 0.0
-0.157557730061178 0.0567082733497058 0.0
-0.153335581095577 0.118448379601697 0.0
-0.149007187898266 0.180112726107074 0.0
-0.144572061027069 0.241682697025831 0.0
-0.140005444707272 0.303150217767406 0.0
-0.135280629513271 0.364520170396191 0.0
-0.130395155669082 0.425797193951842 0.0
-0.125162874898828 0.486968320292301 0.0
-0.130900230235274 -0.62389672469663 0.0
-0.128659364830839 -0.562540132968203 0.0
-0.126271499995246 -0.501096428268003 0.0
-0.123702811004875 -0.439569740218697 0.0
-0.120928607417309 -0.377966742271217 0.0
-0.117930146112745 -0.316295103170147 0.0
-0.114696807001858 -0.254563806782414 0.0
-0.111227985019804 -0.192784030856094 0.0
-0.107530877212185 -0.130969625124846 0.0
-0.103617797798925 -0.0691365445779392 0.0
-0.0995058862517082 -0.00730309370251952 0.0
-0.0952163360913741 0.0545100020543696 0.0
-0.0907714494324787 0.11627941518556 0.0
-0.0861889607208898 0.17798010396586 0.0
-0.0814769208668855 0.239586459000189 0.0
-0.0766389663951752 0.301073456617875 0.0
-0.0716964322451473 0.36241195588585 0.0
-0.0667027481901888 0.423558665596644 0.0
-0.0619644437407145 0.484529183436928 0.0
-0.069616456787626 -0.625988453301224 0.0
-0.0673461402961651 -0.56462953643951 0.0
-0.0649140192180335 -0.503183790283805 0.0
-0.0622854771386325 -0.441654612269144 0.0
-0.0594363892436998 -0.380047187541112 0.0
-0.056349266548936 -0.318367602857465 0.0
-0.053013802487408 -0.256623298740816 0.0
-0.0494275007721441 -0.194823676177858 0.0
-0.045594418183479 -0.132980641080176 0.0
-0.0415238134098213 -0.0711084283120999 0.0
-0.03722981115435 -0.00922402693831004 0.0
-0.0327305062497521 0.052652755265873 0.0
-0.0280456611433322 0.11449933061429 0.0
-0.0231936103481149 0.176291687406219 0.0
-0.0181913440941128 0.238006288728612 0.0
-0.0130644617752323 0.299623811968487 0.0
-0.00787072362823972 0.361135270041213 0.0
-0.00277458449366734 0.422567142591319 0.0
0.00168970911632855 0.483988026597927 0.0
-0.00831012678166781 -0.628030710271472 0.0
-0.00601032604914317 -0.566658960513019 0.0
-0.00352926902144919 -0.505197234675279 0.0
-0.000834605437464869 -0.443648325417389 0.0
0.0020962013496935 -0.382015917542547 0.0
0.00527974371680498 -0.320304370294647 0.0
0.00872669910876562 -0.258519344918413 0.0
0.0124415205919717 -0.196668319176091 0.0
0.0164229809741156 -0.134761178336659 0.0
0.0206647681034558 -0.0728101856202337 0.0
0.0251557099967152 -0.0108303927435754 0.0
0.0298804382891426 0.0511604879952864 0.0
0.034820563722084 0.113142464006807 0.0
0.0399549345562101 0.175094976827114 0.0
0.0452548957849187 0.236998964461081 0.0
0.050668715556083 0.298840672662202 0.0
0.0560836782526628 0.360617109951028 0.0
0.061241493325498 0.422332777922909 0.0
0.0656960279211393 0.483925659670226 0.0
0.0530151868932036 -0.630004429446665 0.0
0.0553452058790132 -0.56861122654235 0.0
0.0578790016487808 -0.507121859970176 0.0
0.060644390478404 -0.445538375794162 0.0
0.0636618607377012 -0.383862751228135 0.0
0.0669475200878784 -0.322097351048426 0.0
0.0705129115124482 -0.260245727328029 0.0
0.0743645478798709 -0.198313096277361 0.0
0.0785039050303024 -0.136306942100343 0.0
0.082927515505783 -0.074237037533203 0.0
0.0876269382248493 -0.0121158414985156 0.0
0.0925888863589452 0.0500416602373329 0.0
0.0977949913434378 0.112218227843672 0.0
0.103219339677502 0.174395524391253 0.0
0.108819848197024 0.236554715057335 0.0
0.11451782073138 0.298677223142082 0.0
0.120158870776425 0.360741148002715 0.0
0.125468941680178 0.422700849915035 0.0
0.130069413024186 0.484463004416647 0.0
0.114353655410866 -0.631901656303915 0.0
0.116715656516619 -0.570480862986492 0.0
0.119304982732008 -0.508955013235794 0.0
0.122143756739823 -0.447324947964677 0.0
0.125250549698919 -0.385590569337661 0.0
0.12864148253084 -0.323751895589557 0.0
0.132329357024792 -0.261809965450096 0.0
0.136322849925605 -0.19976727396339 0.0
0.140626080977142 -0.1376283740009 0.0
0.145238333203819 -0.0753999413048558 0.0
0.15015369429446 -0.0130912498047029 0.0
0.155360549799135 0.0492857897592362 0.0
0.160840056831019 0.11171638871193 0.0
0.166561673350243 0.17418290890877 0.0
0.172472295940401 0.236663333491839 0.0
0.178475403884094 0.299128153565355 0.0
0.184400692163994 0.361531347137597 0.0
0.189976865308198 0.423795922460711 0.0
0.194825696043385 0.485810956132167 0.0
0.175697295066618 -0.633727581898474 0.0
0.178093900639448 -0.572276087723871 0.0
0.180740093130598 -0.510708207371057 0.0
0.183652541629329 -0.449022867907962 0.0
0.186848579727465 -0.3872174690317 0.0
0.190344888732018 -0.325289294067658 0.0
0.194155840496534 -0.263236382586573 0.0
0.19829236777519 -0.201057887944827 0.0
0.202761231463457 -0.138754659603515 0.0
0.207564471107887 -0.0763293494911398 0.0
0.212698753566198 -0.0137870094356942 0.0
0.218154359456203 0.0488645740608573 0.0
0.22391283203188 0.11161398879422 0.0
0.229941606323014 0.174444970363302 0.0
0.236183052000128 0.237332677771744 0.0
0.242536253346535 0.300237364288453 0.0
0.248831937400792 0.363093215054771 0.0
0.254801801474453 0.425795165591844 0.0
0.260027940395669 0.488194632225447 0.0
0.237036929688631 -0.635502135826908 0.0
0.239470789545357 -0.574020401496742 0.0
0.242173026271774 -0.512408751426223 0.0
0.24515659247472 -0.450663455492926 0.0
0.248438608071332 -0.388779058338884 0.0
0.252036800454722 -0.326749690338611 0.0
0.255967321925181 -0.264569742609349 0.0
0.260243430418888 -0.202234114386443 0.0
0.264874575683954 -0.139738739185804 0.0
0.269865693137986 -0.0770806808500732 0.0
0.275216390988974 -0.0142587922093162 0.0
0.280919728245652 0.0487257358411598 0.0
0.286959720345446 0.111867959048876 0.0
0.293306364788659 0.175156883106919 0.0
0.299906462840078 0.238569817798535 0.0
0.306668865100554 0.302063153126708 0.0
0.313441031656146 0.365557024023208 0.0
0.319965259182434 0.428914492799413 0.0
0.325774373997634 0.491920377663307 0.0
0.298362905111827 -0.637260739546142 0.0
0.30083515619798 -0.575753307674596 0.0
0.303589690463275 -0.514100640527499 0.0
0.306638575130902 -0.452295984933819 0.0
0.309999659695755 -0.390330839006816 0.0
0.313691997267509 -0.328195598120305 0.0
0.317733617056962 -0.265880059783468 0.0
0.322140123939576 -0.203373543941758 0.0
0.326923707184468 -0.140665292037701 0.0
0.332092398662706 -0.0777444250688975 0.0
0.337649288043285 -0.0146004669471434 0.0
0.343591484298879 0.0487761936191027 0.0
0.349908258090503 0.112392828116715 0.0
0.356577783677175 0.176251694300761 0.0
0.363561444162059 0.240343360640299 0.0
0.370794028610142 0.304634933356157 0.0
0.37816276402972 0.369047941633837 0.0
0.385451355402103 0.433419349960085 0.0
0.392178828634903 0.497437712794068 0.0
0.359665456163522 -0.63905332922032 0.0
0.362173735265953 -0.57752924675492 0.0
0.364973448114824 -0.51584416015203 0.0
0.368078358945904 -0.453988796472523 0.0
0.371507359890897 -0.391951040455327 0.0
0.37528094705345 -0.329716570665717 0.0
0.37941902051891 -0.267269278867775 0.0
0.383939463852219 -0.204591204275533 0.0
0.388857161351165 -0.141662665304533 0.0
0.394183334488773 -0.0784618560513316 0.0
0.399924975865689 -0.0149648817716422 0.0
0.406084368506858 0.0488544447297472 0.0
0.412658569085327 0.113024043215733 0.0
0.419639054902789 0.177572148311795 0.0
0.427011459483991 0.242522173228487 0.0
0.43475442696737 0.307881865909203 0.0
0.442829836428257 0.373617329579014 0.0
0.451134429605969 0.439590825042129 0.0
0.459307843897072 0.505412079944354 0.0
0.420935476850189 -0.640939492398468 0.0
0.423472585085576 -0.579413114473391 0.0
0.426307289255569 -0.517714740722734 0.0
0.429454756376248 -0.455831000664868 0.0
0.432935217077009 -0.393744716424532 0.0
0.436770681477335 -0.33143554246105 0.0
0.440982787034784 -0.268880064505056 0.0
0.44559144523213 -0.206051341436586 0.0
0.450613946636398 -0.142918569157571 0.0
0.456064449603375 -0.0794460467018512 0.0
0.461953736938139 -0.0155922794309713 0.0
0.468289478839699 0.0486916886724065 0.0
0.475077390202653 0.113464120495715 0.0
0.482324401905542 0.1787952584541 0.0
0.490045333776168 0.244769215526205 0.0
0.498275233280166 0.31148490075387 0.0
0.507087385552404 0.379047634783044 0.0
0.516606389369316 0.447521646413239 0.0
0.526937441021267 0.516719944187659 0.0
