-0.763448708294749 -0.659701705651412 0.0
0.462532072005322 -0.707056439810369 0.0
-0.716637861728668 0.61237245798111 0.0
0.61237245798111 0.61237245798111 0.0
-0.70227402540856 -0.662446811606463 0.0
0.465175603867141 -0.645703376824595 0.0
0.534665655464081 0.585885693366323 0.0
-0.706627124947261 0.540349296346562 0.0
-0.641089202262752 -0.66486117431364 0.0
0.46817709829847 -0.584162135872756 0.0
0.461318697441371 0.570874292735903 0.0
-0.705269769238933 0.471872595326826 0.0
-0.579912073949019 -0.667295924706611 0.0
0.471518291924086 -0.522410647003073 0.0
0.390983019399591 0.56127641194981 0.0
-0.706385807749278 0.405531346198506 0.0
-0.518731415309471 -0.669771860374552 0.0
0.475191728940916 -0.460429997298197 0.0
0.322575774644918 0.554832923387751 0.0
-0.708647634555229 0.340451669065446 0.0
-0.457545661519979 -0.672299791317517 0.0
0.479197367337831 -0.39820106903063 0.0
0.255457510822035 0.550471361778359 0.0
-0.711604625116222 0.27615724860208 0.0
-0.39634878536505 -0.674889731613331 0.0
0.483539850490426 -0.335702802875031 0.0
0.189237426940141 0.54759882475053 0.0
-0.715023998835897 0.212377191777952 0.0
-0.335129760530115 -0.677531356782338 0.0
0.488227453798171 -0.272911078401245 0.0
0.123656435819256 0.545849201051941 0.0
-0.718748598084539 0.1489520327308 0.0
-0.273876456179971 -0.680196056743908 0.0
0.493272376714832 -0.209797345780266 0.0
0.0585232291377833 0.544966517921891 0.0
-0.722657619714296 0.0857872656053517 0.0
-0.212579654406453 -0.68284545322521 0.0
0.49869188092938 -0.14632724553559 0.0
-0.00632531238350865 0.544711761625981 0.0
-0.726654155280371 0.0228289652380534 0.0
-0.151235180932341 -0.685440068509964 0.0
0.504509942563462 -0.0824581358486051 0.0
-0.0710475978651559 0.544548471100646 0.0
-0.730661688654131 -0.0399484217601065 0.0
-0.0898450307220319 -0.687945998029729 0.0
0.510759001505609 -0.0181361443072862 0.0
-0.134963794390876 0.547069629226577 0.0
-0.734627507091768 -0.102548117652976 0.0
-0.0284170172555836 -0.690339259212901 0.0
0.517481905011035 0.0467084963350697 0.0
-0.198262928299115 0.550476855283969 0.0
-0.738549487322972 -0.164951299974247 0.0
0.0330360182951112 -0.692608264573658 0.0
0.52473470590767 0.112167939692867 0.0
-0.26163018849084 0.552269220440858 0.0
-0.742612461924035 -0.227118841583843 0.0
0.094497785256785 -0.694755210767881 0.0
0.532592568000833 0.178367337691253 0.0
-0.325262966915152 0.555243335925224 0.0
-0.745491510066321 -0.289206345072562 0.0
0.155949617678865 -0.696796951587305 0.0
0.541163047222115 0.245481811334281 0.0
-0.389268946059787 0.558849054243803 0.0
-0.748504640898647 -0.351352705697307 0.0
0.217372562888452 -0.698765651657935 0.0
0.550615739384542 0.313768913297577 0.0
-0.453614740670928 0.565707174303169 0.0
-0.752039300635942 -0.413406817339863 0.0
0.278749624536995 -0.700709032038411 0.0
0.561248140498205 0.383632287505372 0.0
-0.518067276937619 0.573242528436764 0.0
-0.755215803111878 -0.475246193784544 0.0
0.340068464070452 -0.702689562197433 0.0
0.57364959100213 0.455753855320158 0.0
-0.582652821223439 0.579441025553827 0.0
-0.75827943081366 -0.536869006999297 0.0
0.401325761641767 -0.704780957727454 0.0
0.589214928811697 0.531358951179835 0.0
-0.648811412084497 0.590563142686485 0.0
-0.760831346731247 -0.598351155046781 0.0
-0.699688290126102 -0.601104935708616 0.0
-0.697095688328214 -0.539611430266804 0.0
-0.694084249364379 -0.477960669259788 0.0
-0.690927287154988 -0.416228838124926 0.0
-0.68754029215541 -0.354428997350714 0.0
-0.684526662109862 -0.292516703550651 0.0
-0.681447096693806 -0.230282459455804 0.0
-0.677430050646386 -0.167737705136477 0.0
-0.673482666165215 -0.105118598254635 0.0
-0.669501519698626 -0.0423771089602306 0.0
-0.66549769800171 0.0205219812557579 0.0
-0.661524530998264 0.083609555929007 0.0
-0.657662981243799 0.146920648224227 0.0
-0.654020624202468 0.210498924123262 0.0
-0.650738899793766 0.274394578884148 0.0
-0.648014330833225 0.338649537808886 0.0
-0.646157816735956 0.403243853096905 0.0
-0.645772929591778 0.467921799452604 0.0
-0.648265018851876 0.531589483698448 0.0
-0.638526297166787 -0.603522567298465 0.0
-0.635839079034423 -0.542074431250839 0.0
-0.632863753926515 -0.480477348515618 0.0
-0.629712991528807 -0.418739338087296 0.0
-0.626459639699171 -0.35681378645699 0.0
-0.623346805214574 -0.294753012990606 0.0
-0.620034497971637 -0.232573480025709 0.0
-0.616201093110788 -0.170173837901883 0.0
-0.612303305676289 -0.107619878583931 0.0
-0.608355869717605 -0.044917792646449 0.0
-0.604396485330621 0.0179367618973977 0.0
-0.600490333851247 0.0809476474065259 0.0
-0.596728198901286 0.144112154551856 0.0
-0.593228404798085 0.207411715652876 0.0
-0.590143359653344 0.270792650465748 0.0
-0.587673117271268 0.334130905472231 0.0
-0.586087954029573 0.397169031761086 0.0
-0.585710993287557 0.459414874480342 0.0
-0.585694527024326 0.520041802765207 0.0
-0.577326025482801 -0.605977338227655 0.0
-0.574585218288446 -0.544534723968195 0.0
-0.571627773785897 -0.482940897275463 0.0
-0.56852308598994 -0.421187440596798 0.0
-0.565341551105625 -0.359278024648603 0.0
-0.56214236241142 -0.297260149211979 0.0
-0.558723880402553 -0.235119229704605 0.0
-0.554979910111486 -0.172806685562546 0.0
-0.551132802541288 -0.11035548361285 0.0
-0.547232041366535 -0.0477823772757149 0.0
-0.543330310538125 0.01489658660125 0.0
-0.539499525999765 0.077657511013112 0.0
-0.535832307544276 0.140461125490376 0.0
-0.532441709632902 0.203244133118495 0.0
-0.529459169796109 0.265908159452105 0.0
-0.527024655929182 0.328310740849538 0.0
-0.525237718440802 0.390265358816073 0.0
-0.523845692965379 0.451569566491484 0.0
-0.521343993527095 0.512293142545157 0.0
-0.516110110746596 -0.608463150260796 0.0
-0.513341273226035 -0.547028563465944 0.0
-0.510404109602225 -0.485451127872894 0.0
-0.507337975720556 -0.423730866880455 0.0
-0.504178727580457 -0.361882212359593 0.0
-0.500922128858616 -0.29992789489114 0.0
-0.497458120081157 -0.237858337285559 0.0
-0.493761301658364 -0.175659141568066 0.0
-0.489953091905678 -0.113355966510088 0.0
-0.4860901531093 -0.0509742196906061 0.0
-0.482230369546799 0.0114556688976901 0.0
-0.478444994117174 0.0738930666580346 0.0
-0.474819271819976 0.136282686754824 0.0
-0.471448725042954 0.198551422743659 0.0
-0.468429157526651 0.260606096171081 0.0
-0.465827762948799 0.322334573549179 0.0
-0.463579286181178 0.383610337277947 0.0
-0.46117147237215 0.444331259138223 0.0
-0.456698412733722 0.504462924708711 0.0
-0.454887665847496 -0.611004697647426 0.0
-0.452104577596209 -0.549590597957733 0.0
-0.449183333256773 -0.488047982863099 0.0
-0.446138374276536 -0.426380698568913 0.0
-0.442978758806263 -0.364601910447594 0.0
-0.439682866586118 -0.302725469157168 0.0
-0.436193659889228 -0.240751181558945 0.0
-0.432515449526323 -0.178682631524639 0.0
-0.428723700122825 -0.116545093784663 0.0
-0.424872497308835 -0.0543684895430676 0.0
-0.421018239768933 0.00781110840313685 0.0
-0.417226180942533 0.0699491947352037 0.0
-0.413569170943453 0.131991052743136 0.0
-0.410120899729698 0.193871210569028 0.0
-0.406939189986963 0.255512741525118 0.0
-0.404021318637426 0.316827817829768 0.0
-0.401186018610763 0.377725108700366 0.0
-0.397807228919132 0.438142335681308 0.0
-0.392955774118167 0.498274080758199 0.0
-0.393657073161876 -0.613611272528854 0.0
-0.390865503764654 -0.552223979648799 0.0
-0.38795273483668 -0.490721883328536 0.0
-0.384913515912038 -0.429110010979731 0.0
-0.381740250082829 -0.367399980350274 0.0
-0.378409877273509 -0.305603292842301 0.0
-0.374894413714849 -0.24372656894954 0.0
-0.371208194110445 -0.181781829300374 0.0
-0.367403728288509 -0.11979374039811 0.0
-0.363529242962018 -0.057791909493171 0.0
-0.359636016269344 0.00418911710677181 0.0
-0.355780591419359 0.0661093621584652 0.0
-0.352021437394179 0.127923177512103 0.0
-0.348409098971899 0.189580186093172 0.0
-0.344963480032634 0.251026867929303 0.0
-0.341622382840788 0.312213683289038 0.0
-0.338141361128292 0.373118211152971 0.0
-0.334060120220418 0.43382374519271 0.0
-0.329393992195036 0.494625966748482 0.0
-0.332411339591952 -0.616268130166345 0.0
-0.329613692986992 -0.554905609416732 0.0
-0.326701350147832 -0.493439463113095 0.0
-0.323654374965977 -0.431875044389403 0.0
-0.320456078839257 -0.370222794247103 0.0
-0.317086557111625 -0.308493581933381 0.0
-0.313533261354748 -0.246697469276809 0.0
-0.309812971118605 -0.18484923869463 0.0
-0.305965338949296 -0.122971318724222 0.0
-0.302032111357162 -0.0610899497536865 0.0
-0.29805810348296 0.000765299281278182 0.0
-0.294090537099628 0.0625618838988229 0.0
-0.290173936552434 0.124264803968839 0.0
-0.286338165855235 0.185838506148791 0.0
-0.282574134321367 0.247250395151876 0.0
-0.278790516352732 0.308481437282146 0.0
-0.274776506384889 0.369552093302753 0.0
-0.270319190944459 0.430554172346418 0.0
-0.265466072870068 0.491518131742929 0.0
-0.271142231476151 -0.618942950170971 0.0
-0.268339913242913 -0.557597280039074 0.0
-0.265420160401676 -0.496155767001618 0.0
-0.26235330045599 -0.434623728396235 0.0
-0.25911865506297 -0.373010561362097 0.0
-0.25570028658923 -0.31132653384609 0.0
-0.252093779132258 -0.249582646993335 0.0
-0.248315601399963 -0.187793483453815 0.0
-0.244397384524039 -0.125978438187821 0.0
-0.240374857597348 -0.064159663366303 0.0
-0.23628635675583 -0.00236161088625398 0.0
-0.232170415224265 0.0593895875590827 0.0
-0.228059577157551 0.121066993193219 0.0
-0.22396807102882 0.182645514467784 0.0
-0.219870846331952 0.244107116520555 0.0
-0.215678973273974 0.305454135655277 0.0
-0.211247987054308 0.366731428219727 0.0
-0.20645196941383 0.428031484723564 0.0
-0.201132085988629 0.489474116101883 0.0
-0.209843214058101 -0.621595328597366 0.0
-0.207037444558412 -0.560255457771508 0.0
-0.204103041441393 -0.498823714001503 0.0
-0.201005426829039 -0.437305337629928 0.0
-0.197723426229319 -0.375708759096492 0.0
-0.194244912332221 -0.314043390634687 0.0
-0.190569850889564 -0.252319825466095 0.0
-0.186713532963468 -0.190551341082177 0.0
-0.182702076611176 -0.128754587529607 0.0
-0.178565909145258 -0.0669485331427633 0.0
-0.174337381349532 -0.00515433610311298 0.0
-0.1700474991628 0.0566050540516212 0.0
-0.165719657975785 0.118305440221782 0.0
-0.161359166413911 0.179923450210301 0.0
-0.156939980613962 0.241440202570972 0.0
-0.152399406616832 0.302848644042806 0.0
-0.147661396581903 0.364157037907753 0.0
-0.142669516518581 0.425376074326759 0.0
-0.137165481126851 0.486497130391176 0.0
-0.148510891537219 -0.624185270265145 0.0
-0.145702655964846 -0.562839331161119 0.0
-0.14274704138994 -0.501401725965847 0.0
-0.139609110376425 -0.439877779320281 0.0
-0.136269672918951 -0.378275062502462 0.0
-0.132720123391016 -0.31660197978173 0.0
-0.128962875589978 -0.254868163559238 0.0
-0.125011774612451 -0.193085406951411 0.0
-0.120888669216859 -0.131268294803697 0.0
-0.116619134268934 -0.0694337980480333 0.0
-0.112229834386003 -0.00760154512397029 0.0
-0.107745015089181 0.0542061986289064 0.0
-0.10318095972361 0.115964533197168 0.0
-0.098538638224089 0.177646994272926 0.0
-0.0937983717190928 0.239226748876254 0.0
-0.0889260025738958 0.300677764462221 0.0
-0.0838986334185078 0.361969896689019 0.0
-0.0787268619065678 0.423057361020595 0.0
-0.0737157836808359 0.48396041239902 0.0
-0.0871459380823192 -0.626679434297123 0.0
-0.0843354616856267 -0.565316401928846 0.0
-0.0813526003226136 -0.503858503185402 0.0
-0.0781660972707656 -0.442311318491501 0.0
-0.0747604729276024 -0.380681606926711 0.0
-0.0711303282486952 -0.318976636995261 0.0
-0.067279402251415 -0.25720480305294 0.0
-0.0632198740282004 -0.195376366001435 0.0
-0.0589697620757173 -0.133504150806903 0.0
-0.054549814848315 -0.0716034894045668 0.0
-0.0499808913361274 -0.00969266795444426 0.0
-0.045280600278287 0.0522070735348858 0.0
-0.0404589206126822 0.114071698115706 0.0
-0.0355140851178967 0.175875835034765 0.0
-0.0304330806035514 0.237594763983919 0.0
-0.0252036997337166 0.299208453125716 0.0
-0.0198438515282685 0.36070848829865 0.0
-0.0144933071201146 0.42212670633497 0.0
-0.00972526784292761 0.483545282642168 0.0
-0.0257528791639492 -0.629055061590609 0.0
-0.0229389449284624 -0.567665760090547 0.0
-0.0199231077443439 -0.506175443074833 0.0
-0.016681073333932 -0.444589928281173 0.0
-0.013202098725022 -0.382915024707749 0.0
-0.00948357005906353 -0.32115662198696 0.0
-0.0055297392023013 -0.259321552019576 0.0
-0.00135081289246471 -0.197418278401969 0.0
0.00303900926653706 -0.135457631570197 0.0
0.00762395987376825 -0.0734528698501978 0.0
0.0123891129495006 -0.011420106103537 0.0
0.0173232134567699 0.0506218639387794 0.0
0.0224214327409356 0.112652009548276 0.0
0.0276860316450505 0.174648832754093 0.0
0.0331203799787955 0.236592516761547 0.0
0.0387096521800768 0.298469075194338 0.0
0.044373674251908 0.36027673744753 0.0
0.0498630114211698 0.422023116242474 0.0
0.0547049956031448 0.483640482177744 0.0
0.0356603877424361 -0.631302172646789 0.0
0.0384809894060465 -0.569879842990666 0.0
0.0415352976166097 -0.508347829447004 0.0
0.0448384057152296 -0.446711845049298 0.0
0.048396020438428 -0.384976381254834 0.0
0.0522085657787907 -0.3231455608389 0.0
0.0562719759255817 -0.261224219497082 0.0
0.060578366083831 -0.199218571533523 0.0
0.0651174836492169 -0.137136941233414 0.0
0.0698786493371518 -0.0749898517022465 0.0
0.0748527862466421 -0.0127904384230675 0.0
0.0800344132718708 0.0494457197202164 0.0
0.0854225210913309 0.111700864021119 0.0
0.0910178900506375 0.173956152189125 0.0
0.0968122734999826 0.236192177607806 0.0
0.102762586977762 0.298389719266567 0.0
0.108741457462254 0.360525883236661 0.0
0.114480946642397 0.422551015666356 0.0
0.119584752175636 0.484361173388037 0.0
0.0970837514700382 -0.633424870445289 0.0
0.0999163954998406 -0.571965564368645 0.0
0.103014201858719 -0.510385727433574 0.0
0.106382184049204 -0.448690265387259 0.0
0.110021464502624 -0.386881806694282 0.0
0.113931054079719 -0.324962233089774 0.0
0.118107712883218 -0.262933888404747 0.0
0.122546216627647 -0.200800196238772 0.0
0.127240408366569 -0.138566365846884 0.0
0.132184758533773 -0.0762395055917899 0.0
0.137375937394415 -0.0138291177092947 0.0
0.142813897360622 0.0486528323708139 0.0
0.148501038418796 0.11119157834822 0.0
0.154436937016463 0.173769373624798 0.0
0.160604456119059 0.236363614722352 0.0
0.166942693521845 0.29894312629001 0.0
0.173307274428363 0.361457783633408 0.0
0.179433948333258 0.423822006533816 0.0
0.184928064888968 0.485911341185682 0.0
0.158505403006813 -0.635442280809733 0.0
0.161357220657189 -0.573945259373474 0.0
0.164502479613271 -0.51231489966006 0.0
0.167936891591944 -0.450554311440384 0.0
0.17165813965365 -0.388663656407203 0.0
0.175664712890761 -0.326642086272476 0.0
0.179954769290069 -0.264488913843378 0.0
0.184526045228171 -0.202204129173995 0.0
0.189376633523214 -0.139789056285116 0.0
0.194506262426812 -0.0772464822245779 0.0
0.19991746332098 -0.0145812661745886 0.0
0.205615915666612 0.0481992746538796 0.0
0.211608446792425 0.111084318042575 0.0
0.217896420064993 0.174057976048999 0.0
0.224461289145336 0.237094941105967 0.0
0.231240147340694 0.300152999534182 0.0
0.238092065867449 0.363159998349793 0.0
0.244758158003465 0.425998683023672 0.0
0.250801987332675 0.488502480017107 0.0
0.219913079477076 -0.637389369986721 0.0
0.22279179690767 -0.57585755720084 0.0
0.225986464841686 -0.514177723865319 0.0
0.229486041683466 -0.45235013840552 0.0
0.233286371034978 -0.390371992689536 0.0
0.237386279701722 -0.328239236074298 0.0
0.241785784240904 -0.265947518594316 0.0
0.246485817924287 -0.20349256569807 0.0
0.251488865472007 -0.140870736862645 0.0
0.256800084287521 -0.0780790990278665 0.0
0.262428228501097 -0.0151160572372499 0.0
0.268385617324601 0.0480180738300088 0.0
0.274685768408229 0.111319508667682 0.0
0.281336984518887 0.174778321838891 0.0
0.28832970222899 0.238372011324799 0.0
0.295615946919632 0.302054758534212 0.0
0.303077711912266 0.365739576895426 0.0
0.310472235657068 0.429274340444875 0.0
0.317312825863728 0.492419025717898 0.0
0.281294889829927 -0.639317398175125 0.0
0.284206821599972 -0.577757825369853 0.0
0.287449809686419 -0.516033745446419 0.0
0.29100996375079 -0.454141931303424 0.0
0.29488285413847 -0.392076314925001 0.0
0.299068292363272 -0.329829083054144 0.0
0.303568472000296 -0.267391433804056 0.0
0.308387652079967 -0.204753777355879 0.0
0.313532767686459 -0.14190609609158 0.0
0.319014533865609 -0.078837796034209 0.0
0.324848352592769 -0.0155381110605023 0.0
0.331054367771969 0.0480035139029149 0.0
0.337655655387171 0.111795919290079 0.0
0.344673621708067 0.175843314619637 0.0
0.35211936236383 0.24013792347541 0.0
0.359979175202223 0.304646658226087 0.0
0.368186436415408 0.369285838829619 0.0
0.376553143383067 0.433876592185283 0.0
0.384585730984338 0.4980739670123 0.0
0.342639558814343 -0.641293285320514 0.0
0.345586953188089 -0.579717394983931 0.0
0.348873376099858 -0.517959383063905 0.0
0.352485865280421 -0.456012814665818 0.0
0.356420613430139 -0.393867725162788 0.0
0.360678890849349 -0.331511771493485 0.0
0.365265229114696 -0.268930846105873 0.0
0.370187153968554 -0.206108978399198 0.0
0.375455884537597 -0.143028295292962 0.0
0.381087560448215 -0.0796683707242163 0.0
0.387104360235438 -0.0160059882099117 0.0
0.393535083104718 0.0479853250285528 0.0
0.40041473098696 0.112334950053841 0.0
0.407783175134077 0.177073854974312 0.0
0.415683006954753 0.242229268120662 0.0
0.424155917123626 0.30781290109375 0.0
0.433229181426978 0.373792076175175 0.0
0.44285736010637 0.440019699133495 0.0
0.452699363102688 0.506067753260464 0.0
0.403936653763786 -0.643396011579711 0.0
0.406915478661134 -0.581820148020684 0.0
0.410236697187831 -0.520047535344858 0.0
0.413888882846281 -0.458066425197989 0.0
0.417869779411213 -0.395861787728259 0.0
0.422182474541716 -0.333416231715874 0.0
0.426833731875041 -0.27071001644376 0.0
0.431833927392387 -0.207720329713438 0.0
0.437197955738364 -0.144420584331361 0.0
0.44294668203332 -0.0807789411363675 0.0
0.449108406489902 -0.0167569148958174 0.0
0.455720205430942 0.0476928286755196 0.0
0.46282931725798 0.112628875446617 0.0
0.470495846960015 0.178124304243697 0.0
0.478798983854588 0.244269126398091 0.0
0.487850260194809 0.311171579519693 0.0
0.497815351491549 0.378949127805098 0.0
0.508932285799716 0.447675781790675 0.0
0.521426053458252 0.517147919224851 0.0
