-0.780235294019486 -0.653173861553388 0.0
0.447728871789898 -0.708581265748621 0.0
-0.731555557250977 0.61237245798111 0.0
0.61237245798111 0.61237245798111 0.0
-0.719084580823676 -0.656715000231661 0.0
0.450639946825969 -0.647215481588474 0.0
0.532248615741331 0.586523406064639 0.0
-0.71984752242854 0.540956490770189 0.0
-0.657900436057842 -0.65996121427652 0.0
0.453968956280808 -0.585634308293358 0.0
0.457236862776926 0.571795503950906 0.0
-0.717695494213026 0.472906533985579 0.0
-0.596702283501029 -0.663198960552153 0.0
0.457664796992822 -0.523814737575231 0.0
0.385613608696284 0.562265891228605 0.0
-0.718365833025252 0.406957914913666 0.0
-0.535480763895451 -0.666444315102967 0.0
0.46169402387521 -0.461741180996466 0.0
0.316152776550767 0.555756195719399 0.0
-0.720337110154448 0.342257125838195 0.0
-0.474232409382845 -0.669701315956112 0.0
0.46603722844558 -0.399400348961075 0.0
0.248148652734798 0.551251809972546 0.0
-0.723084836674858 0.278338180834088 0.0
-0.412949649733185 -0.672968956209447 0.0
0.470686438621986 -0.336778339526117 0.0
0.181173885634766 0.548202426069269 0.0
-0.726351039081307 0.214936766303987 0.0
-0.3516212550391 -0.676226997101829 0.0
0.47564435297945 -0.273858644105916 0.0
0.114944916152165 0.546273452938304 0.0
-0.729976336203301 0.151895906577239 0.0
-0.290236329842581 -0.679439304287325 0.0
0.480924881290374 -0.210620063140163 0.0
0.0492501720890655 0.54523101359856 0.0
-0.733847235966887 0.0891196704554453 0.0
-0.228788301862664 -0.682562606184507 0.0
0.486554349300833 -0.147034714408164 0.0
-0.0160940354637358 0.54484563841825 0.0
-0.737876167122717 0.0265494651461258 0.0
-0.167276973426162 -0.685555285486788 0.0
0.492572965007392 -0.083065045799627 0.0
-0.0812697170557805 0.544555377172074 0.0
-0.741993906379476 -0.0358475075289876 0.0
-0.105709482627066 -0.688384174987344 0.0
0.499036142279382 -0.0186604876104865 0.0
-0.145527329813991 0.547224248922323 0.0
-0.746150248081014 -0.09808406410827 0.0
-0.0440996991920457 -0.691029024649185 0.0
0.506015935871776 0.0462474825574255 0.0
-0.209083231348607 0.550846693063125 0.0
-0.750334488083201 -0.160153857523544 0.0
0.0175328938186745 -0.693485045839319 0.0
0.51360358587766 0.111751986342719 0.0
-0.272702620768463 0.552700773824432 0.0
-0.754683605311038 -0.22203299376942 0.0
0.0791651641095791 -0.695764260807823 0.0
0.521916030191034 0.177981462160895 0.0
-0.336632241974488 0.555834227586306 0.0
-0.758163610954681 -0.283852719207178 0.0
0.14077181931245 -0.697896180759739 0.0
0.531111672041996 0.245116831541826 0.0
-0.401000354063995 0.559606367363989 0.0
-0.76178905520638 -0.34570904705317 0.0
0.202327913378633 -0.699928130623092 0.0
0.541426317602176 0.313424491027656 0.0
-0.465783447708883 0.566810932908608 0.0
-0.765844988073803 -0.407486586278045 0.0
0.263811487579117 -0.7019251328997 0.0
0.553253345494492 0.383321202050622 0.0
-0.53067820985259 0.57457086579163 0.0
-0.769657016787639 -0.469103060776985 0.0
0.325206669432793 -0.703968905486018 0.0
0.567340724632564 0.455508160694532 0.0
-0.595741952491189 0.580605585381313 0.0
-0.77341199821453 -0.530557413758649 0.0
0.386508536102521 -0.706154704835395 0.0
0.585381758166681 0.531232335563473 0.0
-0.662598056666743 0.591423069449307 0.0
-0.776793807272839 -0.591912915518418 0.0
-0.715670025093282 -0.595452854776265 0.0
-0.712257809790043 -0.534073475522936 0.0
-0.708544622098 -0.472576040076938 0.0
-0.704749847510644 -0.411015394610468 0.0
-0.700808772647012 -0.349398222939854 0.0
-0.697183916396334 -0.287683320533332 0.0
-0.693549990960901 -0.225713404959357 0.0
-0.689237131874553 -0.163497068028067 0.0
-0.685032779411348 -0.101202573964103 0.0
-0.680864662662002 -0.0387874657845778 0.0
-0.676750720091497 0.0237831243288939 0.0
-0.672742181397261 0.0865428579410442 0.0
-0.668912884723301 0.14953085112422 0.0
-0.665361087314297 0.212795311174337 0.0
-0.662221154653601 0.276391249984737 0.0
-0.659692519654944 0.340365901116083 0.0
-0.658111517258598 0.404705100649482 0.0
-0.658148736417924 0.469156210943351 0.0
-0.661346705206432 0.532603591205514 0.0
-0.654506272496886 -0.598695048701272 0.0
-0.65102906679664 -0.537341165360572 0.0
-0.647352976253713 -0.475869077702991 0.0
-0.643569925495492 -0.414281797142729 0.0
-0.639735912242768 -0.352540576796598 0.0
-0.636040882102977 -0.290680725909088 0.0
-0.632232294521636 -0.228715241922633 0.0
-0.628066295914063 -0.166563680594214 0.0
-0.62390542343561 -0.10426978465477 0.0
-0.619769652811806 -0.0418332815391619 0.0
-0.615698223983629 0.0207546087124955 0.0
-0.611752493150847 0.0835024615831046 0.0
-0.608015357877508 0.146413059310588 0.0
-0.60459554648889 0.20947430417477 0.0
-0.601638394724738 0.272639939770231 0.0
-0.599346224948177 0.335793450815728 0.0
-0.598009967412541 0.398681943001015 0.0
-0.597996652768768 0.460806971643616 0.0
-0.59844135365701 0.521320486943464 0.0
-0.593298011104374 -0.601943811203278 0.0
-0.589791522853731 -0.540585442326797 0.0
-0.586142224590603 -0.479101425540432 0.0
-0.582405816485485 -0.417482675186045 0.0
-0.578637241089311 -0.355729240508839 0.0
-0.574885989389072 -0.293875045379285 0.0
-0.571003879829784 -0.231908757869288 0.0
-0.566915552081866 -0.169791302858862 0.0
-0.562802659803239 -0.107544908022348 0.0
-0.558712910098924 -0.0451804340952651 0.0
-0.554697478961971 0.0172909555131954 0.0
-0.550823070201418 0.0798505191848533 0.0
-0.547173729053166 0.142464799301534 0.0
-0.543852591924786 0.205076883957641 0.0
-0.540983555132574 0.267594604463543 0.0
-0.538706617066491 0.329879620046432 0.0
-0.537132589490977 0.391744155157177 0.0
-0.536009935019569 0.452977059380699 0.0
-0.533717464164646 0.51364563445754 0.0
-0.532061872711277 -0.60519329359375 0.0
-0.528550808790968 -0.543833139983698 0.0
-0.52493456240168 -0.482348827723424 0.0
-0.521243505607034 -0.420738426596527 0.0
-0.517506084172529 -0.359011546826686 0.0
-0.513723124004725 -0.297185063387657 0.0
-0.509816666248904 -0.235252278492167 0.0
-0.505775023807112 -0.173202213998821 0.0
-0.501701875706495 -0.111054676784793 0.0
-0.497650771066453 -0.0488304659302039 0.0
-0.493676476676488 0.0134442358532985 0.0
-0.489844030838803 0.0757331891047923 0.0
-0.486229485155488 0.13798561476906 0.0
-0.48291791985856 0.200132463205991 0.0
-0.47999643650197 0.262082878730534 0.0
-0.477528353304996 0.323723121948662 0.0
-0.475446319633779 0.3849183451143 0.0
-0.473203583171836 0.445551723448857 0.0
-0.468706972877334 0.505570383468783 0.0
-0.47080370358269 -0.608457467720211 0.0
-0.467304017469694 -0.5471054532366 0.0
-0.463721653062796 -0.485636192887773 0.0
-0.46006578460179 -0.424051815982148 0.0
-0.45634406539763 -0.362362544774413 0.0
-0.452544163036153 -0.300580122608626 0.0
-0.44862920875206 -0.238706332243905 0.0
-0.44461108792616 -0.176745900555321 0.0
-0.440557743138061 -0.114720765994919 0.0
-0.436520296353558 -0.0526576134441457 0.0
-0.432551087024068 0.00941057269463834 0.0
-0.428708246840686 0.0714422696998821 0.0
-0.425054556110569 0.133385344183734 0.0
-0.421652081485095 0.19517579356926 0.0
-0.418547540526965 0.256735825945323 0.0
-0.415728370777852 0.317972696711121 0.0
-0.412996986269339 0.378784645685235 0.0
-0.409668010557901 0.439095586073464 0.0
-0.404701150975743 0.499100608322543 0.0
-0.409520478427975 -0.611734062646315 0.0
-0.406041835270941 -0.550394742417075 0.0
-0.402490919848483 -0.48894536457455 0.0
-0.398860086282052 -0.427390277430176 0.0
-0.395144163431403 -0.365740013998412 0.0
-0.391330120266098 -0.304005915729077 0.0
-0.387403848891519 -0.242196185886979 0.0
-0.383385186562049 -0.180323425807366 0.0
-0.379323820423157 -0.118410549195497 0.0
-0.375265297029634 -0.0564851860102021 0.0
-0.371256044864107 0.00542003614061569 0.0
-0.367344409812621 0.0672668688285624 0.0
-0.363577456202497 0.129010905785492 0.0
-0.359992169768292 0.190602006117461 0.0
-0.356593926618144 0.251985170590346 0.0
-0.353304069945094 0.313107032522763 0.0
-0.349850500875358 0.373939641382217 0.0
-0.345719481097161 0.434566189583707 0.0
-0.340916798133066 0.495303939432685 0.0
-0.348204903784095 -0.614998817049031 0.0
-0.344753875681676 -0.553669602558604 0.0
-0.341230396546559 -0.492236038425479 0.0
-0.337614534109979 -0.430704037092043 0.0
-0.333894519714919 -0.369084502843914 0.0
-0.330060400139825 -0.307389350899515 0.0
-0.326110379108145 -0.245630261732509 0.0
-0.322066149898793 -0.183822725423956 0.0
-0.317966710835739 -0.121988505942867 0.0
-0.313851156535992 -0.0601528360802471 0.0
-0.309758579675617 0.00165579085273219 0.0
-0.305726724865222 0.0634058293226953 0.0
-0.301787085757864 0.125062991399753 0.0
-0.297953794619285 0.186591830842515 0.0
-0.294200060538625 0.247958876608913 0.0
-0.290413630091496 0.309143096208271 0.0
-0.286354570619953 0.370163331483655 0.0
-0.281778237379998 0.431114685561967 0.0
-0.276719006935424 0.492023559802605 0.0
-0.286849305394424 -0.618212320648031 0.0
-0.283430879731199 -0.556885520751036 0.0
-0.279929835538845 -0.495457655271656 0.0
-0.27631874756704 -0.43393584197013 0.0
-0.272583745610368 -0.372331201020935 0.0
-0.268718860933088 -0.310655907467294 0.0
-0.264729035776113 -0.248922822314561 0.0
-0.260635566498163 -0.187147552275138 0.0
-0.256470348185322 -0.12534954455381 0.0
-0.252266176960658 -0.0635505668968513 0.0
-0.248054666186719 -0.00177446816441656 0.0
-0.243863486310834 0.0599533079889433 0.0
-0.239710502534198 0.1216064280742 0.0
-0.235592294356733 0.183160097453784 0.0
-0.23146394371584 0.244596091101423 0.0
-0.227214096657745 0.305916404773885 0.0
-0.22267273168444 0.367167319805813 0.0
-0.217687638573678 0.428446154042928 0.0
-0.212064214587134 0.489880554512957 0.0
-0.22544862694476 -0.62132960057841 0.0
-0.222066537652097 -0.559994856799913 0.0
-0.218582256857805 -0.498559399721815 0.0
-0.214965785612623 -0.437031416787084 0.0
-0.211204491406981 -0.375422067405605 0.0
-0.207296559133184 -0.313743311007738 0.0
-0.203250838205573 -0.25200786951615 0.0
-0.199087484589041 -0.190230325017905 0.0
-0.19483312531171 -0.128427802900652 0.0
-0.190514712807806 -0.0666192341880393 0.0
-0.186156775864937 -0.00482542093925024 0.0
-0.181778069462979 0.0569311970566537 0.0
-0.177385828930071 0.118626870494775 0.0
-0.172966339207141 0.180238329054285 0.0
-0.168472880715129 0.241746190971634 0.0
-0.163821456707674 0.303142369428526 0.0
-0.158915045714772 0.364434009394702 0.0
-0.153676172625674 0.425630583643221 0.0
-0.147795355634501 0.486719463631926 0.0
-0.164001912403414 -0.62430877588135 0.0
-0.160658314229955 -0.562955192929414 0.0
-0.157184547306529 -0.501498271516295 0.0
-0.153552831108689 -0.439947281022094 0.0
-0.149754316471382 -0.378313292007399 0.0
-0.145791358749519 -0.316607704457891 0.0
-0.141675241495089 -0.254842473161441 0.0
-0.137424679185418 -0.193030857342994 0.0
-0.133061866576098 -0.131188114784279 0.0
-0.128608147075385 -0.0693313298985811 0.0
-0.124081172531503 -0.00747988948609102 0.0
-0.11949155317166 0.0543443155393131 0.0
-0.114838075879229 0.116116592938185 0.0
-0.110101704708353 0.177810119756465 0.0
-0.105241993471401 0.239396678848655 0.0
-0.100205093031893 0.300847381106484 0.0
-0.0949510947989961 0.36212725110419 0.0
-0.0894760298619488 0.423182952480432 0.0
-0.0841044121159023 0.484037109774062 0.0
-0.102513175614825 -0.627117467488667 0.0
-0.0992079806100459 -0.565735185930704 0.0
-0.0957378099972916 -0.504244227335454 0.0
-0.0920814568776317 -0.442654934680834 0.0
-0.088235708189186 -0.380978109847575 0.0
-0.0842069753893954 -0.31922427906686 0.0
-0.0800080426643089 -0.257404228371022 0.0
-0.0756558548405612 -0.195529701079201 0.0
-0.0711683245681151 -0.133614203164961 0.0
-0.066561020995397 -0.0716731529679306 0.0
-0.0618444916365237 -0.0097245455257452 0.0
-0.0570212806888372 0.0522107940949886 0.0
-0.0520825517399316 0.114109043347134 0.0
-0.0470056036616764 0.175944457013871 0.0
-0.0417564600152464 0.237690991679062 0.0
-0.0363041592925364 0.299326271717372 0.0
-0.0306525443784519 0.360839351074867 0.0
-0.0249421069387892 0.422264019547982 0.0
-0.0198013622774977 0.483693713610043 0.0
-0.0409910190881839 -0.629736873442281 0.0
-0.037721182567855 -0.568318065034351 0.0
-0.0342469176476611 -0.506782910578416 0.0
-0.0305571708153395 -0.445142608361854 0.0
-0.0266554793853599 -0.383407332139171 0.0
-0.022551963821832 -0.32158630891748 0.0
-0.018260116708527 -0.259688691686208 0.0
-0.0137946585721711 -0.197724298631122 0.0
-0.00916900331827774 -0.135704486723527 0.0
-0.00439262620035728 -0.0736424109513147 0.0
0.000531255088533645 -0.0115536733899584 0.0
0.00560792203121772 0.0505435839101655 0.0
0.0108526751757438 0.112628801177723 0.0
0.0162896013497774 0.174680406223908 0.0
0.0219431463961901 0.236677685310367 0.0
0.0278157985809095 0.298605052077845 0.0
0.0338355828068849 0.360459629537646 0.0
0.0397396463512708 0.422249736851696 0.0
0.0450150534078294 0.483900454093452 0.0
0.0205520871054301 -0.6321640519587 0.0
0.0237930583635528 -0.570703521351571 0.0
0.0272797912313827 -0.509117020904329 0.0
0.031010747161648 -0.447416042231864 0.0
0.0349753531732055 -0.385609546817253 0.0
0.0391604258428823 -0.323704904447943 0.0
0.0435525527382898 -0.261709072539528 0.0
0.0481397553281236 -0.199629374950845 0.0
0.0529134339693384 -0.137474392128035 0.0
0.0578704471733041 -0.0752542456341171 0.0
0.0630148986006171 -0.0129812381786134 0.0
0.0683593512774272 0.0493300386129923 0.0
0.0739242627872781 0.111662621527521 0.0
0.0797331746481244 0.173997874933679 0.0
0.0857990703490822 0.236315661411212 0.0
0.0920946568897818 0.298595006895164 0.0
0.0984967813743638 0.360810286578979 0.0
0.104723919167508 0.422906186332363 0.0
0.110350394689167 0.484767294842736 0.0
0.0821012632181214 -0.634413183625868 0.0
0.0853233426326591 -0.572908806348711 0.0
0.0888311590873912 -0.511267176770641 0.0
0.092609679333683 -0.449499130123225 0.0
0.0966419031782011 -0.387611661714563 0.0
0.10091252587808 -0.325609665260758 0.0
0.105409017007737 -0.263497312873046 0.0
0.110122654163743 -0.201278827049646 0.0
0.115049957544127 -0.138959356497353 0.0
0.120194287121663 -0.0765452821956726 0.0
0.12556703261278 -0.0140449394186312 0.0
0.131187764959901 0.0485310249006667 0.0
0.137081822037106 0.111168937141534 0.0
0.143272767874719 0.173851447428866 0.0
0.149765438384784 0.236555125932253 0.0
0.156514727225017 0.299246162174386 0.0
0.163380786322258 0.361868985910786 0.0
0.170088704029242 0.42432838205655 0.0
0.176217958113656 0.486486289615858 0.0
0.143640060164614 -0.63651631028101 0.0
0.146856064076008 -0.574969455795123 0.0
0.150392966453006 -0.51327255781852 0.0
0.154223248522424 -0.451434525714968 0.0
0.158324946250184 -0.389459594714493 0.0
0.162681785303344 -0.327349591815895 0.0
0.167282896487719 -0.26510532959856 0.0
0.172123286956534 -0.202727298601419 0.0
0.177204881051755 -0.140216493227183 0.0
0.182537730852555 -0.0775747192001413 0.0
0.188140690175334 -0.0148054139226855 0.0
0.194040740806303 0.0480856896909775 0.0
0.200269379249536 0.111089129950775 0.0
0.206853761641956 0.174189623222214 0.0
0.213799280654228 0.237360975083592 0.0
0.22106127225743 0.300557528457454 0.0
0.228506793011556 0.363699666853593 0.0
0.235870146400139 0.426657392689886 0.0
0.242689320435467 0.489246987689211 0.0
0.205152014125953 -0.638523827668224 0.0
0.208376101421144 -0.576939795844079 0.0
0.211948255732155 -0.515191353530922 0.0
0.215831578078606 -0.453284130466647 0.0
0.220001213587612 -0.391218948602752 0.0
0.224441105470588 -0.328994064177993 0.0
0.229142734691732 -0.266606359110623 0.0
0.23410523298984 -0.204051895677287 0.0
0.239336166771015 -0.141326620966022 0.0
0.244852498602978 -0.0784265763547565 0.0
0.25068094962777 -0.0153486871920907 0.0
0.256856942174907 0.0479084435591666 0.0
0.263420722158353 0.111342636204747 0.0
0.270408960833045 0.174944939353383 0.0
0.277839587081637 0.238692345139201 0.0
0.285687992287405 0.302535670016651 0.0
0.293850919172417 0.366379637484786 0.0
0.302085108771713 0.430056606027209 0.0
0.309879061568014 0.493303521221552 0.0
0.2666217045848 -0.640504611974523 0.0
0.269866874052574 -0.57889299034637 0.0
0.273477222624185 -0.517100746654449 0.0
0.277411286699447 -0.455129276283251 0.0
0.281643468029866 -0.392975625683886 0.0
0.286158933414997 -0.330634009554451 0.0
0.290952057122969 -0.268096828622585 0.0
0.296026345361612 -0.20535501324175 0.0
0.301395101920486 -0.142398455670344 0.0
0.307082309375154 -0.0792159034523328 0.0
0.313122957342595 -0.015795417139737 0.0
0.319562148523699 0.0478751407420035 0.0
0.32645202154224 0.11180639284672 0.0
0.333845669087898 0.176004136643429 0.0
0.34178683164322 0.240461236809451 0.0
0.35029326059137 0.305142842316414 0.0
0.359324677334482 0.369958350986462 0.0
0.368705530769946 0.434712220013071 0.0
0.377923854148358 0.4990282641983 0.0
0.328035046784104 -0.642545289372344 0.0
0.331309767038566 -0.580920029628534 0.0
0.334956927512676 -0.519096068188278 0.0
0.33893544094299 -0.457070637599382 0.0
0.343220467045302 -0.394836434211979 0.0
0.347799231320242 -0.332383248581387 0.0
0.352669334622281 -0.269698751927223 0.0
0.35783862927195 -0.206768388904266 0.0
0.363325920071877 -0.143575242890314 0.0
0.369161946650619 -0.0800992640690939 0.0
0.375389954598327 -0.0163169279127742 0.0
0.382065470686072 0.0477992882494574 0.0
0.389254966431617 0.112280540259639 0.0
0.397033747202785 0.177160157775939 0.0
0.405483408113216 0.242467920318127 0.0
0.414688139850417 0.308217232712289 0.0
0.424720074413128 0.374373501201909 0.0
0.435573459244135 0.440777223392037 0.0
0.446915114152352 0.506963117798985 0.0
0.389379150325394 -0.644747215883876 0.0
0.392684191549367 -0.583126561762511 0.0
0.39636222870019 -0.521290002238801 0.0
0.400374228720383 -0.459228295350349 0.0
0.404697662627012 -0.39692930871088 0.0
0.409322413200937 -0.334379038150275 0.0
0.414249191758168 -0.271561381214945 0.0
0.419489620578167 -0.208457067522912 0.0
0.425067152729582 -0.145042594325826 0.0
0.431018300398087 -0.0812884186295777 0.0
0.437393614677607 -0.0171572874405177 0.0
0.444258385372856 0.0473981770717963 0.0
0.451693481328183 0.112438034223233 0.0
0.459798044127288 0.178038382016191 0.0
0.468696849710588 0.24429386931428 0.0
0.478556651589274 0.3113188660527 0.0
0.489613476747804 0.379237358620305 0.0
0.502195896035324 0.448124973337049 0.0
0.516622691208848 0.517753709222601 0.0
