-0.804333823627964 -0.646709185268777 0.0
0.424928530296778 -0.70756992005158 0.0
-0.758383810520172 0.61237245798111 0.0
0.61237245798111 0.61237245798111 0.0
-0.743198282420871 -0.650831706859648 0.0
0.428071494887079 -0.64621120280115 0.0
0.528919056970509 0.587791771539529 0.0
-0.743058844746051 0.542076705831289 0.0
-0.682002354455941 -0.654650752161327 0.0
0.431650653474397 -0.584633792748896 0.0
0.451597853028445 0.573903409269594 0.0
-0.739231858648651 0.474681867236288 0.0
-0.620766451064247 -0.658417583847994 0.0
0.435606669649554 -0.522815372000256 0.0
0.378163040331128 0.564933559629273 0.0
-0.739048238385701 0.409277358996429 0.0
-0.559485228277392 -0.662139429221588 0.0
0.439900349170902 -0.460742854188493 0.0
0.307182136269029 0.5587876396092 0.0
-0.740572155173956 0.345046776984254 0.0
-0.498158513063413 -0.665817505963746 0.0
0.444511141606245 -0.398406422830262 0.0
0.237850846124849 0.554511485337759 0.0
-0.743097330142156 0.281538144383068 0.0
-0.436782673709228 -0.66945052372514 0.0
0.449435268074824 -0.335795856573214 0.0
0.169685438554381 0.551598216525203 0.0
-0.746270543019649 0.218500117314904 0.0
-0.375350839398062 -0.673021829487708 0.0
0.454684991596387 -0.27289792109899 0.0
0.102363281210488 0.549742860723394 0.0
-0.749880138592817 0.155787630749034 0.0
-0.313856321124961 -0.676501387425647 0.0
0.460288746524164 -0.209693843076109 0.0
0.0356394034057872 0.548727297593474 0.0
-0.753785833066708 0.0933143827234362 0.0
-0.252296252639813 -0.679852861362394 0.0
0.466291674408761 -0.146157055599949 0.0
-0.0307050503493882 0.548315368702529 0.0
-0.757889305507992 0.0310283192606283 0.0
-0.19067357915919 -0.683041319497786 0.0
0.472756377589099 -0.0822501179803967 0.0
-0.0968941920051258 0.547873491853701 0.0
-0.762120168435882 -0.0311003530566646 0.0
-0.12899813790731 -0.686039645340158 0.0
0.479763727376834 -0.0179214139501035 0.0
-0.162015932247007 0.550852301203382 0.0
-0.766431132188265 -0.093085265285033 0.0
-0.0672862335651679 -0.688833153710932 0.0
0.487414297725916 0.0468996509206881 0.0
-0.226260699258759 0.55482275243886 0.0
-0.770810581862586 -0.154925063227859 0.0
-0.00555965951176714 -0.691422567036902 0.0
0.49583186595404 0.112309152586466 0.0
-0.290596661934493 0.556460769304337 0.0
-0.775361020477948 -0.21660510249579 0.0
0.0561562326274038 -0.693825826032077 0.0
0.505172551368899 0.178439307469481 0.0
-0.355385643981505 0.559475018695467 0.0
-0.779269189723548 -0.278229330400571 0.0
0.117834111734341 -0.696079043675479 0.0
0.515646034301547 0.245475786771479 0.0
-0.420769835488657 0.563020608722021 0.0
-0.783344787428606 -0.339875789915215 0.0
0.179447365602281 -0.698236778813599 0.0
0.527561963684584 0.313691193491083 0.0
-0.486646181009696 0.570410177114726 0.0
-0.787789951330834 -0.401462227398737 0.0
0.240972981231757 -0.700371477929232 0.0
0.541430511611023 0.383510775219922 0.0
-0.552564190132756 0.578166879907814 0.0
-0.792067839024069 -0.462922999138163 0.0
0.30239486605609 -0.702571649969766 0.0
0.558202582391683 0.455646219435924 0.0
-0.618707177195514 0.583411646871262 0.0
-0.796327941020541 -0.524256600837142 0.0
0.363708858586608 -0.704937580347624 0.0
0.579954386800403 0.531344253525198 0.0
-0.687089508991375 0.593238449064197 0.0
-0.800302544676011 -0.585517354438286 0.0
-0.739194305417758 -0.589629235991253 0.0
-0.735198144672778 -0.528329743319221 0.0
-0.730973440086233 -0.466935270898235 0.0
-0.726709649509006 -0.405488723817912 0.0
-0.722359931913423 -0.343992086904448 0.0
-0.718290415224855 -0.282414364424964 0.0
-0.714253009054322 -0.220627615627836 0.0
-0.7097214211674 -0.158632235907711 0.0
-0.705320858545284 -0.0965584895530906 0.0
-0.700994375290499 -0.034368335042083 0.0
-0.6967595123297 0.027971236547133 0.0
-0.692665103804021 0.0904935251933319 0.0
-0.688786790861641 0.153237921709253 0.0
-0.685234402998907 0.216253519686839 0.0
-0.682170301047054 0.279597391575255 0.0
-0.679847652634183 0.343320652940429 0.0
-0.678697684364265 0.407413638063459 0.0
-0.679557055613409 0.47161683930942 0.0
-0.684258020935086 0.534733230987232 0.0
-0.678024082848481 -0.593437011137844 0.0
-0.673985274890678 -0.532145065029386 0.0
-0.66979994318392 -0.4707509130878 0.0
-0.665551497494268 -0.409256362273738 0.0
-0.661287984384437 -0.347630252251952 0.0
-0.657164093419297 -0.285896834449121 0.0
-0.652988758979811 -0.224065323541006 0.0
-0.648571797990834 -0.162070651506007 0.0
-0.64420185991848 -0.0999421829225284 0.0
-0.639896007108294 -0.0376750740351373 0.0
-0.635689639816898 0.024742868915316 0.0
-0.631641190156545 0.0873241378812682 0.0
-0.627835768969992 0.150076387128764 0.0
-0.624394313531801 0.212993482100634 0.0
-0.62149002662102 0.276035794399319 0.0
-0.619375480376831 0.339091955846965 0.0
-0.618421805010459 0.401905964413472 0.0
-0.61910639511765 0.463951192477259 0.0
-0.620521578427764 0.524324616257897 0.0
-0.616796878215359 -0.597204142625494 0.0
-0.612749376874573 -0.535893914454037 0.0
-0.608598406997216 -0.474469345146542 0.0
-0.604395945915867 -0.412923146961651 0.0
-0.600190587646385 -0.351254294105394 0.0
-0.596027346255124 -0.289488040636408 0.0
-0.591795926002482 -0.22761526856008 0.0
-0.58744011355299 -0.165603481012826 0.0
-0.583105697017541 -0.103466980890875 0.0
-0.57883263980959 -0.0412113166418575 0.0
-0.57466669473499 0.0211574057421816 0.0
-0.570671533500595 0.0836259623996438 0.0
-0.566933792864073 0.146166794539547 0.0
-0.56356881924827 0.208728533664549 0.0
-0.560726451550282 0.271222473144651 0.0
-0.558589398427451 0.333508402298408 0.0
-0.557324256426351 0.395386574295804 0.0
-0.556696597137125 0.456623013534475 0.0
-0.554830707053221 0.51729117202501 0.0
-0.55552690407825 -0.600920916510595 0.0
-0.551495546232274 -0.539594970600295 0.0
-0.547387618093476 -0.478150315225438 0.0
-0.543234085591026 -0.416585780826902 0.0
-0.539063312717451 -0.354908967313788 0.0
-0.534882217775953 -0.293133270491025 0.0
-0.530635353254034 -0.231253867898246 0.0
-0.526317204905576 -0.169261690639941 0.0
-0.522012171974053 -0.107171410793592 0.0
-0.517765408147567 -0.0449990453138544 0.0
-0.513625776696411 0.0172338982999805 0.0
-0.509655389291949 0.0794956187665416 0.0
-0.505933013426355 0.141738771710905 0.0
-0.502555152635296 0.203895266275524 0.0
-0.499631296214475 0.265870397448297 0.0
-0.497256628720788 0.327538517851645 0.0
-0.495387912099118 0.388741446374326 0.0
-0.493420600127816 0.44933122841138 0.0
-0.488885785412936 0.509228705418023 0.0
-0.494220325226532 -0.604597046736446 0.0
-0.490222324057513 -0.543264643568379 0.0
-0.486161722496477 -0.481814334588463 0.0
-0.482052223446922 -0.420249080160484 0.0
-0.477906113508664 -0.358578222006558 0.0
-0.473720083605273 -0.296812440892639 0.0
-0.469470805065429 -0.234954701485114 0.0
-0.465171433033334 -0.173009918531242 0.0
-0.46087813211011 -0.110996644303911 0.0
-0.456634050795399 -0.0489380728430995 0.0
-0.45248548728006 0.0131358967363063 0.0
-0.448487481564351 0.0751858071427171 0.0
-0.444704833748444 0.137159504631762 0.0
-0.4412087063286 0.198989304557121 0.0
-0.438062006558643 0.260587962435981 0.0
-0.435269018447065 0.321845030121682 0.0
-0.432624042793546 0.382631456125348 0.0
-0.429338687867548 0.442838891736033 0.0
-0.424196727646836 0.502663852454325 0.0
-0.432876248044308 -0.608230332447549 0.0
-0.428923024555329 -0.546896714431611 0.0
-0.424910646208702 -0.485447192676642 0.0
-0.420839157893136 -0.423887513330867 0.0
-0.416710922635365 -0.36222845759901 0.0
-0.412522126469839 -0.300481575506426 0.0
-0.408267099259926 -0.238656004063407 0.0
-0.403965014820788 -0.17676423028615 0.0
-0.39965720119414 -0.114827174249515 0.0
-0.395381601171317 -0.0528704070172583 0.0
-0.391178262314116 0.00907488731307479 0.0
-0.387091625884593 0.0709705964843275 0.0
-0.383168929669191 0.132770236356736 0.0
-0.379452165152324 0.19441829343013 0.0
-0.3759542867279 0.255850058990154 0.0
-0.372596741172206 0.3169979014027 0.0
-0.369074301513655 0.377818272807902 0.0
-0.364788776885366 0.43839306522439 0.0
-0.359770710444212 0.499081899943147 0.0
-0.371490303714995 -0.611800697549181 0.0
-0.367589897399411 -0.550465155708782 0.0
-0.363624317094309 -0.489015349165646 0.0
-0.359583651570232 -0.427459235571685 0.0
-0.355465223734514 -0.365808895254128 0.0
-0.351267620984388 -0.304077246782894 0.0
-0.346994511393341 -0.242276982486884 0.0
-0.342665996346314 -0.180423709949296 0.0
-0.338314132110212 -0.118538250246868 0.0
-0.333970392809602 -0.0566448786325147 0.0
-0.329666786227084 0.0052282700665572 0.0
-0.325435772273929 0.06704882664152 0.0
-0.32130644041133 0.12877986166815 0.0
-0.317293154209889 0.190380879158335 0.0
-0.313368322386758 0.251810726528576 0.0
-0.309407680182201 0.313039121820794 0.0
-0.305134647977734 0.374078861072941 0.0
-0.300263101576156 0.435030281482479 0.0
-0.294819637678156 0.495904316035341 0.0
-0.310057854295516 -0.615275129261917 0.0
-0.306216054074565 -0.553932346424603 0.0
-0.302293919524573 -0.492475592986404 0.0
-0.298275600726904 -0.43091461371174 0.0
-0.294156999325569 -0.369262405972098 0.0
-0.289939797282413 -0.307532680403214 0.0
-0.285632529238017 -0.245739499576281 0.0
-0.281254234266677 -0.183898915863101 0.0
-0.276830225390374 -0.122030144349046 0.0
-0.272385284050575 -0.0601547109658463 0.0
-0.267942955170863 0.00170327158593141 0.0
-0.263523961131135 0.0635171083860376 0.0
-0.259141010923894 0.125257775056193 0.0
-0.25478645811645 0.186896084312353 0.0
-0.250408183296491 0.248408103573269 0.0
-0.245877402796226 0.309790954771477 0.0
-0.240993055473766 0.371091931858537 0.0
-0.235563665746724 0.432417349481984 0.0
-0.229309574922616 0.493909205327246 0.0
-0.248576673262586 -0.618615591277389 0.0
-0.244797229064098 -0.557257584343421 0.0
-0.240913550948255 -0.495783949150313 0.0
-0.236908126460017 -0.434205945648213 0.0
-0.232778228406201 -0.372537089188746 0.0
-0.228528784822535 -0.310791213817899 0.0
-0.224170902901408 -0.248982417997714 0.0
-0.219721816125907 -0.187126005750309 0.0
-0.215201336805688 -0.125239346522432 0.0
-0.210627724066398 -0.0633416364627915 0.0
-0.206016285234207 -0.00145444099770549 0.0
-0.201377093457183 0.0603980591157929 0.0
-0.196709680959708 0.122188935977711 0.0
-0.191992653204625 0.183890007166713 0.0
-0.187168715568994 0.245475456503211 0.0
-0.182136889433444 0.30693034715082 0.0
-0.176775982967208 0.36825538331334 0.0
-0.170971885042693 0.429451807410209 0.0
-0.164282511959057 0.490488206319424 0.0
-0.187048314871311 -0.621786738274843 0.0
-0.183332619658235 -0.560404745180947 0.0
-0.179480936936631 -0.498903342207552 0.0
-0.175478399959305 -0.437295153869675 0.0
-0.171325857112022 -0.375593881970853 0.0
-0.167031512020355 -0.313812979398438 0.0
-0.162607803773664 -0.25196588444865 0.0
-0.1580697644357 -0.190066766162914 0.0
-0.153432165684588 -0.128131446754015 0.0
-0.148706738797144 -0.066177665639251 0.0
-0.143900597613268 -0.00422603646748101 0.0
-0.139013860024216 0.0576992304716791 0.0
-0.134035223273388 0.119569498347254 0.0
-0.128935271270901 0.181351931534235 0.0
-0.123661236348161 0.243010013681649 0.0
-0.118143631294241 0.304504075945558 0.0
-0.112323136652368 0.365784777952929 0.0
-0.106165982340977 0.4267787354842 0.0
-0.100020040669039 0.487514935160058 0.0
-0.125479000384048 -0.624762067383654 0.0
-0.121825496333694 -0.563348064816885 0.0
-0.117997921105187 -0.501808880528193 0.0
-0.113988066386907 -0.440158329509243 0.0
-0.109801982360179 -0.378409938956564 0.0
-0.105451022864057 -0.316576321680494 0.0
-0.100948089700988 -0.254669754396899 0.0
-0.0963055501888224 -0.192702956277374 0.0
-0.0915330021245281 -0.130690146228402 0.0
-0.0866352475723535 -0.0686475932024736 0.0
-0.081610776029885 -0.00659474266969103 0.0
-0.0764496733422619 0.0554450387756995 0.0
-0.0711306101167392 0.117443839730233 0.0
-0.0656180187694317 0.179369999525634 0.0
-0.0598639441374343 0.24118983169545 0.0
-0.0538220243809117 0.302872342526484 0.0
-0.0474802026390732 0.36439943685312 0.0
-0.0409804761457301 0.425810934229062 0.0
-0.0350627923361624 0.487234287424416 0.0
-0.0638793173765693 -0.627528223117599 0.0
-0.0602828838749204 -0.566075986314156 0.0
-0.056470166926064 -0.504491069489185 0.0
-0.0524429498621155 -0.442788101123866 0.0
-0.0482134278867147 -0.380979915000645 0.0
-0.0437957153250491 -0.31907772429048 0.0
-0.03920236153484 -0.257092060564769 0.0
-0.0344424718810833 -0.195033634693289 0.0
-0.0295200312786521 -0.132914462340022 0.0
-0.0244323932642112 -0.070748484888206 0.0
-0.0191690384029246 -0.00855263112978603 0.0
-0.0137101916544538 0.0536526770653574 0.0
-0.00802578863205647 0.115843319970092 0.0
-0.00207684675160487 0.177992797691544 0.0
0.00417582546821029 0.240074488495447 0.0
0.0107477083142742 0.302067235833963 0.0
0.0175706670789301 0.363966567110608 0.0
0.0243522531479816 0.425787202682208 0.0
0.0305147221348863 0.487443991140654 0.0
-0.00226358319684976 -0.630087748256213 0.0
0.00128482830405863 -0.568593571360339 0.0
0.00509301881481357 -0.506957765909021 0.0
0.00914698042058229 -0.445195067701394 0.0
0.0134282356915549 -0.383316901882424 0.0
0.0179206181924727 -0.321332410980733 0.0
0.0226127756145557 -0.259249707812511 0.0
0.027499504036022 -0.197076788729692 0.0
0.0325829033005133 -0.134822662743789 0.0
0.0378734352605944 -0.0724979592941809 0.0
0.0433906830786955 -0.0101159307415374 0.0
0.0491636815561552 0.0523070892260671 0.0
0.0552296629717194 0.11475133860865 0.0
0.0616285579116615 0.17719426553357 0.0
0.0683879623923504 0.239611016088734 0.0
0.0754896454786001 0.30197608836547 0.0
0.0828050473277955 0.364260659887744 0.0
0.0900252194012732 0.426403339325843 0.0
0.0966899534020843 0.488274091356486 0.0
0.0593515704205578 -0.632460804666023 0.0
0.062864814662747 -0.570924055714783 0.0
0.0666792619283799 -0.509235499157977 0.0
0.0707679894580116 -0.447408911069821 0.0
0.0751069828951481 -0.385453464881074 0.0
0.0796790291219634 -0.323375540336256 0.0
0.0844748303218669 -0.261180169349007 0.0
0.0894936841658249 -0.198871940965103 0.0
0.0947441733656306 -0.136456099724156 0.0
0.100244800575936 -0.0739391422367262 0.0
0.106024175000517 -0.0113298625070218 0.0
0.112120234543645 0.0513599738187211 0.0
0.118576946142356 0.114114649015821 0.0
0.125435620057761 0.176913684917086 0.0
0.132715757917621 0.239729433096452 0.0
0.140379461393256 0.30252276701799 0.0
0.148280882421003 0.365230622031158 0.0
0.156124687838356 0.427746059513913 0.0
0.163465402150722 0.489916877425789 0.0
0.120948054738598 -0.634686155271671 0.0
0.124441974070812 -0.573109767666539 0.0
0.128272884887969 -0.51137025605613 0.0
0.132402201009904 -0.449479096217247 0.0
0.136801953208862 -0.387442383625065 0.0
0.14145508116076 -0.325263125994114 0.0
0.146355158013787 -0.262942685558152 0.0
0.151506503817884 -0.200481597753279 0.0
0.156924507586189 -0.137880601744828 0.0
0.162635911121736 -0.0751412054495899 0.0
0.16867850134219 -0.0122667891543819 0.0
0.175099492552401 0.0507364450844372 0.0
0.181950940482838 0.113857761642959 0.0
0.189279566904608 0.177079504323904 0.0
0.197107038001939 0.240371572666058 0.0
0.205398019532663 0.303681944208063 0.0
0.214017926480937 0.366920592194249 0.0
0.222686685276195 0.429942176334471 0.0
0.230916410965586 0.492546563093254 0.0
0.18250794777167 -0.636821550377568 0.0
0.185999669756519 -0.575212442954896 0.0
0.189855319198643 -0.51342764647914 0.0
0.194028005053825 -0.451474983569639 0.0
0.198487953014985 -0.389356853840954 0.0
0.203219460091884 -0.327072433164954 0.0
0.208219670302169 -0.264618897868931 0.0
0.213498330295423 -0.201992099659949 0.0
0.219077864212258 -0.139187449388851 0.0
0.224993435344624 -0.0762003383080385 0.0
0.231292368369257 -0.0130271520776671 0.0
0.238032208088776 0.050333707307563 0.0
0.245275972034954 0.113879666701519 0.0
0.253082674169811 0.177600407154328 0.0
0.2614904721237 0.241469828406318 0.0
0.27049025088345 0.305432450133268 0.0
0.279985684368092 0.369381214852399 0.0
0.289726192605843 0.433129419042863 0.0
0.299170677722007 0.496390517090899 0.0
0.24401464065695 -0.638943339827594 0.0
0.247519877669337 -0.577312647580158 0.0
0.251405156257407 -0.515492148270147 0.0
0.2556202829588 -0.4534851560466 0.0
0.260135827757004 -0.391290117124012 0.0
0.264938432144887 -0.328902018648929 0.0
0.270029336978503 -0.26631345123465 0.0
0.275423931209957 -0.203515056626955 0.0
0.281151704733247 -0.140496090820201 0.0
0.287256259216485 -0.0772444567547931 0.0
0.293794771842894 -0.0137472983744654 0.0
0.300836374325404 0.0500083769047054 0.0
0.308458531304634 0.114033816290828 0.0
0.316740553755477 0.178334878647428 0.0
0.325752825122573 0.242903137432258 0.0
0.335539086560663 0.30769935467177 0.0
0.346080846371161 0.372622149090084 0.0
0.357209707666018 0.43745393525555 0.0
0.368385200539185 0.501782368885286 0.0
0.305453198476085 -0.641144831884996 0.0
0.308982739426251 -0.579507730518086 0.0
0.312898083536335 -0.51766510611468 0.0
0.317150656504179 -0.455616037352864 0.0
0.321712786030381 -0.393354586421872 0.0
0.326574254999237 -0.330871415323579 0.0
0.331740676009086 -0.268154606730873 0.0
0.337232952052398 -0.205189589178151 0.0
0.343087259149379 -0.141959034438161 0.0
0.349355200152045 -0.0784421195508171 0.0
0.356103622697146 -0.0146142167845736 0.0
0.363413907317185 0.0495536046597681 0.0
0.371380588630638 0.114094174342497 0.0
0.380109844287428 0.17904261647551 0.0
0.389718300240179 0.244430128493074 0.0
0.400331055004413 0.310269733604405 0.0
0.41206659679619 0.376521006424425 0.0
0.4249600456699 0.443004615807065 0.0
0.438675120665205 0.509205493875423 0.0
0.36681023325657 -0.64353203995123 0.0
0.370366802373722 -0.581907302690409 0.0
0.374308103851392 -0.520062506631973 0.0
0.378588491838716 -0.457990182670356 0.0
0.383183550143673 -0.395679912093397 0.0
0.388086711686885 -0.333119272684909 0.0
0.393307681172996 -0.270293455875607 0.0
0.398872078109964 -0.207184033113131 0.0
0.404821652720012 -0.143767764138879 0.0
0.411214744528908 -0.0800147127359391 0.0
0.418126638721859 -0.0158865418584913 0.0
0.42565004825042 0.0486659197311926 0.0
0.433896467867816 0.113705262391603 0.0
0.443000588450024 0.179310891012608 0.0
0.453131204834844 0.245581506012535 0.0
0.464513604598541 0.312635846984093 0.0
0.477465166059267 0.380600578042235 0.0
0.492423310472891 0.449544468183168 0.0
0.509810933922587 0.51919583552626 0.0
