-0.811487460277769 -0.646119257171886 0.0
0.417036276860502 -0.70506983390748 0.0
-0.770077180862427 0.61237245798111 0.0
0.61237245798111 0.61237245798111 0.0
-0.75034032858474 -0.65003859735659 0.0
0.420173378356108 -0.643723195990854 0.0
0.527733067949158 0.588731994591438 0.0
-0.752993539903699 0.54257082568666 0.0
-0.689136639120521 -0.653639033053253 0.0
0.423725605535721 -0.582171820021594 0.0
0.449587984515201 0.575502246328754 0.0
-0.748302371656552 0.475412063975228 0.0
-0.627895529020049 -0.657189417953024 0.0
0.427650473648163 -0.520393872288083 0.0
0.375494883837621 0.567011292969068 0.0
-0.747653517447758 0.410181132305209 0.0
-0.566611350427471 -0.660692326339169 0.0
0.431920423892146 -0.458375391036429 0.0
0.303945402395962 0.561220870854195 0.0
-0.748921442434601 0.346081442033026 0.0
-0.505286103400794 -0.664148627009104 0.0
0.436523593401059 -0.396105143384918 0.0
0.234098859910892 0.557210097282858 0.0
-0.751316102483851 0.282665021033998 0.0
-0.443918910060636 -0.667561227160765 0.0
0.441462910076965 -0.333571363977877 0.0
0.165450154356506 0.554491227544927 0.0
-0.754437262648897 0.219683909988076 0.0
-0.382505374903467 -0.670919832341748 0.0
0.446755945232961 -0.270759392337322 0.0
0.0976614443343589 0.552769054880241 0.0
-0.758042441612323 0.156996941022001 0.0
-0.321040566588904 -0.674201586070223 0.0
0.452435543316905 -0.207649307486199 0.0
0.0304745647808795 0.551827732652885 0.0
-0.761969195600098 0.0945221315876332 0.0
-0.259522408092808 -0.67737715545227 0.0
0.458550898788042 -0.144213774833824 0.0
-0.0363434404364152 0.551423192427007 0.0
-0.766102529162258 0.032212053827019 0.0
-0.197953564028906 -0.680417665891659 0.0
0.465168936313979 -0.0804150154738811 0.0
-0.103033795177965 0.550887392843221 0.0
-0.770359409652381 -0.0299581946110625 0.0
-0.136342553222368 -0.683300587193713 0.0
0.472375837387284 -0.0162015035923644 0.0
-0.168606486175595 0.553944076635765 0.0
-0.774683378884983 -0.0919970237448636 0.0
-0.0747034557990138 -0.6860140512423 0.0
0.480279288976704 0.0484968772254324 0.0
-0.233216015836969 0.557974047144101 0.0
-0.77905800751046 -0.153897288070806 0.0
-0.013055122967792 -0.688559702274941 0.0
0.489012950534128 0.113775400787958 0.0
-0.297930323162828 0.559361588024832 0.0
-0.783585072564593 -0.215638350317848 0.0
0.0485805441053831 -0.690954484367544 0.0
0.498746896463094 0.179765209797196 0.0
-0.363175477190206 0.562139683984188 0.0
-0.787387418176057 -0.277320033155551 0.0
0.110179969427152 -0.693231602323684 0.0
0.509710875913031 0.246650621266803 0.0
-0.429091177588809 0.565370981513267 0.0
-0.791349954548117 -0.339035134849207 0.0
0.17172041066002 -0.695440756038963 0.0
0.522244292235383 0.314702411333244 0.0
-0.495522321735683 0.572631447128438 0.0
-0.795692405181416 -0.400695684965572 0.0
0.233182656008915 -0.697647408540613 0.0
0.536903569480428 0.384342779648396 0.0
-0.561941804318892 0.580190741106216 0.0
-0.799822888274867 -0.462218898465447 0.0
0.294554132958082 -0.699930525903312 0.0
0.554716739756445 0.456276328703802 0.0
-0.628598716907153 0.584897669497562 0.0
-0.803912696251455 -0.523600517482019 0.0
0.355833591998527 -0.702377350952073 0.0
0.57789854194344 0.531727104867546 0.0
-0.697704637037568 0.594120025732877 0.0
-0.807671759550794 -0.584899766218333 0.0
-0.746553111085975 -0.588812089899133 0.0
-0.742770898682531 -0.527479264898187 0.0
-0.738720402073085 -0.466043429540286 0.0
-0.73460339671453 -0.404552531138431 0.0
-0.730368074381956 -0.343010285233809 0.0
-0.726416027325282 -0.281390807102964 0.0
-0.72246643458303 -0.219552937893186 0.0
-0.717950588600811 -0.15749299251008 0.0
-0.713550653962467 -0.0953638331598629 0.0
-0.709207157578121 -0.0331274008034299 0.0
-0.704942594690591 0.0292482879786925 0.0
-0.700814684712299 0.0917950704889273 0.0
-0.696911581159564 0.154551053432937 0.0
-0.69335987026656 0.217564681640132 0.0
-0.690344424832472 0.280893344749153 0.0
-0.688149818621187 0.344589403065194 0.0
-0.687254142603808 0.408643737436945 0.0
-0.688570203729678 0.472788290691561 0.0
-0.694058047199721 0.535771839047148 0.0
-0.685377897548957 -0.592404329005925 0.0
-0.681545267985885 -0.531086506182482 0.0
-0.677533078291819 -0.469659613091529 0.0
-0.673428193236288 -0.408127379988192 0.0
-0.669281894539145 -0.346458089273591 0.0
-0.665262322516329 -0.284680551429591 0.0
-0.661157210964442 -0.222804461864489 0.0
-0.656760790025295 -0.160761136073692 0.0
-0.65238841439112 -0.0985852196260067 0.0
-0.648060896098862 -0.0362735588875681 0.0
-0.643819796655359 0.0261853002402607 0.0
-0.639732771090904 0.0888036485947088 0.0
-0.635897542449257 0.151589505066793 0.0
-0.632451694601946 0.214537674635673 0.0
-0.62959026738409 0.277609702594458 0.0
-0.627594820867901 0.340694296824835 0.0
-0.626875429859229 0.403530708653075 0.0
-0.627957831256902 0.465574508721837 0.0
-0.629904073089895 0.525896783472507 0.0
-0.624144972532487 -0.595956716500394 0.0
-0.620297256110724 -0.53462197298475 0.0
-0.616315255217607 -0.473166813512924 0.0
-0.612252574025062 -0.411584666756338 0.0
-0.608161313718007 -0.349875660052887 0.0
-0.604089673496386 -0.288068364384196 0.0
-0.599915386317719 -0.226153018840005 0.0
-0.595577658555247 -0.164094696296409 0.0
-0.591236005008781 -0.101909565102969 0.0
-0.586935810043416 -0.0396037751541997 0.0
-0.582729624119939 0.0228165753903823 0.0
-0.578690529080306 0.0853386142026932 0.0
-0.574917650027289 0.14793529033152 0.0
-0.571542356079089 0.210555535148016 0.0
-0.568734598589614 0.273109952286971 0.0
-0.566701655184393 0.33545521807016 0.0
-0.565636898688918 0.39738411863213 0.0
-0.565310577715299 0.45865195687256 0.0
-0.563719858831623 0.519342165371162 0.0
-0.562870545327383 -0.599454041452955 0.0
-0.559032670439713 -0.538103074219417 0.0
-0.55508776209557 -0.47662810117807 0.0
-0.551068061988078 -0.415028665291331 0.0
-0.547004145426729 -0.353313494261652 0.0
-0.542902819212221 -0.291497203102831 0.0
-0.538702474148174 -0.229573878546269 0.0
-0.534397132186183 -0.167532926248379 0.0
-0.530079307097954 -0.105389440131515 0.0
-0.525799844473008 -0.0431595194873339 0.0
-0.521614644667228 0.0191353786503601 0.0
-0.517595192463146 0.0814633460915826 0.0
-0.513832335272051 0.143776401944681 0.0
-0.510437522893385 0.206004711763706 0.0
-0.507537880807554 0.268049827978143 0.0
-0.505247346351072 0.32977913398525 0.0
-0.503534244840236 0.391023205954532 0.0
-0.501764189520018 0.451621793477613 0.0
-0.497292747369132 0.511492242747958 0.0
-0.501562725745645 -0.602907550556866 0.0
-0.497751062660985 -0.541549488109321 0.0
-0.493845787102933 -0.480068914642418 0.0
-0.489862127280707 -0.418469325857876 0.0
-0.4858137971919 -0.356760560327354 0.0
-0.481696752502601 -0.294953366106743 0.0
-0.477484779870115 -0.233049595163924 0.0
-0.473192064340932 -0.171053083617741 0.0
-0.468880322440435 -0.108982346099894 0.0
-0.464598193924018 -0.0468606970651942 0.0
-0.460398920224519 0.0152815423914895 0.0
-0.456346557268698 0.0774038878609468 0.0
-0.452517137233236 0.139452146693612 0.0
-0.448995013149315 0.201355027428607 0.0
-0.445857154631441 0.263019357650034 0.0
-0.443119092818322 0.324325552284178 0.0
-0.440571717960319 0.385131997672538 0.0
-0.437377862885578 0.44531735995037 0.0
-0.432249680652084 0.505082260975083 0.0
-0.44022248686415 -0.606319999127888 0.0
-0.436446967319316 -0.544960643864883 0.0
-0.432580658058816 -0.48348128376682 0.0
-0.428625688098919 -0.421887919330585 0.0
-0.424585583840045 -0.36019130025777 0.0
-0.420455975997387 -0.298402502010331 0.0
-0.416230028815552 -0.236529654620447 0.0
-0.411928382136006 -0.174584474592791 0.0
-0.407596576327091 -0.112587836043805 0.0
-0.403277615023822 -0.0505656888008013 0.0
-0.399018069933965 0.0114498587153104 0.0
-0.394870647552828 0.0734189958000089 0.0
-0.390892434517514 0.135292492456934 0.0
-0.387136099510788 0.197010743598107 0.0
-0.383624076291221 0.258503355219601 0.0
-0.380280919351096 0.319695589347886 0.0
-0.376786611216985 0.380537233718491 0.0
-0.372505051934104 0.4411114529158 0.0
-0.367485463228796 0.501797605722449 0.0
-0.378847129698454 -0.609678002843996 0.0
-0.375113998346211 -0.548317537774849 0.0
-0.371283957175064 -0.486839134645051 0.0
-0.3673497688543 -0.425250727271482 0.0
-0.36330986972024 -0.363564003188049 0.0
-0.359162536513411 -0.301791169638926 0.0
-0.354911042534714 -0.239944046909 0.0
-0.350576901524281 -0.178037706589348 0.0
-0.346195493350188 -0.116093041385559 0.0
-0.341802762963338 -0.054134924582854 0.0
-0.337436556709597 0.00780730705711569 0.0
-0.333136538277309 0.069699357750854 0.0
-0.328939918244815 0.131501536320837 0.0
-0.324868923622573 0.1931697010335 0.0
-0.320900988536367 0.254658318364837 0.0
-0.316908948590406 0.315932754615328 0.0
-0.312599864646377 0.377003909120499 0.0
-0.307669077143203 0.43797584978885 0.0
-0.302139540806174 0.49885169312416 0.0
-0.317433292775665 -0.612955858931341 0.0
-0.313746490263146 -0.55159002079631 0.0
-0.309948391836481 -0.490106996912355 0.0
-0.306026214398898 -0.428516242195208 0.0
-0.301976872442694 -0.366830110332007 0.0
-0.297801775715059 -0.305061495952444 0.0
-0.293509239233251 -0.243223703471075 0.0
-0.289119392019533 -0.181332414726541 0.0
-0.284660124830078 -0.119407027584496 0.0
-0.280159993047003 -0.0574697941529122 0.0
-0.275647528966266 0.00445386448252086 0.0
-0.27114943863492 0.0663353191613725 0.0
-0.26668473496132 0.128142981821058 0.0
-0.26225097331018 0.189844584912444 0.0
-0.257797527986879 0.251413022724089 0.0
-0.253189768299123 0.312843361418636 0.0
-0.248212354786245 0.374184298375016 0.0
-0.242653881548703 0.43554737606915 0.0
-0.236188196700966 0.49708161443963 0.0
-0.255979429223922 -0.616122526619125 0.0
-0.252340999566522 -0.554744393426925 0.0
-0.248569185214672 -0.493247954520436 0.0
-0.244649572273443 -0.431643909129212 0.0
-0.240580128466028 -0.369944931574685 0.0
-0.236365266807389 -0.308163982442997 0.0
-0.232015662015958 -0.246314485407281 0.0
-0.227549149525052 -0.184411493237597 0.0
-0.222987405804399 -0.122472656779112 0.0
-0.218351704195641 -0.0605180017512117 0.0
-0.213661405373745 0.00142950010946313 0.0
-0.208931303237631 0.0633436564169702 0.0
-0.20416550945186 0.125194921112622 0.0
-0.199345635921419 0.18695197047611 0.0
-0.194413729509819 0.248585612698315 0.0
-0.189262564662684 0.310077882947248 0.0
-0.183758788181931 0.371426933065717 0.0
-0.177767100680509 0.432630219722222 0.0
-0.170773174267856 0.493646381756636 0.0
-0.194487053441114 -0.619148609299438 0.0
-0.190896997236767 -0.557750362708641 0.0
-0.187144664044566 -0.496230650743361 0.0
-0.183217854665394 -0.434601245941223 0.0
-0.179117496163725 -0.37287483255016 0.0
-0.17485075970247 -0.311063948481051 0.0
-0.170429180560958 -0.249181421444486 0.0
-0.165867796192347 -0.187241268285012 0.0
-0.161182521535092 -0.125259692846449 0.0
-0.156387296327318 -0.0632553766625881 0.0
-0.151492295751528 -0.00125047033201963 0.0
-0.146501068726895 0.0607286419354802 0.0
-0.141405251712562 0.122650474819845 0.0
-0.136176590045147 0.184478662537059 0.0
-0.130760209284941 0.246172510280424 0.0
-0.125080209344351 0.30768740790239 0.0
-0.119066066287652 0.368967511885451 0.0
-0.112664207002193 0.429929931139565 0.0
-0.106224713937328 0.490606551402846 0.0
-0.132961609798695 -0.622012022523821 0.0
-0.129417444554207 -0.560586387971304 0.0
-0.12567673091357 -0.499034199588571 0.0
-0.121732986812115 -0.437368103601044 0.0
-0.117591408661726 -0.375600443714264 0.0
-0.11326156834033 -0.313742886183604 0.0
-0.108754822906353 -0.251807152151376 0.0
-0.104082877950278 -0.189805892590871 0.0
-0.0992557331243527 -0.127753791448663 0.0
-0.0942795493693977 -0.0656681373213247 0.0
-0.0891548263033984 -0.003569975328267 0.0
-0.0838737450064638 0.0585151224491623 0.0
-0.0784162907449167 0.120556426709627 0.0
-0.0727463226943869 0.182518898035911 0.0
-0.0668123478198704 0.244365064394141 0.0
-0.0605608764201053 0.306060066662751 0.0
-0.0539692200299888 0.36758285261538 0.0
-0.0471737994329694 0.428976716489148 0.0
-0.0409609407448647 0.490386918756674 0.0
-0.071412246187902 -0.624702037874536 0.0
-0.0679085286619337 -0.563243308058465 0.0
-0.0641706237864486 -0.501651232405464 0.0
-0.0602005873330565 -0.439938937438208 0.0
-0.056008541869242 -0.378117925520934 0.0
-0.0516059015409008 -0.316198447484036 0.0
-0.0470029333626959 -0.254190531016155 0.0
-0.0422073799151141 -0.192104882057145 0.0
-0.0372228758797573 -0.129954022752605 0.0
-0.0320472597709585 -0.0677529135383277 0.0
-0.0266709437042321 -0.00552001482348361 0.0
-0.0210749170315372 0.056722218828043 0.0
-0.015228899675833 0.118947182225774 0.0
-0.00909184012424634 0.181125566416968 0.0
-0.00262002368585767 0.243227899433297 0.0
0.00420874352822703 0.305230757826195 0.0
0.0113319175916809 0.367129669052447 0.0
0.0184494993310144 0.428943610760202 0.0
0.0249639565105762 0.490583330480893 0.0
-0.00985131593303934 -0.627221934367952 0.0
-0.00637938606257313 -0.565726680757232 0.0
-0.00263483980930825 -0.504089819076466 0.0
0.00136996808779351 -0.442324261610606 0.0
0.0056200673569741 -0.380439995466708 0.0
0.010102998122903 -0.318445215967764 0.0
0.0148104548409544 -0.25634758976 0.0
0.0197392888371263 -0.194155153036754 0.0
0.0248926843953387 -0.131877418903762 0.0
0.0302814788247944 -0.069525962377465 0.0
0.0359253764904372 -0.007115398511679 0.0
0.041853903971085 0.0553361963838828 0.0
0.0481058680273595 0.117807007211894 0.0
0.0547244478664925 0.180272251903275 0.0
0.0617422114709301 0.242704925794625 0.0
0.0691462746979502 0.305077973148266 0.0
0.0768096867868093 0.367362179040444 0.0
0.0844181404208926 0.429494758710497 0.0
0.091507937488888 0.491340755241266 0.0
0.0517068629479717 -0.62959070847208 0.0
0.0551586851043248 -0.568058339441414 0.0
0.058919331042797 -0.50637481700836 0.0
0.0629658372889505 -0.444551835425077 0.0
0.0672792366887947 -0.382597101276015 0.0
0.071847022936139 -0.320516114290232 0.0
0.0766636673211805 -0.258313537135855 0.0
0.0817311622863792 -0.195994035225637 0.0
0.0870598576891636 -0.133563324679599 0.0
0.0926694425659636 -0.0710287279387421 0.0
0.0985896369618692 -0.0084001813845142 0.0
0.10486002805593 0.0543091329086349 0.0
0.111527368720094 0.117081862859255 0.0
0.118637220477674 0.179895759321054 0.0
0.126214405801168 0.242721388785792 0.0
0.134225732036376 0.305517923978651 0.0
0.142527005584765 0.368220234370622 0.0
0.150821573602315 0.430718055889865 0.0
0.158665651818297 0.492855737429311 0.0
0.11324667957428 -0.631844057528424 0.0
0.116692250179329 -0.570277309438104 0.0
0.120477487046758 -0.50854867244679 0.0
0.124570288975724 -0.446667421634048 0.0
0.128949231890548 -0.384638276173394 0.0
0.133602855334665 -0.322463500770864 0.0
0.138529118870735 -0.260144191775174 0.0
0.143735585388947 -0.197680993178939 0.0
0.149240014925442 -0.13507505898775 0.0
0.155071074440119 -0.0723285689612206 0.0
0.16126857603743 -0.00944579217344912 0.0
0.167882460429984 0.0535659989324835 0.0
0.174968723204612 0.116694845454342 0.0
0.182579407024851 0.179921723772143 0.0
0.190742347909896 0.243214962931363 0.0
0.199427869155535 0.306520496063418 0.0
0.208505044224065 0.369745251383917 0.0
0.217695434210503 0.432739737555407 0.0
0.226512355572035 0.495300776633169 0.0
0.174752677417313 -0.634034697872232 0.0
0.178206383223817 -0.572440038933677 0.0
0.182022507950511 -0.51067152402331 0.0
0.18616313420397 -0.448734888745331 0.0
0.190606312113214 -0.386631397220156 0.0
0.195342628977346 -0.324359688302484 0.0
0.200374078086871 -0.261916787943975 0.0
0.205714079000822 -0.199298666094241 0.0
0.211387935892824 -0.136501051673875 0.0
0.217433393990957 -0.0735198095755721 0.0
0.223900643995373 -0.0103519218128044 0.0
0.23085098416752 0.0530035143186041 0.0
0.238352561453154 0.116543134951895 0.0
0.246471064579919 0.180255680684572 0.0
0.255252506780684 0.244113763113769 0.0
0.264695866734651 0.308059817519165 0.0
0.274711814250095 0.371983273827897 0.0
0.285053984746672 0.435692360518287 0.0
0.29518027250531 0.498896061098459 0.0
0.236210559492435 -0.636231741031913 0.0
0.239684812459484 -0.574619571103014 0.0
0.243534697360976 -0.512820252329502 0.0
0.247721077464678 -0.4508354436337 0.0
0.252223227621875 -0.388662839599309 0.0
0.257034496326141 -0.326297117948177 0.0
0.262161256455683 -0.26373078885399 0.0
0.267622873854897 -0.20095454703149 0.0
0.27345213039907 -0.137957792847338 0.0
0.279695783787551 -0.0747286439522393 0.0
0.286414648013559 -0.0112545131391953 0.0
0.293682602294573 0.0524772814590637 0.0
0.30158351284444 0.116477626317712 0.0
0.310205084089864 0.180751892228383 0.0
0.319628108676135 0.245290797254442 0.0
0.329908343934562 0.310053349192878 0.0
0.341039588827347 0.374934626821023 0.0
0.352862326200371 0.439710793759107 0.0
0.364834321986353 0.503961326696333 0.0
0.297607497253648 -0.638518501036447 0.0
0.301109649043679 -0.576902970949566 0.0
0.304991987105756 -0.515086117423216 0.0
0.309218227297347 -0.453066131283345 0.0
0.313769752747114 -0.390836722562038 0.0
0.318643182114096 -0.328388345934684 0.0
0.323849377082415 -0.265708901833754 0.0
0.329413414356499 -0.202783647277619 0.0
0.335375089811796 -0.139595111300794 0.0
0.341789657477377 -0.0761223754620026 0.0
0.348728297278636 -0.0123407694164012 0.0
0.356278084107557 0.0517786327727174 0.0
0.364541274699561 0.116268608155513 0.0
0.373634430073864 0.181164131399833 0.0
0.383687837171501 0.246495969285265 0.0
0.394844043445961 0.312275950494768 0.0
0.407242355636104 0.378460606611574 0.0
0.420937856940194 0.444863566229383 0.0
0.435599903479093 0.510955914167477 0.0
0.358932191196106 -0.640987076465303 0.0
0.362462150881585 -0.579385846501842 0.0
0.366371697709361 -0.517572135575801 0.0
0.370627500304098 -0.455538281871162 0.0
0.37521407199738 -0.393273529109903 0.0
0.380131610360092 -0.330764927249978 0.0
0.385395093781529 -0.267997042775048 0.0
0.391034450478757 -0.204950833845256 0.0
0.397095311511359 -0.141602544591432 0.0
0.403640076134824 -0.0779218737363822 0.0
0.410748951345131 -0.0138702873792223 0.0
0.418521181637085 0.0506014252097007 0.0
0.42707722516002 0.115555761434543 0.0
0.436564156532923 0.181071907254421 0.0
0.44716792819801 0.247248142567206 0.0
0.459137728097199 0.314202271497117 0.0
0.472824053735624 0.382058530262039 0.0
0.488707485195616 0.450878891103234 0.0
0.507251966938902 0.520372913408281 0.0
