-0.81589971726977 -0.645948266218639 0.0
0.411742741289024 -0.701371656459856 0.0
-0.780494070053101 0.61237245798111 0.0
0.61237245798111 0.61237245798111 0.0
-0.754736805238133 -0.64954580676283 0.0
0.414798330416799 -0.640035459050328 0.0
0.526712320571101 0.589977778451028 0.0
-0.761813125966682 0.543027584691281 0.0
-0.693524573472207 -0.652812753261783 0.0
0.418242341961416 -0.578510452009215 0.0
0.447854858953261 0.577585455471474 0.0
-0.756288601105476 0.476068544448624 0.0
-0.6322802140653 -0.656036036200391 0.0
0.422050096728884 -0.516775589537137 0.0
0.373183610383919 0.569673826522632 0.0
-0.755151408557668 0.410974383422387 0.0
-0.570997567324671 -0.659214275846356 0.0
0.426205828622935 -0.454816247790443 0.0
0.301127249625985 0.564289716220843 0.0
-0.75611063971136 0.346971503842286 0.0
-0.509680533545816 -0.662348304158658 0.0
0.430705888534501 -0.392620046308278 0.0
0.230816088821461 0.560561649090047 0.0
-0.758303773971301 0.283616910141424 0.0
-0.448330616280123 -0.665445299899232 0.0
0.435559037018815 -0.330174077256028 0.0
0.161728118753492 0.558030829354527 0.0
-0.761290464578253 0.220666025697026 0.0
-0.386945496008933 -0.66850114336634 0.0
0.440787136542007 -0.267462814653917 0.0
0.0935132631667437 0.5564183734177 0.0
-0.764802183061561 0.157981127489004 0.0
-0.325521625215137 -0.671499828217377 0.0
0.446426539164917 -0.204465899136091 0.0
0.0259024285503686 0.555515561131025 0.0
-0.768657647411485 0.0954838911896152 0.0
-0.264057389464546 -0.674418669832165 0.0
0.452529932790679 -0.141156052474049 0.0
-0.0413493525985503 0.555074830742228 0.0
-0.772727264525724 0.0331308081829295 0.0
-0.202554887405745 -0.677234537571959 0.0
0.459168514535895 -0.0774960556398898 0.0
-0.108497883582332 0.554400998753201 0.0
-0.776916330553945 -0.0290987464249007 0.0
-0.141021051952444 -0.679929226185418 0.0
0.466434319493178 -0.0134354161154347 0.0
-0.174485397891341 0.557458954385316 0.0
-0.781159317719141 -0.0912083644026609 0.0
-0.0794674595967788 -0.682493440685236 0.0
0.474443271457689 0.0510945150920978 0.0
-0.239429763823874 0.561465661496218 0.0
-0.785434662632959 -0.153185226940641 0.0
-0.0179097029532818 -0.684929459759663 0.0
0.483340509369122 0.11618712120759 0.0
-0.304485537316835 0.562553304404575 0.0
-0.789843958493305 -0.215002608550509 0.0
0.0436341362090028 -0.687252827848901 0.0
0.493311943169082 0.181971156611866 0.0
-0.370143017475304 0.5650351166706 0.0
-0.793435926642345 -0.276755675925185 0.0
0.105144659040339 -0.689493252715691 0.0
0.504609297148237 0.248627799063205 0.0
-0.43653626741824 0.567895400146328 0.0
-0.79717886535626 -0.338554679675419 0.0
0.166603451923808 -0.691694740486008 0.0
0.517603309967537 0.316423276256046 0.0
-0.503467230720643 0.574937372932828 0.0
-0.801313538726694 -0.40030499578672 0.0
0.22799556605928 -0.693914647869276 0.0
0.532897299128003 0.385772129421566 0.0
-0.570333941294558 0.582220762449751 0.0
-0.80518660588574 -0.461904252027538 0.0
0.289312359933478 -0.696220969422258 0.0
0.551594585840419 0.457363253293888 0.0
-0.637439345462044 0.586364385681257 0.0
-0.808992774632647 -0.523345689971373 0.0
0.350555774864859 -0.698686189337944 0.0
0.576039932889564 0.532380352920393 0.0
-0.707179987667644 0.594964038263135 0.0
-0.812418110233301 -0.584692972414578 0.0
-0.75128457228155 -0.588288131141757 0.0
-0.747833831934639 -0.526914081577171 0.0
-0.744070873610451 -0.465427241473656 0.0
-0.740210501953648 -0.403881630412868 0.0
-0.736195285738723 -0.342282880939202 0.0
-0.732466905777643 -0.280610801462856 0.0
-0.728708593254845 -0.218708816421083 0.0
-0.724303958350513 -0.156568469275487 0.0
-0.719999712937673 -0.0943683241571771 0.0
-0.715733986203135 -0.0320698774056273 0.0
-0.711534619774788 0.0303580594047809 0.0
-0.70746808546536 0.0929460141620608 0.0
-0.703634028627512 0.155730900617313 0.0
-0.700173674663546 0.21876048050997 0.0
-0.697291054746352 0.282092172508344 0.0
-0.695297343858402 0.345778844663541 0.0
-0.694710611592063 0.409810488972102 0.0
-0.696509005062418 0.473908282794633 0.0
-0.70276089582346 0.536765683229796 0.0
-0.69010275887309 -0.591550671793837 0.0
-0.686592104324236 -0.530200213371927 0.0
-0.68286558080129 -0.468732858673627 0.0
-0.679013535669856 -0.407154431940268 0.0
-0.675090938069257 -0.345432412275788 0.0
-0.671281118917931 -0.283600965412624 0.0
-0.667348179790376 -0.221669937478569 0.0
-0.663069366763062 -0.159566043792728 0.0
-0.658790702242583 -0.0973304242310666 0.0
-0.654537563175759 -0.0349618673741761 0.0
-0.650358103735174 0.0275501340991184 0.0
-0.646328982638283 0.0902174208588407 0.0
-0.64255939896429 0.153048044134057 0.0
-0.63920136569517 0.216037281974505 0.0
-0.636468369852124 0.279147201064235 0.0
-0.634666287969161 0.342265754667461 0.0
-0.634237922278543 0.405126685061374 0.0
-0.635749430606344 0.46716807443423 0.0
-0.638232727577733 0.527440058989798 0.0
-0.62886427405794 -0.594778437042723 0.0
-0.625330316151588 -0.533413443743655 0.0
-0.621628673700477 -0.471921441465522 0.0
-0.61781451040227 -0.410296515612731 0.0
-0.613943744724034 -0.348540040218326 0.0
-0.610068150138908 -0.28668435222942 0.0
-0.606052290506515 -0.224718701363753 0.0
-0.601830798302996 -0.162605380775081 0.0
-0.597579221577688 -0.10036311762472 0.0
-0.59334929327955 -0.0379990550781611 0.0
-0.589200737436739 0.0244803409797589 0.0
-0.585215699080455 0.0870621521472648 0.0
-0.581504522500855 0.149719417311199 0.0
-0.578212304274818 0.212400950001583 0.0
-0.575525786166879 0.275016307120897 0.0
-0.573672570929566 0.33741890692696 0.0
-0.572868088540362 0.399394469054437 0.0
-0.572885157849176 0.460689278671564 0.0
-0.571608184337148 0.521399900272807 0.0
-0.567587499831469 -0.597951264765589 0.0
-0.564055043659861 -0.536570552786924 0.0
-0.560383132886968 -0.475060464237825 0.0
-0.556605079292865 -0.41342119945893 0.0
-0.552753707399145 -0.351662707626816 0.0
-0.548835705107614 -0.28980096684883 0.0
-0.544782854516143 -0.227828784001421 0.0
-0.540589213014949 -0.165734005526065 0.0
-0.53635694800705 -0.103532618549855 0.0
-0.532143437298788 -0.0412411912157775 0.0
-0.528011877812678 0.021118513862358 0.0
-0.524042637792933 0.0835141749268616 0.0
-0.520337255771116 0.145896968498143 0.0
-0.517019800663801 0.208195289371768 0.0
-0.51423187670735 0.270307221257575 0.0
-0.512102549267628 0.332093960465363 0.0
-0.510608839074421 0.393376522994971 0.0
-0.509088858949846 0.453985501336877 0.0
-0.504745236385937 0.513840498207639 0.0
-0.506282395116923 -0.601082313246016 0.0
-0.502766718313399 -0.539694888007211 0.0
-0.49912501359178 -0.478180703186534 0.0
-0.495373701362799 -0.416543713197678 0.0
-0.49152779178843 -0.354794270775253 0.0
-0.487582425220328 -0.292943213012716 0.0
-0.483508476713143 -0.230991198258408 0.0
-0.479321819808904 -0.168941059435903 0.0
-0.47509086740117 -0.106811600933849 0.0
-0.470870454161486 -0.0446265491504236 0.0
-0.466720896554553 0.0175831303389528 0.0
-0.462714658686874 0.0797758248826675 0.0
-0.458937555663977 0.141895393622983 0.0
-0.455484876751632 0.203867308565549 0.0
-0.452444835645384 0.265593238613272 0.0
-0.449841475889078 0.326945817715252 0.0
-0.447461355837766 0.38777309022831 0.0
-0.444423870357883 0.447944034038661 0.0
-0.439381924095249 0.507664681419436 0.0
-0.444951558070962 -0.604179352980031 0.0
-0.441460863440653 -0.542791524830675 0.0
-0.437846849696592 -0.481280322975804 0.0
-0.43411330870499 -0.419651890208021 0.0
-0.430264719208199 -0.357916897277422 0.0
-0.42629611127842 -0.296085911160836 0.0
-0.422199688004912 -0.23416601788132 0.0
-0.417998251548893 -0.172168247094394 0.0
-0.413742475541949 -0.110113633964523 0.0
-0.409481001598006 -0.0480286762748108 0.0
-0.405266953153012 0.0140535202374473 0.0
-0.401160627672774 0.0760915261778067 0.0
-0.397227535082076 0.13803365573326 0.0
-0.393528964997195 0.199816768498382 0.0
-0.390094525569734 0.261365664738461 0.0
-0.386850194647145 0.322599751403208 0.0
-0.383461903336943 0.383463699308478 0.0
-0.379260543408302 0.444042774695781 0.0
-0.374314706244975 0.504732914967137 0.0
-0.383593661806138 -0.60723548368701 0.0
-0.380132206360438 -0.545848226212029 0.0
-0.376541696944979 -0.484340404391248 0.0
-0.372817102624274 -0.422719778574138 0.0
-0.368957742600548 -0.360997545420816 0.0
-0.364961601486442 -0.299185132472598 0.0
-0.360831892535646 -0.237293455357654 0.0
-0.35659223602312 -0.175337102669592 0.0
-0.352282120585049 -0.113337147778849 0.0
-0.347942438307186 -0.0513191243283817 0.0
-0.343616825554664 0.0106864715798389 0.0
-0.339351447558924 0.0726436125807577 0.0
-0.335190278331764 0.134510230557014 0.0
-0.331161583922923 0.196239136925692 0.0
-0.327245997891115 0.257781236536022 0.0
-0.323312507274579 0.319098536884114 0.0
-0.319052880144019 0.380200918999983 0.0
-0.314146402184586 0.441196153215476 0.0
-0.308613456444882 0.502079950025183 0.0
-0.322206322081161 -0.610231979406485 0.0
-0.318776068159322 -0.548841969807286 0.0
-0.315203632446602 -0.487332863466577 0.0
-0.311478819951754 -0.425713639558688 0.0
-0.307599342450733 -0.363995871085229 0.0
-0.303566421584194 -0.302191542959546 0.0
-0.299388564823627 -0.240313156633103 0.0
-0.295087672804419 -0.178376037729485 0.0
-0.290694910128057 -0.116399800352166 0.0
-0.286243001731226 -0.0544074012887792 0.0
-0.281765357465875 0.00757455855203979 0.0
-0.277293947212087 0.0695157897433756 0.0
-0.272852793909524 0.131382582426391 0.0
-0.268443017920739 0.193140198829725 0.0
-0.264013988007349 0.254759097993635 0.0
-0.259424587510934 0.316233006520157 0.0
-0.254445981260597 0.377612331985942 0.0
-0.248848911621961 0.439013407206769 0.0
-0.242265571062653 0.500591276680952 0.0
-0.260788396323387 -0.613144453570797 0.0
-0.257389620645264 -0.551745730552438 0.0
-0.253828885732105 -0.490227532178415 0.0
-0.250094407492562 -0.428599778411383 0.0
-0.246184663204406 -0.366874137217675 0.0
-0.242103693200244 -0.305062583852359 0.0
-0.237862201097089 -0.243177806590346 0.0
-0.233479292179906 -0.181234585404508 0.0
-0.228979138693838 -0.119250825894803 0.0
-0.224386354360671 -0.0572472907579106 0.0
-0.219724184815679 0.0047518488955087 0.0
-0.215011398018633 0.0667187453924975 0.0
-0.210255419494631 0.128621758924484 0.0
-0.205439322639198 0.190427112394708 0.0
-0.200503094082226 0.252103043871499 0.0
-0.195332504575808 0.313629361618744 0.0
-0.189782250057826 0.3750023084725 0.0
-0.183697321667795 0.436216088633358 0.0
-0.176498336982854 0.497220591977289 0.0
-0.19934111241265 -0.615949165660554 0.0
-0.195972433057355 -0.55453477664638 0.0
-0.192416294858671 -0.49299852945954 0.0
-0.188662711907809 -0.431351099039779 0.0
-0.184712536797145 -0.369603968994207 0.0
-0.180572099827902 -0.307768640231314 0.0
-0.176252528643328 -0.245857256624218 0.0
-0.171769522811002 -0.183883632021161 0.0
-0.16714072293733 -0.121864276516036 0.0
-0.162382542908419 -0.0598186585342194 0.0
-0.157507995003115 0.00222981596802264 0.0
-0.152523278466308 0.0642530304461948 0.0
-0.147421703904862 0.126217269144878 0.0
-0.142174655914732 0.188083422626979 0.0
-0.136723723535889 0.249807527756743 0.0
-0.130985622683913 0.311340983397435 0.0
-0.124878376305835 0.372622359645951 0.0
-0.118329559503454 0.433560125769765 0.0
-0.111691131474999 0.494187864341742 0.0
-0.137868910538784 -0.61862820664922 0.0
-0.134527004136821 -0.557191567990932 0.0
-0.130967748364319 -0.495628776847051 0.0
-0.127185937179469 -0.433951046124475 0.0
-0.123185787060462 -0.3721693471056 0.0
-0.118975321856564 -0.310294277607198 0.0
-0.114564879592841 -0.248336925655163 0.0
-0.109966155682895 -0.186309804884506 0.0
-0.105190098421177 -0.124227954608253 0.0
-0.100244444330729 -0.0621094811156281 0.0
-0.0951314313226111 2.33077355187026e-05 0.0
-0.0898445230136771 0.0621431331638959 0.0
-0.0843637437848675 0.124217112119331 0.0
-0.0786508503877829 0.186207623762932 0.0
-0.0726493241152176 0.248074255733714 0.0
-0.0662973958013549 0.309779017338843 0.0
-0.0595611246061826 0.371298243774248 0.0
-0.0525706607899168 0.432677882748064 0.0
-0.046153437429631 0.494078076164476 0.0
-0.0763792747861724 -0.621173241140914 0.0
-0.0730585366466359 -0.559709115667005 0.0
-0.0694879844956677 -0.498112823677243 0.0
-0.065669479807801 -0.436395718095828 0.0
-0.0616109665666516 -0.374567789506483 0.0
-0.0573214324237225 -0.312638217946725 0.0
-0.0528094185892273 -0.250616458252947 0.0
-0.0480819600623227 -0.188513139459615 0.0
-0.0431428655380803 -0.126341165646176 0.0
-0.0379906377964789 -0.0641162911911108 0.0
-0.0326163080958592 -0.00185814589175182 0.0
-0.0270007823357537 0.0604092991343075 0.0
-0.0211122551740803 0.122657610496424 0.0
-0.0149060139545092 0.184855412754799 0.0
-0.00833217358624867 0.246971096461051 0.0
-0.00136030225515717 0.308979459798986 0.0
0.00595416813381827 0.370875975906717 0.0
0.0133062085284883 0.432683001980707 0.0
0.0200826591307608 0.494306788695577 0.0
-0.0148823569179214 -0.623587994804257 0.0
-0.0115747566586523 -0.562093181030598 0.0
-0.00798459448512702 -0.500458663516667 0.0
-0.00412206611268013 -0.438695268817994 0.0
1.45419597392515e-06 -0.376811391265762 0.0
0.00437689701318224 -0.314814199649001 0.0
0.00899841022685727 -0.252710869820044 0.0
0.0138642316859632 -0.190509421272024 0.0
0.0189781171279318 -0.128219753645144 0.0
0.024351128947092 -0.0658541649556917 0.0
0.0300034440536536 -0.00342827508229113 0.0
0.0359659754752194 0.0590385982225733 0.0
0.0422804819495073 0.121523208159158 0.0
0.0489951117800829 0.183999219907148 0.0
0.0561493155712516 0.24643809831785 0.0
0.063737602590471 0.308811632374357 0.0
0.071637028372506 0.371090238337946 0.0
0.0795310090739137 0.433209564609504 0.0
0.0869556976184633 0.4950297642339 0.0
0.0466101014014953 -0.625889879438713 0.0
0.0499147493340592 -0.5643637580486 0.0
0.0535323549156189 -0.502689035031409 0.0
0.0574444733996302 -0.440875091264386 0.0
0.0616372518799882 -0.378928056050354 0.0
0.0661025240763038 -0.316852515516273 0.0
0.0708378915769411 -0.254652759699865 0.0
0.0758473497011325 -0.192333508522628 0.0
0.0811425046404074 -0.129900861624024 0.0
0.0867441046660098 -0.0673627730107562 0.0
0.0926833715847254 -0.0047299962605752 0.0
0.0990024939577401 0.0579833283463266 0.0
0.105752479097595 0.120758779325169 0.0
0.11298502219925 0.183572949677151 0.0
0.12073247135763 0.246395194939279 0.0
0.128968868608659 0.309183431144087 0.0
0.137554645892582 0.371870762633881 0.0
0.146195297779883 0.434343851349955 0.0
0.154452296111743 0.496443775501027 0.0
0.108085259378013 -0.62811090681241 0.0
0.111398436978369 -0.566555917425163 0.0
0.115049937959039 -0.504842171647905 0.0
0.11901475468466 -0.44297656741113 0.0
0.123278038231788 -0.380962399724393 0.0
0.127833497950601 -0.318801218387529 0.0
0.132682785691421 -0.256493908542825 0.0
0.137835983465804 -0.194041255182966 0.0
0.143312706531265 -0.131444792024005 0.0
0.149143438503499 -0.0687072325355664 0.0
0.155370445941178 -0.00583347432328502 0.0
0.162047406921806 0.0571685197217976 0.0
0.16923581594878 0.120286041324223 0.0
0.176995066189736 0.183499222401194 0.0
0.185361605523468 0.246775346486547 0.0
0.194314284772141 0.310058815932203 0.0
0.203729235204329 0.373254067785241 0.0
0.213333675141932 0.436208118205995 0.0
0.222646721059601 0.498715370599346 0.0
0.169530444573246 -0.630297878526881 0.0
0.172863364427333 -0.568719896796781 0.0
0.176552759205175 -0.506971790800638 0.0
0.180570310883661 -0.445057111421956 0.0
0.184901862267278 -0.382976017119929 0.0
0.18954378321748 -0.320726713549485 0.0
0.194502157576761 -0.258306205214944 0.0
0.199793315365513 -0.195710686946987 0.0
0.205444914852176 -0.132936248770241 0.0
0.211497189548125 -0.0699791794182454 0.0
0.218003659815569 -0.0068369025887504 0.0
0.225030438450886 0.0564910404727849 0.0
0.232652427427045 0.120000817399504 0.0
0.240944107881799 0.183680589961711 0.0
0.249961906402193 0.247502073838533 0.0
0.259715925051995 0.311406097572099 0.0
0.270127513035374 0.375279291352579 0.0
0.280959224743706 0.43892596455313 0.0
0.291674181190999 0.502052259486887 0.0
0.230934009264026 -0.632511485031885 0.0
0.234295344172959 -0.570919987351578 0.0
0.238023199518163 -0.509145919158277 0.0
0.242090078757792 -0.447189280886311 0.0
0.246483840318646 -0.385047132649656 0.0
0.251203941432097 -0.322714034216135 0.0
0.256261056453558 -0.260182633011326 0.0
0.261677722977331 -0.197443877330638 0.0
0.267489476690977 -0.134487461045293 0.0
0.273746150887854 -0.0713017934694425 0.0
0.280512689938214 -0.00787455802792258 0.0
0.287868817826334 0.0558066733443504 0.0
0.295906457357503 0.119752510816578 0.0
0.304723828381348 0.183967918944935 0.0
0.314414646343255 0.248442844741541 0.0
0.325049617007933 0.313134724821299 0.0
0.336638467268001 0.37793565108124 0.0
0.349035702029597 0.442617007465089 0.0
0.361705495944636 0.506753294260263 0.0
0.292285581264152 -0.634823546159498 0.0
0.295678858120683 -0.573231429465667 0.0
0.299441895437374 -0.511444167047084 0.0
0.303551173124913 -0.449459152369279 0.0
0.307996898207478 -0.387269955991322 0.0
0.312781826102735 -0.324867110237137 0.0
0.317921162125519 -0.262238649792853 0.0
0.323443309763657 -0.19936997559431 0.0
0.329391136714472 -0.136243764282054 0.0
0.335823482431392 -0.0728392552765264 0.0
0.342816380163034 -0.00913195665936251 0.0
0.350463720407085 0.0549068392058081 0.0
0.358877133590982 0.11930960812751 0.0
0.368185616477978 0.184110840650215 0.0
0.378535433360079 0.249340420179624 0.0
0.390089103503687 0.315008449994401 0.0
0.403009715802553 0.3810680609638 0.0
0.417376805982285 0.447326509086948 0.0
0.432874519166295 0.513245104871718 0.0
0.353576315501014 -0.637310452887362 0.0
0.356998351216783 -0.575734010359349 0.0
0.360790035682222 -0.513954723064057 0.0
0.364930686319598 -0.451964939705488 0.0
0.369413385616356 -0.389753860470362 0.0
0.374244294471797 -0.327308371034215 0.0
0.379442691413035 -0.26461283422902 0.0
0.385041932726993 -0.201648059803904 0.0
0.391090977767248 -0.138390268214821 0.0
0.397656235322099 -0.0748092998706352 0.0
0.404823378460305 -0.0108669466209609 0.0
0.412699318827878 0.0534854794573919 0.0
0.421415110155237 0.118309727138367 0.0
0.431132167863785 0.183683925736358 0.0
0.44205566585032 0.249704786484525 0.0
0.454460629446835 0.316487544784323 0.0
0.468732318544726 0.384151707275262 0.0
0.485396165419878 0.452749638004582 0.0
0.504962231883553 0.521971296117646 0.0
