-0.817928332780146 -0.645583080626909 0.0
0.409063967900233 -0.696719817297392 0.0
-0.789550077915192 0.61237245798111 0.0
0.61237245798111 0.61237245798111 0.0
-0.756749981126925 -0.648849005920171 0.0
0.411966562270122 -0.635390748060215 0.0
0.525831825800009 0.591470742190244 0.0
-0.769453617984939 0.543452785875995 0.0
-0.695528521674064 -0.651779809044034 0.0
0.415228154497357 -0.5738885440329 0.0
0.446352966784856 0.58004825339554 0.0
-0.763138511632218 0.476672332419582 0.0
-0.634279147455016 -0.654670872597978 0.0
0.41883813478544 -0.512193522723051 0.0
0.371167428102321 0.572777642323659 0.0
-0.76149274770743 0.411695754995765 0.0
-0.572995731336714 -0.657518452406495 0.0
0.422790073529642 -0.450291283642736 0.0
0.298653776069656 0.5678167589237 0.0
-0.76208585155827 0.347775276778634 0.0
-0.511683626988587 -0.660323938816763 0.0
0.427086995772545 -0.388169321528194 0.0
0.22792071013729 0.564358718951846 0.0
-0.763994840251976 0.284474478338624 0.0
-0.450346027166027 -0.663097933366584 0.0
0.431742786778574 -0.325814636404719 0.0
0.15843386536338 0.561983722387934 0.0
-0.766746989094433 0.221552823601468 0.0
-0.388982069228447 -0.66584108516288 0.0
0.436783677061421 -0.263211830133941 0.0
0.0898340031747988 0.560436661233868 0.0
-0.770053827273276 0.158876102132592 0.0
-0.32758916233285 -0.668542636400289 0.0
0.442250313418704 -0.200340977114528 0.0
0.0218434405798732 0.559522020684413 0.0
-0.773720577268302 0.0963692632089991 0.0
-0.266165978127396 -0.67118498887762 0.0
0.448200255713918 -0.137175567217572 0.0
-0.0457926492548819 0.558994540865578 0.0
-0.777607874174658 0.0339919257852763 0.0
-0.204714145639712 -0.673749426042012 0.0
0.454710781667656 -0.0736794856126052 0.0
-0.113342018000451 0.558140359717759 0.0
-0.781613625075623 -0.0282734532166804 0.0
-0.143239367775734 -0.676221110381517 0.0
0.461881829608827 -0.00980368167370025 0.0
-0.179691691139746 0.561130344400075 0.0
-0.785666732332337 -0.0904272892974449 0.0
-0.0817512903754748 -0.678592815274492 0.0
0.469839655033979 0.0545186777609395 0.0
-0.244926929768847 0.565045463589349 0.0
-0.789742336420632 -0.15245332115773 0.0
-0.0202629768223832 -0.680867425169881 0.0
0.47874283761289 0.119378674004605 0.0
-0.310272181101158 0.565811218651659 0.0
-0.793940034859391 -0.214321581978288 0.0
0.0412104927562642 -0.683059509649011 0.0
0.488794809576878 0.184902019236049 0.0
-0.3762793706338 0.567970726044593 0.0
-0.79727072811455 -0.276120217367293 0.0
0.102653055388808 -0.685196102569635 0.0
0.500270598318874 0.251265590302801 0.0
-0.443075735595828 0.57044502034969 0.0
-0.800747003966594 -0.337972746569887 0.0
0.164049815317518 -0.687316663873121 0.0
0.513573194880247 0.318728957167885 0.0
-0.510434744116199 0.577220401012529 0.0
-0.804619232485839 -0.399782857492956 0.0
0.225389342157823 -0.689471846484305 0.0
0.529353159067459 0.387695096542012 0.0
-0.577683754305881 0.584186405918551 0.0
-0.808200270233165 -0.461433954843901 0.0
0.286666260846216 -0.691720306466982 0.0
0.548788080422209 0.458829623194544 0.0
-0.645163647167454 0.587776257847153 0.0
-0.81169778954012 -0.522918088300569 0.0
0.347885110888741 -0.694121747843979 0.0
0.574347544222265 0.533260152489361 0.0
-0.715439647562301 0.595763617169852 0.0
-0.814785359812628 -0.584300071772159 0.0
-0.753636874675693 -0.587566689166461 0.0
-0.750522633561872 -0.52616252827572 0.0
-0.747070150440348 -0.464639169640603 0.0
-0.743500756700126 -0.403054758610128 0.0
-0.739754749681539 -0.341415884463844 0.0
-0.736295698063229 -0.279708107096569 0.0
-0.732787477601041 -0.217764913086329 0.0
-0.728589927558208 -0.155572711756645 0.0
-0.724483617353823 -0.0933271703827559 0.0
-0.720406012578328 -0.0309895026825855 0.0
-0.716388410690226 0.0314708552287188 0.0
-0.712502719967684 0.0940834582033189 0.0
-0.70885592493952 0.156884280779604 0.0
-0.705599133671133 0.21992040517545 0.0
-0.702950204408788 0.283248907862458 0.0
-0.70124075659178 0.346922320846193 0.0
-0.701021050320925 0.410928432368678 0.0
-0.703323118686251 0.474976432360233 0.0
-0.710304205048782 0.537706953631803 0.0
-0.692446981754326 -0.590495482931807 0.0
-0.689266979008911 -0.529119619291964 0.0
-0.68584899203347 -0.467622006858794 0.0
-0.682285225398759 -0.406010017899016 0.0
-0.678633137378036 -0.344251173362702 0.0
-0.675084486431342 -0.28238308384392 0.0
-0.671390997055859 -0.220414799179773 0.0
-0.667321821557723 -0.15827020342091 0.0
-0.663239393372441 -0.0959948901712793 0.0
-0.659171942434812 -0.0335887420475505 0.0
-0.655171635381151 0.0289582072345926 0.0
-0.651320635997285 0.0916575466403576 0.0
-0.647735423036855 0.154517358933911 0.0
-0.644577698396497 0.217533166916265 0.0
-0.642074156112473 0.280667111467176 0.0
-0.640549127089746 0.343805859373347 0.0
-0.640471324020156 0.406677485381316 0.0
-0.642439511326723 0.468704047772856 0.0
-0.645457748517186 0.528920695207477 0.0
-0.631202121152114 -0.593392288023922 0.0
-0.627993516090564 -0.532003042991511 0.0
-0.624596439177988 -0.470482830358084 0.0
-0.621067140376317 -0.408826390386305 0.0
-0.617464077887592 -0.347035995300201 0.0
-0.613841323351488 -0.285146133802228 0.0
-0.610056834310372 -0.223145096094576 0.0
-0.606043415910288 -0.160993477192382 0.0
-0.601985342947221 -0.098711724555127 0.0
-0.597938051998917 -0.0363074773911015 0.0
-0.593965489603985 0.0262126868616235 0.0
-0.590155236372531 0.0888359203723293 0.0
-0.586624646951296 0.151535365929132 0.0
-0.583527896475921 0.214259674732563 0.0
-0.581063539949316 0.276917355851059 0.0
-0.579474303187003 0.339358819560223 0.0
-0.578992667787214 0.40136358478095 0.0
-0.579392509167064 0.462670995858934 0.0
-0.578462587349832 0.523393092422555 0.0
-0.569922125270246 -0.596234353897379 0.0
-0.566709347390229 -0.534829445051091 0.0
-0.563336605151041 -0.473291984487542 0.0
-0.559838317926449 -0.411622709838656 0.0
-0.556249101720433 -0.349832318070448 0.0
-0.552576054751816 -0.287937466429896 0.0
-0.548747869031173 -0.225929959973288 0.0
-0.544759027267033 -0.163796645413956 0.0
-0.540717013833226 -0.101554059255057 0.0
-0.536682901053785 -0.0392189416982683 0.0
-0.532724052825292 0.0231868647800701 0.0
-0.528926033543305 0.0856308384165319 0.0
-0.525396905437156 0.148063571586649 0.0
-0.522268869855123 0.210412071506086 0.0
-0.519693402871021 0.272571592452449 0.0
-0.517810329280607 0.334398256619065 0.0
-0.516602439910798 0.395705476500173 0.0
-0.515383445160274 0.456317818313891 0.0
-0.511226710007462 0.516161877375537 0.0
-0.508618176913953 -0.599036597134304 0.0
-0.505415524664887 -0.537625033331645 0.0
-0.502066187993561 -0.476084217122344 0.0
-0.49858805279556 -0.414418454179582 0.0
-0.494997517926075 -0.352638357831675 0.0
-0.49128979583963 -0.290754663564172 0.0
-0.487434588222641 -0.228767128394816 0.0
-0.483448927519127 -0.166677890829851 0.0
-0.479404890965425 -0.104505875731216 0.0
-0.475360697251215 -0.042274969679967 0.0
-0.471380553300574 0.019983520622144 0.0
-0.467541660399087 0.0822272492263984 0.0
-0.463935567177611 0.144398666777865 0.0
-0.460664278517768 0.206420767578671 0.0
-0.457823172490208 0.268191158505539 0.0
-0.455441494380738 0.32957632549517 0.0
-0.453300579254675 0.390416411418596 0.0
-0.450482042801928 0.450574058879838 0.0
-0.445589388974391 0.510261535319586 0.0
-0.447293980134103 -0.601810710436202 0.0
-0.444108302841441 -0.540399262959674 0.0
-0.440778621532904 -0.478862504831956 0.0
-0.437310705148971 -0.417206690898726 0.0
-0.433710310539112 -0.35544235368223 0.0
-0.429972633405375 -0.293579591873568 0.0
-0.426089647318141 -0.231624699348048 0.0
-0.422085423446999 -0.169588187013275 0.0
-0.418013341204567 -0.107491113606321 0.0
-0.413924961333687 -0.0453602456581837 0.0
-0.409876806411909 0.0167707107113213 0.0
-0.405933187881465 0.078859239654465 0.0
-0.402164196109559 0.140851892721265 0.0
-0.398635905624427 0.202682882002205 0.0
-0.395381706304751 0.264273332709612 0.0
-0.392326876585231 0.32553821270321 0.0
-0.389124069011929 0.386418660529373 0.0
-0.385075742588535 0.447002619067795 0.0
-0.380268231170537 0.507699166444079 0.0
-0.385949155817833 -0.604554789095853 0.0
-0.382783211299764 -0.543145121562345 0.0
-0.379468011603179 -0.481613465637955 0.0
-0.376000981215622 -0.419967456325108 0.0
-0.372382692009401 -0.358217869974093 0.0
-0.368611380917973 -0.29637549458132 0.0
-0.364690378404458 -0.234450542275869 0.0
-0.360644382262851 -0.17245719572062 0.0
-0.35651487177559 -0.110416553951883 0.0
-0.352345078661068 -0.04835449431946 0.0
-0.348181362937787 0.0136977834128305 0.0
-0.344072959390865 0.075703110653788 0.0
-0.340067015110367 0.137617764203522 0.0
-0.336194413957257 0.199392357333905 0.0
-0.332436240951334 0.260975196934908 0.0
-0.328656365747536 0.322325942576256 0.0
-0.324532331205091 0.383454177875513 0.0
-0.319729575526056 0.444471053769458 0.0
-0.314266882677435 0.505365529048574 0.0
-0.324581986518769 -0.607255454157653 0.0
-0.321436263236544 -0.545845051914755 0.0
-0.318129393598881 -0.484314671684601 0.0
-0.31465392509772 -0.422672932390895 0.0
-0.311008708493471 -0.360930777994674 0.0
-0.307195135660954 -0.299099462828624 0.0
-0.30322179347938 -0.237190841500837 0.0
-0.299111291412782 -0.175219898654767 0.0
-0.294896132097311 -0.113206282455773 0.0
-0.290610714192201 -0.0511733087524122 0.0
-0.28629036732053 0.0108517275828768 0.0
-0.281969052513558 0.0728374846881196 0.0
-0.277672458744219 0.134748839212556 0.0
-0.273402213952228 0.196549360998516 0.0
-0.269105413933011 0.258207859542134 0.0
-0.264633605086809 0.319717343547233 0.0
-0.259745362858741 0.381129991412945 0.0
-0.2541961277009 0.442566217675939 0.0
-0.247583525523938 0.504186026154613 0.0
-0.263191579439696 -0.609893415390956 0.0
-0.260065046121171 -0.548477142402602 0.0
-0.256759693505903 -0.486941117884683 0.0
-0.253266455670798 -0.425294657031386 0.0
-0.249584636672372 -0.363548625614402 0.0
-0.245718151175526 -0.301714206184179 0.0
-0.241677485016085 -0.239803472032724 0.0
-0.237481966040473 -0.177830901004328 0.0
-0.233156450394717 -0.115814442639771 0.0
-0.228726498697075 -0.0537752231993514 0.0
-0.224216392477521 0.00826190163714072 0.0
-0.219645748558186 0.0702680639520657 0.0
-0.215022167667623 0.132210261921231 0.0
-0.210327387391965 0.194053062417853 0.0
-0.205497312022797 0.255762940189793 0.0
-0.200409879551668 0.317318182913198 0.0
-0.194908443156879 0.37871365196043 0.0
-0.188820924430102 0.439940872345298 0.0
-0.181513395210061 0.500942673104432 0.0
-0.201778905513636 -0.612449288661934 0.0
-0.198669167742837 -0.551020950327168 0.0
-0.195358094546592 -0.489471147168684 0.0
-0.19183800232286 -0.427809687479688 0.0
-0.188110005856633 -0.366047097000795 0.0
-0.184179806863409 -0.30419403638109 0.0
-0.180057839905631 -0.242262057862614 0.0
-0.175759460222267 -0.18026470718355 0.0
-0.1713023172699 -0.118218559420819 0.0
-0.166702997322234 -0.0561434645457472 0.0
-0.161974603576301 0.00593646750189565 0.0
-0.157122994063514 0.0679920656348619 0.0
-0.152140186078663 0.129988166659944 0.0
-0.146994594551761 0.191883778954917 0.0
-0.141622383808182 0.253632571346659 0.0
-0.135932040127625 0.315182849087055 0.0
-0.129830608009716 0.376468513654802 0.0
-0.123229344234992 0.437390448255054 0.0
-0.116483558605697 0.497982684522092 0.0
-0.140347616052304 -0.614908430012137 0.0
-0.137250755870691 -0.55346207502355 0.0
-0.133926455271203 -0.491890678620419 0.0
-0.130370960657294 -0.43020431004779 0.0
-0.126587924851406 -0.36841284384185 0.0
-0.122584066619248 -0.306526007183136 0.0
-0.118368438665585 -0.244554324012863 0.0
-0.113951774104153 -0.182510075061261 0.0
-0.109344333058917 -0.120408384518949 0.0
-0.104553210186756 -0.0582677414334429 0.0
-0.0995797350268017 0.00388886492926318 0.0
-0.0944157896267778 0.0660331538609602 0.0
-0.0890386258902066 0.128130886580317 0.0
-0.0834054524833154 0.190142706103153 0.0
-0.0774529644131739 0.252026076501897 0.0
-0.0711103222600321 0.313740538220603 0.0
-0.0643327328189523 0.375260082188401 0.0
-0.0572449134477525 0.436632288819596 0.0
-0.0507107300563812 0.498028510800572 0.0
-0.0789039090127095 -0.61726444491393 0.0
-0.0758142565709065 -0.555795306696898 0.0
-0.0724691303204468 -0.494195853296293 0.0
-0.0688705547958369 -0.432476016917895 0.0
-0.0650248523704475 -0.3706445822136 0.0
-0.0609389074669802 -0.308709855899269 0.0
-0.0566193220987558 -0.246680769497153 0.0
-0.0520715311399845 -0.184567754783654 0.0
-0.0472979504635335 -0.122383804803413 0.0
-0.0422956070137109 -0.0601450149065507 0.0
-0.0370535983550943 0.00212840725338742 0.0
-0.0315499986722041 0.0644116739400965 0.0
-0.0257487947403516 0.126675288482152 0.0
-0.0195992772563804 0.188886571528916 0.0
-0.0130436600449206 0.251012428657706 0.0
-0.0060423146860216 0.313026245381318 0.0
0.00135681821763757 0.374923187809688 0.0
0.00884481799396834 0.436727768571486 0.0
0.0157951193709221 0.498341291354527 0.0
-0.0174562332805356 -0.619521525678315 0.0
-0.0143663154091293 -0.558026688854691 0.0
-0.0109930191803341 -0.496394736860214 0.0
-0.00734501035244925 -0.434634829860322 0.0
-0.00343081665389678 -0.372754101604191 0.0
0.000743447673231809 -0.310758889367094 0.0
0.00517452948301288 -0.248655911445174 0.0
0.00986288869130313 -0.186453032941428 0.0
0.0148143601196617 -0.124160236036058 0.0
0.0200423040068893 -0.0617900876907986 0.0
0.0255698404947878 0.000641366215531602 0.0
0.0314319221220718 0.0631142345217121 0.0
0.0376758529373634 0.125604545630887 0.0
0.0443570472128742 0.188085084179938 0.0
0.0515236629486151 0.250526313790678 0.0
0.059178940811824 0.312899096824854 0.0
0.0672051277472723 0.375173253854392 0.0
0.0752847726771838 0.437282447872917 0.0
0.0829546463095902 0.499081777306777 0.0
0.0439856778256782 -0.62169596161753 0.0
0.0470848052416504 -0.560174888805661 0.0
0.0504927644363079 -0.498508524607393 0.0
0.0541946480977923 -0.436704419717705 0.0
0.058180740859301 -0.374767476481165 0.0
0.0624466576187983 -0.312701556244995 0.0
0.0669932091569373 -0.250510597146518 0.0
0.0718271827188166 -0.188199229046569 0.0
0.0769629028493855 -0.125773636256375 0.0
0.0824241951608462 -0.0632419705372902 0.0
0.0882461858098712 -0.00061526119159595 0.0
0.0944762428376033 0.062092005690191 0.0
0.101172163912922 0.124860973543058 0.0
0.108394083711452 0.187667668386601 0.0
0.116183854645569 0.250480698290964 0.0
0.124524467143418 0.313256973288811 0.0
0.13328261964558 0.375927875876324 0.0
0.14216752930641 0.43837694476108 0.0
0.150746773888005 0.500441758150398 0.0
0.105411170721432 -0.623816923770257 0.0
0.108529054091377 -0.562271905210605 0.0
0.111976486916618 -0.500572166310361 0.0
0.115734159671154 -0.438722760694183 0.0
0.119792584974624 -0.376725913088952 0.0
0.124149969552662 -0.314582636778974 0.0
0.128811685495216 -0.252293621307543 0.0
0.133791093623029 -0.18985965813156 0.0
0.139111096408794 -0.1272823911264 0.0
0.144805970126715 -0.0645646833593569 0.0
0.150922781010366 -0.00171158922166082 0.0
0.157521458036358 0.0612687627810283 0.0
0.164671482539911 0.124363450443162 0.0
0.172441914959091 0.187552258493919 0.0
0.180879917612603 0.250801839182931 0.0
0.189974840969279 0.314055383412213 0.0
0.199611871772864 0.377215105003328 0.0
0.209525958934348 0.440124768849773 0.0
0.219244022633204 0.502576327370693 0.0
0.166809810629077 -0.625926452094309 0.0
0.169955110068791 -0.564362940919955 0.0
0.173444213949401 -0.50263415422888 0.0
0.177256565078836 -0.440742008371843 0.0
0.181384372440783 -0.378685893662622 0.0
0.185829034561541 -0.316463751177064 0.0
0.190600729968805 -0.254072592726357 0.0
0.195719450491354 -0.191508743803695 0.0
0.201216625594811 -0.128768453199504 0.0
0.207136920605619 -0.0658481414581028 0.0
0.213539477832414 -0.00274531664648027 0.0
0.220497671320172 0.0605404274577603 0.0
0.228095582871906 0.124005179935463 0.0
0.236418770823345 0.187636880210819 0.0
0.245536207436002 0.251406662096784 0.0
0.255471216341527 0.315254060145224 0.0
0.266158138256867 0.379063316535354 0.0
0.277371319097819 0.442635420011939 0.0
0.288582985817905 0.505674327074581 0.0
0.228172131585428 -0.628078213499391 0.0
0.231350569320411 -0.566504938568082 0.0
0.234880173554934 -0.504755038399509 0.0
0.238742836619712 -0.44282736719398 0.0
0.242933426835507 -0.380718655993727 0.0
0.247456725643194 -0.318423527651089 0.0
0.252327721175697 -0.255934852382035 0.0
0.257572885417822 -0.193243832331973 0.0
0.263231921345332 -0.130340377027615 0.0
0.269359653686417 -0.0672130435536416 0.0
0.276027395045089 -0.00384959657481146 0.0
0.283323082869658 0.0597623433905761 0.0
0.291349027479114 0.12363329658944 0.0
0.300216147791552 0.187767960711774 0.0
0.310033115322741 0.252155605757886 0.0
0.320887618853413 0.316752212412013 0.0
0.332807745492088 0.381447198962201 0.0
0.345665654421026 0.446008014148778 0.0
0.358938102910275 0.510006015826878 0.0
0.289489853538388 -0.630334168940854 0.0
0.292702039840139 -0.568762927811502 0.0
0.296267483498919 -0.507004263208344 0.0
0.300172895172245 -0.445055175833707 0.0
0.304415691793627 -0.382909407275823 0.0
0.309004002611949 -0.320557838696393 0.0
0.313957421241228 -0.257988871946711 0.0
0.319308461947779 -0.195188234215703 0.0
0.325104477008077 -0.132138872341654 0.0
0.33140977837323 -0.0688202486666719 0.0
0.338307431408545 -0.00520807463549236 0.0
0.345900421108906 0.0587261205530502 0.0
0.354311960267414 0.123014452732202 0.0
0.363685501254532 0.187690778669054 0.0
0.374185092781775 0.25278382055021 0.0
0.38599494795649 0.318301558906284 0.0
0.39930400812584 0.384193349513497 0.0
0.414219841539235 0.450260274427303 0.0
0.430449234785494 0.515956310658472 0.0
0.350756301469392 -0.63275703669709 0.0
0.353996869821264 -0.571202791868021 0.0
0.357590882683728 -0.509456645823219 0.0
0.361527763932051 -0.447511365720338 0.0
0.365807595139287 -0.385356598452172 0.0
0.370441781546616 -0.322979600928011 0.0
0.375453978189756 -0.260365061558978 0.0
0.380881766974361 -0.197494120412785 0.0
0.386778839153314 -0.13434337438728 0.0
0.393217464938428 -0.0708831206721796 0.0
0.400290898896329 -0.00707572604358429 0.0
0.408115904965428 0.0571267442337113 0.0
0.416836211446872 0.121785003562351 0.0
0.426629412496181 0.186975678226012 0.0
0.437721434735261 0.252793169197635 0.0
0.450414388040486 0.319348924540034 0.0
0.465129430108976 0.386755804868248 0.0
0.4824385478713 0.4550539239644 0.0
0.502903336331066 0.523911923506248 0.0
