-0.817819123104498 -0.644915735246764 0.0
0.40878283553904 -0.691474303853056 0.0
-0.797171878814697 0.61237245798111 0.0
0.61237245798111 0.61237245798111 0.0
-0.756627166291547 -0.647871169549635 0.0
0.411475604665809 -0.630149685319386 0.0
0.525116127925468 0.593093707675159 0.0
-0.775814771880445 0.543843650967633 0.0
-0.695396753668018 -0.650495223879221 0.0
0.414495225527431 -0.568667062262052 0.0
0.445122815417696 0.582700608155254 0.0
-0.768746714179126 0.477223725296456 0.0
-0.634141364428846 -0.653080436256847 0.0
0.417841133866505 -0.507008733127748 0.0
0.369500495900703 0.576089020365634 0.0
-0.766575853243567 0.412350998076925 0.0
-0.572855487389165 -0.655622582775227 0.0
0.421514027701801 -0.445161391433857 0.0
0.296591918296928 0.571544107753752 0.0
-0.766754298044445 0.348504844396191 0.0
-0.511545382713382 -0.658124285108689 0.0
0.425522588526637 -0.383113312797837 0.0
0.225491752374076 0.568332868492563 0.0
-0.768308900501543 0.285256420783356 0.0
-0.450215134853135 -0.660598547839779 0.0
0.429885736461506 -0.320852228651557 0.0
0.155657728791975 0.566080730575174 0.0
-0.770741165099975 0.222369631350851 0.0
-0.388864629469392 -0.66304912372506 0.0
0.434634711943623 -0.258363538939656 0.0
0.0867243798493032 0.56456119495127 0.0
-0.773747909525803 0.159713760608291 0.0
-0.327491737425574 -0.665468607134863 0.0
0.439815631943643 -0.19562822992289 0.0
0.0184076634947066 0.56359617462507 0.0
-0.777125518618971 0.0972166628744588 0.0
-0.266095198370881 -0.667842621302051 0.0
0.445492426337939 -0.132620836587465 0.0
-0.0495550145186493 0.5629472062933 0.0
-0.780729212336094 0.0348403600740273 0.0
-0.20467625802652 -0.670155248053304 0.0
0.451750056852285 -0.0693064456448602 0.0
-0.117440821627187 0.56188925811664 0.0
-0.784453573472378 -0.0274307379408217 0.0
-0.143239771450875 -0.672393816199361 0.0
0.458697865394681 -0.0056374180945256 0.0
-0.184095115987564 0.564763685602693 0.0
-0.788225462860661 -0.0895955024222753 0.0
-0.0817940925108972 -0.674552479688717 0.0
0.46647364780345 0.0584513389790376 0.0
-0.249574704857258 0.568541780895983 0.0
-0.792018712339463 -0.151636563096223 0.0
-0.0203505910409632 -0.676634591946103 0.0
0.475250182017092 0.123048613789935 0.0
-0.315156757744788 0.568984854029621 0.0
-0.795929274257834 -0.213523743918128 0.0
0.0410776902820527 -0.678654149149121 0.0
0.485248599526297 0.188276872242662 0.0
-0.381451179322026 0.570819612681159 0.0
-0.798971246523069 -0.275336545535317 0.0
0.102476998815473 -0.680636403678509 0.0
0.496766720930207 0.254308072794889 0.0
-0.448578492121385 0.572917004770042 0.0
-0.802157779631288 -0.337205679848628 0.0
0.163834927645221 -0.682617587485262 0.0
0.510238458554581 0.32139377741365 0.0
-0.516298165465774 0.579406893856189 0.0
-0.805736131637381 -0.399038322471436 0.0
0.225142574212955 -0.684643335698396 0.0
0.526359128105404 0.389922712247843 0.0
-0.583871221958597 0.586040452077002 0.0
-0.809017118509055 -0.460710993392953 0.0
0.286396899857071 -0.686765013454931 0.0
0.546375841732462 0.460531904418051 0.0
-0.651661350150665 0.589103262981487 0.0
-0.812209393028161 -0.522215935512614 0.0
0.347604177873241 -0.689032104681923 0.0
0.572872828707786 0.534282003965428 0.0
-0.722387354157332 0.596506783934816 0.0
-0.814987253487563 -0.58361578271683 0.0
-0.753825248024967 -0.586573053555234 0.0
-0.751020671502249 -0.525152940139434 0.0
-0.747872964762318 -0.463611667191146 0.0
-0.744602477433432 -0.4020089248834 0.0
-0.741150896518436 -0.340351182409478 0.0
-0.737982695840382 -0.278629093080641 0.0
-0.73476113908994 -0.216673144974173 0.0
-0.730848564931566 -0.154464802808011 0.0
-0.727024637969058 -0.092206124437031 0.0
-0.723227921239662 -0.0298583676539026 0.0
-0.71949111570517 0.0326085214421203 0.0
-0.71588824977493 0.0952234472094381 0.0
-0.712529738498785 0.158021704916597 0.0
-0.70957230322515 0.221049734770383 0.0
-0.707242989902579 0.284363984185792 0.0
-0.705888573912943 0.348015970050831 0.0
-0.706084815919751 0.411990236662615 0.0
-0.708907789962846 0.475983144704496 0.0
-0.716587149637929 0.538585192831527 0.0
-0.692626726678154 -0.589195767862766 0.0
-0.689754983968474 -0.52780416372975 0.0
-0.686639944216699 -0.466289770285747 0.0
-0.683373763907292 -0.404660748112055 0.0
-0.680014850534996 -0.342885506801268 0.0
-0.676755505683766 -0.281002704296186 0.0
-0.673347592995422 -0.219019799645444 0.0
-0.669561584456598 -0.156859949499765 0.0
-0.665760000861677 -0.0945705119082057 0.0
-0.661971838996656 -0.0321514504306402 0.0
-0.658250497885152 0.0304071623291187 0.0
-0.654680169101254 0.0931169333150234 0.0
-0.651380688551748 0.155986033936973 0.0
-0.648519214798401 0.219010057179838 0.0
-0.646331103780241 0.282150827063121 0.0
-0.645154120255744 0.345293245536731 0.0
-0.645477061594718 0.408159576568016 0.0
-0.647924617751037 0.470157183256381 0.0
-0.651474466069281 0.530311512797867 0.0
-0.631375719661523 -0.59178654646408 0.0
-0.628473615371271 -0.530381301266813 0.0
-0.625377219321853 -0.468844461921826 0.0
-0.622143287953868 -0.407171336568791 0.0
-0.618831207841003 -0.345364594590749 0.0
-0.615495661678787 -0.283458927508467 0.0
-0.6119950441265 -0.221441779091174 0.0
-0.608262913416042 -0.159273232151411 0.0
-0.60448377721993 -0.0969742677535336 0.0
-0.600713677932499 -0.0345523517742969 0.0
-0.597017634440288 0.0279861966265765 0.0
-0.593485085955169 0.0906287912967732 0.0
-0.590236492035507 0.153348732413104 0.0
-0.587430979400841 0.216094470903719 0.0
-0.585274616756797 0.278773441373757 0.0
-0.58402080615643 0.341233234898464 0.0
-0.583914773442919 0.403247924974376 0.0
-0.584729920498405 0.464551780512301 0.0
-0.584173125395599 0.525274292513444 0.0
-0.570092586446315 -0.594322769720301 0.0
-0.567183890032128 -0.532901409722754 0.0
-0.564108894480781 -0.471347078651133 0.0
-0.56090312133441 -0.40966084270732 0.0
-0.557602274221829 -0.347853509544294 0.0
-0.554214153765073 -0.285941552241417 0.0
-0.55066790471751 -0.223916068729608 0.0
-0.546958419028538 -0.161763441425446 0.0
-0.543193355076463 -0.0995001946317085 0.0
-0.539434210230887 -0.037142802253688 0.0
-0.53574921248055 0.0252871274700493 0.0
-0.532225519513277 0.087757125236617 0.0
-0.528973880208465 0.150217446803367 0.0
-0.526130670061725 0.212594034884437 0.0
-0.523853274751839 0.27477984465862 0.0
-0.522288546193912 0.336626871579683 0.0
-0.521422461539841 0.397942624229686 0.0
-0.520546548425936 0.458548344227599 0.0
-0.516623444971254 0.518381410956195 0.0
-0.508789000855602 -0.596820896190322 0.0
-0.505887194539575 -0.535392572243029 0.0
-0.502832076681038 -0.473834688757406 0.0
-0.499643229649278 -0.41215170578325 0.0
-0.496338316232575 -0.350354115228037 0.0
-0.492913264278264 -0.288452249169717 0.0
-0.489338112596252 -0.226445225261663 0.0
-0.485630033303336 -0.164334727465171 0.0
-0.481861107049522 -0.102139484339887 0.0
-0.478089738466505 -0.0398831886457269 0.0
-0.474380701995313 0.0224028660604747 0.0
-0.470812381706576 0.0846759924125459 0.0
-0.467478359844754 0.146877714998963 0.0
-0.464483656468179 0.208929200400713 0.0
-0.461927319343861 0.27072493200185 0.0
-0.459840952589261 0.332126668307852 0.0
-0.457999721638922 0.392968810695381 0.0
-0.455451533008586 0.453110666819898 0.0
-0.450756302861227 0.512771532836647 0.0
-0.44746918730832 -0.599295235913477 0.0
-0.444580241911195 -0.537867120041681 0.0
-0.441540769630304 -0.476313509382605 0.0
-0.43835874587823 -0.414640657342318 0.0
-0.435041294049107 -0.352858799451515 0.0
-0.431584238402444 -0.290977523003144 0.0
-0.42797968601308 -0.22900252839486 0.0
-0.424251565612513 -0.16694389818915 0.0
-0.420452996692014 -0.104822473389294 0.0
-0.416635397531898 -0.042664942505379 0.0
-0.412855433618488 0.0194948037847358 0.0
-0.409177996445403 0.0816136622739917 0.0
-0.405674271839687 0.143637032282441 0.0
-0.402411777806315 0.205497240930537 0.0
-0.399424791459824 0.267112710968038 0.0
-0.396636039347547 0.32839520896795 0.0
-0.393685268178687 0.389283760353903 0.0
-0.389849422207839 0.449869556249803 0.0
-0.385229364589684 0.51057209831922 0.0
-0.386133241527636 -0.601747120845785 0.0
-0.383259025903833 -0.540321448807234 0.0
-0.38022966032753 -0.4787737966052 0.0
-0.377045122566304 -0.417111646887608 0.0
-0.373707323220297 -0.355345346388387 0.0
-0.370214926415954 -0.293485112881682 0.0
-0.3665711068273 -0.231540594406112 0.0
-0.362800083991593 -0.169525570936283 0.0
-0.358942723942964 -0.107460936813041 0.0
-0.355041687231562 -0.045372554928548 0.0
-0.351142920617588 0.0167081226903107 0.0
-0.347295463423284 0.0787433241255935 0.0
-0.343546408778437 0.140688296808166 0.0
-0.339926305391231 0.202492174483591 0.0
-0.336414363810072 0.264101479240715 0.0
-0.332868202393342 0.32547438350122 0.0
-0.328951723572562 0.386620796867651 0.0
-0.324317628024869 0.447655023078024 0.0
-0.318983334491974 0.508560154160699 0.0
-0.324779763701078 -0.604166589201241 0.0
-0.32191992319295 -0.5427415014105 0.0
-0.31889427389343 -0.481196736514455 0.0
-0.315698034557299 -0.419540602894369 0.0
-0.312331197940812 -0.357783500567224 0.0
-0.308795256820915 -0.29593606822619 0.0
-0.305098265310231 -0.234009606383682 0.0
-0.301261951889527 -0.172018707344596 0.0
-0.297317771671107 -0.109982815523664 0.0
-0.293299034320227 -0.0479252387329841 0.0
-0.289239994730069 0.0141264971325406 0.0
-0.285173525701356 0.0761405369379854 0.0
-0.281124012280146 0.13808094365055 0.0
-0.277090986381079 0.199910235947588 0.0
-0.273017379813019 0.261596212314453 0.0
-0.268746636711503 0.323131657492305 0.0
-0.264025273437245 0.384570532955511 0.0
-0.258595320605676 0.446036717201468 0.0
-0.252026701457424 0.507694338497245 0.0
-0.26340792879514 -0.606537582216645 0.0
-0.260560702169609 -0.545108609374393 0.0
-0.257531862844317 -0.483560587690339 0.0
-0.254314855634265 -0.421902346923511 0.0
-0.250909738406585 -0.360144098030146 0.0
-0.247320073879523 -0.298296363621735 0.0
-0.243555355145385 -0.236370660510988 0.0
-0.239633563184891 -0.174381076280227 0.0
-0.235578006286093 -0.112345353360878 0.0
-0.231412567579849 -0.0502846041521684 0.0
-0.227159715452658 0.0117761049662576 0.0
-0.222837015711705 0.0738074346619661 0.0
-0.218449500773471 0.135775628534766 0.0
-0.213975235092505 0.197644246196634 0.0
-0.209344394520014 0.259378654271024 0.0
-0.204426386386923 0.320956205048297 0.0
-0.19905365723894 0.382370858693636 0.0
-0.193039430927977 0.443612075544974 0.0
-0.185705418447392 0.504617315458748 0.0
-0.20201846874423 -0.608843484547056 0.0
-0.199180920533221 -0.547405059738021 0.0
-0.196141733887559 -0.485846378375487 0.0
-0.192895263755557 -0.424176569622735 0.0
-0.189442792580269 -0.362405394978393 0.0
-0.185789099918031 -0.300542814754997 0.0
-0.181943097286006 -0.238599822145277 0.0
-0.177918275812511 -0.176589577980901 0.0
-0.173730185084992 -0.114528453486068 0.0
-0.169393087792152 -0.0524362863380812 0.0
-0.164917471704297 0.00966260317190036 0.0
-0.160306125199094 0.0717385645654213 0.0
-0.155547231640786 0.13375563239382 0.0
-0.150604113700758 0.195671639577282 0.0
-0.145406035879084 0.257438644350458 0.0
-0.139852631717007 0.319002667608946 0.0
-0.133840452779966 0.380293880303931 0.0
-0.127266826487831 0.44120680665547 0.0
-0.120491148705644 0.501775030471585 0.0
-0.140614470674615 -0.611071762738999 0.0
-0.137782410352001 -0.549618489445787 0.0
-0.134725654593735 -0.488041978895713 0.0
-0.131441688593328 -0.426351414998315 0.0
-0.127933559479991 -0.364555807608445 0.0
-0.124206397363118 -0.302664155447869 0.0
-0.12026715139951 -0.24068642890186 0.0
-0.11612413836917 -0.1786345334565 0.0
-0.11178492903106 -0.116523389336714 0.0
-0.107253601828839 -0.0543714567325479 0.0
-0.102528013463745 0.00779810468042491 0.0
-0.097595906680901 0.0699566034640278 0.0
-0.0924294186925753 0.13206909968089 0.0
-0.086979297295306 0.194095195849013 0.0
-0.0811741719589459 0.255990928808829 0.0
-0.0749336825094216 0.317713988083227 0.0
-0.0682027539017544 0.379236366209946 0.0
-0.0611014387533068 0.440606468171455 0.0
-0.054525017675018 0.502003546413969 0.0
-0.0792012587433424 -0.613217329828194 0.0
-0.0763690898314098 -0.551744899077545 0.0
-0.0732876823643683 -0.490144626628993 0.0
-0.0699591773949787 -0.428425356522045 0.0
-0.0663883619628255 -0.36659493214976 0.0
-0.0625798030921203 -0.304660926711697 0.0
-0.0585373963798171 -0.242631737464611 0.0
-0.0542635951038988 -0.180517432845506 0.0
-0.0497575184530571 -0.11833078796803 0.0
-0.0450124587082264 -0.0560878159993556 0.0
-0.0400131545636735 0.00619121205008605 0.0
-0.0347324570673216 0.0684812737582737 0.0
-0.0291279883821869 0.130752431630506 0.0
-0.0231413103924038 0.192971325133853 0.0
-0.0167055869527401 0.255103926883231 0.0
-0.00977151785676972 0.317122554752275 0.0
-0.00237950748361986 0.37902190000667 0.0
0.00515861112375341 0.44082759632566 0.0
0.0122047662055546 0.502435893125958 0.0
-0.0177861400740497 -0.615284760295908 0.0
-0.0149468761193733 -0.553790595178507 0.0
-0.0118342288875105 -0.492162517204013 0.0
-0.00845557048523924 -0.430408427079432 0.0
-0.00481686196720733 -0.36853448668492 0.0
-0.000921156022271917 -0.306546332322925 0.0
0.00323159149231354 -0.244450190756035 0.0
0.00764537364139257 -0.182253585116866 0.0
0.0123299216375369 -0.119966260806897 0.0
0.0173030455674772 -0.0576006297068155 0.0
0.0225931023675774 0.0048273378984606 0.0
0.0282413212896049 0.0672977291502057 0.0
0.0343025474212838 0.129786417492988 0.0
0.040841061428545 0.192265849193962 0.0
0.0479148459309294 0.25470592725074 0.0
0.0555365662392112 0.317076801466893 0.0
0.0635943098742408 0.379347550312794 0.0
0.0717706779131762 0.441449631235106 0.0
0.0796031285512293 0.503233228684278 0.0
0.0436225014639046 -0.617289665381585 0.0
0.0464768597275 -0.555773421190856 0.0
0.0496262620286579 -0.494115875263869 0.0
0.0530587147099265 -0.43232322132566 0.0
0.056768122017528 -0.370399432751236 0.0
0.060753863859025 -0.308347757425905 0.0
0.0650205905292719 -0.246171722450405 0.0
0.0695791328014419 -0.18387566276463 0.0
0.0744482779851081 -0.121465524893867 0.0
0.0796569854429934 -0.0589492472653236 0.0
0.0852464576086945 0.00366233708527191 0.0
0.0912713373860659 0.0663549017609986 0.0
0.0977980666031026 0.129109663971037 0.0
0.104896718598596 0.191902556200014 0.0
0.112619777092774 0.25470182368975 0.0
0.120960065034621 0.317463609243024 0.0
0.129791405568425 0.380117694769113 0.0
0.138827510104835 0.442544621170383 0.0
0.147641961566735 0.504578467672162 0.0
0.10501549854808 -0.619259297446207 0.0
0.107893093187686 -0.557723272798355 0.0
0.11108292564309 -0.496037390153903 0.0
0.114570291828927 -0.434205375911797 0.0
0.118350296318664 -0.372228668979977 0.0
0.122425515740547 -0.31010782685608 0.0
0.126805622129216 -0.247843259925742 0.0
0.131508465522079 -0.185435553759968 0.0
0.136561922806419 -0.122886152739113 0.0
0.142006035011144 -0.0601976912299447 0.0
0.147894725903167 0.00262504058284432 0.0
0.154296133646519 0.0655741878572297 0.0
0.161289439176111 0.12863704777622 0.0
0.168954758874973 0.191793460410991 0.0
0.177351060738104 0.255009799133942 0.0
0.186479127373285 0.318228355981772 0.0
0.196234147137188 0.38134944861336 0.0
0.206359770128151 0.444213940674089 0.0
0.21639150231903 0.506611399462251 0.0
0.166383965871686 -0.621232269388522 0.0
0.169291668106993 -0.559681686637026 0.0
0.172522956078284 -0.49797172574485 0.0
0.176063433218999 -0.436103186040024 0.0
0.179910681699456 -0.374074931501736 0.0
0.184070927457629 -0.31188468235785 0.0
0.188559003007071 -0.24952936156427 0.0
0.193399753361928 -0.187005228162374 0.0
0.198630024249121 -0.124308420983861 0.0
0.204300809121483 -0.0614351766161177 0.0
0.210478818450625 0.00161725333232644 0.0
0.217246503579867 0.0648495677706016 0.0
0.224698678854579 0.12825810816648 0.0
0.232933209505245 0.191830896547637 0.0
0.242032564981991 0.255538773744919 0.0
0.252034124035506 0.319320304638256 0.0
0.26288619688615 0.383057792934182 0.0
0.274376372650427 0.446549518319066 0.0
0.285988284283415 0.50949777870705 0.0
0.22771999153869 -0.623256920007112 0.0
0.230661547873138 -0.561699971657966 0.0
0.233932095687402 -0.4999736513442 0.0
0.237520845967612 -0.438076115841902 0.0
0.241428540039715 -0.37600394245775 0.0
0.245665067613719 -0.313751842081368 0.0
0.250250304277391 -0.251312838087669 0.0
0.255215848578146 -0.188678250929161 0.0
0.26060718405968 -0.125838022710916 0.0
0.266485951141288 -0.0627806436773694 0.0
0.272931662976843 0.000506269288695882 0.0
0.280042132987013 0.0640352710276352 0.0
0.287931421556492 0.127816991289642 0.0
0.296724149028288 0.191856024856791 0.0
0.306544625582072 0.256141108634057 0.0
0.317498064425212 0.320626958500221 0.0
0.329631715768064 0.385200701511314 0.0
0.342837243222409 0.449626647999112 0.0
0.356608113265843 0.513474410131627 0.0
0.289016851208298 -0.625387419776536 0.0
0.291991080455896 -0.563835007855892 0.0
0.295295576456961 -0.50210437589408 0.0
0.29892490377722 -0.440192428197039 0.0
0.302882537366767 -0.378093227231534 0.0
0.307181808298991 -0.315798091331285 0.0
0.311847310713032 -0.253295834869255 0.0
0.31691687072413 -0.190572513641639 0.0
0.322443907863533 -0.127611303277778 0.0
0.328499957261025 -0.0643918097946997 0.0
0.335176831352907 -0.000889846439469597 0.0
0.342588109835275 0.0629229189267141 0.0
0.350869736566604 0.127078303804816 0.0
0.360180337693435 0.191609523069065 0.0
0.370702038358574 0.256544040427709 0.0
0.382640746596028 0.321887546351236 0.0
0.396211385524966 0.387585504038663 0.0
0.411550938844815 0.453433160202016 0.0
0.428394073840898 0.518879076073125 0.0
0.350269575531741 -0.627675455441211 0.0
0.35327005471091 -0.566141299431495 0.0
0.356601171511049 -0.504427362779096 0.0
0.360260111690128 -0.4425271192442 0.0
0.364252885410612 -0.380430992938412 0.0
0.368596034067915 -0.318126950028459 0.0
0.373318234421288 -0.255600304052631 0.0
0.378462492935516 -0.192832752393301 0.0
0.38408877640995 -0.129801406732496 0.0
0.390276890477276 -0.0664770746257317 0.0
0.397129270764583 -0.00282269113439191 0.0
0.404773875824596 0.0612089472772315 0.0
0.413368045156125 0.125677492415676 0.0
0.423105975299496 0.190657912602197 0.0
0.434234199038567 0.256241915969328 0.0
0.447081193329247 0.322536427084351 0.0
0.462102840272444 0.389646428201954 0.0
0.47991665173883 0.457598076657332 0.0
0.501137860334105 0.526037755638618 0.0
