-0.815793130056578 -0.644136483646687 0.0
0.410528365417911 -0.686043085113262 0.0
-0.803297829627991 0.61237245798111 0.0
0.61237245798111 0.61237245798111 0.0
-0.754589678137915 -0.646792215169379 0.0
0.412977400446856 -0.624721444564998 0.0
0.524603069793688 0.59471885237689 0.0
-0.78080108916941 0.544187345454743 0.0
-0.693352105197892 -0.649126995128196 0.0
0.415718580137268 -0.563256398144229 0.0
0.44423002027678 0.585338572481344 0.0
-0.77301186947665 0.477702639869839 0.0
-0.632092517312279 -0.651422917187485 0.0
0.418758834171754 -0.501632694166862 0.0
0.368272649263968 0.579361864522641 0.0
-0.770307975370759 0.412915374582474 0.0
-0.570806349787945 -0.65367693180334 0.0
0.422104817409856 -0.439838656574031 0.0
0.295053350093808 0.575206501997833 0.0
-0.770041506357146 0.349131363952771 0.0
-0.509500303635456 -0.65589356477995 0.0
0.42577046315413 -0.377863817170187 0.0
0.223660271674418 0.572215691247668 0.0
-0.771197064300259 0.285929182174903 0.0
-0.448178692483151 -0.658087639302098 0.0
0.429779819544155 -0.315696999905851 0.0
0.153547381462692 0.57006150081797 0.0
-0.77325522163789 0.22307689617056 0.0
-0.386841520031203 -0.660264866741275 0.0
0.434169545990082 -0.25332462734266 0.0
0.0843456155339894 0.568547267633642 0.0
-0.775901659935278 0.160446895802665 0.0
-0.325486615770337 -0.662419785052704 0.0
0.438991796944606 -0.190728681501178 0.0
0.0157665742967711 0.567513725270698 0.0
-0.778926900740864 0.0979694381241961 0.0
-0.264112464552908 -0.664539769561291 0.0
0.444317450324497 -0.127884696358584 0.0
-0.0524581722805499 0.566731440497008 0.0
-0.782183392372896 0.0356083075926613 0.0
-0.20271981319544 -0.666610340512649 0.0
0.450239599708879 -0.064758808246251 0.0
-0.120612909301364 0.565469920144042 0.0
-0.785564789888234 -0.0266509573357378 0.0
-0.141312761756964 -0.668619870914748 0.0
0.456877174570643 -0.00130456950746564 0.0
-0.187515010446389 0.568206016751548 0.0
-0.788997975357191 -0.08880676654723 0.0
-0.0798986534884504 -0.670563089823235 0.0
0.464379298578928 0.0625416105538195 0.0
-0.253195079037722 0.571825085640796 0.0
-0.792456643060054 -0.15084211268559 0.0
-0.0184876012538876 -0.672443364393589 0.0
0.472932197230978 0.126866419039874 0.0
-0.318966977456782 0.571960678001207 0.0
-0.796032449205891 -0.21272843952936 0.0
0.0429088366946441 -0.674274012057916 0.0
0.482773240408628 0.191789142368756 0.0
-0.385494624877739 0.573484072872971 0.0
-0.798766781520108 -0.27453641333683 0.0
0.104278585788867 -0.676078727858784 0.0
0.494220636183384 0.257476657812531 0.0
-0.452892599401219 0.575226560685898 0.0
-0.801647314945491 -0.336399624443522 0.0
0.165611047206 -0.67789104319335 0.0
0.507735488540579 0.324171966861656 0.0
-0.52091797871195 0.581431419762244 0.0
-0.80491084548988 -0.398231561804335 0.0
0.226899137189062 -0.679752393487052 0.0
0.524052072850734 0.392248316508868 0.0
-0.588768910508666 0.587736145038239 0.0
-0.807885400874 -0.45990694806248 0.0
0.288141424039229 -0.681707996332677 0.0
0.544477417971361 0.462311705018466 0.0
-0.656820032846403 0.590308107063508 0.0
-0.810772912439251 -0.52141908603061 0.0
0.349345163340583 -0.683798746506369 0.0
0.571692986357321 0.535351241533161 0.0
-0.727931397254538 0.597171505105963 0.0
-0.81325694517315 -0.582826368982621 0.0
-0.752083248993766 -0.585483966467807 0.0
-0.749573095473713 -0.524056895343761 0.0
-0.746728121432915 -0.462509516299219 0.0
-0.743762971919832 -0.400901421153858 0.0
-0.740622988052339 -0.339238341577481 0.0
-0.737760869157177 -0.277515162459354 0.0
-0.734850659627651 -0.215563768746962 0.0
-0.73127249318853 -0.153361214951893 0.0
-0.727784403487952 -0.0911089299941894 0.0
-0.724327083956333 -0.0287683839166713 0.0
-0.720933433881094 0.0336900981314365 0.0
-0.717677674028433 0.0962950375970745 0.0
-0.714671357414437 0.159081285380787 0.0
-0.712074237049008 0.222094736935039 0.0
-0.710119586328077 0.285391089665018 0.0
-0.709165711993586 0.349020425707515 0.0
-0.709808940081434 0.41296327333955 0.0
-0.713161699858251 0.476902291520444 0.0
-0.721512736500221 0.539379122719244 0.0
-0.690877164151466 -0.587816990940435 0.0
-0.688301039500348 -0.526415860109593 0.0
-0.685486842617462 -0.464893413291276 0.0
-0.682525513830597 -0.40325804144584 0.0
-0.679475508594575 -0.341479442360486 0.0
-0.676524897691967 -0.279595753477685 0.0
-0.673433122413346 -0.217612465917422 0.0
-0.669977360859502 -0.155453236244853 0.0
-0.666510444030488 -0.0931654015550214 0.0
-0.66306088444778 -0.0307483520120425 0.0
-0.659681689757313 0.0318081307585117 0.0
-0.656457065006811 0.0945158377866566 0.0
-0.653507904519392 0.157383029933121 0.0
-0.651004257229239 0.220405173839442 0.0
-0.64918722243618 0.283543363696633 0.0
-0.648404524168358 0.346680158443157 0.0
-0.649160671352324 0.409531543295063 0.0
-0.652100788192525 0.471490736672849 0.0
-0.656175491493929 0.531577338673874 0.0
-0.629622199506476 -0.590117513402764 0.0
-0.627015862169746 -0.528701802798398 0.0
-0.624218932746452 -0.467156119715493 0.0
-0.62128837393659 -0.405476202590755 0.0
-0.618283517938503 -0.343664732015164 0.0
-0.615258559361491 -0.281755354129596 0.0
-0.612076410535497 -0.219734728519311 0.0
-0.608672743817102 -0.157563100537727 0.0
-0.605227184154834 -0.0952611897072892 0.0
-0.601794526962848 -0.0328358723284824 0.0
-0.598439023719226 0.0297069913861355 0.0
-0.595249897594331 0.0923551294230736 0.0
-0.592348415440552 0.155081919740974 0.0
-0.589896135267982 0.217835423911612 0.0
-0.588103849300823 0.280521773977648 0.0
-0.587232504330032 0.34298564201347 0.0
-0.587536690879779 0.404996013976559 0.0
-0.588787422129552 0.466283464874474 0.0
-0.588618196043402 0.526996701998797 0.0
-0.568338614547707 -0.592365183286548 0.0
-0.565724912632668 -0.53093286759544 0.0
-0.56294779502011 -0.46936910620776 0.0
-0.560043920694798 -0.407675092458638 0.0
-0.557049591260904 -0.3458612826466 0.0
-0.553973348070547 -0.28394338176937 0.0
-0.550746735363482 -0.221911932065769 0.0
-0.547364887883732 -0.15975314051344 0.0
-0.543932512530364 -0.0974831474617478 0.0
-0.540509575203641 -0.0351179100538643 0.0
-0.537163235464285 0.0273213370951491 0.0
-0.533980147361474 0.0898022454833611 0.0
-0.531071476837584 0.152274772404763 0.0
-0.528575338910256 0.214663871076148 0.0
-0.526652434737923 0.276860427384052 0.0
-0.525453974845223 0.338712889085308 0.0
-0.524966943511496 0.400024097628327 0.0
-0.524461508419472 0.460614110569409 0.0
-0.520801772096368 0.520434041202767 0.0
-0.507038047320869 -0.594578074545963 0.0
-0.504429694411129 -0.533138569621612 0.0
-0.501670757261247 -0.471570856843434 0.0
-0.498782635613586 -0.409879353025629 0.0
-0.495784054389697 -0.348074122819728 0.0
-0.49267185911433 -0.286164855736572 0.0
-0.489417133847221 -0.224150154830272 0.0
-0.486036430539868 -0.162031367525581 0.0
-0.482599583396828 -0.0998268237046791 0.0
-0.479163266632527 -0.0375598310095643 0.0
-0.475790875478507 0.0247384958920961 0.0
-0.472559904917734 0.0870253010029719 0.0
-0.469563779611753 0.149241411915723 0.0
-0.466908258455659 0.211306527530037 0.0
-0.46469377173843 0.273112614696411 0.0
-0.462952227239306 0.334517738276589 0.0
-0.461451596974033 0.395352260906468 0.0
-0.459208208032003 0.455474657383031 0.0
-0.454740895060886 0.515112183192878 0.0
-0.44572477627734 -0.596772327029915 0.0
-0.443127134468258 -0.535333170497223 0.0
-0.440382120567656 -0.473769792942535 0.0
-0.437499954903749 -0.412088291640344 0.0
-0.434488990434654 -0.350298433940689 0.0
-0.431345732734915 -0.288409213153874 0.0
-0.428062427121873 -0.226425818477286 0.0
-0.424661864256269 -0.164357933711358 0.0
-0.421195062755064 -0.102226029334047 0.0
-0.417711463810932 -0.0400565220357356 0.0
-0.414265972132668 0.0221167341877475 0.0
-0.410922065658242 0.0842503187914279 0.0
-0.407749976169216 0.146288832755118 0.0
-0.404816632069987 0.208163204762154 0.0
-0.40215532813221 0.26978984001973 0.0
-0.399684884241164 0.331078256685177 0.0
-0.397032056181123 0.391966561257296 0.0
-0.393449515874499 0.452549864087634 0.0
-0.389048833945627 0.513256397232077 0.0
-0.384398953246975 -0.598951286915285 0.0
-0.381813386502051 -0.537515187753732 0.0
-0.37907678002783 -0.475958436045122 0.0
-0.376191532405666 -0.41428825105961 0.0
-0.373160692979126 -0.352514466013627 0.0
-0.369983197669259 -0.290646710647175 0.0
-0.366661676251451 -0.228694110249764 0.0
-0.363218785735027 -0.166670015533794 0.0
-0.359693152892166 -0.104594964769618 0.0
-0.356125128417085 -0.0424945932540362 0.0
-0.352558424652918 0.0195996568484476 0.0
-0.349040010206896 0.0816497288975144 0.0
-0.345615055892335 0.143610231370301 0.0
-0.342312016928165 0.205429300527489 0.0
-0.339106764679999 0.267052266176825 0.0
-0.335849825503538 0.328436501402227 0.0
-0.332191529822335 0.38959282822252 0.0
-0.327771914560756 0.450638733815963 0.0
-0.322606575749584 0.511552512692788 0.0
-0.323059143251215 -0.601106966901094 0.0
-0.320484880358904 -0.539672580634816 0.0
-0.317750368088366 -0.478120030628475 0.0
-0.314853170806082 -0.416457241998493 0.0
-0.311794117815535 -0.354694039688384 0.0
-0.308574472454834 -0.292840451876859 0.0
-0.305201154931724 -0.230907232366332 0.0
-0.301693908646696 -0.168908515736488 0.0
-0.298081650644739 -0.106863378981211 0.0
-0.294394963812125 -0.0447948916273124 0.0
-0.290665311192711 0.0172694732728102 0.0
-0.286922738887467 0.0792976827446749 0.0
-0.283188647794707 0.141253374937311 0.0
-0.279458969300318 0.203098458985212 0.0
-0.275671320976771 0.264800196404554 0.0
-0.271660473922662 0.326351555795992 0.0
-0.267160976490641 0.387808362493486 0.0
-0.261902463734785 0.449297573960238 0.0
-0.255432846162843 0.510986889072694 0.0
-0.261704339033078 -0.603225062118885 0.0
-0.259139309311001 -0.541788431276326 0.0
-0.256400138030414 -0.480234574200809 0.0
-0.253482289791883 -0.418571798648129 0.0
-0.25038617911068 -0.356809663536407 0.0
-0.247114571994368 -0.294958043122368 0.0
-0.243675266672014 -0.233027879200313 0.0
-0.240083810726536 -0.171032775667509 0.0
-0.236360577432318 -0.10899008880762 0.0
-0.232526236172348 -0.0469206709458214 0.0
-0.228599837569188 0.0151505033371769 0.0
-0.224595297133307 0.0771939789689086 0.0
-0.220513571724453 0.139175655815361 0.0
-0.216327747865084 0.201058554218052 0.0
-0.211961303904935 0.2628074464302 0.0
-0.207274607690638 0.324399263862992 0.0
-0.202089308131733 0.385827561092308 0.0
-0.196205554771837 0.447080381874564 0.0
-0.188909111324789 0.508091257897194 0.0
-0.200334915125768 -0.605290378830453 0.0
-0.197776018237518 -0.543846421085042 0.0
-0.195025286381416 -0.48228445130702 0.0
-0.192078518815997 -0.420612921661055 0.0
-0.18893672180038 -0.358840858272894 0.0
-0.185603256680583 -0.296977534079606 0.0
-0.18208477981941 -0.235033345032411 0.0
-0.178391872538509 -0.173020951533344 0.0
-0.174536688855156 -0.110956325087236 0.0
-0.170529733730737 -0.0488590269063553 0.0
-0.1663773926322 0.01324673758299 0.0
-0.162077926431183 0.0753312252147326 0.0
-0.157614342550982 0.137358124419186 0.0
-0.152943740110383 0.199284631141774 0.0
-0.147987658695972 0.261061828827883 0.0
-0.142636462568334 0.322634217239023 0.0
-0.136776426962985 0.383929223464073 0.0
-0.130292520843882 0.444836377691871 0.0
-0.123547261910486 0.505388371541068 0.0
-0.138953418560054 -0.607291398636205 0.0
-0.136396490385692 -0.545835159848651 0.0
-0.133627359469706 -0.484258451649312 0.0
-0.130644134835308 -0.422569619192904 0.0
-0.127448826518583 -0.360776860324907 0.0
-0.124044485101226 -0.298888458292814 0.0
-0.120435240951046 -0.236913775759565 0.0
-0.116626005272095 -0.174864208559646 0.0
-0.112620452249828 -0.112754260705874 0.0
-0.108418314900041 -0.0506020831202185 0.0
-0.104012615521897 0.0115693370554563 0.0
-0.099385650560018 0.0737313037755431 0.0
-0.0945032757537103 0.135848650451648 0.0
-0.0893088363219536 0.197880485628611 0.0
-0.0837222639137403 0.259782028891952 0.0
-0.0776534613727034 0.321509749951635 0.0
-0.0710374124345085 0.38303413862328 0.0
-0.0639895267189951 0.444403971282353 0.0
-0.0574307825192162 0.505803869013064 0.0
-0.0775644595489117 -0.609223569121655 0.0
-0.0750041701526195 -0.54775112515841 0.0
-0.0722100850413034 -0.4861542217707 0.0
-0.0691839190848632 -0.424440712224019 0.0
-0.0659285667865544 -0.362617573764991 0.0
-0.0624458378639683 -0.300691657431121 0.0
-0.0587362532167577 -0.238670757328235 0.0
-0.0547983612887772 -0.176564427584196 0.0
-0.0506268655683153 -0.114384999921737 0.0
-0.0462101023046514 -0.0521481156467428 0.0
-0.0415272214727302 0.0101262380878804 0.0
-0.036544702075647 0.0724132062856676 0.0
-0.031212814638807 0.134682865429819 0.0
-0.0254646371067565 0.196901670558873 0.0
-0.0192238134487248 0.259035163950594 0.0
-0.0124312011815056 0.321055005338532 0.0
-0.00511951710091712 0.382955456473651 0.0
0.00239789045890436 0.444762631262014 0.0
0.00947376194369685 0.506368055572954 0.0
-0.0161744788432362 -0.611091423061234 0.0
-0.0136043914547146 -0.549600503227615 0.0
-0.0107794360319438 -0.487979753006371 0.0
-0.0077053166881299 -0.426235965663437 0.0
-0.00438520071175273 -0.364374424652295 0.0
-0.000818722469590227 -0.302400070889121 0.0
0.00299806472813848 -0.240318555148616 0.0
0.0070735411982033 -0.178136892973763 0.0
0.0114223671208759 -0.115864359057247 0.0
0.0160679156192399 -0.0535129201230814 0.0
0.0210448763321875 0.00890186697205344 0.0
0.0264017448494749 0.0713604478593072 0.0
0.0322017189416765 0.133838957316786 0.0
0.0385185336589496 0.196309940076072 0.0
0.0454203631188948 0.258743155733215 0.0
0.0529295643023136 0.321108347210963 0.0
0.0609406194271765 0.383373934613115 0.0
0.0691372392520816 0.445469303921178 0.0
0.0770578618236013 0.507240298335724 0.0
0.0452091269288682 -0.612909813997801 0.0
0.0477961541829882 -0.551400270498434 0.0
0.0506567048929724 -0.489754301384242 0.0
0.0537818124541713 -0.427976947386847 0.0
0.0571690554304571 -0.366071354938253 0.0
0.0608218367331581 -0.304040150811688 0.0
0.064749185495743 -0.241886348616035 0.0
0.0689667646460155 -0.179613810074272 0.0
0.0734987751555357 -0.117228007076019 0.0
0.0783803176427751 -0.0547363830116845 0.0
0.0836596331460227 0.00785074279896948 0.0
0.0893994693702646 0.0705195511268518 0.0
0.0956755490500382 0.133251705214013 0.0
0.102568308756378 0.19602343074101 0.0
0.110141132269924 0.258802988743357 0.0
0.118396962382975 0.321546096935634 0.0
0.127217266684689 0.384181286585079 0.0
0.136320874083196 0.446586571159307 0.0
0.145287247732408 0.50859295543075 0.0
0.106578260342718 -0.614704317781898 0.0
0.109189218883722 -0.553178492488888 0.0
0.112088195464727 -0.491508605341957 0.0
0.115264864063066 -0.429697297325629 0.0
0.118718783688803 -0.367745314965831 0.0
0.122457063731755 -0.305652729071105 0.0
0.12649415893867 -0.243419548583729 0.0
0.130853141291509 -0.181045966329412 0.0
0.135567738610865 -0.118532995361091 0.0
0.140684662178675 -0.0558827781669784 0.0
0.146265521897669 0.0069004454095248 0.0
0.152387330427109 0.0698093988591598 0.0
0.159139416900201 0.132831920296685 0.0
0.166613184057541 0.195948243845313 0.0
0.174879497813391 0.259124827085843 0.0
0.183950692045376 0.322303484909676 0.0
0.19373227019423 0.385383186543205 0.0
0.203977070883881 0.448202565045781 0.0
0.214229577774557 0.510549243071237 0.0
0.16792514834143 -0.616510659022116 0.0
0.170565549780574 -0.554973603966965 0.0
0.17350319010134 -0.493284088021719 0.0
0.176729215070682 -0.43144204154681 0.0
0.180246263139201 -0.369445863264488 0.0
0.184065479578455 -0.307292990480289 0.0
0.188206796380816 -0.244980119700482 0.0
0.192700601666775 -0.182503259206971 0.0
0.197589967474195 -0.119858224654964 0.0
0.20293302203242 -0.0570408377163168 0.0
0.208804736814349 0.00595214855362167 0.0
0.215297130730773 0.0691219756640373 0.0
0.222515983946914 0.13246549593461 0.0
0.230571441705948 0.195971090463912 0.0
0.23955925596918 0.259609633220133 0.0
0.24953062026061 0.323319165604684 0.0
0.260447800935956 0.386980716802916 0.0
0.272112168340461 0.450390753931847 0.0
0.284020162701546 0.513250703919119 0.0
0.229243005823967 -0.618372676406257 0.0
0.231915221727301 -0.556832129941995 0.0
0.234888755902514 -0.495130584642499 0.0
0.238159138698347 -0.433265700193857 0.0
0.24173254334493 -0.371233907214361 0.0
0.245624030457118 -0.309029920532091 0.0
0.249858794274679 -0.246646785915204 0.0
0.254474219068063 -0.184075785028569 0.0
0.259522318362683 -0.121306719283579 0.0
0.265072257727372 -0.0583278289050124 0.0
0.271212305072871 0.00487360489479667 0.0
0.278050453284108 0.0683104999416813 0.0
0.285712498779235 0.131993780490408 0.0
0.294336404500659 0.195928129172745 0.0
0.304061452016072 0.260101982247923 0.0
0.315009548322741 0.324469151107886 0.0
0.327246480805915 0.38891511056551 0.0
0.340683783823137 0.453202127687104 0.0
0.354834182366128 0.516899586812438 0.0
0.290526269179736 -0.620337915307625 0.0
0.293228063013174 -0.558803977598281 0.0
0.296231995297089 -0.497102169967064 0.0
0.299539221094572 -0.435229383845166 0.0
0.303158805995421 -0.373179984334402 0.0
0.307109357385622 -0.310945674937416 0.0
0.311420902196629 -0.248515611308891 0.0
0.316137211634154 -0.185876087513257 0.0
0.32131846266462 -0.123010397380881 0.0
0.327044026713966 -0.059898162087324 0.0
0.333414878839086 0.00348484237732573 0.0
0.34055530515659 0.0671669466214607 0.0
0.34861369889557 0.131179790481689 0.0
0.357763113605132 0.195556042046346 0.0
0.368202503246738 0.260321987411912 0.0
0.380157772984736 0.325481151397488 0.0
0.393868003557888 0.390975430548074 0.0
0.409498732018071 0.456595138505411 0.0
0.426815240518831 0.521785625038465 0.0
0.351771303248441 -0.622448731149141 0.0
0.354495956082325 -0.560933913102086 0.0
0.357523321766362 -0.499252239560207 0.0
0.360857096074027 -0.437397980146191 0.0
0.364508793826014 -0.375362442429047 0.0
0.368500190752585 -0.31313440008421 0.0
0.372865414522494 -0.250699854437674 0.0
0.377653498278396 -0.188041070309189 0.0
0.382931314331167 -0.125135626858877 0.0
0.388786724989778 -0.0619547439209206 0.0
0.395331633060018 0.00153820644571898 0.0
0.402705123126386 0.0653898331958414 0.0
0.411077605388817 0.129658832372279 0.0
0.420658740935136 0.194418548494985 0.0
0.43171379349932 0.259757918191583 0.0
0.444594840499927 0.325779116693741 0.0
0.459788735953304 0.392578882832172 0.0
0.477954188860929 0.460169139463161 0.0
0.499758186398169 0.528174953558923 0.0
