-0.62148440453732 -0.690825415317655 0.0
0.610069784756767 -0.724105538566843 0.0
-0.525379353761673 0.61237245798111 0.0
0.61237245798111 0.61237245798111 0.0
-0.56032502126791 -0.693210057493633 0.0
0.611221468957007 -0.662659598028877 0.0
0.558780732599925 0.569823526449515 0.0
-0.544013117675574 0.535656129720554 0.0
-0.499174348307536 -0.695367208323171 0.0
0.612821908297891 -0.600952777727937 0.0
0.500250462515873 0.545731317160359 0.0
-0.557425989047406 0.462289127131475 0.0
-0.43806579451117 -0.697625402258398 0.0
0.614757990075044 -0.5389582589837 0.0
0.441149922128305 0.530801912574192 0.0
-0.566875920575372 0.391405870738861 0.0
-0.376978594442683 -0.700089458656975 0.0
0.616968185361998 -0.476654946385637 0.0
0.38212179615758 0.521035522137498 0.0
-0.573917567505498 0.322425052944558 0.0
-0.315879500163808 -0.702783202370775 0.0
0.619414720507166 -0.414019661335586 0.0
0.32323384040435 0.514497024613283 0.0
-0.57946163835612 0.25489126504099 0.0
-0.254723482430496 -0.705669537449261 0.0
0.622068729917628 -0.351023906223224 0.0
0.264476782477949 0.510162766018358 0.0
-0.584029806290273 0.188475362847441 0.0
-0.193463529485574 -0.708654849327877 0.0
0.624900847901072 -0.287632502753973 0.0
0.205851691525286 0.507463324545254 0.0
-0.587934158828855 0.122943894951248 0.0
-0.132061499794661 -0.711614341973652 0.0
0.62787424693194 -0.223802669344101 0.0
0.147383776970044 0.506088837852307 0.0
-0.591370048536642 0.0581305780698769 0.0
-0.0704956006073319 -0.714418983477365 0.0
0.630938652405424 -0.159483621372336 0.0
0.0891255987009942 0.50592967723432 0.0
-0.594465770168676 -0.00608374614969542 0.0
-0.00876280242482748 -0.716955235933353 0.0
0.634024640202908 -0.0946155909091139 0.0
0.0311700053770167 0.507431370376488 0.0
-0.597312016680429 -0.0697829765934204 0.0
0.0531219080986395 -0.719136223964127 0.0
0.637037658302284 -0.0291289175564747 0.0
-0.0267819690661328 0.507196392747418 0.0
-0.59998504814264 -0.133022676645374 0.0
0.115128725013055 -0.720906340744199 0.0
0.639851332214452 0.0370580054416682 0.0
-0.0849669915996534 0.507560844228197 0.0
-0.602588960458996 -0.195832072553063 0.0
0.177216729164553 -0.722241957467491 0.0
0.642299046210604 0.104041893302657 0.0
-0.14291474862343 0.512799327975264 0.0
-0.605520708389875 -0.25821446234319 0.0
0.239337966348656 -0.723150621317741 0.0
0.64416179867543 0.171940604001461 0.0
-0.200487092836604 0.517782205824791 0.0
-0.607242822308133 -0.320497814662457 0.0
0.30144046130292 -0.723670431052522 0.0
0.645147724148974 0.240902529853101 0.0
-0.257360860469523 0.524668512184747 0.0
-0.609157244494089 -0.382748437268468 0.0
0.363471836770961 -0.723870614353653 0.0
0.644853905443634 0.31112383967367 0.0
-0.314322238785012 0.529995700539748 0.0
-0.61179309621558 -0.444748015239687 0.0
0.425383004996404 -0.723853680592498 0.0
0.642689760784211 0.382877194915474 0.0
-0.371617530083044 0.536954240062342 0.0
-0.614318038205364 -0.506509377208905 0.0
0.487132742468169 -0.723759044369768 0.0
0.637717643697761 0.456558879487779 0.0
-0.427461041165427 0.551566813195135 0.0
-0.61688733674271 -0.568072015983961 0.0
0.548695103055224 -0.723767556204303 0.0
0.628348348793005 0.532760289036086 0.0
-0.482037989490969 0.571392717870184 0.0
-0.619136331494406 -0.62950026362684 0.0
-0.558005307723333 -0.631873061153539 0.0
-0.555705392981443 -0.570398910934838 0.0
-0.553177717927454 -0.508759862451075 0.0
-0.550697520300293 -0.447024614537926 0.0
-0.548157823026874 -0.38520060574697 0.0
-0.546167483501775 -0.323133713410495 0.0
-0.544344098350513 -0.260632528053393 0.0
-0.541625199170942 -0.197774401835297 0.0
-0.539039960960661 -0.134702281074677 0.0
-0.53639839516695 -0.071340052014375 0.0
-0.533611330820051 -0.00762737479438311 0.0
-0.530607724382903 0.0564869474259829 0.0
-0.527307880783307 0.121049953071249 0.0
-0.523605894243684 0.186101827251476 0.0
-0.519351562635731 0.251659549703116 0.0
-0.514330902687619 0.31767446359632 0.0
-0.50826031318101 0.383929193908775 0.0
-0.50087389853228 0.449801943593684 0.0
-0.492429476965158 0.513749665132894 0.0
-0.496843177373479 -0.634013096980654 0.0
-0.494464260673276 -0.572550809386868 0.0
-0.491992588881321 -0.51093954683674 0.0
-0.489550305828995 -0.449171208048715 0.0
-0.487210006276285 -0.387170805375814 0.0
-0.485210378507736 -0.324983829682869 0.0
-0.483184954375073 -0.262635955919863 0.0
-0.480722797541619 -0.199990088713139 0.0
-0.478256667601845 -0.137112844027744 0.0
-0.475725355487584 -0.0740055412656781 0.0
-0.473072695466081 -0.0106671528641328 0.0
-0.470247465800971 0.0528902176143518 0.0
-0.46719313686145 0.116629453118155 0.0
-0.463839206762578 0.180471184996903 0.0
-0.460094137851509 0.244265855991648 0.0
-0.455841654045547 0.307756548682538 0.0
-0.450945149960391 0.370546202859043 0.0
-0.445256383692723 0.432127896848684 0.0
-0.438247497453526 0.492100780615343 0.0
-0.435670408554808 -0.636302717774512 0.0
-0.433252168531494 -0.57486656172366 0.0
-0.430835606083138 -0.513283764788645 0.0
-0.428499932023773 -0.451533353989402 0.0
-0.426307091957131 -0.389611964058384 0.0
-0.424296493213237 -0.327566960398585 0.0
-0.422229506667994 -0.265380115770422 0.0
-0.419938578366366 -0.202998448556518 0.0
-0.41760514631791 -0.140467060776582 0.0
-0.415208548721384 -0.077816883669327 0.0
-0.412713746463251 -0.0150867761049474 0.0
-0.410084286179088 0.047665112305536 0.0
-0.407277791114042 0.110352436400522 0.0
-0.404238445131722 0.172853514565763 0.0
-0.400887254207103 0.235008474811086 0.0
-0.397110048379911 0.296631113525942 0.0
-0.392748226242027 0.357547672616784 0.0
-0.387591252085605 0.417667950594969 0.0
-0.38167441341544 0.477169779122873 0.0
-0.374497815762477 -0.638808678140715 0.0
-0.372069727191452 -0.577426884918567 0.0
-0.369724065756041 -0.515918844288829 0.0
-0.367496374128816 -0.454278709596972 0.0
-0.365403025564779 -0.392520257326104 0.0
-0.363411420066999 -0.330669072089559 0.0
-0.361370568817019 -0.26872008184298 0.0
-0.359203751769166 -0.2066670021345 0.0
-0.356984754706528 -0.144552378681787 0.0
-0.35470282740329 -0.082420511002147 0.0
-0.352331640307739 -0.0203237542645279 0.0
-0.349838351811814 0.0416742284714675 0.0
-0.347179315142265 0.103499313443826 0.0
-0.344291643311074 0.165073917270854 0.0
-0.341083144334247 0.2263318257582 0.0
-0.337425503919856 0.287245110684625 0.0
-0.333163708325863 0.347862732997763 0.0
-0.328212175673709 0.408369267771512 0.0
-0.323066381781734 0.469123714058864 0.0
-0.313314742262212 -0.641553144060265 0.0
-0.310898131455193 -0.580245978726043 0.0
-0.308626229382627 -0.518842513507188 0.0
-0.306491304157358 -0.457343655275383 0.0
-0.304472051251639 -0.395765152947433 0.0
-0.302511577674128 -0.334127039014659 0.0
-0.300510281985706 -0.272437268059438 0.0
-0.298424767069855 -0.21071013937541 0.0
-0.296280120569593 -0.148984586859551 0.0
-0.294064879300616 -0.0873022520519185 0.0
-0.29175448986555 -0.0257066926671218 0.0
-0.289315561557469 0.0357589044064081 0.0
-0.286702527362287 0.0970573029741657 0.0
-0.283852537324303 0.158167336516241 0.0
-0.280682847989474 0.219097707953699 0.0
-0.27709847058067 0.279905506420488 0.0
-0.273031467799051 0.340717543084507 0.0
-0.268565149468579 0.401740054612566 0.0
-0.263975768046616 0.463135842969846 0.0
-0.252094979922568 -0.644488186574089 0.0
-0.249706190181126 -0.583255796628382 0.0
-0.247504980999555 -0.521955504026654 0.0
-0.245445349883881 -0.460590435332917 0.0
-0.243479548318604 -0.399175910033566 0.0
-0.241544364887286 -0.337730025173613 0.0
-0.239568921285559 -0.276266958188034 0.0
-0.237521943162125 -0.214806603855456 0.0
-0.235405898806409 -0.153380386393556 0.0
-0.233207371930408 -0.0920196976571371 0.0
-0.230903768366911 -0.0307530636631964 0.0
-0.228465357229013 0.030397184914198 0.0
-0.225854348715048 0.0914194712935113 0.0
-0.223024936799549 0.152319125259661 0.0
-0.219929060887043 0.213123905860763 0.0
-0.216536479099961 0.273887827314666 0.0
-0.212882861811119 0.334684409116569 0.0
-0.20911527343787 0.395562366801143 0.0
-0.205195087454572 0.456465152370853 0.0
-0.190807357278778 -0.647509983062929 0.0
-0.188462112712745 -0.586335645728308 0.0
-0.186326739857792 -0.525115977904167 0.0
-0.184324760533802 -0.463854373435572 0.0
-0.182392076866003 -0.402564478041088 0.0
-0.180466256327873 -0.341262408492537 0.0
-0.178493129928863 -0.279963404911971 0.0
-0.176446847443699 -0.218686153381957 0.0
-0.174320513253446 -0.157454006613121 0.0
-0.172101320079354 -0.0962884914998723 0.0
-0.169771697391868 -0.0352068588925117 0.0
-0.16731083693355 0.0257802983435428 0.0
-0.164696020768885 0.0866714184494389 0.0
-0.161906435781871 0.147476666354506 0.0
-0.15893345446589 0.208218952838364 0.0
-0.155802323112271 0.268932876158348 0.0
-0.152600966507221 0.329656730679347 0.0
-0.14946178766239 0.390424040183351 0.0
-0.146510764371538 0.45136241514444 0.0
-0.129424724346635 -0.650488121590383 0.0
-0.127139598688633 -0.589346125616793 0.0
-0.125065266727647 -0.528173687920583 0.0
-0.123104496696219 -0.466973837231439 0.0
-0.121185445505511 -0.405758220708856 0.0
-0.119250038835884 -0.344540716915166 0.0
-0.117255375526789 -0.283335229995791 0.0
-0.115179892730877 -0.222157256485183 0.0
-0.113014732818716 -0.161023698495025 0.0
-0.110750586662257 -0.0999491475497857 0.0
-0.10837746547637 -0.0389443170613735 0.0
-0.105886429124863 0.0219853520776738 0.0
-0.103272574543988 0.0828405960241421 0.0
-0.100541196742366 0.143629003867109 0.0
-0.0977199069083801 0.20436321473051 0.0
-0.0948779887718591 0.265055804758989 0.0
-0.0921462031642595 0.325707729957301 0.0
-0.0897425082058992 0.386299619040009 0.0
-0.0881399588771928 0.446776674726732 0.0
-0.0679300319624739 -0.653292365091165 0.0
-0.0657218814159018 -0.592154602347845 0.0
-0.0637044735581654 -0.530993231445202 0.0
-0.061770401285329 -0.469811300852248 0.0
-0.0598474725192679 -0.408618875477147 0.0
-0.05788452842742 -0.347427776828517 0.0
-0.0558479578628274 -0.286249858768053 0.0
-0.0537211122730673 -0.22509730174203 0.0
-0.0514973760467141 -0.163982131543786 0.0
-0.0491729771509962 -0.102913938317765 0.0
-0.046746871475255 -0.0418987622867126 0.0
-0.0442228905696016 0.0190621787576763 0.0
-0.0416136994594103 0.0799735986204467 0.0
-0.0389477225722861 0.140847756599003 0.0
-0.0362802682070215 0.201705308486237 0.0
-0.0337081929493829 0.262577266584948 0.0
-0.0313886092409508 0.323510668812104 0.0
-0.029592894593938 0.384582607589254 0.0
-0.0291272090928941 0.445905095476938 0.0
-0.00631879951119709 -0.655810881699037 0.0
-0.00420303170098273 -0.594651180501533 0.0
-0.00223866622340289 -0.533467293669929 0.0
-0.000318633796191522 -0.472263232119946 0.0
0.00162325604159669 -0.411048209531486 0.0
0.00362907533633419 -0.349832375613212 0.0
0.00572353158999419 -0.288625479884 0.0
0.00791737825188002 -0.227436700697257 0.0
0.0102124993103758 -0.166274226150604 0.0
0.0126056486032508 -0.105143687580007 0.0
0.0150878380991447 -0.0440471921098841 0.0
0.0176415276512857 0.0170181401066938 0.0
0.0202358113056627 0.0780617699183171 0.0
0.0228189207173069 0.13910223602166 0.0
0.0253074621910295 0.200169467707634 0.0
0.0275721013953685 0.261308704753707 0.0
0.0294144837115846 0.322584531967371 0.0
0.0305004268031356 0.384074077281611 0.0
0.0304680131125314 0.445729822478247 0.0
0.0554006976315679 -0.657959965329067 0.0
0.0574123599448143 -0.596756366287162 0.0
0.0593284069735108 -0.535521753301045 0.0
0.0612457934148399 -0.474262141475379 0.0
0.0632194206916639 -0.412986562997665 0.0
0.0652804835829225 -0.351703844358143 0.0
0.0674446022885978 -0.290421805762108 0.0
0.0697157606785839 -0.229147127200764 0.0
0.0720895174419602 -0.167885205781732 0.0
0.0745543701618287 -0.10663913924669 0.0
0.0770901091474014 -0.0454091244209995 0.0
0.0796641193443619 0.0158085770607556 0.0
0.0822256371632669 0.0770223960534853 0.0
0.084697550372774 0.13824616159807 0.0
0.0869653657600281 0.19949757275712 0.0
0.0888630435365638 0.260793619825069 0.0
0.0901546370292525 0.322135619908767 0.0
0.0905578008692096 0.383462239987129 0.0
0.0900895382150686 0.444623812152673 0.0
0.117209436534587 -0.65968760280581 0.0
0.119111164186821 -0.598423177198131 0.0
0.120985657295749 -0.537115971457443 0.0
0.122911220518279 -0.475774763433395 0.0
0.124927411911951 -0.414408742657633 0.0
0.127053350942483 -0.353025561679312 0.0
0.129295422691392 -0.291631302600873 0.0
0.131650323708008 -0.230230711291746 0.0
0.134106391272498 -0.168827493686319 0.0
0.136643120724274 -0.107423881844516 0.0
0.13922846900721 -0.0460206349920625 0.0
0.141814389759948 0.0153831879796232 0.0
0.144330601893698 0.0767897624855977 0.0
0.146676564576902 0.138201423076629 0.0
0.148711999106545 0.19961686471488 0.0
0.150247929757648 0.261024699768057 0.0
0.151050883467908 0.32239153881904 0.0
0.150911662370487 0.383659562713679 0.0
0.149739621325833 0.444848759208118 0.0
0.179080307559763 -0.660973613866383 0.0
0.180873957267046 -0.599636491672512 0.0
0.182716580252522 -0.538241096606402 0.0
0.184661024375863 -0.476799106319239 0.0
0.186728959230975 -0.4153196621495 0.0
0.188927075593955 -0.353809031011346 0.0
0.191252781012106 -0.292271523842613 0.0
0.193695488360534 -0.230710255507964 0.0
0.196236117388544 -0.169127923983217 0.0
0.198845124171007 -0.107526918383519 0.0
0.201478923539117 -0.0459098957463393 0.0
0.204074938143569 0.0157197843404953 0.0
0.206545343550397 0.0773568672013863 0.0
0.20876981367462 0.138992572532557 0.0
0.210588249959582 0.200611026192811 0.0
0.211797499484098 0.262185353709227 0.0
0.21216364520246 0.323676185232749 0.0
0.211453927206143 0.385049958083569 0.0
0.209448182834107 0.446309217288875 0.0
0.240981424471344 -0.661828710567205 0.0
0.242677603391059 -0.600411896283691 0.0
0.24450115986073 -0.538918501165427 0.0
0.246475009159003 -0.477362313699315 0.0
0.248602199312158 -0.415751537509854 0.0
0.250877650875901 -0.35409036929585 0.0
0.253290610987986 -0.292380903593783 0.0
0.255823747781646 -0.230624404696358 0.0
0.258450965411683 -0.168822499774161 0.0
0.261134238014055 -0.10697771522188 0.0
0.263819343993803 -0.0450945018692641 0.0
0.26643061738731 0.0168198605992129 0.0
0.268864806079386 0.0787536374003251 0.0
0.270984480040828 0.140688787175883 0.0
0.272612179906538 0.202597714443387 0.0
0.273528570173665 0.26444105955164 0.0
0.273477787797193 0.326169225901651 0.0
0.272175721243862 0.387730336192837 0.0
0.26929942638796 0.449078021881142 0.0
0.302878549564934 -0.66229411337376 0.0
0.304496622352565 -0.600795541578694 0.0
0.306316277733826 -0.539199696091082 0.0
0.308329133063761 -0.47752055090486 0.0
0.310520912132565 -0.415763807935605 0.0
0.312876436866623 -0.353930453742554 0.0
0.315378135075919 -0.292019467778029 0.0
0.318002890543161 -0.230029455793116 0.0
0.320718405013059 -0.167960126138428 0.0
0.323479095185852 -0.105813136117527 0.0
0.326221301578153 -0.0435934905118489 0.0
0.328857825533943 0.0186890886918721 0.0
0.331271833958992 0.081017957525185 0.0
0.333310519932651 0.143367023118014 0.0
0.334779287584579 0.205696799646921 0.0
0.335437682141109 0.267951444111135 0.0
0.334996530394872 0.330057287086956 0.0
0.333110103698766 0.391923553626622 0.0
0.329355111781115 0.453442707792903 0.0
0.364737962240517 -0.662442720582903 0.0
0.366304570426411 -0.600865836785816 0.0
0.368135973521864 -0.539168326782595 0.0
0.370195096121694 -0.477361311771296 0.0
0.372453641573191 -0.415445978357914 0.0
0.374888813460732 -0.353418665500022 0.0
0.377477914972087 -0.291273965470172 0.0
0.380193255258763 -0.229006477022159 0.0
0.382997372188672 -0.166612380874658 0.0
0.385838245635957 -0.104090456362 0.0
0.388644137018288 -0.0414437863357286 0.0
0.391317972382953 0.0213183572946399 0.0
0.393731193680032 0.0841774779954942 0.0
0.395717212314506 0.147102057396807 0.0
0.397064434006714 0.210041681855673 0.0
0.397508411503783 0.272920882826783 0.0
0.396720229684616 0.335632147624619 0.0
0.394284553563038 0.398027922160772 0.0
0.389660201488559 0.459911542975314 0.0
0.426528592897253 -0.662382219827599 0.0
0.428074135681249 -0.600737118916026 0.0
0.429930473349684 -0.538944092986935 0.0
0.432038931832455 -0.477007749489066 0.0
0.43436202747144 -0.414922747516568 0.0
0.436872228739257 -0.352679290896927 0.0
0.439543516851508 -0.290266118635285 0.0
0.442344877273974 -0.227672027168259 0.0
0.445234755135064 -0.164887258939948 0.0
0.448155846276624 -0.101904448072209 0.0
0.451029732262954 -0.0387204317891733 0.0
0.453751182706451 0.0246614978126081 0.0
0.456181880751299 0.0882277708121503 0.0
0.458143317169416 0.151949234156254 0.0
0.459407943485895 0.215772395982974 0.0
0.459686649780489 0.27960777661171 0.0
0.458607896103596 0.343312720305662 0.0
0.455680137254387 0.40666613050571 0.0
0.450219340045128 0.469332679802013 0.0
0.488223007626567 -0.66226011686931 0.0
0.489775562746598 -0.600564853868339 0.0
0.491664006833742 -0.538687857040553 0.0
0.493818852195406 -0.476624142907874 0.0
0.49619871171415 -0.414360300051577 0.0
0.498774134136057 -0.351879341324446 0.0
0.501517367457277 -0.289162842237983 0.0
0.504395098495461 -0.226191705402477 0.0
0.507362541277051 -0.16294696663761 0.0
0.510358046785276 -0.0994103055090035 0.0
0.513297662496579 -0.0355655285231981 0.0
0.516069389274564 0.0285994125004163 0.0
0.518526702558716 0.0930886400840188 0.0
0.520480657397258 0.157892563703583 0.0
0.521688804686176 0.222977169497166 0.0
0.521837654866143 0.288266711290305 0.0
0.520512243587873 0.353612271825187 0.0
0.517141308188155 0.418733751176681 0.0
0.510885556877769 0.483111100302049 0.0
0.549796779585996 -0.662270264508009 0.0
0.551373685977673 -0.600551294658681 0.0
0.553292360645383 -0.53860699055849 0.0
0.555483319540297 -0.47642089169838 0.0
0.557906018720744 -0.41397190917092 0.0
0.560531158384623 -0.351236239391543 0.0
0.563330184155371 -0.288187535983326 0.0
0.566268000522259 -0.224796465262346 0.0
0.569297023185488 -0.161030692078936 0.0
0.572351718826099 -0.096854638365368 0.0
0.575343056449492 -0.0322300228065327 0.0
0.578152557210129 0.0328835090386257 0.0
0.580625297182673 0.0985267016885795 0.0
0.582560702633884 0.164737966202387 0.0
0.583698424040023 0.231546696552526 0.0
0.583694433844352 0.298959960379926 0.0
0.582078348625941 0.366930362030855 0.0
0.578177844982135 0.435274861224833 0.0
0.57098652008185 0.503453915307175 0.0
