-0.812122552618921 -0.643495840334728 0.0
0.413885443918234 -0.68080577818251 0.0
-0.807878363132477 0.61237245798111 0.0
0.61237245798111 0.61237245798111 0.0
-0.750909821902789 -0.645849012198449 0.0
0.416080342148257 -0.619486427823804 0.0
0.524316091535979 0.596237309545546 0.0
-0.784352006350726 0.544463365610727 0.0
-0.689668025919923 -0.647895227616704 0.0
0.418531402035289 -0.558037435393697 0.0
0.443717481078903 0.587788436264231 0.0
-0.775879038437709 0.478076391476721 0.0
-0.628408187017209 -0.649903450993565 0.0
0.421251781799291 -0.496446235820219 0.0
0.367545147065564 0.5823861867109 0.0
-0.772649413810971 0.413347096247204 0.0
-0.567126776256648 -0.651872984764619 0.0
0.424253582138766 -0.434702973915249 0.0
0.294116426752357 0.578576911580323 0.0
-0.771930163273016 0.349604788745615 0.0
-0.505830658919547 -0.653810890711479 0.0
0.427555755454735 -0.372798542726661 0.0
0.222519896411078 0.575776494419457 0.0
-0.772670129627883 0.286434126305865 0.0
-0.444523964632071 -0.655733799661979 0.0
0.431187329614588 -0.310722877804616 0.0
0.152209424916058 0.573701011421782 0.0
-0.774332572930811 0.223606370440764 0.0
-0.38320636388957 -0.657648959593599 0.0
0.43519020801384 -0.24846336718517 0.0
0.0828146465579093 0.572181827636681 0.0
-0.77659434764013 0.160996231401957 0.0
-0.321875215305573 -0.659552151728131 0.0
0.439622301531295 -0.186002867508995 0.0
0.0140445893827291 0.571077491679799 0.0
-0.77924170776466 0.0985356997150659 0.0
-0.260528382771301 -0.661431642256873 0.0
0.444560982953465 -0.123317739055703 0.0
-0.0543732106690408 0.570167884816066 0.0
-0.78212549620925 0.0361897271081726 0.0
-0.199165837858159 -0.663273472344465 0.0
0.450106789032368 -0.0603749557259821 0.0
-0.122728034352266 0.568721110987522 0.0
-0.785139327479954 -0.0260555742134239 0.0
-0.137790751546846 -0.665066166813441 0.0
0.456387241918238 0.002870977732572 0.0
-0.189822453069976 0.571315142247535 0.0
-0.788210779098219 -0.0881987013283551 0.0
-0.0764093863358133 -0.666804217149384 0.0
0.463561398780458 0.0664824021452564 0.0
-0.25566161278566 0.574771090852102 0.0
-0.791313799780484 -0.150223593394214 0.0
-0.0150306271776227 -0.668490303490187 0.0
0.471827000338128 0.1305441543602 0.0
-0.321581527066053 0.574626258615612 0.0
-0.794536080965051 -0.212103889977398 0.0
0.0463353308987978 -0.670136494509572 0.0
0.481434965295008 0.195172575576028 0.0
-0.388295486573855 0.575863120979342 0.0
-0.796951175634985 -0.273902293429699 0.0
0.107677884438732 -0.671764503395581 0.0
0.492720089377713 0.260529666920908 0.0
-0.45591317684422 0.577281843561753 0.0
-0.79951534368655 -0.335753685092466 0.0
0.168987953833075 -0.673404903056603 0.0
0.506165166849373 0.326850041892431 0.0
-0.52419758386486 0.583216443518719 0.0
-0.802453442175849 -0.397578374675073 0.0
0.230259903833289 -0.675094877115013 0.0
0.522535149457265 0.394491640088709 0.0
-0.592287445193091 0.589211643358926 0.0
-0.805115203003798 -0.45925108788837 0.0
0.291493455590544 -0.676873727376699 0.0
0.543183688857512 0.46402981369346 0.0
-0.660559902864219 0.591340445217205 0.0
-0.807693215373428 -0.520766459455988 0.0
0.352696307582233 -0.678774441978465 0.0
0.570866690389644 0.536383769536534 0.0
-0.732004658698712 0.59772645767574 0.0
-0.809882887427996 -0.582177946961059 0.0
-0.748699642926308 -0.584532797560597 0.0
-0.746484412625495 -0.523101829955136 0.0
-0.74394622845289 -0.461552012117615 0.0
-0.741292877297673 -0.399942456046258 0.0
-0.738474157381262 -0.338278037725377 0.0
-0.735928106381804 -0.276557226163377 0.0
-0.733342550669396 -0.214614360023285 0.0
-0.730118602374635 -0.152422656291079 0.0
-0.726987971824989 -0.0901806456560694 0.0
-0.723893660734706 -0.0278499210856542 0.0
-0.720868380531023 0.0345990042817567 0.0
-0.717985918264439 0.0971945014061578 0.0
-0.715358120456035 0.159971195594887 0.0
-0.713146634457664 0.222974594178642 0.0
-0.71158936704895 0.286259677559654 0.0
-0.711053796410197 0.349874909418389 0.0
-0.712153075541971 0.41379627878046 0.0
-0.716029545237179 0.477691914063942 0.0
-0.725019145259414 0.540055070789014 0.0
-0.687488454989389 -0.586576494925441 0.0
-0.685208889362242 -0.525168033994019 0.0
-0.682699394815395 -0.463640414133861 0.0
-0.680049591922348 -0.402002027756693 0.0
-0.677317997281656 -0.340223839019425 0.0
-0.674687462585826 -0.278342971180184 0.0
-0.671926803717881 -0.216362922439586 0.0
-0.668821014156069 -0.15420804405205 0.0
-0.665710991626514 -0.0919250805130118 0.0
-0.662624433136704 -0.0295126249400829 0.0
-0.659613486498178 0.033039953969237 0.0
-0.656761730809735 0.0957446704556554 0.0
-0.654190269956462 0.158609801647828 0.0
-0.652070895119065 0.221630454241774 0.0
-0.650648844483525 0.284766545773509 0.0
-0.650279487448294 0.347897615980198 0.0
-0.65147962921801 0.410732629568424 0.0
-0.654909893942995 0.472650617897618 0.0
-0.659491462159233 0.532667937605717 0.0
-0.626233074573529 -0.588588224742846 0.0
-0.623923566659836 -0.527164246051948 0.0
-0.621430002603791 -0.465612579977545 0.0
-0.618809732843368 -0.403929281383592 0.0
-0.616121974244099 -0.342116875496592 0.0
-0.613420243412213 -0.280207608642916 0.0
-0.610572915605767 -0.21818735288039 0.0
-0.607518010588602 -0.156016639903021 0.0
-0.604429077410626 -0.0937156955824978 0.0
-0.601359192311895 -0.0312907239532101 0.0
-0.598371319490675 0.031252856872821 0.0
-0.595553803062424 0.0939029733739219 0.0
-0.593027849534638 0.156632853820919 0.0
-0.590956287396391 0.219389828917803 0.0
-0.589553051103952 0.282078313544692 0.0
-0.589084473681059 0.3445397130267 0.0
-0.589811707142158 0.40653796792346 0.0
-0.591501046422015 0.467800952517288 0.0
-0.591717662280497 0.528497941621757 0.0
-0.564953450395106 -0.590551199227072 0.0
-0.562635761832924 -0.529110445673036 0.0
-0.560160577086804 -0.467540447219359 0.0
-0.557565931954864 -0.405842414506058 0.0
-0.554888709753596 -0.344026287176073 0.0
-0.552138211668273 -0.282106825101317 0.0
-0.549248788467204 -0.22007404590248 0.0
-0.546215711578296 -0.157914052497716 0.0
-0.543139984262201 -0.095642533047873 0.0
-0.540079534203293 -0.0332749354300576 0.0
-0.537099899742612 0.0291678033665597 0.0
-0.534286545914422 0.09165332279975 0.0
-0.531750174141364 0.154131115045121 0.0
-0.529629486825189 0.216524996844314 0.0
-0.528086997821499 0.278723764823689 0.0
-0.527276398398759 0.340572612778852 0.0
-0.527183762848675 0.401870609944242 0.0
-0.527057823903753 0.462438320315566 0.0
-0.523672774655027 0.52224268947405 0.0
-0.5036609508982 -0.592485514318956 0.0
-0.501346971504196 -0.531037790535469 0.0
-0.498888538195828 -0.469463932500814 0.0
-0.496309044807153 -0.407768208942999 0.0
-0.493628250129151 -0.3459601401945 0.0
-0.490843917518428 -0.284048696125799 0.0
-0.487928264218693 -0.222032002341666 0.0
-0.484896975178833 -0.159911121293903 0.0
-0.481817072275469 -0.0977039797079004 0.0
-0.478742991144929 -0.0354335260241796 0.0
-0.47573618287416 0.0268692551078214 0.0
-0.472872567346081 0.0891612928196944 0.0
-0.470244552825139 0.151382717869466 0.0
-0.467957558429565 0.21345187951978 0.0
-0.46611208092648 0.275258575540703 0.0
-0.464738891906119 0.336657921065489 0.0
-0.463597761154845 0.397477594678348 0.0
-0.461674529679828 0.457577301092547 0.0
-0.457448164008936 0.517193190569303 0.0
-0.442359633133182 -0.594409030215286 0.0
-0.440054152092451 -0.532962258100458 0.0
-0.437608293889754 -0.471393336420278 0.0
-0.435034563476921 -0.409708107210896 0.0
-0.432342445495954 -0.3479157893456 0.0
-0.429529038665015 -0.286024749019862 0.0
-0.426586625755668 -0.224039693217996 0.0
-0.42353655024355 -0.161969938185213 0.0
-0.420427248948772 -0.0998355844298653 0.0
-0.417305694836523 -0.0376627760993398 0.0
-0.41422448282567 0.0245146832009298 0.0
-0.411245028208487 0.0866531091359096 0.0
-0.408435827157113 0.148696436958217 0.0
-0.405862291499919 0.210574461833279 0.0
-0.403555707137765 0.272202037553748 0.0
-0.401430071612592 0.33348717502115 0.0
-0.399098893416492 0.394368077433854 0.0
-0.395791043684774 0.454944486717106 0.0
-0.39162505334334 0.515652403301688 0.0
-0.381049404715815 -0.596326627127019 0.0
-0.378753386276831 -0.534883934123422 0.0
-0.376314710084472 -0.473322797292004 0.0
-0.373738062350342 -0.411650074214187 0.0
-0.371027435761161 -0.349875022567644 0.0
-0.36818185562089 -0.288006663430617 0.0
-0.365203196270081 -0.226053611000342 0.0
-0.362112218831707 -0.164028792328964 0.0
-0.358944880656924 -0.101952369765348 0.0
-0.355738765380757 -0.0398497120980666 0.0
-0.35253484549533 0.0222478175545397 0.0
-0.34937744054249 0.0843019971322662 0.0
-0.346309133450867 0.14626699104003 0.0
-0.343355546901826 0.208090237948188 0.0
-0.340488481025347 0.269716309193866 0.0
-0.33755085179428 0.331102349443909 0.0
-0.334179314719177 0.392260663408354 0.0
-0.330000898890935 0.453312151014517 0.0
-0.325028678996845 0.514231516038047 0.0
-0.319728497459001 -0.598231555343905 0.0
-0.317440911841724 -0.536792004474166 0.0
-0.315003279541973 -0.475236756055273 0.0
-0.312415200438419 -0.413573251139926 0.0
-0.309678047180653 -0.351810683401319 0.0
-0.306792596274098 -0.289958447222743 0.0
-0.303764365443049 -0.228026741056126 0.0
-0.300610779782628 -0.166029221366295 0.0
-0.29735783256428 -0.103984552177598 0.0
-0.294032971340572 -0.0419154923989765 0.0
-0.290664425884128 0.0201506458422935 0.0
-0.287278928436196 0.0821818088265807 0.0
-0.283894360753265 0.144141430994294 0.0
-0.280502497682402 0.205991109023228 0.0
-0.277035146758522 0.267697935506747 0.0
-0.273318104054338 0.32925543200084 0.0
-0.269073906853246 0.390721447957898 0.0
-0.264020369896518 0.452225828399763 0.0
-0.257688194616912 0.513939471629026 0.0
-0.258395455029876 -0.60011038346238 0.0
-0.256114117716529 -0.538670390895122 0.0
-0.253671027492095 -0.477115996255077 0.0
-0.25106320263465 -0.415454883145419 0.0
-0.248291042859841 -0.353695903182612 0.0
-0.245356213793661 -0.291848251430699 0.0
-0.242264529320819 -0.229922267194316 0.0
-0.239028789410843 -0.167931027243152 0.0
-0.235666095166872 -0.105891432009486 0.0
-0.232193554171638 -0.0438239730103241 0.0
-0.228626435391773 0.0182466076306929 0.0
-0.224974617970612 0.0802909324882528 0.0
-0.221234576931332 0.142274819512354 0.0
-0.217374016606238 0.204161094937121 0.0
-0.213309363721031 0.265914368449478 0.0
-0.208891703215331 0.327511642147922 0.0
-0.203931900679395 0.388946597137553 0.0
-0.198218201689426 0.450206533589428 0.0
-0.191007482223011 0.51122225698576 0.0
-0.197050081593718 -0.601948416879556 0.0
-0.194771944121219 -0.54050323623098 0.0
-0.192316846198845 -0.478943311147717 0.0
-0.189681448688494 -0.417276318781861 0.0
-0.186866064257828 -0.355510496310108 0.0
-0.183872317569693 -0.293654391378467 0.0
-0.180704328273657 -0.231717759643491 0.0
-0.177369488653848 -0.169712698255335 0.0
-0.173876276625774 -0.107654687945442 0.0
-0.170231163022606 -0.0455628875032894 0.0
-0.166436157175229 0.0165387842004944 0.0
-0.162484718513927 0.0786207249354458 0.0
-0.158354405767091 0.140646594647494 0.0
-0.153995833392415 0.202573380754903 0.0
-0.149322585754151 0.264351761456467 0.0
-0.144215603827256 0.325925470397323 0.0
-0.138551000184978 0.387220229417964 0.0
-0.132202387214412 0.448122035310147 0.0
-0.125533155366534 0.508662594776934 0.0
-0.135694238531447 -0.603734264432146 0.0
-0.133415382593998 -0.542279238929926 0.0
-0.130941908196886 -0.480707529982937 0.0
-0.128271901697358 -0.419026558564243 0.0
-0.125405912289676 -0.357243662243198 0.0
-0.122344608755996 -0.295366366202682 0.0
-0.119089052225576 -0.233403370205471 0.0
-0.115640517906102 -0.171365482234147 0.0
-0.111998569151713 -0.10926668223482 0.0
-0.108158400756917 -0.047124667205472 0.0
-0.104108031678635 0.0150379413165505 0.0
-0.0998241676603032 0.0771927008605842 0.0
-0.095266263808515 0.139304562483285 0.0
-0.090370172532236 0.201332591939998 0.0
-0.0850470782140405 0.26323176112424 0.0
-0.0791971855391151 0.324957987931806 0.0
-0.0727457506438689 0.386480893014306 0.0
-0.0658029865545592 0.447849473212499 0.0
-0.0593092665669806 0.509251844821369 0.0
-0.0743317488434124 -0.605463104828345 0.0
-0.0720473130836726 -0.543994561448137 0.0
-0.069549500499621 -0.482405931296235 0.0
-0.0668389521025465 -0.420704013500209 0.0
-0.0639162824260542 -0.358894879970376 0.0
-0.0607802858766866 -0.296984614323814 0.0
-0.0574279073143517 -0.234980342987128 0.0
-0.0538536197751977 -0.172891016331893 0.0
-0.0500475720106429 -0.110728404301371 0.0
-0.0459930459930358 -0.0485076229318136 0.0
-0.0416635525445451 0.0137518233367868 0.0
-0.0370191993424308 0.0760255054939715 0.0
-0.0320029556244617 0.138283847888893 0.0
-0.026539508712111 0.200493539969026 0.0
-0.0205431050031334 0.262620185344391 0.0
-0.0139448689230841 0.324635277109313 0.0
-0.00676960356321604 0.386532894847185 0.0
0.000669595729705602 0.448339337969595 0.0
0.00771905320694955 0.509942084484324 0.0
-0.0129681841009739 -0.607138738636923 0.0
-0.0106724449920975 -0.545654593374312 0.0
-0.00814508346356729 -0.484045645328151 0.0
-0.00538955634642317 -0.422317547110406 0.0
-0.00240592753452643 -0.36047467504432 0.0
0.000809778235671521 -0.298521226638205 0.0
0.00426555045410873 -0.236462203975211 0.0
0.00797426038677861 -0.174304017660566 0.0
0.0119555547885421 -0.112055348739512 0.0
0.0162383657279679 -0.0497275659561866 0.0
0.0208636378678679 0.0126643786693226 0.0
0.0258869768442265 0.0751015313328173 0.0
0.0313797043336652 0.137560593517083 0.0
0.0374247324524123 0.200014583046285 0.0
0.0441001630096123 0.262433544152245 0.0
0.0514379639091305 0.324787226321521 0.0
0.0593395199876218 0.387043694370824 0.0
0.0674909093681227 0.449130700737128 0.0
0.0754322030339064 0.510890650323876 0.0
0.0483899849640253 -0.608774700816054 0.0
0.0507032084734472 -0.547274898230666 0.0
0.0532640637705999 -0.48564443433401 0.0
0.0560670492213869 -0.423887197469977 0.0
0.0591136143763819 -0.362005485658199 0.0
0.0624112960287935 -0.300001250378428 0.0
0.0659735764305932 -0.237876909967769 0.0
0.0698209852184686 -0.175635749423766 0.0
0.0739831105688773 -0.113282642728801 0.0
0.0785010835599331 -0.0508243923545897 0.0
0.0834299716083094 0.0117293722147278 0.0
0.0888403064708001 0.0743655566514715 0.0
0.0948166726256301 0.13706654281494 0.0
0.101449393348011 0.199809187458098 0.0
0.108812323516844 0.262562170455991 0.0
0.116918355061117 0.325281244268608 0.0
0.125656911924424 0.387894256002451 0.0
0.134752572284579 0.450277458465926 0.0
0.143790746113203 0.512259546688719 0.0
0.10973561457059 -0.610394474010317 0.0
0.112072141295127 -0.548881310788543 0.0
0.114668537221994 -0.487230706244939 0.0
0.11751908134469 -0.425444245567705 0.0
0.120627848836428 -0.363521959048111 0.0
0.124006510252824 -0.301463363856557 0.0
0.127674314058519 -0.239267974254351 0.0
0.131659521918059 -0.17693548151572 0.0
0.136001602598007 -0.114466346522256 0.0
0.140753718354603 -0.0518620847838063 0.0
0.145984813423618 0.0108737707828069 0.0
0.151780278948314 0.0737347115240848 0.0
0.158238960603907 0.136709354211686 0.0
0.165462825923931 0.199778631974088 0.0
0.173533940151995 0.262909485646839 0.0
0.182475698309819 0.326043796954836 0.0
0.192203810629547 0.389079948850119 0.0
0.202480548381493 0.451855306495202 0.0
0.212859668332447 0.514156318576396 0.0
0.171061883910298 -0.612030644924365 0.0
0.173425943922023 -0.550508934038144 0.0
0.17605744117381 -0.488842433765059 0.0
0.178953027147115 -0.427030246114323 0.0
0.182120323136749 -0.365070262279032 0.0
0.185575351230522 -0.302959549533394 0.0
0.189343100056376 -0.240694472494429 0.0
0.19345940737471 -0.178270676820822 0.0
0.197973380717049 -0.115683539544873 0.0
0.202949955361979 -0.0529283456061989 0.0
0.208471868392839 0.00999878568783959 0.0
0.214640022576586 0.0730997977479736 0.0
0.221570288382897 0.136372253078249 0.0
0.229384051588059 0.199805157413476 0.0
0.238189226692993 0.263369798706106 0.0
0.248049780765942 0.327004276901467 0.0
0.258941222291313 0.390589234469175 0.0
0.270678648964665 0.453920516981928 0.0
0.282772193420697 0.516699752868935 0.0
0.232362943221392 -0.613722513451242 0.0
0.234755720638005 -0.552199496708234 0.0
0.237419120449334 -0.490524519485643 0.0
0.24035468115757 -0.428694760381792 0.0
0.243573829173108 -0.366706425364232 0.0
0.247096706439594 -0.304554126623467 0.0
0.250953741706281 -0.242230821431503 0.0
0.255187956785965 -0.179727644365917 0.0
0.259857627140169 -0.117034149702018 0.0
0.265039009069794 -0.054138218991562 0.0
0.270828484795756 0.00897331899069152 0.0
0.277343345274836 0.0723138776967171 0.0
0.284719972158086 0.135894837054448 0.0
0.293108235576145 0.199721182968341 0.0
0.302660688312899 0.26378137632264 0.0
0.313514074522744 0.328028866140069 0.0
0.325751041293132 0.392348399100945 0.0
0.339302291584459 0.456501654731556 0.0
0.353701267846143 0.520059562306489 0.0
0.293634177160463 -0.615511259633334 0.0
0.296052662130881 -0.553996224633606 0.0
0.298742431569389 -0.492324176844964 0.0
0.301710712914201 -0.430491936701246 0.0
0.304971939970154 -0.36849407055186 0.0
0.308549884256253 -0.306322564773905 0.0
0.31247988943918 -0.24396681916124 0.0
0.31681147339541 -0.181413270809977 0.0
0.321611229236733 -0.118645233785733 0.0
0.326965828363404 -0.0556422400913644 0.0
0.332984627425624 0.00762008447467004 0.0
0.339801539399241 0.0711701921822868 0.0
0.347575964557292 0.13503968292059 0.0
0.356493499187227 0.199260845560904 0.0
0.366767514375033 0.263859029515993 0.0
0.378640942168999 0.328836010257811 0.0
0.392373726786468 0.39413092057723 0.0
0.408157398527087 0.459530709944704 0.0
0.425788715354333 0.52448026733709 0.0
0.354873046179024 -0.617430654730695 0.0
0.357310528725204 -0.555934895714218 0.0
0.360020166225814 -0.494285304732103 0.0
0.36301162743376 -0.432476890900463 0.0
0.366301709342431 -0.370501799182857 0.0
0.369917295594972 -0.308349562093591 0.0
0.373897818046427 -0.246006804961427 0.0
0.378298090841398 -0.183456274842803 0.0
0.383191484561065 -0.12067591037918 0.0
0.388673291926557 -0.0576372150807888 0.0
0.394863977132433 0.00569614630789371 0.0
0.401912490704698 0.0693703413508651 0.0
0.410000594897967 0.1334432656892 0.0
0.419351083952273 0.19798679678865 0.0
0.430244785759669 0.263087275107077 0.0
0.443053081714045 0.328842381306656 0.0
0.458288094131873 0.395341116185736 0.0
0.476642877770975 0.462582389935931 0.0
0.498831258144191 0.530173034916261 0.0
