-0.80123734354795 -0.643224614438826 0.0
0.423937434401555 -0.672041276026133 0.0
-0.812267541885376 0.61237245798111 0.0
0.61237245798111 0.61237245798111 0.0
-0.740013084786607 -0.644979493422963 0.0
0.42565727513776 -0.610724832364517 0.0
0.524390905571728 0.598660407728935 0.0
-0.787121515033028 0.544720457665531 0.0
-0.678771898485931 -0.646455326999797 0.0
0.427565856730325 -0.549301455420573 0.0
0.443797215446992 0.591652107454752 0.0
-0.777488903368794 0.478371669905552 0.0
-0.61752343081609 -0.647898721139692 0.0
0.429686135779201 -0.487763808805589 0.0
0.367562067853726 0.587111144724611 0.0
-0.773320090625242 0.41364453198461 0.0
-0.556266001721915 -0.649315592434996 0.0
0.432039470508223 -0.426105461945409 0.0
0.294031088449779 0.583803571889475 0.0
-0.771763741380199 0.349897859234995 0.0
-0.495006471034797 -0.650719368168502 0.0
0.434653290900076 -0.364319703783173 0.0
0.222310261097906 0.581265199655936 0.0
-0.771718835804734 0.286721213305971 0.0
-0.433748044659579 -0.652131057223172 0.0
0.437564723200198 -0.302398283296551 0.0
0.151861935227525 0.57928269844054 0.0
-0.77262512384674 0.223887614055808 0.0
-0.372488978359443 -0.653560942986325 0.0
0.440823813229793 -0.240330061355004 0.0
0.0823188337141673 0.577731447785923 0.0
-0.774147956519591 0.161273046656275 0.0
-0.31122485479948 -0.655006529793821 0.0
0.444497044969658 -0.178099162634574 0.0
0.0133896698557971 0.576497783896947 0.0
-0.776068394061951 0.0988104355538025 0.0
-0.24995147222069 -0.656456564837511 0.0
0.448671158264997 -0.115683105008001 0.0
-0.0552008061913726 0.575377430260274 0.0
-0.778235667306253 0.0364651796298124 0.0
-0.188666507406874 -0.657896478334955 0.0
0.453457169280558 -0.0530500194078241 0.0
-0.123745527818224 0.573644299491939 0.0
-0.780543814071133 -0.0257767907599539 0.0
-0.127370654853377 -0.659313241695972 0.0
0.458994447539631 0.00984425404416247 0.0
-0.191053043951715 0.575976941351022 0.0
-0.782921726908339 -0.0879149430954601 0.0
-0.0660675556414325 -0.660698921813043 0.0
0.465455411292857 0.0730602262145115 0.0
-0.257081851058761 0.579131070437494 0.0
-0.785343970394259 -0.149935323095911 0.0
-0.00476336280181455 -0.662052873543073 0.0
0.473052754629771 0.136679879063283 0.0
-0.323173015516682 0.578540902091349 0.0
-0.787893596475312 -0.211815476755907 0.0
0.0565345242309547 -0.663382806258309 0.0
0.482054146001415 0.200814808052352 0.0
-0.390117283458427 0.579316388394553 0.0
-0.789684947554835 -0.273606652922895 0.0
0.1178182843306 -0.6647048102782 0.0
0.492813733259002 0.265618931550135 0.0
-0.458018372149088 0.580220690885858 0.0
-0.79163327229866 -0.33544732394741 0.0
0.179081468604759 -0.666042242131221 0.0
0.5058383225951 0.331312752758859 0.0
-0.526667025731341 0.585707704526491 0.0
-0.793946722063353 -0.397268608722532 0.0
0.240320674283997 -0.667423064545912 0.0
0.521925615792984 0.39822835882063 0.0
-0.595102991242798 0.591201666247019 0.0
-0.796002502321183 -0.458943910545903 0.0
0.301537019566759 -0.668874933042394 0.0
0.542477581523973 0.466889640358687 0.0
-0.66369120175059 0.592658665966214 0.0
-0.797977226422663 -0.520470190991034 0.0
0.362737996107227 -0.670416596327499 0.0
0.570324794667583 0.53810000833942 0.0
-0.735630342916483 0.598373221185668 0.0
-0.799584382028138 -0.581891984927369 0.0
-0.738389426454367 -0.583648851195772 0.0
-0.736756581372229 -0.522209181953632 0.0
-0.734816379654861 -0.460650881979315 0.0
-0.732767393395738 -0.399033473219405 0.0
-0.730567694725204 -0.337360631822585 0.0
-0.728636895754466 -0.27563662624013 0.0
-0.726682993445555 -0.213697120792452 0.0
-0.724134762794035 -0.151509169176882 0.0
-0.721688863991166 -0.089268288420169 0.0
-0.719291449745871 -0.0269354386520945 0.0
-0.716974855095953 0.0355192603630108 0.0
-0.714812040150274 0.098124571385335 0.0
-0.712914916629537 0.16091534711665 0.0
-0.71144729507596 0.22393695803782 0.0
-0.710652904551659 0.287243438653599 0.0
-0.71091113710503 0.350880159320219 0.0
-0.712857200811292 0.414813673226283 0.0
-0.717671931606501 0.478683011419406 0.0
-0.727746056225384 0.540892244480013 0.0
-0.677176646767061 -0.585120861463643 0.0
-0.675480252205368 -0.523697810453318 0.0
-0.673564373170028 -0.462157867946844 0.0
-0.671518176494436 -0.400509474522434 0.0
-0.669402193165816 -0.338725282580874 0.0
-0.667393548789399 -0.276841139104095 0.0
-0.665274244086924 -0.21485713178613 0.0
-0.662839919165439 -0.15269749160091 0.0
-0.660415743638199 -0.090408609665496 0.0
-0.658028308801487 -0.0279876772225946 0.0
-0.655728447910818 0.0345767125760846 0.0
-0.653598621231138 0.097296888237225 0.0
-0.651759811421785 0.160180814247155 0.0
-0.650385587389257 0.223222175212447 0.0
-0.649725931493626 0.286377325995178 0.0
-0.650145188653723 0.349518034422853 0.0
-0.652174260643715 0.412337570839327 0.0
-0.656488673504469 0.474187504790151 0.0
-0.661945100492987 0.534083284572582 0.0
-0.615930420397109 -0.586566266299945 0.0
-0.614202319402523 -0.525126689257874 0.0
-0.612298972515741 -0.463562226576888 0.0
-0.610280160009661 -0.40186936835991 0.0
-0.608206627781555 -0.34005037725678 0.0
-0.606131991723115 -0.278135532925308 0.0
-0.603932436817089 -0.216109053595562 0.0
-0.601549301948739 -0.153931392164019 0.0
-0.599148118761177 -0.0916223426892182 0.0
-0.596779559282244 -0.0291872404785281 0.0
-0.594504594696119 0.0333688667588615 0.0
-0.592409957104537 0.0960336255468455 0.0
-0.590616126172247 0.158779048201717 0.0
-0.589286680377407 0.221549830644297 0.0
-0.588638322354275 0.284245653134111 0.0
-0.588942288200887 0.346700414979193 0.0
-0.590464310606181 0.408668318850028 0.0
-0.592954126636874 0.469874552959163 0.0
-0.593859357627413 0.53052946440956 0.0
-0.554670319398371 -0.5879768800815 0.0
-0.55293011890477 -0.526521345935142 0.0
-0.551041405793088 -0.464939742548781 0.0
-0.549046152654138 -0.403233295763244 0.0
-0.546983467898018 -0.341411165273595 0.0
-0.544864470936545 -0.279486661590735 0.0
-0.542627586111995 -0.217448738679787 0.0
-0.540268323350201 -0.155283201519154 0.0
-0.537882677494215 -0.093005364287092 0.0
-0.535525591420017 -0.0306302637448089 0.0
-0.53325998461233 0.0318210812959053 0.0
-0.531169058870495 0.0943155272926596 0.0
-0.529361920259432 0.156800849116926 0.0
-0.527976647333586 0.219197939306574 0.0
-0.52717609118201 0.281391239015437 0.0
-0.527113985049116 0.343220299813284 0.0
-0.527769253734009 0.404479261712886 0.0
-0.528349133554617 0.46499374607859 0.0
-0.525480918089254 0.524764333197938 0.0
-0.493407126976825 -0.589378255180841 0.0
-0.491664955402236 -0.527917708059477 0.0
-0.489788987992421 -0.466334642604288 0.0
-0.487807292222504 -0.404633070246056 0.0
-0.485742186175819 -0.34282164799237 0.0
-0.483593205208704 -0.280908196477252 0.0
-0.481334189921102 -0.218889996475069 0.0
-0.478979548751271 -0.15676771558699 0.0
-0.476592294293183 -0.0945589783088985 0.0
-0.474223422153121 -0.0322865866370632 0.0
-0.471931124636655 0.0300181635927064 0.0
-0.469788290801223 0.092311272236687 0.0
-0.467884680715118 0.154531182083898 0.0
-0.466323445628673 0.216593677646655 0.0
-0.465202535749476 0.278385118000266 0.0
-0.464547077470583 0.339756830206471 0.0
-0.464098535744944 0.400534831823447 0.0
-0.462788020290608 0.460586169920027 0.0
-0.459023825908661 0.520166043567201 0.0
-0.432144131141951 -0.590792374921214 0.0
-0.430403466141233 -0.529335657610799 0.0
-0.428535947104989 -0.467761085831642 0.0
-0.426558850764664 -0.406074014411614 0.0
-0.424484013052027 -0.344282739799565 0.0
-0.422309573475605 -0.282394598045844 0.0
-0.420027739592298 -0.22041350808373 0.0
-0.417657604986324 -0.158348308664021 0.0
-0.415243705654824 -0.0962187819258677 0.0
-0.412829079120076 -0.0340509599095449 0.0
-0.410462376174973 0.0281210987055883 0.0
-0.408201109846314 0.0902529974828284 0.0
-0.406109909350892 0.152287455121479 0.0
-0.404250026900876 0.214152579908404 0.0
-0.402646994427401 0.275761359357608 0.0
-0.401203606307438 0.337020825446602 0.0
-0.399507733731349 0.397872000194031 0.0
-0.396744888890782 0.458425319462808 0.0
-0.393037664765324 0.519129600693912 0.0
-0.370880258578152 -0.592227016146739 0.0
-0.369141152851683 -0.530778004578698 0.0
-0.367276707983412 -0.46921572431018 0.0
-0.365295942149267 -0.407546287592497 0.0
-0.363204548226708 -0.345777919989815 0.0
-0.36100159744588 -0.283918601564775 0.0
-0.358687585135526 -0.221976108201079 0.0
-0.356280220083392 -0.159962764057776 0.0
-0.353811253055751 -0.0978982918860594 0.0
-0.351313762056865 -0.0358078052838287 0.0
-0.348824030808679 0.0262773285613255 0.0
-0.346381508871719 0.0883185913234376 0.0
-0.344023557105101 0.150269580814106 0.0
-0.341769603084069 0.2120770415301 0.0
-0.339582560668144 0.273685175926109 0.0
-0.337289998570938 0.335052213809182 0.0
-0.334502736852579 0.396194876975382 0.0
-0.330822731952064 0.457241383712747 0.0
-0.326257205459972 0.518163176586331 0.0
-0.309612514527652 -0.593677031341135 0.0
-0.307873421193011 -0.532235335659766 0.0
-0.306006120317327 -0.470684122951697 0.0
-0.304013652583035 -0.409029789737601 0.0
-0.301898114845582 -0.347280332230804 0.0
-0.299659228357434 -0.285444008273713 0.0
-0.297300024862492 -0.223530063417477 0.0
-0.294834119192847 -0.161551391931883 0.0
-0.292282789566836 -0.0995260402682403 0.0
-0.28966833706267 -0.0374762946990828 0.0
-0.287013496542456 0.0245708329012275 0.0
-0.284339078544195 0.0865834166546636 0.0
-0.281656296216871 0.148524904331507 0.0
-0.278948695020651 0.210356981171312 0.0
-0.276136557769879 0.272047381415603 0.0
-0.273028410114496 0.333591741986595 0.0
-0.26932432593421 0.395052371520843 0.0
-0.264721622987208 0.456564354767175 0.0
-0.258731305407067 0.518303810647626 0.0
-0.248337983317299 -0.595129364818205 0.0
-0.246596622070281 -0.533691765785973 0.0
-0.244720415483117 -0.472147014423026 0.0
-0.242708551758048 -0.410501421976006 0.0
-0.240560947031487 -0.348762445817928 0.0
-0.238277065829223 -0.286938012724936 0.0
-0.235859229391252 -0.225037376894811 0.0
-0.23331567872306 -0.163072696976 0.0
-0.230658188898546 -0.101060081507349 0.0
-0.22789802333482 -0.0390193441558948 0.0
-0.225044093342992 0.0230253309906324 0.0
-0.222099237160221 0.0850450138346301 0.0
-0.219051773419184 0.147005912009523 0.0
-0.215859276570515 0.20887132956327 0.0
-0.212424728474551 0.270606734698944 0.0
-0.208581594234938 0.332190680641903 0.0
-0.204120787576626 0.393618673007098 0.0
-0.198811388507598 0.454878504053522 0.0
-0.191874258684433 0.515898852075183 0.0
-0.18705481348772 -0.596568629355851 0.0
-0.185308496508047 -0.535130606639734 0.0
-0.183417570460166 -0.473586183319764 0.0
-0.181379274849379 -0.411941333734192 0.0
-0.179192072122703 -0.350202707826932 0.0
-0.176854229870264 -0.288377460160494 0.0
-0.174365431389361 -0.226474148222264 0.0
-0.171727770130198 -0.164503825726089 0.0
-0.168943738521739 -0.102481039341252 0.0
-0.166013227254701 -0.0404241010807343 0.0
-0.162930984554407 0.0216438363301849 0.0
-0.159682273641701 0.0836938671666381 0.0
-0.156235032215539 0.145690312041828 0.0
-0.15252807061549 0.207590851344697 0.0
-0.148460196775526 0.269346950041491 0.0
-0.143894736555523 0.330903031681754 0.0
-0.13868923353888 0.392184557821997 0.0
-0.132698482026237 0.453074975432095 0.0
-0.126280457746069 0.513604276616716 0.0
-0.125763059902705 -0.597981815367428 0.0
-0.124008716151345 -0.53653883450685 0.0
-0.122097735967396 -0.474988612949055 0.0
-0.120026929207209 -0.413336567966009 0.0
-0.117793536934692 -0.351588294896638 0.0
-0.115393738784228 -0.289749837922463 0.0
-0.112823275321159 -0.227828622653475 0.0
-0.110077406266384 -0.165834323065099 0.0
-0.107149038524046 -0.103779867413459 0.0
-0.104026037584478 -0.0416819466511333 0.0
-0.100688247157333 0.0204378020733219 0.0
-0.0971030337157689 0.0825519227001053 0.0
-0.0932188591201071 0.144626387027973 0.0
-0.0889583529363298 0.206621345788306 0.0
-0.0842169390466635 0.268492886470268 0.0
-0.0788771938012105 0.330197847645255 0.0
-0.0728467880120947 0.39170620610792 0.0
-0.0662242757929219 0.453067426227104 0.0
-0.059968796090443 0.514471842888514 0.0
-0.0644646383524549 -0.599361612001184 0.0
-0.0626987571406356 -0.537910026656992 0.0
-0.0607630756799132 -0.476348895231988 0.0
-0.0586549098551402 -0.414682778605685 0.0
-0.0563700925974033 -0.35291591914035 0.0
-0.0539018629507657 -0.291052887014218 0.0
-0.0512410357902559 -0.229099502502176 0.0
-0.0483753966453436 -0.167063523460147 0.0
-0.0452877874666952 -0.104955566614014 0.0
-0.0419534302555038 -0.0427895797503218 0.0
-0.0383367764030981 0.0194161587925237 0.0
-0.0343875189337675 0.0816385400861121 0.0
-0.030036410577126 0.143849428385621 0.0
-0.0251937474190948 0.206017057995029 0.0
-0.0197572819897947 0.268108564293143 0.0
-0.0136406397405299 0.330096682636636 0.0
-0.00685322189035698 0.391976197495044 0.0
0.00029750631645416 0.453773446247402 0.0
0.0071538054220094 0.515370478301533 0.0
-0.00316316651821062 -0.600708409801051 0.0
-0.00138187073904535 -0.539246046138035 0.0
0.00058218362430431 -0.477670527873995 0.0
0.0027310012823669 -0.41598514469703 0.0
0.00507069738741437 -0.354192450216108 0.0
0.00761175440830066 -0.292295165614634 0.0
0.0103690034332059 -0.230297007325164 0.0
0.0133626075143729 -0.16820317594774 0.0
0.0166201204411563 -0.106021129554873 0.0
0.0201792128735131 -0.0437609326275567 0.0
0.0240907012241008 0.0185639027823839 0.0
0.0284215651964601 0.0809360355670211 0.0
0.0332563844382362 0.14333395745432 0.0
0.0386934053355226 0.205732586315519 0.0
0.0448277902315508 0.268103783570061 0.0
0.0517088121239001 0.330418699408087 0.0
0.0592520874169907 0.392645947877319 0.0
0.0671518421061452 0.454711825575864 0.0
0.0749535648076833 0.516455041731428 0.0
0.0581368259314989 -0.60203125742772 0.0
0.0599374268957432 -0.540557807672595 0.0
0.061932138377766 -0.478966499429724 0.0
0.064122982092783 -0.417258892884215 0.0
0.0665188025046952 -0.355435585935128 0.0
0.0691344346348576 -0.293497172526697 0.0
0.071990795107866 -0.231444872428176 0.0
0.0751162221515486 -0.169280805526153 0.0
0.078548736248357 -0.10700861729334 0.0
0.082338803792643 -0.04463374245051 0.0
0.0865520686077376 0.0178357541602895 0.0
0.091271243547149 0.0803885701599176 0.0
0.0965950123260238 0.143009091596771 0.0
0.10262977705957 0.205676295616342 0.0
0.109466958739883 0.268360890256439 0.0
0.117137064302149 0.331020228885817 0.0
0.125545096228701 0.393582810736347 0.0
0.134428337807644 0.455924100009097 0.0
0.143384136343645 0.517870923552901 0.0
0.119430061994206 -0.603347815438098 0.0
0.121253181068636 -0.541865093490341 0.0
0.123278973726879 -0.480259016632762 0.0
0.125510999699926 -0.418529080872199 0.0
0.127961660555975 -0.356673864041149 0.0
0.130650524267057 -0.294691734713393 0.0
0.13360473571909 -0.232581179860602 0.0
0.136860780658509 -0.170340859333294 0.0
0.140466991230333 -0.107970097766376 0.0
0.144486355939329 -0.0454690918595661 0.0
0.148998964254308 0.0171601810452519 0.0
0.154103014731116 0.0799130249080664 0.0
0.159912074946945 0.142780099804031 0.0
0.166544745239399 0.205744522020592 0.0
0.174101205671024 0.268775396731543 0.0
0.182623556546612 0.331816521839904 0.0
0.192045992450529 0.394767684368124 0.0
0.202149170064448 0.457466985907715 0.0
0.212505491253878 0.519701246422763 0.0
0.180711456896215 -0.604683139340566 0.0
0.182558653226103 -0.543195160022262 0.0
0.184613717471647 -0.481578034623132 0.0
0.186883761564141 -0.419829232863522 0.0
0.189385315960008 -0.357945556021653 0.0
0.19214270492989 -0.29592323156905 0.0
0.19518914296362 -0.233757877981946 0.0
0.198568995947073 -0.171444360084589 0.0
0.202340557312829 -0.108977136196828 0.0
0.206578957318301 -0.0463503619295323 0.0
0.211378493886788 0.0164412233932299 0.0
0.216853306167392 0.0794011932051493 0.0
0.223134375923276 0.142528947734478 0.0
0.23036007270182 0.205815461715911 0.0
0.238656985935887 0.269234048617373 0.0
0.248109324376292 0.332724870526585 0.0
0.258714862131505 0.396170783206031 0.0
0.270314015314094 0.459370335809348 0.0
0.282445122559346 0.522029028756243 0.0
0.24197674103426 -0.606066815529625 0.0
0.243846880202978 -0.5445796180423 0.0
0.24592714388708 -0.482958140983082 0.0
0.248229918398517 -0.421198547318516 0.0
0.250775798547664 -0.359296417714789 0.0
0.253593463647773 -0.297245981126272 0.0
0.256721759633632 -0.235039879438393 0.0
0.260212418180233 -0.172668857886244 0.0
0.264133105452002 -0.11012190829436 0.0
0.26857051422636 -0.0473861248827181 0.0
0.273632850747268 0.0155526799208107 0.0
0.279450881624374 0.0787091168226482 0.0
0.286176265203355 0.142095852760652 0.0
0.293975982921212 0.205719145111201 0.0
0.303021655924097 0.269568665216002 0.0
0.313471709457071 0.333599143781694 0.0
0.325434867802527 0.397697205550307 0.0
0.338875120700431 0.461628319027401 0.0
0.353368339672164 0.52497194783564 0.0
0.303222783643189 -0.607527624821872 0.0
0.305111471864522 -0.546048812871139 0.0
0.307211231334729 -0.484433359143939 0.0
0.309539814919714 -0.422677705345505 0.0
0.312120899846033 -0.360776528361755 0.0
0.314986845833819 -0.298722126702522 0.0
0.318181446954835 -0.236504190105831 0.0
0.321762981266929 -0.174109289694263 0.0
0.325807520523655 -0.111520654533104 0.0
0.330412297036392 -0.0487175124193171 0.0
0.335698624671614 0.0143249724074977 0.0
0.34181398138576 0.0776357387368061 0.0
0.348933040475485 0.141246700296581 0.0
0.357258444663818 0.205190047263664 0.0
0.36702274415924 0.269490396805391 0.0
0.378491404776482 0.334148059550191 0.0
0.391953151051581 0.399100303960392 0.0
0.407639933038639 0.464133695652402 0.0
0.425408810562854 0.528701461246693 0.0
0.364448666969559 -0.609084003619894 0.0
0.36634929809209 -0.547622525901694 0.0
0.368462685486646 -0.486030437981087 0.0
0.370808739976908 -0.424303858011305 0.0
0.373413281952835 -0.362436262416361 0.0
0.37631159826694 -0.300418395495092 0.0
0.379551444160265 -0.238237854545347 0.0
0.383196328422076 -0.1758780955831 0.0
0.387329088356196 -0.113317529234003 0.0
0.392055601004748 -0.0505279692284637 0.0
0.397508313662064 0.0125266300370367 0.0
0.403849725165278 0.0758919297873205 0.0
0.411276779783672 0.139624746752629 0.0
0.420029191694068 0.203794803789006 0.0
0.430406977580331 0.268484504065984 0.0
0.442804498742299 0.333784725256768 0.0
0.45776393639194 0.39977308789778 0.0
0.476022063174024 0.466430533612524 0.0
0.498365375713983 0.533342765433854 0.0
