-0.794761049138213 -0.64367081180062 0.0
0.430002887399937 -0.66887501384579 0.0
-0.812040686607361 0.61237245798111 0.0
0.61237245798111 0.61237245798111 0.0
-0.733534292042406 -0.645161424613814 0.0
0.431517955996259 -0.607558777223666 0.0
0.524695618210542 0.599475572493597 0.0
-0.786406459698853 0.544665879085421 0.0
-0.672296505392461 -0.646384425664599 0.0
0.433194303389034 -0.54614350481512 0.0
0.444298410157451 0.592922637669137 0.0
-0.776369233484857 0.478244715647091 0.0
-0.611057079285829 -0.647578685078459 0.0
0.435057843271383 -0.484624104134683 0.0
0.368193516922889 0.588634442851699 0.0
-0.771840776572955 0.413454311291975 0.0
-0.549815046494375 -0.648753953506244 0.0
0.437133121553036 -0.422995600443733 0.0
0.294754407604594 0.58545975875873 0.0
-0.769945038189745 0.349655951251205 0.0
-0.488577096307376 -0.649927030024204 0.0
0.439450494187366 -0.361252262607019 0.0
0.223101522886553 0.582977402273904 0.0
-0.769570557916558 0.28643727477559 0.0
-0.427345759608554 -0.651121108722064 0.0
0.442049774296305 -0.299386540657283 0.0
0.15270465426064 0.580998377013867 0.0
-0.770152727793523 0.223569615194849 0.0
-0.366118333300397 -0.652347661681873 0.0
0.444983561660001 -0.23738783064437 0.0
0.0832004387627233 0.579412838956674 0.0
-0.771355293769041 0.160927774722946 0.0
-0.304889272296606 -0.653604467895418 0.0
0.448320875957945 -0.17524069095184 0.0
0.0142997048478107 0.578116501649029 0.0
-0.772959083320916 0.0984437787831192 0.0
-0.243653155704256 -0.654879785433075 0.0
0.452151081765776 -0.112923013484546 0.0
-0.0542715080740412 0.57691138450087 0.0
-0.774813802976724 0.0360822277925446 0.0
-0.182406404693974 -0.656157968016069 0.0
0.456587987413925 -0.0504032865926882 0.0
-0.122804628386768 0.575078060407104 0.0
-0.776814305053406 -0.0261717639409945 0.0
-0.121148456595431 -0.657424471098398 0.0
0.461773953771469 0.0123622415465372 0.0
-0.190126501146764 0.577294736313693 0.0
-0.778890367850344 -0.088318587567486 0.0
-0.0598817151407699 -0.658669491948491 0.0
0.467884540028388 0.0754335033272828 0.0
-0.256178470140749 0.58031720059663 0.0
-0.781017159869201 -0.150345461901203 0.0
0.0013888679642669 -0.659890184543589 0.0
0.475135590864608 0.138891529746771 0.0
-0.322285976344229 0.579575485085288 0.0
-0.783277611436922 -0.212231629298448 0.0
0.0626570374424589 -0.661091696667888 0.0
0.483797735692399 0.202846266409026 0.0
-0.38926262268285 0.580192221031377 0.0
-0.784793135721961 -0.274025317587172 0.0
0.123916023890931 -0.662287130900523 0.0
0.494227754623146 0.267448752655603 0.0
-0.457211327450435 0.580926772923893 0.0
-0.786470738788094 -0.335867203777925 0.0
0.185160275077123 -0.66349633870713 0.0
0.506934811707229 0.332914428553012 0.0
-0.525942085228407 0.586256774971831 0.0
-0.78851456418034 -0.397691962946434 0.0
0.246387022260512 -0.664743163119751 0.0
0.522718975307115 0.399566156402027 0.0
-0.594463087802466 0.591584984502275 0.0
-0.790306883126025 -0.459371876661588 0.0
0.307597572589913 -0.666050467915016 0.0
0.542984723375927 0.467909758447694 0.0
-0.663126171089694 0.59285212708265 0.0
-0.79201831700161 -0.520904899025354 0.0
0.368798855823299 -0.6674316636167 0.0
0.570564978956864 0.53870891234924 0.0
-0.735194868121291 0.598416353907223 0.0
-0.793367561419171 -0.582331994630639 0.0
-0.732170251542211 -0.583824883215271 0.0
-0.730794724178492 -0.522380726835325 0.0
-0.729115573829977 -0.460816703685654 0.0
-0.72732955025414 -0.399193187395657 0.0
-0.725398093915792 -0.337513496657929 0.0
-0.723737602132092 -0.275783793668217 0.0
-0.722061933671716 -0.213838635350531 0.0
-0.719805391479987 -0.151642926524524 0.0
-0.717656984744758 -0.0893921142585929 0.0
-0.715563385465865 -0.0270463785992254 0.0
-0.713556492744974 0.0354247599881023 0.0
-0.711708582495655 0.098050617160225 0.0
-0.710130951871149 0.160866511414488 0.0
-0.708987144830306 0.223918095708494 0.0
-0.708521307795663 0.28725926599391 0.0
-0.709114407939572 0.350934182523078 0.0
-0.711405024259072 0.414905281351641 0.0
-0.716579565301091 0.47879936885272 0.0
-0.727032419871442 0.540986705641586 0.0
-0.67095977130946 -0.585043464944396 0.0
-0.669520070309618 -0.523613557805592 0.0
-0.667863411829058 -0.462066679687267 0.0
-0.666079912932437 -0.400411324460251 0.0
-0.664231913732684 -0.338620485808454 0.0
-0.662496166273344 -0.276729813295717 0.0
-0.660658045825872 -0.214738088825504 0.0
-0.658515564588475 -0.152568671518791 0.0
-0.656390496494883 -0.0902682499075167 0.0
-0.654308962308794 -0.0278334492350177 0.0
-0.65232111591357 0.0347474804618546 0.0
-0.650508632840788 0.0974869570074129 0.0
-0.648991773956772 0.160392647965031 0.0
-0.647943614810583 0.223457278465985 0.0
-0.647614022638489 0.286635067720583 0.0
-0.648367688776929 0.349793583115316 0.0
-0.650736020833864 0.412618555244773 0.0
-0.655392678601996 0.47445028803299 0.0
-0.661164320920057 0.534306215955728 0.0
-0.609720905294974 -0.586239310843653 0.0
-0.608247913694465 -0.524792692309261 0.0
-0.606602226602279 -0.463221440933178 0.0
-0.604845572488048 -0.401522163831846 0.0
-0.603040224221546 -0.339697043872479 0.0
-0.601240526650375 -0.27777588571114 0.0
-0.599324736042208 -0.215742103189055 0.0
-0.59723496836953 -0.153555791991832 0.0
-0.595134944317868 -0.0912368645163548 0.0
-0.593074519918474 -0.0287905010650213 0.0
-0.591113759244892 0.0337781652820063 0.0
-0.589338389344599 0.0964563267147266 0.0
-0.587867865546657 0.159215013505304 0.0
-0.586864785641334 0.221997199653149 0.0
-0.586544902473527 0.284699883235572 0.0
-0.587178292471647 0.347153275378033 0.0
-0.589028124923028 0.409107637988381 0.0
-0.591833417706336 0.47028842997044 0.0
-0.59300173536713 0.530923174327336 0.0
-0.548473159149791 -0.58740874015057 0.0
-0.546985612084024 -0.525946977830594 0.0
-0.545352834869531 -0.464359797892694 0.0
-0.54361916198467 -0.402648447717754 0.0
-0.541825211724429 -0.340821885509668 0.0
-0.539983070671809 -0.278893004946417 0.0
-0.538032272367168 -0.216850287954892 0.0
-0.535968344580438 -0.154679387160066 0.0
-0.533886008034828 -0.0923957467276969 0.0
-0.531839156866988 -0.0300145315497915 0.0
-0.529889542753525 0.0324428664719999 0.0
-0.52811906067003 0.0949425883982585 0.0
-0.52663539009513 0.157431280298035 0.0
-0.525575044559742 0.219828261675031 0.0
-0.52509901616078 0.282016035594132 0.0
-0.5253583041845 0.343832202919851 0.0
-0.526325934863576 0.405070142364397 0.0
-0.527192238105429 0.465559601481498 0.0
-0.524538828575089 0.525316215170101 0.0
-0.487227019722167 -0.588580313795255 0.0
-0.485734277960754 -0.527115053918918 0.0
-0.484112331552423 -0.46552843605313 0.0
-0.48239167624801 -0.403824406778179 0.0
-0.480596021175285 -0.342011383090547 0.0
-0.478725679570607 -0.280096847057153 0.0
-0.476754908676958 -0.218077787169814 0.0
-0.474697682115248 -0.155954816618748 0.0
-0.472615821141369 -0.0937457063572787 0.0
-0.470559046755172 -0.0314734887136364 0.0
-0.468584105811281 0.0308301214183253 0.0
-0.466762252259832 0.0931204812321144 0.0
-0.465181398382725 0.155335174416152 0.0
-0.463942542480034 0.21738897187205 0.0
-0.46314086508819 0.279167232711172 0.0
-0.462797137658932 0.340520738123555 0.0
-0.462643971855187 0.401276632158487 0.0
-0.461592539809818 0.461307403688335 0.0
-0.458026494751711 0.520876920850154 0.0
-0.42598527964262 -0.589778037523259 0.0
-0.424490221350137 -0.528318609723792 0.0
-0.422874660697641 -0.466743102968828 0.0
-0.421158100370341 -0.405056704929865 0.0
-0.419353485112347 -0.343267431339392 0.0
-0.417459366886786 -0.281382312453467 0.0
-0.415467833386674 -0.219405043227504 0.0
-0.413397194078808 -0.157344414294313 0.0
-0.411290681229506 -0.0952203017662917 0.0
-0.40918982585379 -0.0330589108711598 0.0
-0.407141559259342 0.0291054182236038 0.0
-0.405201437626246 0.091227906049985 0.0
-0.4034318341723 0.153250829257998 0.0
-0.401891277934075 0.215101890737888 0.0
-0.400601647396005 0.276693925678994 0.0
-0.399459952119196 0.337934585679918 0.0
-0.398043547096437 0.39876740222404 0.0
-0.395521998220957 0.459308057198399 0.0
-0.392015707564103 0.520009434769938 0.0
-0.364746219062103 -0.591010746218816 0.0
-0.363248490383948 -0.529561311590658 0.0
-0.361633869503312 -0.468001053809667 0.0
-0.359913186735443 -0.406335788350809 0.0
-0.358092828047839 -0.344573391496963 0.0
-0.356171840821857 -0.28272151596276 0.0
-0.35415014823755 -0.220787698843006 0.0
-0.352044362668223 -0.158784152370637 0.0
-0.34988473945068 -0.096730580336353 0.0
-0.347702617279197 -0.0346521248466793 0.0
-0.34553229615181 0.0274197768694825 0.0
-0.343410956102403 0.0894465190322632 0.0
-0.341373299173911 0.151381646795299 0.0
-0.339435465017635 0.213171991516754 0.0
-0.337555890691307 0.274762205791271 0.0
-0.335555352188858 0.336111781180012 0.0
-0.333034476982254 0.397240058273741 0.0
-0.329585428087344 0.458278583020401 0.0
-0.325213275086101 0.519199123234924 0.0
-0.303506078901547 -0.5922734608939 0.0
-0.302003940616238 -0.530833736687294 0.0
-0.300384368223127 -0.469287612762844 0.0
-0.298651639613092 -0.407641035970676 0.0
-0.296808035704909 -0.345901558307833 0.0
-0.294852792059928 -0.284077048711349 0.0
-0.292787964258475 -0.222176450629347 0.0
-0.290625777318249 -0.160212447979801 0.0
-0.288385794448584 -0.0982029337492768 0.0
-0.286088346807294 -0.0361700592820609 0.0
-0.283753926705491 0.0258592996155412 0.0
-0.281400761892937 0.087853383561859 0.0
-0.279036997530326 0.149775889673721 0.0
-0.276642337006695 0.211588934859225 0.0
-0.274131901355763 0.27326105628317 0.0
-0.271307047268169 0.334789338447558 0.0
-0.267859137987029 0.396238237683965 0.0
-0.263478617468097 0.45774484439255 0.0
-0.257675398421739 0.519486941022821 0.0
-0.242261097690856 -0.5935525602742 0.0
-0.240752309266789 -0.532119301937652 0.0
-0.23912191334538 -0.470582644019363 0.0
-0.237369641176003 -0.408948285450429 0.0
-0.235495025859493 -0.347223133317287 0.0
-0.233496582086133 -0.285414647912927 0.0
-0.231375284739515 -0.223531702911356 0.0
-0.229137708168416 -0.161586146086984 0.0
-0.226793687868609 -0.0995938085350802 0.0
-0.224352290025664 -0.0375742247294585 0.0
-0.2218199253926 0.0244487276691248 0.0
-0.219196529845893 0.0864464836986511 0.0
-0.216466937449871 0.148385724829071 0.0
-0.213584353165633 0.210230420712765 0.0
-0.210446081610213 0.271947017799767 0.0
-0.206878433904071 0.333515436058029 0.0
-0.202664711758504 0.394932704420564 0.0
-0.19756832637444 0.456187706086909 0.0
-0.190805328944101 0.517209782643473 0.0
-0.181008531999991 -0.594831532759053 0.0
-0.179490687382245 -0.533400111189671 0.0
-0.177843984744928 -0.471866620584243 0.0
-0.176065427726998 -0.410236268005548 0.0
-0.174152501106927 -0.348515054972397 0.0
-0.172102072981143 -0.28670959806845 0.0
-0.169912141677443 -0.224828004066837 0.0
-0.167582877103343 -0.162880931682471 0.0
-0.165114615124919 -0.100882549459214 0.0
-0.162504829702278 -0.0388507726240261 0.0
-0.159745516316588 0.0231916921587444 0.0
-0.156818722491054 0.0852164699137286 0.0
-0.153688506881611 0.147188545732332 0.0
-0.150288863686759 0.209066463326775 0.0
-0.146512601749715 0.270802809540728 0.0
-0.142216039281235 0.332343351575463 0.0
-0.137249740378301 0.393614865515824 0.0
-0.131462611927365 0.454501701758569 0.0
-0.125207754480983 0.515033070045222 0.0
-0.119747528977271 -0.596095824070352 0.0
-0.118218080628141 -0.534661547999334 0.0
-0.116550217144891 -0.473124878634697 0.0
-0.114739680666318 -0.411490336206948 0.0
-0.112782142134176 -0.349762793948268 0.0
-0.110671963052359 -0.287947707315837 0.0
-0.108402896469053 -0.226052000632372 0.0
-0.105968047713201 -0.164084890271433 0.0
-0.103357967712219 -0.10205884755529 0.0
-0.100557902517305 -0.0399900681096072 0.0
-0.0975447104572733 0.0221003817234128 0.0
-0.094282260106153 0.0841857328909382 0.0
-0.0907148036707841 0.146232807679512 0.0
-0.0867598378426421 0.208202814284208 0.0
-0.0823066522864167 0.270053106411496 0.0
-0.0772310448138453 0.331741875607737 0.0
-0.0714341389884287 0.39324021183059 0.0
-0.065009224099688 0.454597748390782 0.0
-0.0589146688228115 0.51600333163141 0.0
-0.0584791069735516 -0.597336231199737 0.0
-0.0569352978474311 -0.535895264652225 0.0
-0.0552422364779264 -0.47435005551323 0.0
-0.0533953228570484 -0.412704179639965 0.0
-0.0513882619726133 -0.350961120215302 0.0
-0.0492121047530593 -0.289124836488763 0.0
-0.0468554194466838 -0.22720062057496 0.0
-0.044303639037572 -0.16519573192305 0.0
-0.0415370762782244 -0.103120271131524 0.0
-0.0385281576251403 -0.040987608646927 0.0
-0.0352381496514999 0.0211846583286871 0.0
-0.0316130148503064 0.083374248826377 0.0
-0.0275790454375016 0.145554041212795 0.0
-0.0230411985191975 0.207693484258371 0.0
-0.0178910341517727 0.269761070481234 0.0
-0.0120355178050879 0.331730829712535 0.0
-0.00547770726878265 0.393598346556505 0.0
0.00147955370761633 0.455389742727884 0.0
0.00818059049926578 0.516985756405504 0.0
0.00279398013973091 -0.598550915119345 0.0
0.00435506908092704 -0.537100858695459 0.0
0.00607629851224497 -0.475543359186831 0.0
0.00796240364461384 -0.413880691420872 0.0
0.0100221142773563 -0.352114657569476 0.0
0.0122684052545114 -0.290247378011537 0.0
0.0147185631311338 -0.228282040322204 0.0
0.017395263606708 -0.166223330291017 0.0
0.020328729982176 -0.104078154992722 0.0
0.0235595696493145 -0.0418559452633053 0.0
0.0271419393118999 0.020430548217699 0.0
0.031146720471014 0.0827649147500564 0.0
0.035663120567567 0.14512677409521 0.0
0.040794844072213 0.207492360088645 0.0
0.0466432825894855 0.269834946976531 0.0
0.0532643619693932 0.332126968234364 0.0
0.0605800434097793 0.394337855349651 0.0
0.0682896333592967 0.45639403567589 0.0
0.0759419562916912 0.518133912379146 0.0
0.0640680095993847 -0.599746317012925 0.0
0.0656491527861949 -0.538286585209025 0.0
0.0674000984900731 -0.476715089351726 0.0
0.0693263097665103 -0.415032418462117 0.0
0.0714396236681972 -0.353238475310468 0.0
0.0737575935920473 -0.291333296807513 0.0
0.0763037468218317 -0.229317602509654 0.0
0.0791090534297902 -0.16719301150863 0.0
0.0822143062990327 -0.104962617242313 0.0
0.0856730083298843 -0.0426312037070394 0.0
0.0895542460839008 0.0197939587692047 0.0
0.0939447330908084 0.0823025445224065 0.0
0.0989478549586074 0.144880121014299 0.0
0.104675496826299 0.207507037331508 0.0
0.111225297264158 0.270155486782055 0.0
0.118634459330113 0.332784268049842 0.0
0.126814689218038 0.395323106938514 0.0
0.13550947692376 0.457648341855056 0.0
0.144321591011303 0.519587152968325 0.0
0.125338431611123 -0.600937034936028 0.0
0.126941645985238 -0.539469087063022 0.0
0.128722036979681 -0.477884275922484 0.0
0.130687122128746 -0.416181252984549 0.0
0.132852534786466 -0.354358002703161 0.0
0.1352407062761 -0.292412413380064 0.0
0.137881495401621 -0.230342534267185 0.0
0.140814097725626 -0.168146577006842 0.0
0.144089680563976 -0.105823357321076 0.0
0.147774322417516 -0.04337245529492 0.0
0.151951597227163 0.0192049191580926 0.0
0.156723719148708 0.0819050232014954 0.0
0.1622089204747 0.144719677708766 0.0
0.168531180378548 0.20763336801915 0.0
0.175796769855299 0.270616756330165 0.0
0.184054528685662 0.333615356904672 0.0
0.193246014933848 0.39653080135584 0.0
0.203159959699709 0.459203039014556 0.0
0.21337737465683 0.521420292599723 0.0
0.186600789052374 -0.602144500951933 0.0
0.188226482882692 -0.540671891812906 0.0
0.190033945161913 -0.479077099823638 0.0
0.192034473365838 -0.417356952015373 0.0
0.194247924060761 -0.355507792041976 0.0
0.196701559805562 -0.293525478228448 0.0
0.199431366016935 -0.23140529740581 0.0
0.202484455628639 -0.169141767887954 0.0
0.205921978479157 -0.10672893585876 0.0
0.20982215974565 -0.0441604346087772 0.0
0.214282759382304 0.0185696658081421 0.0
0.219421856558602 0.0814657815057263 0.0
0.225374933313824 0.144528347137131 0.0
0.232285464617928 0.207749583027325 0.0
0.240285810260457 0.271104308510634 0.0
0.249466819470524 0.334534566849319 0.0
0.25983436279869 0.39792565423504 0.0
0.271239378410801 0.461079227910115 0.0
0.283233585152431 0.523704195765829 0.0
0.247851333945695 -0.603394000168363 0.0
0.249497449291409 -0.541922177314386 0.0
0.251327564870507 -0.480323657775678 0.0
0.253358144582351 -0.418594198120801 0.0
0.255613096376875 -0.356729082197332 0.0
0.258124064203586 -0.294722338217043 0.0
0.260932677739316 -0.232566445403833 0.0
0.26409341106442 -0.170251964202811 0.0
0.267676766630812 -0.107767629070368 0.0
0.271772491339931 -0.0451001684445296 0.0
0.27649217275367 0.0177651001119321 0.0
0.281970359404868 0.0808434163674393 0.0
0.288362922663639 0.144148208523256 0.0
0.295841491280716 0.207686641290522 0.0
0.304582861448681 0.27144952163622 0.0
0.314751601478938 0.335393172483407 0.0
0.326464777304923 0.399406733862967 0.0
0.339699253898266 0.463259844397646 0.0
0.354050879891106 0.52653852154864 0.0
0.309087377747457 -0.604709253165935 0.0
0.310749048217204 -0.54324507707312 0.0
0.312596039689136 -0.481652638157584 0.0
0.314649844547972 -0.419928170867004 0.0
0.316937417819067 -0.358066327933719 0.0
0.319494058462255 -0.296059483091195 0.0
0.322366305313302 -0.233897411147881 0.0
0.325615130682192 -0.171566715833033 0.0
0.329319385915744 -0.109050569610173 0.0
0.333579282019573 -0.046328041347747 0.0
0.33851939408216 0.0166259563100665 0.0
0.344290770988444 0.0798406725510969 0.0
0.351071931146252 0.143348339683062 0.0
0.359069566851298 0.207181429645644 0.0
0.368520526640152 0.271364818037706 0.0
0.37969529474364 0.335899215934957 0.0
0.392889870132216 0.400722954009145 0.0
0.408349478984784 0.465625686657856 0.0
0.425957690624197 0.530069121007107 0.0
0.370308450215093 -0.606102989441685 0.0
0.371979205833645 -0.544654430451005 0.0
0.373837397562721 -0.483084271833924 0.0
0.37590651531533 -0.421389011451411 0.0
0.378215544080879 -0.359562615500416 0.0
0.38080260369742 -0.297596284780274 0.0
0.383718100923847 -0.235477982903371 0.0
0.387028157340673 -0.173191425784681 0.0
0.390818311669244 -0.110715181573349 0.0
0.395197328212014 -0.04802114201239 0.0
0.400300782310989 0.0149266925124533 0.0
0.406294523364503 0.0781738863750824 0.0
0.413378968490869 0.141776985184626 0.0
0.421797273341 0.205805102441804 0.0
0.431852790304115 0.270339493765722 0.0
0.443943347237284 0.335469106267957 0.0
0.458615742605116 0.401268590017763 0.0
0.476615737420004 0.467715027452178 0.0
0.498754032936082 0.534392593643454 0.0
