-0.774862358654138 -0.647077233730026 0.0
0.449301513705367 -0.665259204664203 0.0
-0.801735424995422 0.61237245798111 0.0
0.61237245798111 0.61237245798111 0.0
-0.713636166415071 -0.648067320055142 0.0
0.45037815409438 -0.603937217217982 0.0
0.526336679271646 0.600066818708787 0.0
-0.77647190104102 0.543751953323954 0.0
-0.652411271951738 -0.648812944813629 0.0
0.451571924321947 -0.542523708570669 0.0
0.447087410061445 0.593688676762279 0.0
-0.766313673630137 0.476769971739794 0.0
-0.591197981825639 -0.649540698681085 0.0
0.45290751777135 -0.481017801671756 0.0
0.371865595129997 0.589377972691017 0.0
-0.761439986065293 0.411554698135743 0.0
-0.529996255430231 -0.650272729580724 0.0
0.454411533223226 -0.419417419514674 0.0
0.299154928546749 0.586088518444259 0.0
-0.75907995374385 0.347419632247607 0.0
-0.468811036062378 -0.651034239152561 0.0
0.456116961671804 -0.3577187255416 0.0
0.228130539103412 0.583445474112756 0.0
-0.758167915336009 0.283931055036569 0.0
-0.40764168530453 -0.651851748288004 0.0
0.458066071023631 -0.295915357651328 0.0
0.158292558882669 0.581282801694377 0.0
-0.758165824101067 0.220847178698679 0.0
-0.34648174400007 -0.652735938819048 0.0
0.460313423110862 -0.233997402607869 0.0
0.0892970296261073 0.579504093622123 0.0
-0.758755490549002 0.15803357712216 0.0
-0.285321877316292 -0.653680667074121 0.0
0.462929297003971 -0.171949758863459 0.0
0.0208697128615916 0.578015408248594 0.0
-0.759731144469244 0.0954151681446819 0.0
-0.224153203923974 -0.654668275735252 0.0
0.466003396719288 -0.109750424171345 0.0
-0.0472486946515796 0.576632480949087 0.0
-0.76095293483325 0.0329506763639824 0.0
-0.162969218701196 -0.655676248018146 0.0
0.469648654433936 -0.0473678786494341 0.0
-0.115331435721681 0.574670240670795 0.0
-0.762324072611097 -0.029379921877464 0.0
-0.101767041227589 -0.656682975448327 0.0
0.474004925482775 0.0152415973296337 0.0
-0.182305489621447 0.576603891153534 0.0
-0.763781097452283 -0.0915817374144379 0.0
-0.0405473525308859 -0.657671831328297 0.0
0.479243021465113 0.078137642024468 0.0
-0.248107653988887 0.579329273047566 0.0
-0.765304670928676 -0.153646648613371 0.0
0.0206860774150398 -0.658633544301583 0.0
0.485570894011805 0.141400413822637 0.0
-0.31395353274311 0.578471635978946 0.0
-0.766988375935798 -0.215559053915968 0.0
0.0819276849048034 -0.659567214718849 0.0
0.493246782532614 0.205137966314418 0.0
-0.380636894171476 0.578960799884285 0.0
-0.767942499926557 -0.277370930821281 0.0
0.143170917143482 -0.660480177848765 0.0
0.502608584956584 0.269497817815228 0.0
-0.448266400289036 0.579614871401816 0.0
-0.769076038832773 -0.339225219794685 0.0
0.204409916581568 -0.661386706002027 0.0
0.514136975060714 0.334689342475608 0.0
-0.516718915375102 0.584797456893842 0.0
-0.770595108491236 -0.401059677539267 0.0
0.265640955929598 -0.662305259573372 0.0
0.52858839735222 0.401025205338869 0.0
-0.585020808829067 0.590040077404815 0.0
-0.771882542905429 -0.462748850123685 0.0
0.326863487954361 -0.66325377487266 0.0
0.547296861530218 0.468993916059025 0.0
-0.653460494629502 0.591448632807021 0.0
-0.773094711555618 -0.52429397889779 0.0
0.388081310505553 -0.66424207539789 0.0
0.572975563695185 0.539328729526303 0.0
-0.725256298252119 0.597403592415899 0.0
-0.773957033871686 -0.585729044308005 0.0
-0.712761128333646 -0.586721090184887 0.0
-0.711870173097392 -0.525268718158523 0.0
-0.7106855942409 -0.463691669932714 0.0
-0.709404950770137 -0.402052896810582 0.0
-0.707995630121206 -0.340355001071697 0.0
-0.706875601045656 -0.278602710233766 0.0
-0.705768263317396 -0.216626408471555 0.0
-0.704101714934766 -0.154390172544872 0.0
-0.702562795218675 -0.0920873791711093 0.0
-0.701094647006463 -0.0296747235739903 0.0
-0.699724224676846 0.0328812318216189 0.0
-0.698517419977195 0.0956125050613405 0.0
-0.697577444163089 0.158556794253491 0.0
-0.697057495368449 0.221761572657476 0.0
-0.697187999266312 0.285281489510433 0.0
-0.698330594754898 0.349159327247844 0.0
-0.701094173064031 0.41335186838023 0.0
-0.706614332517149 0.477472760841624 0.0
-0.717190734740426 0.53987463217863 0.0
-0.651560179137437 -0.587459903077352 0.0
-0.650603145805014 -0.526015541715057 0.0
-0.649438690290269 -0.464452229281207 0.0
-0.648161716492113 -0.402778030662918 0.0
-0.646840029720242 -0.340964917624255 0.0
-0.645653069421145 -0.279048269355324 0.0
-0.644388504196779 -0.217024959308067 0.0
-0.642842373740706 -0.154813960080867 0.0
-0.641334267835879 -0.092462999046242 0.0
-0.639886493048294 -0.0299672227069028 0.0
-0.638544079216209 0.0326860589273563 0.0
-0.637382120629041 0.095509371946423 0.0
-0.636512457481321 0.158509261570559 0.0
-0.636097226708485 0.221675467849978 0.0
-0.636371654500076 0.284956467998124 0.0
-0.637680068892761 0.348210391476528 0.0
-0.640524316627281 0.411110061035475 0.0
-0.645533873909879 0.472985193569364 0.0
-0.651496685319959 0.532865861354374 0.0
-0.590341911059045 -0.588188804131518 0.0
-0.589348075550856 -0.526728010864417 0.0
-0.588193239768968 -0.465141391667268 0.0
-0.586945398592831 -0.403425189650702 0.0
-0.585671273851352 -0.341581133511681 0.0
-0.584427240746987 -0.279638571541294 0.0
-0.583092445947302 -0.217579030639018 0.0
-0.581607310824367 -0.15536108154694 0.0
-0.580132992106178 -0.0930055087350718 0.0
-0.578715297126384 -0.0305177093152888 0.0
-0.577408864313509 0.0320962931444106 0.0
-0.576292426638736 0.094821748682083 0.0
-0.575476462778861 0.157626383826161 0.0
-0.575111950120141 0.220448292081974 0.0
-0.575399359318855 0.283178191892713 0.0
-0.576588360465454 0.34563985871087 0.0
-0.578915025565707 0.407580495334165 0.0
-0.582089779417307 0.468733320001712 0.0
-0.583538301317053 0.529342852255842 0.0
-0.52912533568436 -0.588917152865307 0.0
-0.528112085775412 -0.527444852782748 0.0
-0.526969089438013 -0.465847368057064 0.0
-0.525746786381346 -0.404125735071546 0.0
-0.524489233035114 -0.342288614677647 0.0
-0.523209864433043 -0.280348431642471 0.0
-0.521848021182478 -0.218292821666362 0.0
-0.520397246508602 -0.156107251566239 0.0
-0.518949243063482 -0.0938082679591245 0.0
-0.517553479992696 -0.0314121816444928 0.0
-0.516265867318359 0.0310579075899203 0.0
-0.515160820566961 0.0935657500996616 0.0
-0.514336508018214 0.156055022772714 0.0
-0.513917349621282 0.218441938123695 0.0
-0.514048966009627 0.28060677095631 0.0
-0.514863162909984 0.342387674683584 0.0
-0.516311448508431 0.403584498239988 0.0
-0.517572845444263 0.464042034177349 0.0
-0.515274879220635 0.523798367172266 0.0
-0.467919567154954 -0.589680697891369 0.0
-0.466895171528663 -0.5282106825458 0.0
-0.465761868297732 -0.466621474463083 0.0
-0.464555195178128 -0.404916776610698 0.0
-0.46330117520086 -0.343104771123317 0.0
-0.462000533707704 -0.281192709848764 0.0
-0.460626437901014 -0.2191773962046 0.0
-0.45919040776752 -0.157059851500931 0.0
-0.457750759915597 -0.0948589782288743 0.0
-0.456352389745179 -0.0325990591068758 0.0
-0.45504582406522 0.0296867362590859 0.0
-0.453894493486589 0.0919522415120961 0.0
-0.452976572817865 0.15413381261258 0.0
-0.452381061368067 0.21614594113927 0.0
-0.452188639158593 0.277875700718569 0.0
-0.45240359567087 0.339179183001581 0.0
-0.452743661970193 0.39989459634167 0.0
-0.452119256544625 0.459912726659999 0.0
-0.448921089289724 0.51951041077565 0.0
-0.406725323588664 -0.590506010411809 0.0
-0.405691998980663 -0.529048626392641 0.0
-0.404563850524959 -0.46747948182627 0.0
-0.403363812648288 -0.40580335861658 0.0
-0.402105851919772 -0.344028023790704 0.0
-0.400787920381598 -0.282160395505992 0.0
-0.39940022981391 -0.22020424117044 0.0
-0.397958135180956 -0.158168839008113 0.0
-0.39650092933568 -0.0960749009633938 0.0
-0.395065009302318 -0.033949439581758 0.0
-0.393690881610653 0.0281725335643584 0.0
-0.392426225756711 0.0902459255473114 0.0
-0.391323898735799 0.152213417136428 0.0
-0.390431173544559 0.214004344332392 0.0
-0.389757180660469 0.275535107178343 0.0
-0.389186094006675 0.336719736876366 0.0
-0.38828662851601 0.397511497559201 0.0
-0.386227347993038 0.45803529610611 0.0
-0.383109358151904 0.518739593320926 0.0
-0.345538452465244 -0.591400530978303 0.0
-0.344495718293958 -0.529960000022065 0.0
-0.343367307494482 -0.468415090115171 0.0
-0.342165581551148 -0.406770953128998 0.0
-0.340896585873294 -0.345035088779531 0.0
-0.339557785236832 -0.283214984457473 0.0
-0.338146544166715 -0.221318206903449 0.0
-0.336676075845716 -0.159357235023232 0.0
-0.335172374862715 -0.0973521372392033 0.0
-0.333661486702506 -0.0353282488873723 0.0
-0.332171288166953 0.0266831229647921 0.0
-0.330731298044748 0.0886440209472371 0.0
-0.32936724458783 0.150509412725116 0.0
-0.328085085007355 0.212228646373384 0.0
-0.326832444890766 0.273750367106167 0.0
-0.325420350435335 0.335039813541747 0.0
-0.32344335454336 0.396122978468411 0.0
-0.320489872419188 0.457135519174253 0.0
-0.316566801957297 0.518056978881834 0.0
-0.284352679308759 -0.59235494283369 0.0
-0.283299233063182 -0.53093035695631 0.0
-0.28216491917715 -0.469407723694482 0.0
-0.280953568914833 -0.407792016115285 0.0
-0.279665795234946 -0.346090201822071 0.0
-0.278298364222471 -0.284309814325709 0.0
-0.276850207624743 -0.22245962595408 0.0
-0.275329808374002 -0.16055225387168 0.0
-0.273752279892701 -0.0986054741036158 0.0
-0.272132646011812 -0.0366410687908923 0.0
-0.270485139912848 0.0253148493323836 0.0
-0.268820709562245 0.0872318283382082 0.0
-0.267139203898654 0.149075589373667 0.0
-0.265411243011402 0.210811168152923 0.0
-0.263542787663057 0.272411014408176 0.0
-0.261327434057745 0.333876743177122 0.0
-0.25845209187992 0.395276280190948 0.0
-0.254610898349438 0.456747278870602 0.0
-0.249351419864005 0.518466056003072 0.0
-0.223161859995664 -0.593349482800169 0.0
-0.222096437390027 -0.531936576253697 0.0
-0.220950876672301 -0.47043020364648 0.0
-0.219722566942301 -0.408834785976782 0.0
-0.21840816741453 -0.347156419376906 0.0
-0.217002976436139 -0.285402020538487 0.0
-0.215504411604322 -0.223580048614872 0.0
-0.213915080288905 -0.161701954022774 0.0
-0.212240304290119 -0.0997830362608132 0.0
-0.21048394784136 -0.0378419999947918 0.0
-0.208646438148674 0.0240985399377196 0.0
-0.20672089597527 0.0860118561259255 0.0
-0.204684542147125 0.147867203872149 0.0
-0.202482410306521 0.209632023627608 0.0
-0.200003668157257 0.271277188751865 0.0
-0.197067634895345 0.332787706103155 0.0
-0.193454092823534 0.394165741421872 0.0
-0.188934008469498 0.455405278948558 0.0
-0.182772931440544 0.516444423144664 0.0
-0.16196115331005 -0.594360692666638 0.0
-0.160882797042565 -0.532953664116473 0.0
-0.159721312732509 -0.471455721170124 0.0
-0.158469660266246 -0.409870549728756 0.0
-0.157121432192662 -0.348203151597251 0.0
-0.155669703814005 -0.286459414827135 0.0
-0.15410862411203 -0.224646813173217 0.0
-0.152434293044768 -0.1627753305952 0.0
-0.150642586196295 -0.100858273135636 0.0
-0.148725990792807 -0.0389123574313865 0.0
-0.146670899061154 0.0230413866681629 0.0
-0.144453097502241 0.0849768990242652 0.0
-0.142029758673611 0.146862308020237 0.0
-0.139327557003589 0.208660332735847 0.0
-0.136231993230209 0.270328927367864 0.0
-0.132593071703932 0.331820497553324 0.0
-0.128258341145878 0.393069917800297 0.0
-0.123081929946589 0.453971604752302 0.0
-0.117402234431826 0.514551981428695 0.0
-0.100747977184552 -0.595366970498867 0.0
-0.0996559599139933 -0.533959966121202 0.0
-0.0984747298405921 -0.472462604524933 0.0
-0.0971945577472042 -0.410877743592929 0.0
-0.0958064430484211 -0.349209143352024 0.0
-0.0943005694590995 -0.287461403144219 0.0
-0.0926666950033188 -0.225640651387842 0.0
-0.0908938741519234 -0.163755223372279 0.0
-0.0889683667033238 -0.101816485021327 0.0
-0.0868707639693756 -0.0398391617348366 0.0
-0.0845728286113296 0.0221576618299548 0.0
-0.0820328637556879 0.084149874062696 0.0
-0.0791891179606203 0.146107809030699 0.0
-0.0759528052265896 0.207997186999636 0.0
-0.0722070467916276 0.26978087942245 0.0
-0.067822482269821 0.331423244505065 0.0
-0.0626974064004295 0.39290090258126 0.0
-0.0569187497736658 0.454262527801583 0.0
-0.0514024214529256 0.515680919036716 0.0
-0.0395220159479586 -0.596352339753811 0.0
-0.0384156460819104 -0.534940443124066 0.0
-0.0372117958277151 -0.473436933546861 0.0
-0.0358993087827579 -0.411843711029379 0.0
-0.0344667194544109 -0.350163123973596 0.0
-0.032900718152254 -0.288398216875814 0.0
-0.0311858756011626 -0.226553388198425 0.0
-0.029303708602915 -0.164634886392536 0.0
-0.027230517814442 -0.102651556102501 0.0
-0.0249345220072138 -0.0406151357932256 0.0
-0.0223725272922867 0.0214589267833982 0.0
-0.0194857641989731 0.0835511689830498 0.0
-0.0161955344706494 0.145638097616869 0.0
-0.0124016244115936 0.207693659256116 0.0
-0.00799040405925185 0.269691536029442 0.0
-0.00286375104203751 0.331610886546936 0.0
0.00298202056277549 0.393450161033022 0.0
0.00926026498927562 0.455232994285455 0.0
0.0153363889326449 0.516841899660321 0.0
0.0217149267360889 -0.597308575135802 0.0
0.0228364051337759 -0.535888392951264 0.0
0.024064677086321 -0.474373772677779 0.0
0.0254117025258011 -0.412765438718902 0.0
0.0268915704849799 -0.351064126683411 0.0
0.0285216017755284 -0.289271048078989 0.0
0.0303229554973684 -0.227388462200114 0.0
0.0323219897031448 -0.165419989537026 0.0
0.0345525666610415 -0.103371223402158 0.0
0.0370589554545338 -0.0412499126905638 0.0
0.0398990310141352 0.0209333750906896 0.0
0.0431474652226862 0.0831650532323654 0.0
0.0468973601407383 0.14542832734508 0.0
0.0512564992174313 0.207703807554749 0.0
0.0563308158883712 0.269969719443147 0.0
0.0621822221175136 0.332203271420339 0.0
0.0687427428747673 0.394377272725067 0.0
0.0757266606822227 0.456421149089214 0.0
0.0826931947865622 0.51817802832273 0.0
0.0829597231738394 -0.598236068269538 0.0
0.0840969966379548 -0.536806072308354 0.0
0.0853502056590417 -0.475277556606886 0.0
0.0867322034141386 -0.413649818645176 0.0
0.0882600557339408 -0.351921832609682 0.0
0.0899554764520584 -0.290092781553977 0.0
0.0918456424430108 -0.228162477845816 0.0
0.0939648977636472 -0.166131493371332 0.0
0.096357228422518 -0.104001640363412 0.0
0.0990791737399218 -0.0417760778687679 0.0
0.102202705764377 0.0205400201505652 0.0
0.10581728359473 0.0829390344422346 0.0
0.110028981546933 0.145409980571662 0.0
0.114952579422292 0.207937470015857 0.0
0.120689541189313 0.270498694063039 0.0
0.127283356201333 0.333057907680876 0.0
0.134656192271338 0.395550718798889 0.0
0.142565215782874 0.457859995197389 0.0
0.15062432170589 0.519818393585288 0.0
0.144208097873585 -0.599143589108241 0.0
0.14536137853098 -0.537704297343174 0.0
0.146638500858712 -0.476161582542926 0.0
0.148053951134873 -0.414513165273158 0.0
0.149628173050231 -0.352756271304021 0.0
0.151387455788533 -0.290888019583788 0.0
0.153365027247498 -0.228905624328326 0.0
0.155603101739523 -0.16680634211531 0.0
0.158155542331008 -0.104587832491276 0.0
0.161090775712051 -0.042248215146905 0.0
0.16449434413236 0.0202131891041161 0.0
0.168470037956664 0.0827950983348806 0.0
0.173137373305463 0.145492526803131 0.0
0.178621692359886 0.208294055996957 0.0
0.185031653782368 0.271175541402826 0.0
0.192421158032273 0.334089096215926 0.0
0.200741339142028 0.39694475367967 0.0
0.209795710579413 0.459592313058216 0.0
0.219183992536778 0.521828049356068 0.0
0.205455583589019 -0.600046861924206 0.0
0.206624008127306 -0.538600846063258 0.0
0.207922318582653 -0.47704633365413 0.0
0.209367744218434 -0.415379607442281 0.0
0.210984344593368 -0.353596404421039 0.0
0.21280290085734 -0.291691919913717 0.0
0.214862472559599 -0.22966074318809 0.0
0.217212813214154 -0.167496618935273 0.0
0.219917238089582 -0.10519266485194 0.0
0.223055585485362 -0.0427413324597789 0.0
0.226726590460828 0.0198648590565315 0.0
0.231048597301902 0.0826323831042751 0.0
0.236156680664634 0.145564418442553 0.0
0.242193548774952 0.208656887837702 0.0
0.249291328450485 0.271889746590063 0.0
0.257542955168493 0.335212414488472 0.0
0.26696172761514 0.398520830669878 0.0
0.277415688858982 0.46163078222573 0.0
0.288487213973252 0.5242655364979 0.0
0.266698187398842 -0.600965590813519 0.0
0.267879237171589 -0.539517253385124 0.0
0.269194422792702 -0.477956250816479 0.0
0.27066462728257 -0.416278068598818 0.0
0.272317355674615 -0.354477491846614 0.0
0.274187482860353 -0.292548070504986 0.0
0.276319427885173 -0.230481838799118 0.0
0.278769917837611 -0.168268880749177 0.0
0.281611074838306 -0.105897337034869 0.0
0.284933502078168 -0.0433531383712704 0.0
0.28884872335305 0.0193794873110433 0.0
0.293490124466204 0.0823172622126429 0.0
0.299011184136988 0.145475643879225 0.0
0.305579955932167 0.208864670991137 0.0
0.313369029731177 0.272479494243937 0.0
0.322539839348251 0.336283466597525 0.0
0.333211729304455 0.400177458528133 0.0
0.345378471214924 0.463949895119182 0.0
0.35868062683522 0.52721249023926 0.0
0.327932822923591 -0.601918316378754 0.0
0.32912220050118 -0.540473407463871 0.0
0.330448965967694 -0.478914536656881 0.0
0.331937538483369 -0.41723765963106 0.0
0.333618121905082 -0.355437222234642 0.0
0.335529017367842 -0.293505533786288 0.0
0.337719267206795 -0.231432352012008 0.0
0.340251704570354 -0.16920421106375 0.0
0.343206265115513 -0.106804086746722 0.0
0.346683284627301 -0.0442106778097928 0.0
0.350806260124737 0.0186016728190761 0.0
0.355723632573208 0.0816630028001759 0.0
0.361609390598718 0.145006604742266 0.0
0.36866336907001 0.208666463566718 0.0
0.377113068783397 0.272669934100429 0.0
0.387217952947159 0.337022406680863 0.0
0.39926537008749 0.401671778446772 0.0
0.41350700584191 0.466427475758576 0.0
0.429877420601417 0.530789685141318 0.0
0.389158575813723 -0.602913964642497 0.0
0.390351291484249 -0.541479073678916 0.0
0.391684587347927 -0.479935862199713 0.0
0.393184471908445 -0.418281338756911 0.0
0.394882947252381 -0.356510167955661 0.0
0.396820873586324 -0.294614209972684 0.0
0.399050854749871 -0.232581932298673 0.0
0.401640504591185 -0.170397358754881 0.0
0.404675979776256 -0.108039172906338 0.0
0.408265547569581 -0.0454792260067186 0.0
0.412542834683611 0.0173186106249596 0.0
0.417669802981016 0.0804000195982255 0.0
0.42384036146246 0.143821538484626 0.0
0.431287598450827 0.207652064068671 0.0
0.440300081555399 0.271972498142979 0.0
0.451255009279291 0.336871784466865 0.0
0.464672897474921 0.402426549028125 0.0
0.481274689378552 0.468622851608309 0.0
0.501884855485809 0.535076118442029 0.0
