-0.768754232898496 -0.648762750535049 0.0
0.455456052134161 -0.666100683107984 0.0
-0.795184850692749 0.61237245798111 0.0
0.61237245798111 0.61237245798111 0.0
-0.707529563937314 -0.649699626914672 0.0
0.456458872635408 -0.604774697769351 0.0
0.52708303132126 0.599618759883357 0.0
-0.770721236700705 0.543250353004306 0.0
-0.646308316593597 -0.650395969863183 0.0
0.457578078175227 -0.543354397003622 0.0
0.44837422809407 0.592901054944351 0.0
-0.760940198777889 0.475997435678838 0.0
-0.585101498544532 -0.651077997024581 0.0
0.458834978404861 -0.48183927180361 0.0
0.373589577165311 0.58833213575491 0.0
-0.756242977330505 0.410582873186841 0.0
-0.523908898419353 -0.651771791736827 0.0
0.460254555760769 -0.420227552477455 0.0
0.301254855819591 0.584846492844819 0.0
-0.753955421338977 0.346289567781262 0.0
-0.462734479277578 -0.652504312790496 0.0
0.461868778450953 -0.358515538691444 0.0
0.230565818978212 0.582054402089396 0.0
-0.753053957102349 0.282673366289552 0.0
-0.401576243252017 -0.653301775842348 0.0
0.463718976497212 -0.296696828581111 0.0
0.161034855702822 0.579779549246553 0.0
-0.753023099293675 0.219486564569083 0.0
-0.340426308702887 -0.654172981068219 0.0
0.465858541173112 -0.234761320011278 0.0
0.0923268275365048 0.577919134342577 0.0
-0.753558506163827 0.156590534206029 0.0
-0.279274086162012 -0.655108903633812 0.0
0.468356084721027 -0.172693611584525 0.0
0.0241752414634782 0.576376474540971 0.0
-0.754463653255498 0.0939069126174853 0.0
-0.218109752743325 -0.656088584330835 0.0
0.47129888879426 -0.110471334110997 0.0
-0.0436708363460289 0.574969988419769 0.0
-0.755605220670208 0.0313917408777866 0.0
-0.156926242729708 -0.657086254007602 0.0
0.47479643318749 -0.0480625795160178 0.0
-0.111474292828193 0.573030574544574 0.0
-0.756891235227913 -0.0309772601001277 0.0
-0.0957205024317511 -0.658077418171983 0.0
0.478983798030014 0.0145767387128801 0.0
-0.178206796872802 0.574898806077707 0.0
-0.758261952105158 -0.0932071301801819 0.0
-0.0344933925391636 -0.659043102060132 0.0
0.484025373616102 0.0775065746143003 0.0
-0.243820735485183 0.577564601764462 0.0
-0.759701227673672 -0.155291434979881 0.0
0.026750838346217 -0.659972289142637 0.0
0.490120641826255 0.140807346726714 0.0
-0.309477373218295 0.576788539587348 0.0
-0.761310043897707 -0.217216107309087 0.0
0.0880059051970449 -0.660862944703566 0.0
0.497516702299847 0.204587353857223 0.0
-0.37593268881002 0.57735621204789 0.0
-0.762184822018342 -0.279038634090047 0.0
0.149264339097836 -0.661721876285808 0.0
0.50653652987291 0.268994472734399 0.0
-0.443299023043327 0.578129378922865 0.0
-0.763243847990352 -0.340901020125726 0.0
0.210519208223938 -0.662563463149443 0.0
0.517639994393668 0.334238884012311 0.0
-0.511475521700827 0.58336653649418 0.0
-0.764698948514341 -0.402739176970691 0.0
0.27176558247988 -0.663407001683752 0.0
0.531552811762698 0.400635402918136 0.0
-0.579535335119095 0.58871225694547 0.0
-0.765928998280188 -0.464430564110436 0.0
0.333001619223604 -0.664272197409666 0.0
0.54956006685508 0.468678731392991 0.0
-0.647738652259272 0.59040043561061 0.0
-0.76708734684989 -0.525977658877424 0.0
0.39422979992604 -0.665171971684678 0.0
0.574291947814262 0.539121655834505 0.0
-0.719200005582883 0.596743880081571 0.0
-0.767898886667884 -0.587413597269376 0.0
-0.706704779651567 -0.588351978156146 0.0
-0.705863772895582 -0.526897874169656 0.0
-0.704732331820354 -0.465317461253258 0.0
-0.703509906544416 -0.403674347386346 0.0
-0.702163977629013 -0.341971019236158 0.0
-0.701116314819722 -0.280209177003806 0.0
-0.700090533737057 -0.218217935451005 0.0
-0.698504924858567 -0.155963086816171 0.0
-0.697052118375383 -0.0936366422562305 0.0
-0.695672201096696 -0.0311939450583053 0.0
-0.694389112107088 0.0313996106587095 0.0
-0.693265056051671 0.0941770674320084 0.0
-0.692398384930317 0.157177003358026 0.0
-0.691935598946775 0.220447580424252 0.0
-0.69209748681858 0.284043885677378 0.0
-0.69323113500133 0.348008940624182 0.0
-0.695922206297671 0.412300268337746 0.0
-0.701267130742724 0.476536525224511 0.0
-0.711500764361556 0.539096411887083 0.0
-0.645506337862397 -0.589040670248934 0.0
-0.644598749015637 -0.527593139249813 0.0
-0.643487735356729 -0.466025686905274 0.0
-0.642269936615349 -0.40434600682018 0.0
-0.641014518777146 -0.342525032396901 0.0
-0.639902640933563 -0.280598178544146 0.0
-0.638719875043285 -0.218562434642539 0.0
-0.637258330504506 -0.156334852241905 0.0
-0.635839213213338 -0.0939635726784699 0.0
-0.63448255660115 -0.0314434128265203 0.0
-0.633230503075189 0.0312385138524747 0.0
-0.632154443745491 0.0940946567654473 0.0
-0.631361279319043 0.157131115482814 0.0
-0.631006359902792 0.220336736224294 0.0
-0.631315360825449 0.283658683475668 0.0
-0.632618931844866 0.346953787160155 0.0
-0.635399302039179 0.409895182660388 0.0
-0.640260063701092 0.47181856557581 0.0
-0.646000833697815 0.531759841839363 0.0
-0.58429261260863 -0.589724096684018 0.0
-0.583347623657949 -0.528260676116219 0.0
-0.582246923418459 -0.466670677653456 0.0
-0.581060215215726 -0.40494995367098 0.0
-0.579855197377357 -0.343100000130708 0.0
-0.578688484223759 -0.281150329660375 0.0
-0.577437465910084 -0.219082062263851 0.0
-0.576040394729744 -0.156853159321281 0.0
-0.574658263586761 -0.0944848547152123 0.0
-0.573334810487582 -0.0319828356988229 0.0
-0.572121841971391 0.0306464116488661 0.0
-0.571094382033254 0.0933874110649655 0.0
-0.570357983004184 0.156206891632975 0.0
-0.570057000506062 0.219041794216843 0.0
-0.570382974457376 0.281781902670653 0.0
-0.571573724571287 0.344251114109702 0.0
-0.573851066376692 0.406199157326988 0.0
-0.576920376121958 0.467363778787913 0.0
-0.578268066858347 0.52798093053165 0.0
-0.52308234630972 -0.590415263008077 0.0
-0.522117343598337 -0.528941980807176 0.0
-0.52102951640566 -0.467343293845964 0.0
-0.51987049221035 -0.405620036081189 0.0
-0.518684678922345 -0.343780843531144 0.0
-0.517485091409313 -0.281838224767446 0.0
-0.516209553497383 -0.219779720949664 0.0
-0.514850017749107 -0.157590807360619 0.0
-0.51349722757798 -0.0952885691673999 0.0
-0.512198599529143 -0.0328898616084481 0.0
-0.511007242656272 0.0295815886745698 0.0
-0.509993909682764 0.0920888583184267 0.0
-0.509251985004591 0.154575057418826 0.0
-0.50889967184304 0.216956259817279 0.0
-0.509074704833128 0.279113587622111 0.0
-0.509899723536985 0.340887831484711 0.0
-0.511319577662955 0.402083895816873 0.0
-0.512526695827697 0.46255161148984 0.0
-0.510233943544761 0.522327161535195 0.0
-0.461884057145872 -0.591151243637174 0.0
-0.460907386282659 -0.529682487210098 0.0
-0.459830430896614 -0.46809503327957 0.0
-0.458689169810477 -0.406392437895426 0.0
-0.45750938628827 -0.344582924007016 0.0
-0.45629098389934 -0.282673886222585 0.0
-0.455005725808747 -0.220662252426284 0.0
-0.453663707498029 -0.158549302606122 0.0
-0.452321921013565 -0.0963544439665323 0.0
-0.451023211632612 -0.0341024327014817 0.0
-0.449815384876897 0.0281731737024745 0.0
-0.448758377702942 0.0904260327100041 0.0
-0.447925942461518 0.152592762224854 0.0
-0.44740163340404 0.214588900758045 0.0
-0.447259906632664 0.276303829519044 0.0
-0.447499584964886 0.337597731616225 0.0
-0.447839544242432 0.398314695598843 0.0
-0.447213964550925 0.458351198876725 0.0
-0.444048315863435 0.517982621317079 0.0
-0.400697633275807 -0.591957979018123 0.0
-0.399711706112626 -0.530504188271933 0.0
-0.398641176050297 -0.468939857511938 0.0
-0.397508601046595 -0.407269613706417 0.0
-0.39632717682687 -0.345501286011633 0.0
-0.39509376197413 -0.283641964378774 0.0
-0.393797204949157 -0.221695619417932 0.0
-0.392451483609635 -0.159671813772812 0.0
-0.391094429205828 -0.0975916121122835 0.0
-0.389760459422665 -0.0354822678483506 0.0
-0.388487549525865 0.0266211750142721 0.0
-0.387320235756181 0.0886739317284614 0.0
-0.386307589402801 0.15061951197437 0.0
-0.385492611859544 0.212388817398321 0.0
-0.38488041708256 0.273900749770807 0.0
-0.384353799355197 0.335072744337348 0.0
-0.383488644207795 0.39586142772449 0.0
-0.38147230608 0.45639152262038 0.0
-0.378396263149993 0.517103425519524 0.0
-0.339518026290197 -0.592840782651683 0.0
-0.338522709341128 -0.531405883867886 0.0
-0.337453285987165 -0.46986846427562 0.0
-0.336320960741508 -0.408233483824591 0.0
-0.335130570215454 -0.346508485306697 0.0
-0.333878307351706 -0.284701108052951 0.0
-0.332560202447685 -0.222819102257574 0.0
-0.331188140134818 -0.160875149950072 0.0
-0.329786668133375 -0.0988894873903449 0.0
-0.328380020079403 -0.0368874575358042 0.0
-0.326993853853098 0.025099872144722 0.0
-0.325655058007647 0.0870351255473676 0.0
-0.324386411255496 0.148874294978402 0.0
-0.32319097495136 0.210568278743813 0.0
-0.32201459869561 0.272067781230873 0.0
-0.320670114675167 0.333340264241678 0.0
-0.318760449147099 0.394412915754911 0.0
-0.315883457385153 0.455420045630877 0.0
-0.312049549196948 0.516345712383393 0.0
-0.278338138507279 -0.593787311019954 0.0
-0.277332618506343 -0.532369866397751 0.0
-0.276258792060173 -0.470856723213867 0.0
-0.275118673743799 -0.409252620304675 0.0
-0.273911349014421 -0.347564530106511 0.0
-0.272632223063207 -0.285800090580135 0.0
-0.271278952124768 -0.22396819445023 0.0
-0.269858785742201 -0.162081553982809 0.0
-0.268385516703784 -0.100157953516027 0.0
-0.266872613914178 -0.038219009450336 0.0
-0.26533250093262 0.0237095711674327 0.0
-0.263774112962292 0.0855980425787061 0.0
-0.262195273346931 0.147413180377367 0.0
-0.260565072614259 0.209121419314644 0.0
-0.258789563125801 0.270696791586238 0.0
-0.25666583553865 0.33214210638862 0.0
-0.253888347222573 0.393524925605303 0.0
-0.250161817481547 0.454980758645548 0.0
-0.245059421819297 0.516682858845752 0.0
-0.217151173252178 -0.59477444275027 0.0
-0.216134779342658 -0.533369558910342 0.0
-0.21505137390926 -0.471873877250605 0.0
-0.213896046847555 -0.410291559321155 0.0
-0.21266374846275 -0.348628671334788 0.0
-0.211348419585829 -0.286892183654084 0.0
-0.209946311801183 -0.225090605966012 0.0
-0.208458952397706 -0.163235384296576 0.0
-0.206890552335599 -0.101341701703315 0.0
-0.205243749176335 -0.0394279685582836 0.0
-0.203517638064765 0.022483728593088 0.0
-0.201704000056054 0.0843674781059955 0.0
-0.199778956090321 0.146193683214586 0.0
-0.197687204989724 0.207931269295867 0.0
-0.195319234540529 0.269552824829181 0.0
-0.192498243516526 0.331045016212881 0.0
-0.189010686519153 0.392411490360646 0.0
-0.184638958546008 0.453648197192479 0.0
-0.178686255644726 0.514698116891699 0.0
-0.155951866413729 -0.595775474641237 0.0
-0.15492428352047 -0.53437672548389 0.0
-0.153826810907196 -0.472889882275518 0.0
-0.152649836733646 -0.411318378962411 0.0
-0.151385209904235 -0.349667171175769 0.0
-0.150024744993324 -0.287942161075299 0.0
-0.14856159238759 -0.226150812771443 0.0
-0.146990982133647 -0.164303024767383 0.0
-0.145307954843911 -0.102411891031224 0.0
-0.143504160210151 -0.0404937339196445 0.0
-0.141565194766474 0.0214310493344683 0.0
-0.139466224601286 0.0833373312162853 0.0
-0.137164242817866 0.145194538040304 0.0
-0.134586636867996 0.20696710631543 0.0
-0.131621085217892 0.26861515821986 0.0
-0.128121633457401 0.330093810540821 0.0
-0.123941932051803 0.391341612694693 0.0
-0.118946143503234 0.452258394599822 0.0
-0.113468477056131 0.512869486881113 0.0
-0.0947374630574804 -0.596765962087 0.0
-0.093698589932487 -0.535366932042629 0.0
-0.092583405532075 -0.473880371774881 0.0
-0.0913795617246346 -0.412308934389996 0.0
-0.0900764271287115 -0.350656341714 0.0
-0.0886631106088518 -0.288927184314626 0.0
-0.0871285950546915 -0.227127537220245 0.0
-0.085461326096903 -0.165265592962913 0.0
-0.0836470598499032 -0.103352443312681 0.0
-0.0816659957331981 -0.041402361237241 0.0
-0.0794896962971266 0.0205662515306844 0.0
-0.0770766169442852 0.0825302554992221 0.0
-0.0743657691911522 0.144461305254741 0.0
-0.0712700905641668 0.20632683036569 0.0
-0.0676757179047509 0.268091795501018 0.0
-0.0634577210894558 0.329722937716655 0.0
-0.0585200026405821 0.391199072569173 0.0
-0.0529512050437249 0.452567874278575 0.0
-0.047640084394707 0.513993249458157 0.0
-0.033507713234801 -0.597727636539321 0.0
-0.0324574004813523 -0.536322936076839 0.0
-0.031321756654645 -0.474829341615446 0.0
-0.030087188027388 -0.413248633900534 0.0
-0.0287408506286605 -0.351583152916876 0.0
-0.027268623258109 -0.289835927192698 0.0
-0.0256545714192698 -0.228011276225463 0.0
-0.023879904344378 -0.166115275660048 0.0
-0.0219207933410136 -0.104156473582403 0.0
-0.0197455560469612 -0.0421461522586761 0.0
-0.0173114384935798 0.0199008990837203 0.0
-0.0145606262794492 0.0819661261157585 0.0
-0.0114161138910392 0.144027237193876 0.0
-0.00778033323744774 0.206059690549224 0.0
-0.00354330377503192 0.268038934243745 0.0
0.00138886107507856 0.32994588827558 0.0
0.00701713670818174 0.391779827975897 0.0
0.0130604387897375 0.453562912820023 0.0
0.0188962982865035 0.515180267171566 0.0
0.0277353078419863 -0.59865058071815 0.0
0.028797423655639 -0.537236434586489 0.0
0.0299552922726818 -0.475730379262107 0.0
0.0312229068532278 -0.414133134009723 0.0
0.03261536211473 -0.352445467738502 0.0
0.0341504699925654 -0.290668577708229 0.0
0.0358495952573118 -0.228804633027071 0.0
0.0377390779173538 -0.166857075448238 0.0
0.039852509346613 -0.104831214492907 0.0
0.0422335433762279 -0.0427343850381016 0.0
0.0449389559971446 0.0194234240245156 0.0
0.0480416638974157 0.0816294109085309 0.0
0.0516321944030918 0.143867815311612 0.0
0.0558148841423991 0.206120556274432 0.0
0.0606916286186602 0.268367404815141 0.0
0.0663207962210675 0.33058712722715 0.0
0.0726339703520242 0.392753720351662 0.0
0.0793498435337738 0.454798379304303 0.0
0.086031456364437 0.516567711135094 0.0
0.088988038606627 -0.599534094355173 0.0
0.0900624611408522 -0.538108675325501 0.0
0.0912431560288181 -0.476587022159108 0.0
0.0925444016228402 -0.414968550924529 0.0
0.0939838089114075 -0.353252306212455 0.0
0.0955832346256213 -0.291437456172811 0.0
0.0973697540304215 -0.229523717825365 0.0
0.0993773617512503 -0.167511493748771 0.0
0.101649365288905 -0.105402348226559 0.0
0.104241166371672 -0.0431990962402297 0.0
0.107222980496379 0.0190935592259166 0.0
0.110681728273018 0.0814686414245923 0.0
0.114720064648343 0.143916037755098 0.0
0.119448570218972 0.206421523158882 0.0
0.124964289134314 0.26896378491109 0.0
0.131307402215955 0.331508917178769 0.0
0.138399595382899 0.393994924549597 0.0
0.14600044157609 0.456307965480068 0.0
0.153725831220887 0.518283999805537 0.0
0.150245653830448 -0.600386453900484 0.0
0.15133267104128 -0.538950056032809 0.0
0.152535391014484 -0.477412242900485 0.0
0.153868952859454 -0.415770957662634 0.0
0.155353846406081 -0.354023508179902 0.0
0.157016163721858 -0.2921669832758 0.0
0.158888739633063 -0.230198494418733 0.0
0.161013119772734 -0.168115145362326 0.0
0.163442090153718 -0.105914396133457 0.0
0.166242427176679 -0.0435941069087219 0.0
0.169497271842184 0.0188467516529986 0.0
0.173307106347514 0.0814073898682609 0.0
0.177787178069794 0.144083534749394 0.0
0.183057793057109 0.206864812788667 0.0
0.189222459057794 0.269728615734117 0.0
0.196330999123638 0.332629340678722 0.0
0.204332832612265 0.39548038702018 0.0
0.213032572628888 0.458135971994854 0.0
0.222033354524991 0.520396300558919 0.0
0.211503065360502 -0.601223525183001 0.0
0.212602177057891 -0.539778572711687 0.0
0.213824542230432 -0.478226818158093 0.0
0.21518718230957 -0.416564811549599 0.0
0.216713732096607 -0.354788338241834 0.0
0.218434482328856 -0.29289252667277 0.0
0.220387845003439 -0.230871851524351 0.0
0.222622612639042 -0.168719925356786 0.0
0.225200647455513 -0.106429722211017 0.0
0.228199647139719 -0.043993526348069 0.0
0.231715322219448 0.0185963649286906 0.0
0.235861946932321 0.081346757778179 0.0
0.240769430589297 0.144261369193985 0.0
0.246574401094391 0.207337022289462 0.0
0.25340253840868 0.270555199204473 0.0
0.261340935052875 0.333867895199634 0.0
0.270399008638185 0.39717518970317 0.0
0.280444700190662 0.460298703055122 0.0
0.291066302209466 0.522967689955198 0.0
0.272755628196204 -0.602065902283201 0.0
0.27386495526053 -0.540616741754329 0.0
0.275103067820949 -0.479056221175514 0.0
0.276489822898 -0.417380032864648 0.0
0.278051936749543 -0.355582923344134 0.0
0.279823580157565 -0.293658328048779 0.0
0.281848320513869 -0.231598159407967 0.0
0.284181668554739 -0.169392396624442 0.0
0.286893951317958 -0.107029094980236 0.0
0.290073176830804 -0.0444941071016572 0.0
0.293827255650807 0.0182284383647193 0.0
0.298284756251836 0.0811554378082035 0.0
0.30359303714578 0.144302694838035 0.0
0.309912783728834 0.207680941156083 0.0
0.317408255140203 0.271286685109437 0.0
0.326232234351939 0.335085856398944 0.0
0.336496564155818 0.398983972787578 0.0
0.348192105072306 0.462777071278933 0.0
0.360967090217811 0.526086929645392 0.0
0.333999601180037 -0.602934002825623 0.0
0.335115676042644 -0.541486441831977 0.0
0.336364625612073 -0.479925628253052 0.0
0.337769263889791 -0.418247527548773 0.0
0.339358820650113 -0.356446460059991 0.0
0.341170766063142 -0.294514601430138 0.0
0.343253138032237 -0.232441601543082 0.0
0.345667340479737 -0.170213918775339 0.0
0.348491218300026 -0.107814483025931 0.0
0.351822112590806 -0.0452219691903708 0.0
0.355779378613281 0.01758930000637 0.0
0.360505940154234 0.0806494184190312 0.0
0.366168700146301 0.14399185005311 0.0
0.372958680503509 0.207651020394493 0.0
0.381092711696 0.271655296250789 0.0
0.390817740847396 0.336012254928348 0.0
0.402407640621992 0.400674348091015 0.0
0.416103737516791 0.465460066137029 0.0
0.431844701442977 0.52988571076955 0.0
0.395233401526031 -0.603840083219322 0.0
0.396352031070019 -0.542400847481168 0.0
0.39760698995446 -0.480852804208068 0.0
0.399022584278786 -0.419192881323342 0.0
0.400629802092097 -0.357415660135434 0.0
0.402468605215107 -0.295512920020964 0.0
0.40459048339465 -0.233473041440634 0.0
0.407061459782366 -0.171279954855589 0.0
0.409965373807405 -0.108912252344388 0.0
0.413407188624703 -0.0463417059366272 0.0
0.417515969745464 0.0164678756309751 0.0
0.422447581147057 0.0795622331985068 0.0
0.428387990448895 0.142998001547779 0.0
0.435560090731964 0.206844315024234 0.0
0.444239351350562 0.271182676747049 0.0
0.454785956770534 0.336103508291552 0.0
0.467698373388941 0.401687028482015 0.0
0.48367124036031 0.467928074187453 0.0
0.503510332973341 0.534463092325893 0.0
