-0.763095967596148 -0.650613923511292 0.0
0.461274937364439 -0.667939664563543 0.0
-0.787154459953308 0.61237245798111 0.0
0.61237245798111 0.61237245798111 0.0
-0.701873107394482 -0.65155756137327 0.0
0.462247212031813 -0.606608667331166 0.0
0.527929167302566 0.59885376051816 0.0
-0.763821765675189 0.542692831648393 0.0
-0.640654816137313 -0.652262621763265 0.0
0.463342215058858 -0.545178015724943 0.0
0.449838136603867 0.591609304856238 0.0
-0.754624726551817 0.475148707551443 0.0
-0.579452904420489 -0.652956929954601 0.0
0.46457662565909 -0.483646990642698 0.0
0.375559619759217 0.586669917873545 0.0
-0.750252965871195 0.409520276136115 0.0
-0.518266744425983 -0.653670078385969 0.0
0.465972758819305 -0.422013740917518 0.0
0.30366436026062 0.582922016216688 0.0
-0.748157410274067 0.345056175335 0.0
-0.457099186151484 -0.65443010042848 0.0
0.467560631365703 -0.360274405566151 0.0
0.233370067181174 0.579945264365935 0.0
-0.74736892859264 0.281301432131098 0.0
-0.3959468130214 -0.655262201569692 0.0
0.46937972894409 -0.298422290251726 0.0
0.164202520589911 0.57754385964586 0.0
-0.747400868507257 0.218002275254948 0.0
-0.334800329524555 -0.656172615860742 0.0
0.471481297727961 -0.236446875714523 0.0
0.0958365872274258 0.57560302088524 0.0
-0.747966242813048 0.155015686920245 0.0
-0.273647974966009 -0.657148859365783 0.0
0.473931158614742 -0.174332252201062 0.0
0.0280148640701923 0.574020089014512 0.0
-0.748879837022236 0.0922598340062019 0.0
-0.212479144685909 -0.65816625586506 0.0
0.476812818987317 -0.112055496843505 0.0
-0.0395035815201813 0.57261504953986 0.0
-0.750016109471503 0.0296879220772344 0.0
-0.151286442769975 -0.659195552027916 0.0
0.480230657057227 -0.049584150027233 0.0
-0.106969388072032 0.570737016079557 0.0
-0.751288673425965 -0.0327246727225664 0.0
-0.0900669331009673 -0.660209317162376 0.0
0.484312973006125 0.0131263875902047 0.0
-0.173403387237859 0.572558469186004 0.0
-0.752642016841723 -0.094986929113616 0.0
-0.0288219951263306 -0.661186352422335 0.0
0.489215333863927 0.0761365369402211 0.0
-0.238780942630197 0.575187038465197 0.0
-0.754063692976374 -0.157094002347607 0.0
0.0324432692969511 -0.662114190889227 0.0
0.495125915290299 0.139527180961712 0.0
-0.304201563732343 0.57455320194003 0.0
-0.755663647251837 -0.219033089440288 0.0
0.0937214570358684 -0.662990134854712 0.0
0.502277326095175 0.203407205649305 0.0
-0.37036935320999 0.575258133822261 0.0
-0.756519460339615 -0.28086903587025 0.0
0.155003779445224 -0.663821133206479 0.0
0.510973521846916 0.267925468093136 0.0
-0.437400557324787 0.576218921507892 0.0
-0.757563205267925 -0.342742206532499 0.0
0.216281841050683 -0.664622574177634 0.0
0.52164816617931 0.333294124021633 0.0
-0.505215901820663 0.58155467052091 0.0
-0.759014973545768 -0.404585205819035 0.0
0.277549166907779 -0.66541577690537 0.0
0.534988338159165 0.399832448840533 0.0
-0.572953387418581 0.587059023433571 0.0
-0.760247313799707 -0.466279194652332 0.0
0.338802380259387 -0.666223747684641 0.0
0.552217298665293 0.468046382404958 0.0
-0.640841580148776 0.589129036688103 0.0
-0.76141184174905 -0.527827885881556 0.0
0.400042607281073 -0.667064421484303 0.0
0.57585908053684 0.538721227077294 0.0
-0.711849355253954 0.595965410475605 0.0
-0.762231344477187 -0.589264414059713 0.0
-0.701039264889485 -0.590209052259363 0.0
-0.700189442440259 -0.528753325946328 0.0
-0.699051656487406 -0.467169655359042 0.0
-0.697828043294405 -0.405522202333223 0.0
-0.696485110643529 -0.343813427562295 0.0
-0.695450202062477 -0.282040909678439 0.0
-0.694445253751946 -0.220032521021007 0.0
-0.692874970390822 -0.157756695160021 0.0
-0.691441274879051 -0.095404023091906 0.0
-0.690080385382846 -0.0329285045235781 0.0
-0.688812716952026 0.0297056190210874 0.0
-0.687696219555465 0.0925323654702151 0.0
-0.686823553415119 0.155591121229979 0.0
-0.686333193369874 0.21893065594462 0.0
-0.686434132092898 0.282606450697678 0.0
-0.687455358694162 0.346661943053047 0.0
-0.689953421007594 0.411056445882285 0.0
-0.694975762608122 0.47541776830958 0.0
-0.704677730854935 0.538165117842352 0.0
-0.639842645950523 -0.59090574203469 0.0
-0.63892570790681 -0.529455719925843 0.0
-0.637809146266384 -0.46788465800519 0.0
-0.636591290121201 -0.406199796541669 0.0
-0.635342340837532 -0.344370724599562 0.0
-0.634245597484868 -0.282433015350457 0.0
-0.633082952436916 -0.220384158816453 0.0
-0.631640983741257 -0.158139146705306 0.0
-0.630243867312816 -0.0957466235992536 0.0
-0.628909012964053 -0.0332012286804656 0.0
-0.627675271900756 0.0295100021606736 0.0
-0.626609801903622 0.0923993371144685 0.0
-0.62581376733445 0.155472364170584 0.0
-0.625434490455919 0.218717082113981 0.0
-0.62568617900934 0.282079673327144 0.0
-0.626882917826965 0.345416653958639 0.0
-0.629483215423218 0.408403828595509 0.0
-0.634060298998696 0.470387508883066 0.0
-0.639438031925316 0.53041071235212 0.0
-0.57863187106604 -0.591601956178312 0.0
-0.577677145025727 -0.530136873377788 0.0
-0.576572051482716 -0.468544313359841 0.0
-0.575387669282097 -0.406819621678558 0.0
-0.574192348443318 -0.344964046904224 0.0
-0.573042706096358 -0.283007459044884 0.0
-0.571813283777151 -0.220930707708943 0.0
-0.570439420890159 -0.158691126040906 0.0
-0.569082444672037 -0.0963104978881738 0.0
-0.567783825469438 -0.0337949320063036 0.0
-0.566592223416909 0.0288485312638748 0.0
-0.56557850295147 0.0916036607820932 0.0
-0.56484260958348 0.154436276234808 0.0
-0.56452125142602 0.21728246583694 0.0
-0.564795552835893 0.280031736259033 0.0
-0.565889516115925 0.342509291005982 0.0
-0.56800882184889 0.404469094025389 0.0
-0.570856748527495 0.465654218891414 0.0
-0.572006838840363 0.526285664329556 0.0
-0.517425402653709 -0.592313680140437 0.0
-0.516450496792012 -0.530840566472795 0.0
-0.515359853085341 -0.469241708888312 0.0
-0.514205737850063 -0.407517682295881 0.0
-0.513032463675214 -0.345677149125914 0.0
-0.511852176985757 -0.283732836930717 0.0
-0.510600450571228 -0.221672290223272 0.0
-0.509267258481133 -0.159481029181576 0.0
-0.50794255216371 -0.0971767570810302 0.0
-0.506671576555022 -0.0347769442736565 0.0
-0.50550441925255 0.0276940491123703 0.0
-0.504507833014163 0.090198723110939 0.0
-0.50376990636904 0.152679878283691 0.0
-0.50340188442697 0.215053942426446 0.0
-0.503532657495684 0.277203696591328 0.0
-0.504274824288467 0.338973743907315 0.0
-0.505567378666788 0.400175351802006 0.0
-0.506624851477597 0.460663380183596 0.0
-0.504279177966114 0.520468099771773 0.0
-0.456231143142294 -0.593078658853349 0.0
-0.455244686960549 -0.531612385777572 0.0
-0.454166688764611 -0.470027809292673 0.0
-0.453032863997624 -0.408328310659296 0.0
-0.451868228169661 -0.346522215654848 0.0
-0.450671390226971 -0.284617168224497 0.0
-0.449412218884742 -0.222610301477387 0.0
-0.448099173184889 -0.160503198742789 0.0
-0.446787985844613 -0.098315815079884 0.0
-0.445519406910524 -0.0360733857832614 0.0
-0.444338408693976 0.0261902179584162 0.0
-0.443301242954905 0.0884286684955564 0.0
-0.442476945448322 0.150579197768831 0.0
-0.441943244273947 0.212558954722568 0.0
-0.441768068705594 0.274260446739398 0.0
-0.441945212718635 0.33554899816687 0.0
-0.442198070484663 0.396275523001652 0.0
-0.441496380358037 0.456341942534133 0.0
-0.438316385515822 0.516019336532201 0.0
-0.395048137231546 -0.59392148440148 0.0
-0.394052918735022 -0.532472443563689 0.0
-0.392983245298212 -0.470913958595855 0.0
-0.39186050574203 -0.409250494633866 0.0
-0.390696577970952 -0.347490009154799 0.0
-0.389486810707227 -0.285639854196025 0.0
-0.388218376176279 -0.223704272358728 0.0
-0.386903781633108 -0.161693149087403 0.0
-0.385579467889581 -0.0996279172324894 0.0
-0.384277918224008 -0.0375360392624563 0.0
-0.383034595556833 0.0245475155271318 0.0
-0.381890883792758 0.0865784772427549 0.0
-0.380892048230896 0.148501513315541 0.0
-0.38007688137709 0.210249555092256 0.0
-0.379446945471992 0.271744577841636 0.0
-0.378885428601559 0.33290793471911 0.0
-0.377980548178905 0.393699543037581 0.0
-0.37594785773194 0.454242253274369 0.0
-0.372867979742429 0.514965067295432 0.0
-0.333870452313203 -0.594844653527336 0.0
-0.332866841368898 -0.533416326448334 0.0
-0.331800292791232 -0.471887147554841 0.0
-0.330680042479782 -0.41026190218452 0.0
-0.329509209907603 -0.348548249748374 0.0
-0.328282395701369 -0.286754066580538 0.0
-0.326994129190051 -0.224887351614034 0.0
-0.325654979180557 -0.162961027638779 0.0
-0.324288180065878 -0.100995508165101 0.0
-0.322916309143386 -0.039016110607614 0.0
-0.321562977842566 0.0229464283357431 0.0
-0.320252649134588 0.0848554740731768 0.0
-0.319005445032786 0.146668276629646 0.0
-0.317822073883355 0.208337573721582 0.0
-0.316647814271778 0.269816400372288 0.0
-0.315300049942591 0.331074485986179 0.0
-0.313395310288638 0.392139614209277 0.0
-0.310546151290688 0.453143360303005 0.0
-0.306767563504161 0.514075122462721 0.0
-0.272690221101176 -0.595832225305618 0.0
-0.271678018920389 -0.534422511195177 0.0
-0.270609218759995 -0.472919160927867 0.0
-0.269483255508903 -0.411326727547991 0.0
-0.268297266333124 -0.349652276434333 0.0
-0.26704509448215 -0.28790364042865 0.0
-0.265723088688625 -0.226089904012815 0.0
-0.264337386775978 -0.164223921270447 0.0
-0.262900688635418 -0.102323505494001 0.0
-0.261425191767444 -0.040410094545035 0.0
-0.259921853593606 0.0214910638622513 0.0
-0.258398034449169 0.0833510277780889 0.0
-0.256850152978122 0.145137762030193 0.0
-0.255246776189599 0.206819239590338 0.0
-0.253495849134359 0.268371124255716 0.0
-0.251401130190126 0.329797169727166 0.0
-0.248669112652962 0.391163751759502 0.0
-0.245019502655037 0.452603037535019 0.0
-0.240056643923536 0.514283889791193 0.0
-0.211500097590218 -0.596857319568469 0.0
-0.210479310434942 -0.535460590761799 0.0
-0.209403228163145 -0.47397532523983 0.0
-0.208263990614721 -0.41240551176871 0.0
-0.207054546480453 -0.350757295951337 0.0
-0.205767413963613 -0.289037804778509 0.0
-0.204397779083987 -0.227255681524037 0.0
-0.202946325664036 -0.165422428252025 0.0
-0.201416494378317 -0.103553148853776 0.0
-0.199810120609335 -0.0416659696327338 0.0
-0.198125493952771 0.0202175725712546 0.0
-0.196353736521202 0.0820724371882045 0.0
-0.194470813080809 0.143870259355502 0.0
-0.192422497917153 0.205581538106867 0.0
-0.190102785085605 0.267180611608876 0.0
-0.18734192693644 0.328655704920699 0.0
-0.183936873678764 0.390011762900051 0.0
-0.179685488144212 0.451246778608732 0.0
-0.173938016911111 0.512309405733031 0.0
-0.150294548046533 -0.597889772393989 0.0
-0.149265533664608 -0.536498898581957 0.0
-0.148177814859361 -0.47502220778011 0.0
-0.147018727149809 -0.41346301155655 0.0
-0.145778243791597 -0.35182635308401 0.0
-0.144447001142839 -0.290118266454342 0.0
-0.143017384442769 -0.228346301642796 0.0
-0.141484110573575 -0.166520345349997 0.0
-0.139841850024304 -0.104653332103384 0.0
-0.138081990281055 -0.0427612193866255 0.0
-0.136190050999328 0.0191362260047467 0.0
-0.134141506484697 0.0810148381452477 0.0
-0.131894423963761 0.142845402097216 0.0
-0.129378655136126 0.204594158127909 0.0
-0.126486483179337 0.266223499568055 0.0
-0.123079087489679 0.327691411067896 0.0
-0.119019632000705 0.388940503166611 0.0
-0.114186055187912 0.449876911460183 0.0
-0.108908568424607 0.51052484042562 0.0
-0.089070842606152 -0.598902261380619 0.0
-0.0880340928597721 -0.537510209941961 0.0
-0.0869311777259144 -0.476032766563096 0.0
-0.0857468698860515 -0.414472552964647 0.0
-0.0844689600136189 -0.352833409942665 0.0
-0.0830857187771351 -0.291120050531676 0.0
-0.081585720192474 -0.229338602721497 0.0
-0.079957280865652 -0.167497202145654 0.0
-0.0781862492748658 -0.10560673502088 0.0
-0.0762531662342598 -0.0436810734798577 0.0
-0.0741303116630395 0.0182620306675436 0.0
-0.0717774705179499 0.0802003974009689 0.0
-0.069135964130827 0.142107008868307 0.0
-0.066122497152942 0.203951026111248 0.0
-0.0626288332671724 0.26569954120526 0.0
-0.0585375265416392 0.327321728285175 0.0
-0.0537612061215193 0.388798667326558 0.0
-0.0483919567966782 0.450176666771753 0.0
-0.0432852679877645 0.511609291612506 0.0
-0.0278290301076073 -0.599874363858607 0.0
-0.0267848331313585 -0.538475238304678 0.0
-0.0256639678727964 -0.476989098700846 0.0
-0.0244504047609524 -0.415417819914659 0.0
-0.0231301729528837 -0.353763909158879 0.0
-0.0216887305535067 -0.292030519669107 0.0
-0.0201101335961713 -0.230222006878971 0.0
-0.0183758861009826 -0.168344371794517 0.0
-0.0164627594227663 -0.106405954000859 0.0
-0.0143400634766981 -0.0444176613013935 0.0
-0.0119665996184909 0.0176062979654511 0.0
-0.0092869246015117 0.0796482023558111 0.0
-0.00622753631415349 0.141686885724142 0.0
-0.00269579253490368 0.203699238677302 0.0
0.00141191159643912 0.265662394559423 0.0
0.00618230192201148 0.327558955791612 0.0
0.0116112565675522 0.389388883471706 0.0
0.0174233223886932 0.451172590212758 0.0
0.0230108661588715 0.512798870691993 0.0
0.0334282864922916 -0.600794779315441 0.0
0.0344800823060563 -0.539384409589099 0.0
0.0356207975309688 -0.477883667577349 0.0
0.0368661683449962 -0.416293510950518 0.0
0.0382318438724364 -0.354614926851664 0.0
0.0397355900367451 -0.292849242004177 0.0
0.0413983599003351 -0.230998655084312 0.0
0.0432457555128369 -0.169066538438768 0.0
0.0453102378828747 -0.107058026690292 0.0
0.0476337965671591 -0.0449801561701666 0.0
0.0502708049174943 0.0171575357826981 0.0
0.0532907901986953 0.079342890518696 0.0
0.0567796685393262 0.141561025039122 0.0
0.0608358671263794 0.203795001955938 0.0
0.065554459100935 0.266025981793531 0.0
0.0709875320003921 0.328234168691163 0.0
0.0770643485794191 0.390394712541047 0.0
0.0835077433807177 0.452440947772959 0.0
0.0898850706200152 0.514223950291765 0.0
0.0946968458225456 -0.60166220398649 0.0
0.0957568162017385 -0.540238474393257 0.0
0.0969182683865541 -0.478719646932073 0.0
0.0981963213863555 -0.417105512540844 0.0
0.0996084949404256 -0.355395366920363 0.0
0.101176121301552 -0.293588500841912 0.0
0.102925447722825 -0.231684654044502 0.0
0.104889291318125 -0.169684175257534 0.0
0.107109299977414 -0.107588506165223 0.0
0.109638543855551 -0.045400262053349 0.0
0.112544006303466 0.016876155566522 0.0
0.115908243106539 0.0792342157836906 0.0
0.119828263681431 0.14166445864703 0.0
0.124407840108814 0.204153597465955 0.0
0.129736759172602 0.266681618962172 0.0
0.135849209223481 0.329216351017546 0.0
0.142664403928938 0.39169831171326 0.0
0.149943273489755 0.454017445548956 0.0
0.157303074644452 0.516013785919207 0.0
0.155971010643033 -0.602485112441327 0.0
0.157039836778804 -0.54104813300201 0.0
0.158221658449484 -0.479510427250836 0.0
0.15953141362405 -0.41787040434798 0.0
0.160988847445421 -0.356125613745123 0.0
0.162619080135918 -0.294273233577427 0.0
0.164453734372696 -0.232310378838808 0.0
0.166532763909686 -0.170234112204129 0.0
0.16890678761955 -0.108041825572636 0.0
0.171639607895978 -0.0457312808942997 0.0
0.17481033753843 0.0166987039940654 0.0
0.178514159343704 0.0792475980946318 0.0
0.182859665463858 0.141911580217759 0.0
0.187959382700953 0.204681056653953 0.0
0.193908722469321 0.267534730521057 0.0
0.200750566976971 0.330429177820485 0.0
0.208430146038424 0.393281293754502 0.0
0.216751217385591 0.455950161173428 0.0
0.225318939482449 0.518240545500672 0.0
0.217244825741221 -0.603280449203222 0.0
0.218322722739205 -0.541832575857809 0.0
0.219523076307773 -0.480278077880548 0.0
0.220861639142795 -0.418613971771116 0.0
0.222360719423618 -0.356836211381075 0.0
0.224049261855337 -0.294939945198952 0.0
0.225964137819847 -0.232919613463574 0.0
0.228152176406331 -0.170768789903703 0.0
0.230672603690305 -0.108480426678873 0.0
0.233599541800536 -0.0460468015983783 0.0
0.237023921355117 0.0165398047751594 0.0
0.241053817188732 0.0792862838743694 0.0
0.245811449639965 0.142196612858524 0.0
0.25142448614479 0.205268231994774 0.0
0.258009028980472 0.268483906344595 0.0
0.26564309269161 0.331798072313637 0.0
0.274328994743707 0.395115018312173 0.0
0.283931505118855 0.458262544410116 0.0
0.29404240157554 0.520976428807509 0.0
0.278512772509765 -0.604070942552625 0.0
0.279598837787766 -0.542616597763482 0.0
0.280814391036688 -0.481050427358218 0.0
0.282177092310096 -0.419368456209001 0.0
0.283711902481816 -0.357565455157253 0.0
0.28545137799159 -0.29563477950251 0.0
0.287437288210708 -0.233568253931904 0.0
0.289722864324575 -0.171355808043137 0.0
0.292375380751746 -0.108985503575776 0.0
0.295478724930617 -0.0464432529182752 0.0
0.299135334457127 0.0162867278995502 0.0
0.303466718842465 0.0792212794562124 0.0
0.308611475317042 0.142376293176823 0.0
0.314719898451787 0.205762933457429 0.0
0.321944542262774 0.269378842166234 0.0
0.330425801806357 0.333192392706325 0.0
0.340263837381007 0.397113786176069 0.0
0.35144200754619 0.460946968243356 0.0
0.36361190451829 0.524324289652369 0.0
0.339770256459824 -0.604880512851884 0.0
0.34086210008479 -0.54342576126936 0.0
0.342088400113673 -0.481856357878359 0.0
0.343469185402679 -0.420168314779213 0.0
0.345031715320424 -0.35835579909818 0.0
0.346811692534591 -0.296410804848552 0.0
0.348855174206722 -0.234322837148295 0.0
0.351221031644198 -0.172078272789592 0.0
0.353983707360717 -0.10966003340116 0.0
0.357235953915399 -0.0470468565288961 0.0
0.361091045215849 0.0157868219073364 0.0
0.365684058974404 0.0788709830040562 0.0
0.37117207336587 0.142239079062368 0.0
0.377734135643519 0.205925810174413 0.0
0.385572764698763 0.269960446947927 0.0
0.394918088920507 0.334352761367529 0.0
0.406025187118437 0.399059983024194 0.0
0.419118342149479 0.463910272637195 0.0
0.434132659369088 0.528437070742493 0.0
0.40101482700384 -0.605726812003667 0.0
0.402109131775184 -0.544278807682103 0.0
0.403341547539819 -0.482719009801319 0.0
0.404733518186367 -0.421044124438311 0.0
0.406314035439109 -0.35924847931183 0.0
0.408121231961802 -0.297323615014312 0.0
0.410204500838837 -0.235257696672365 0.0
0.41262715154133 -0.173034471265429 0.0
0.415469361929389 -0.110632392154888 0.0
0.418831152867563 -0.0480231479638249 0.0
0.422835036104384 0.0148294834151268 0.0
0.427628389244016 0.0779712518850765 0.0
0.43338642591795 0.141458855091131 0.0
0.440318560579902 0.205361693460135 0.0
0.448683265015079 0.269762032473086 0.0
0.458818830766683 0.334752184907956 0.0
0.471195098893859 0.40041687870987 0.0
0.486470996362763 0.466761705738825 0.0
0.505420266731442 0.533448153215362 0.0
