-0.757904981547964 -0.652543487156194 0.0
0.466734805919603 -0.670717510156017 0.0
-0.77770928144455 0.61237245798111 0.0
0.61237245798111 0.61237245798111 0.0
-0.696684168638149 -0.653555142230927 0.0
0.467722092479624 -0.609380500264496 0.0
0.528882486081024 0.597786768440065 0.0
-0.755817342456938 0.542107198994446 0.0
-0.635468044646792 -0.654328100611367 0.0
0.468845385563599 -0.547936017817283 0.0
0.451488875468719 0.589841468597326 0.0
-0.747396262955791 0.474265010503085 0.0
-0.574269320722102 -0.655093670959344 0.0
0.470115491670994 -0.486382559770882 0.0
0.377785655098516 0.584430298542056 0.0
-0.743489816884886 0.408416919196306 0.0
-0.513086749720332 -0.655884484162131 0.0
0.471550984176056 -0.424717812381468 0.0
0.306392504530216 0.580363152068708 0.0
-0.741699792323227 0.343776259792771 0.0
-0.451921976482627 -0.656728953118253 0.0
0.473178956756033 -0.362937471224868 0.0
0.23655086504946 0.577173693911395 0.0
-0.74112270700466 0.279877632568295 0.0
-0.390770148270356 -0.657650611639059 0.0
0.475036093197871 -0.301034317599644 0.0
0.16780121652466 0.574637668885512 0.0
-0.74130643264967 0.216461370061594 0.0
-0.32962060150841 -0.658652537510484 0.0
0.477170472631421 -0.238997213107188 0.0
0.0998296595872508 0.572622877910056 0.0
-0.741984498795753 0.153380047377852 0.0
-0.26846051481614 -0.65971833544598 0.0
0.479643967838564 -0.176809560271 0.0
0.0323891935354024 0.571017517696836 0.0
-0.742984830804111 0.0905482755376599 0.0
-0.20727867521295 -0.660819331134825 0.0
0.482534955346556 -0.114447724738098 0.0
-0.0347495795167256 0.569642018390851 0.0
-0.744190733040121 0.0279163450978988 0.0
-0.146067585763649 -0.661922677660297 0.0
0.485941097700935 -0.0518785577132017 0.0
-0.101823354278855 0.567866140945247 0.0
-0.745522023970426 -0.0345427479042969 0.0
-0.084824702980108 -0.662998054353149 0.0
0.48998199519439 0.0109431780437884 0.0
-0.167906382542363 0.569660590413939 0.0
-0.746927798525251 -0.0968398892003633 0.0
-0.0235522356246088 -0.664022224267232 0.0
0.494802128389917 0.0740785037339425 0.0
-0.233003015208315 0.57227430454852 0.0
-0.748399641620043 -0.158971693498291 0.0
0.0377435250487855 -0.664981589049245 0.0
0.500575718012054 0.137608949181053 0.0
-0.298144157587132 0.57184196002162 0.0
-0.750057571926058 -0.220926306839477 0.0
0.0990537060578354 -0.665873246740375 0.0
0.507517754294699 0.20164428833984 0.0
-0.363969929269733 0.57274002090849 0.0
-0.750956654616608 -0.28277755172589 0.0
0.16036784343122 -0.666704908150171 0.0
0.515909318240283 0.266334890825537 0.0
-0.43060027934065 0.57395230044709 0.0
-0.752046054172954 -0.344663357357543 0.0
0.221675736081702 -0.667493792132717 0.0
0.526152703883099 0.33189585941974 0.0
-0.497977112873708 0.579424132442258 0.0
-0.753556169428125 -0.406511709837476 0.0
0.282969065336074 -0.668264318340195 0.0
0.538888642558841 0.398652807911219 0.0
-0.565318316729148 0.585134230268254 0.0
-0.754851496831836 -0.468208223675347 0.0
0.344242716144679 -0.66904419131965 0.0
0.55526568222528 0.467126985406259 0.0
-0.632817152723847 0.587676827885561 0.0
-0.756083172605081 -0.529757796723131 0.0
0.405496439947689 -0.669858121722274 0.0
0.577677732577419 0.538146931210991 0.0
-0.70325969067775 0.59509312841939 0.0
-0.756970604087446 -0.591194397807523 0.0
-0.695780721996333 -0.592206456576977 0.0
-0.694862167682987 -0.530749430559379 0.0
-0.693657574447622 -0.469162972708206 0.0
-0.692372284389414 -0.407511609279663 0.0
-0.690970847776966 -0.345797864326428 0.0
-0.689887469659174 -0.284014228359705 0.0
-0.688840807198732 -0.22198751637197 0.0
-0.687219165404224 -0.159689698673382 0.0
-0.685736484098927 -0.0973097598175744 0.0
-0.684324537493632 -0.0348004386675795 0.0
-0.682999867960441 0.0278751076095098 0.0
-0.681815754422456 0.0907517820224429 0.0
-0.680858499732364 0.15386966728969 0.0
-0.680257431258479 0.217278008507631 0.0
-0.680207865558462 0.281032553692045 0.0
-0.681017563887205 0.345177168081951 0.0
-0.683208726697129 0.409673626837048 0.0
-0.68777101422665 0.474162085214195 0.0
-0.696766642114014 0.537114232704825 0.0
-0.634585214892731 -0.592970449534744 0.0
-0.633599057664379 -0.531518834792829 0.0
-0.632416927755555 -0.46994502781901 0.0
-0.63113865129353 -0.408255728903407 0.0
-0.629835072580397 -0.346418938644508 0.0
-0.628691878396475 -0.284470463890573 0.0
-0.627486035105288 -0.222408673987446 0.0
-0.625997380349721 -0.160146510567544 0.0
-0.624554137806914 -0.0977331399632543 0.0
-0.623170885214788 -0.0351631890799037 0.0
-0.621882925620489 0.0275762449041951 0.0
-0.620752807539381 0.0904971245702832 0.0
-0.619875337994512 0.153604436900301 0.0
-0.619388786106321 0.216885342809084 0.0
-0.619494255983009 0.280285302710887 0.0
-0.620486757832237 0.343661359018392 0.0
-0.622797469632924 0.406694043969194 0.0
-0.62696527244672 0.468744408520192 0.0
-0.631849163186541 0.528864646256651 0.0
-0.57337575763024 -0.593738676903815 0.0
-0.572351686802444 -0.532273097493026 0.0
-0.571182594366812 -0.470679093870195 0.0
-0.56994050337338 -0.408951399922194 0.0
-0.568694045855693 -0.34709100504158 0.0
-0.567499602964182 -0.285128292991739 0.0
-0.566228015177745 -0.223044014880213 0.0
-0.564811166206918 -0.160794922744718 0.0
-0.563411151974898 -0.0984034199998866 0.0
-0.562067092095447 -0.0358761680087381 0.0
-0.560824323639706 0.0267791413055023 0.0
-0.559749251930146 0.0895454853603341 0.0
-0.558935706280972 0.152387848376529 0.0
-0.558511923226516 0.21524173630737 0.0
-0.558647371175717 0.277996973669699 0.0
-0.559550562543464 0.340481134213534 0.0
-0.561409468890015 0.402453937408308 0.0
-0.563928008004285 0.463664584917561 0.0
-0.564790237035158 0.524314234406732 0.0
-0.512170538771288 -0.594529395918735 0.0
-0.511126586047527 -0.533057753718966 0.0
-0.509974008508137 -0.471459983184368 0.0
-0.50876511567968 -0.409736348896249 0.0
-0.50754368007773 -0.347895585125274 0.0
-0.506320593516905 -0.285950762823862 0.0
-0.505028620160509 -0.223889552310142 0.0
-0.503655500981563 -0.16169758174588 0.0
-0.502290590303443 -0.0993932359166658 0.0
-0.50097695053872 -0.0369946663363 0.0
-0.499761556467453 0.0254731262168022 0.0
-0.498706964858519 0.0879721566523982 0.0
-0.497895611531949 0.150445157815624 0.0
-0.497431214722491 0.212809370202622 0.0
-0.497433051639688 0.274949981625947 0.0
-0.498002986659862 0.336716483736279 0.0
-0.499074964971576 0.39792773427317 0.0
-0.499893378269089 0.458443895380773 0.0
-0.497439600566725 0.518286530964119 0.0
-0.450976845457361 -0.595380358391888 0.0
-0.449922112138581 -0.533917878937517 0.0
-0.448784492362688 -0.472337432838922 0.0
-0.447598736948379 -0.410642205278273 0.0
-0.446388606727111 -0.348840684263768 0.0
-0.445151031670181 -0.286940867364945 0.0
-0.443853636157779 -0.22494018725519 0.0
-0.442503140207908 -0.162840584868088 0.0
-0.441154149214916 -0.100662597071962 0.0
-0.439845377446859 -0.0384319405509103 0.0
-0.438618971477697 0.0238172713113774 0.0
-0.437527433575914 0.0860389063543182 0.0
-0.436634922433955 0.148171140087758 0.0
-0.436013095750818 0.210133255144007 0.0
-0.435723176956602 0.271821642345136 0.0
-0.435754411322071 0.333107747291734 0.0
-0.435837787686137 0.393850257586526 0.0
-0.434989116724232 0.453956585805613 0.0
-0.431749983777373 0.51369107184452 0.0
-0.389792888056345 -0.59631414215498 0.0
-0.38873069978164 -0.53487102694057 0.0
-0.387603874756051 -0.473319456821628 0.0
-0.386431887420477 -0.411663738251211 0.0
-0.385224821093968 -0.349912023945743 0.0
-0.383976197537344 -0.288072019103992 0.0
-0.3826713204469 -0.226148314486291 0.0
-0.3813212333223 -0.164151160532212 0.0
-0.37996114028822 -0.102102370212632 0.0
-0.378621735499522 -0.0400295844887094 0.0
-0.377336097160121 0.0220324012648375 0.0
-0.376142559013082 0.08404002223301 0.0
-0.375082669397913 0.145939404988676 0.0
-0.374191171504309 0.207665934740799 0.0
-0.373466592029508 0.269145184193341 0.0
-0.37279418937815 0.330302908247521 0.0
-0.371779169136724 0.391102307898179 0.0
-0.36967368334333 0.45166290411238 0.0
-0.366546425186111 0.512399141002052 0.0
-0.328611881538287 -0.597329839350724 0.0
-0.327543245139933 -0.535908989522182 0.0
-0.326422150073907 -0.47438876647876 0.0
-0.325255135531303 -0.412773811424283 0.0
-0.324043185785363 -0.351071977516056 0.0
-0.322779091889916 -0.289291465781992 0.0
-0.321455824705336 -0.227440594477384 0.0
-0.320082745656833 -0.165532568305388 0.0
-0.318681996541084 -0.103587989164077 0.0
-0.317274748203358 -0.0416321219689506 0.0
-0.315882834695471 0.0203047061239844 0.0
-0.314528590922681 0.0821867427059027 0.0
-0.313229856144356 0.143972701405402 0.0
-0.31198557936011 0.20561741582423 0.0
-0.31074164583977 0.267076494866671 0.0
-0.309322518116151 0.32832198527322 0.0
-0.307363010929209 0.389381755449645 0.0
-0.304495052032499 0.450383416978643 0.0
-0.300738954991576 0.511322465418882 0.0
-0.26742525727312 -0.598407470995359 0.0
-0.266350688555642 -0.537006010657423 0.0
-0.265230077648113 -0.475512677122953 0.0
-0.264059626714655 -0.413931901191764 0.0
-0.262834206261943 -0.352270935108192 0.0
-0.261545999969002 -0.290537901349074 0.0
-0.26019011865718 -0.228742153080453 0.0
-0.25877180174833 -0.166896738205533 0.0
-0.257302969729445 -0.105019525514704 0.0
-0.255794918441068 -0.043131771297062 0.0
-0.254257565031977 0.0187417750904274 0.0
-0.252697204242121 0.080573053531403 0.0
-0.251109519333729 0.142331329148137 0.0
-0.249463560257233 0.203986228394998 0.0
-0.247670864895916 0.265515082890782 0.0
-0.245544745734563 0.326922362735006 0.0
-0.242807737124292 0.388272513166032 0.0
-0.239198412214342 0.449693246821623 0.0
-0.234357158624272 0.511347750036589 0.0
-0.206225230922535 -0.599516132782555 0.0
-0.205145471437229 -0.538127616234259 0.0
-0.204020431686601 -0.47665239945757 0.0
-0.202838776421182 -0.415094400544312 0.0
-0.201591267655228 -0.353459961034114 0.0
-0.200269036694211 -0.291756473321524 0.0
-0.198866399530938 -0.229992804029913 0.0
-0.197383519866103 -0.168180578971657 0.0
-0.195823489290716 -0.106334868764829 0.0
-0.194187841318429 -0.0444735373498335 0.0
-0.192474652328052 0.0173824349421795 0.0
-0.190675112913643 0.0792089166911106 0.0
-0.188765987672843 0.140978840713362 0.0
-0.186695486263175 0.202664353669586 0.0
-0.184363135657581 0.264241576022383 0.0
-0.181609104212908 0.325700214221671 0.0
-0.178244221182529 0.387046373419854 0.0
-0.174085333674384 0.448280200839603 0.0
-0.168538194730962 0.509356737817247 0.0
-0.145006152248787 -0.600622105738573 0.0
-0.143922239928547 -0.539238639771432 0.0
-0.142788491525916 -0.477771074943835 0.0
-0.141588840230892 -0.416222744170885 0.0
-0.140311358474466 -0.354598919653065 0.0
-0.138945682843429 -0.292905892187179 0.0
-0.137483755417473 -0.231151401017181 0.0
-0.135920217365236 -0.16934540349658 0.0
-0.134249907044308 -0.107500737346862 0.0
-0.132464588685885 -0.0456330362300879 0.0
-0.130550471212641 0.0162385483372124 0.0
-0.128484285893794 0.0780908275948245 0.0
-0.126226403431859 0.139895994168193 0.0
-0.123710795962912 0.201622171157852 0.0
-0.120836580683723 0.263234128269455 0.0
-0.117474850214402 0.324692885930697 0.0
-0.113501295523589 0.385945505029296 0.0
-0.108810895378544 0.446905273459102 0.0
-0.103729880172043 0.507595257426706 0.0
-0.0837655060385981 -0.601695248590413 0.0
-0.0826784745426865 -0.540309144348354 0.0
-0.0815324475984974 -0.478839088643281 0.0
-0.0803091854417968 -0.417287856707892 0.0
-0.0789950546539015 -0.355659573060976 0.0
-0.0775778135085043 -0.29395921213224 0.0
-0.0760460749897764 -0.232193070063148 0.0
-0.0743885802543025 -0.170369321191197 0.0
-0.0725919303780162 -0.108498725185701 0.0
-0.0706377910982297 -0.0465948157433549 0.0
-0.0685001050153754 0.0153252617126946 0.0
-0.0661411572259174 0.0772402646358421 0.0
-0.063506067418802 0.139124502724733 0.0
-0.0605172199682182 0.200948886844073 0.0
-0.0570743960066271 0.262682669171058 0.0
-0.0530703832667807 0.324297513312731 0.0
-0.0484293032620001 0.385776810655389 0.0
-0.0432481581334978 0.44716513242283 0.0
-0.0383434577931574 0.508604433754583 0.0
-0.0225038569983637 -0.602713181437234 0.0
-0.0214143161011523 -0.541318011946584 0.0
-0.0202531187018469 -0.479836869779048 0.0
-0.0190019156118002 -0.418271945403551 0.0
-0.017645952076535 -0.356626095873617 0.0
-0.0161707374291434 -0.294902747968794 0.0
-0.0145608883182414 -0.233106417471507 0.0
-0.0127988721554684 -0.171243139122323 0.0
-0.0108628442144941 -0.10932114224063 0.0
-0.00872403625412527 -0.0473510513507448 0.0
-0.00634392837639479 0.0146534205171796 0.0
-0.00367083165681686 0.0766753034361181 0.0
-0.000636468742441113 0.138694476624598 0.0
0.00284475659787284 0.200689179856834 0.0
0.00686758183878437 0.26263814294575 0.0
0.0115089338916117 0.324525553180998 0.0
0.0167574703092249 0.386351896671861 0.0
0.022343494489202 0.448135593520128 0.0
0.0276769564882017 0.509770153311777 0.0
0.0387754303151588 -0.603663550337479 0.0
0.0398676036687744 -0.542254742197309 0.0
0.0410461717925856 -0.480756117953222 0.0
0.0423282272036779 -0.419169121835445 0.0
0.0437294427396043 -0.357495150460514 0.0
0.0452669286151655 -0.29573581224141 0.0
0.0469605416728732 -0.233893465178505 0.0
0.0488343674924934 -0.171971531892764 0.0
0.050918832799804 -0.109975090641675 0.0
0.0532531919953919 -0.0479110026607834 0.0
0.0558881236507755 0.0142115134837366 0.0
0.0588881892530605 0.0763807968968835 0.0
0.0623327741570426 0.138582682014113 0.0
0.0663121165319135 0.200801203289562 0.0
0.0709119226454189 0.263018739344226 0.0
0.0761755163460609 0.325216784769748 0.0
0.082028139935247 0.387371580377312 0.0
0.0881965728755274 0.449418943912643 0.0
0.0942531419312806 0.51121540330777 0.0
0.100067155525947 -0.604544920089428 0.0
0.101162857436969 -0.543120078369835 0.0
0.102360159873367 -0.481600147854283 0.0
0.103674363150821 -0.419985552376448 0.0
0.105122192531245 -0.358276025370338 0.0
0.106723724025199 -0.29647112667486 0.0
0.108503590078484 -0.234570747217736 0.0
0.110492551030999 -0.172575307696503 0.0
0.11272957954973 -0.110486261576527 0.0
0.115264212342353 -0.0483061755328082 0.0
0.118158755326999 0.0139606767518845 0.0
0.121489653836544 0.0763080109811142 0.0
0.125346186030771 0.138726796660087 0.0
0.129822905961441 0.20120444934807 0.0
0.134999743716939 0.263722033908727 0.0
0.140902435544805 0.326248964717285 0.0
0.147445881946413 0.388728333933874 0.0
0.154391407974437 0.451054310040695 0.0
0.161357145921028 0.513071753927176 0.0
0.16136463618791 -0.605366603663579 0.0
0.16246524308446 -0.543925687980723 0.0
0.16368154594684 -0.482383448384877 0.0
0.165027374629092 -0.420739003539882 0.0
0.166520883429047 -0.358990310021069 0.0
0.168185388662468 -0.297134764177145 0.0
0.170050427284295 -0.235169601607364 0.0
0.172153393586601 -0.173091966013768 0.0
0.174541624144484 -0.110899321059666 0.0
0.177274628865635 -0.0485894975665869 0.0
0.180425912935262 0.0138386387818904 0.0
0.184083469256442 0.0763845792218345 0.0
0.18834700792483 0.139044686377542 0.0
0.19331874508674 0.201809862544646 0.0
0.199083286408699 0.264659858473303 0.0
0.205673921279862 0.32755325817032 0.0
0.213029357793218 0.39041049029067 0.0
0.22095061735546 0.453095853192522 0.0
0.22904353325159 0.515419258060642 0.0
0.222660833227627 -0.606147478249406 0.0
0.223767605359651 -0.544692845057338 0.0
0.225001797491624 -0.483130289160455 0.0
0.226376798292083 -0.421457492677271 0.0
0.22791264102628 -0.359670704806649 0.0
0.229636016752246 -0.297765191232335 0.0
0.231581313416342 -0.235735449178267 0.0
0.233792355783966 -0.173575117264126 0.0
0.236324534097282 -0.111277255675755 0.0
0.239246977046455 -0.0488343018452229 0.0
0.242644142638808 0.0137612719967475 0.0
0.246615894597131 0.0765161905690709 0.0
0.251274415595395 0.139434400985365 0.0
0.256735753488876 0.202513647908958 0.0
0.263103540373129 0.265737676499709 0.0
0.270443690865623 0.329063130826367 0.0
0.278748348231372 0.39239843463595 0.0
0.287876083991264 0.455577750223688 0.0
0.297419650763012 0.518343808110845 0.0
0.283949160932698 -0.606913538675478 0.0
0.285062483253233 -0.545449804567205 0.0
0.28631193580018 -0.483872058786633 0.0
0.287711788574721 -0.422176785778036 0.0
0.289284239496515 -0.360358851528318 0.0
0.291059271774818 -0.298411576809185 0.0
0.293075863966181 -0.236326744597044 0.0
0.295383870729148 -0.174094300802175 0.0
0.298046246853918 -0.111702413537266 0.0
0.301141260857672 -0.0491371979401381 0.0
0.304764092979984 0.0136168521353254 0.0
0.309027083454012 0.0765762845071827 0.0
0.314057614043846 0.139756801605085 0.0
0.319992795116661 0.203169697250833 0.0
0.326970346132345 0.266813438956444 0.0
0.335114760933993 0.330658567819248 0.0
0.344510490900955 0.394619787176061 0.0
0.355128809075368 0.458508967133725 0.0
0.366620129307161 0.521969295272918 0.0
0.345223998411232 -0.607693696455898 0.0
0.346342781250473 -0.546227366203969 0.0
0.347603560674852 -0.484642935273287 0.0
0.349022382782278 -0.422936502667905 0.0
0.350623501293267 -0.361102064283079 0.0
0.352439867406404 -0.299131397321305 0.0
0.354514536415312 -0.23701383850031 0.0
0.356902712922906 -0.174735689043246 0.0
0.359674121163058 -0.112279908949406 0.0
0.362915365995312 -0.0496253909217973 0.0
0.366731785250906 0.0132531775443603 0.0
0.371248423053891 0.0763854863498421 0.0
0.376609989246725 0.139804768752546 0.0
0.382980630620523 0.203545778592379 0.0
0.390545165978318 0.267638474032935 0.0
0.399512840530051 0.332094636750123 0.0
0.41011479314106 0.396876177778758 0.0
0.422551566817219 0.461821051943667 0.0
0.43674662087002 0.526480298724877 0.0
0.406481849626401 -0.608512905608756 0.0
0.407603711730203 -0.547051835063942 0.0
0.408871351329243 -0.485473552385786 0.0
0.410302171462267 -0.423774406872465 0.0
0.411922145357685 -0.361948314400581 0.0
0.413766597367314 -0.29998643407226 0.0
0.415881796233047 -0.237876603960835 0.0
0.418327184916134 -0.175602313400545 0.0
0.421177933357004 -0.113141843370396 0.0
0.424527520411742 -0.0504668052676363 0.0
0.428490001143437 0.0124590135814215 0.0
0.433202024270498 0.0756813110459078 0.0
0.43882543539925 0.139256787306278 0.0
0.445553124478143 0.203255079600356 0.0
0.453622922454423 0.267759258889389 0.0
0.463346598245231 0.332863716281477 0.0
0.475158985687071 0.398658182308316 0.0
0.489673887306997 0.465160211835747 0.0
0.507619059229401 0.532059106257587 0.0
