-0.625392778460924 -0.70411548377179 0.0
0.60804155396478 -0.754162876422683 0.0
-0.509545266628265 0.61237245798111 0.0
0.61237245798111 0.61237245798111 0.0
-0.564290159666278 -0.707665991075767 0.0
0.60984627876731 -0.692631892652998 0.0
0.56161416621547 0.561888511678749 0.0
-0.527794640049719 0.532298583846678 0.0
-0.503184144095963 -0.710920311654829 0.0
0.612256571813858 -0.630734325787524 0.0
0.504410478231058 0.53144667205546 0.0
-0.542235655844146 0.456801683638606 0.0
-0.442124959159073 -0.714276041657537 0.0
0.615099920385109 -0.568437370471632 0.0
0.445989511227923 0.512002616210627 0.0
-0.552843910155623 0.384317565445026 0.0
-0.381093048218659 -0.717865363978301 0.0
0.618275949908375 -0.505717835501976 0.0
0.387465635633558 0.499106960013309 0.0
-0.560982393873313 0.314063278504286 0.0
-0.320050636472256 -0.721726286020953 0.0
0.621717704080183 -0.442551399461328 0.0
0.329072560025187 0.490436800809659 0.0
-0.567548923445245 0.245493775918839 0.0
-0.258942369108248 -0.725821816027388 0.0
0.625372111105175 -0.378908003655151 0.0
0.270850822189309 0.484710237340324 0.0
-0.573086981234994 0.178228954497402 0.0
-0.197707007605175 -0.730041837721802 0.0
0.629188119544791 -0.314749764226427 0.0
0.212813021188882 0.481195532550742 0.0
-0.57793390672248 0.11200111939412 0.0
-0.136291879924019 -0.734232301959048 0.0
0.633108196855735 -0.250029573411722 0.0
0.154985849904809 0.479484726466631 0.0
-0.58230604051503 0.0466185841897945 0.0
-0.0746638700220704 -0.738228809354859 0.0
0.63706110321031 -0.184690315661764 0.0
0.0974242077446032 0.479420608955059 0.0
-0.586347110005459 -0.0180574472563222 0.0
-0.0128141758205059 -0.741882754303198 0.0
0.640954907172013 -0.118663525840203 0.0
0.040241353565443 0.481618919006554 0.0
-0.590158403590719 -0.0821259304862136 0.0
0.0492415664970155 -0.745077222856346 0.0
0.64466938732908 -0.0518681471363804 0.0
-0.01705152704425 0.481707734527577 0.0
-0.593823895937816 -0.145653077195141 0.0
0.11146681755584 -0.747734465128312 0.0
0.648047152646687 0.0157918123254777 0.0
-0.0746677996831707 0.482544119503061 0.0
-0.597458332744346 -0.208673360006042 0.0
0.173808903181394 -0.749818041751641 0.0
0.650882223244152 0.0844306311566228 0.0
-0.131871242130712 0.489551665751202 0.0
-0.601509647122244 -0.271183689300157 0.0
0.236204454935465 -0.751332639483132 0.0
0.65290388275667 0.154186971520178 0.0
-0.188767720197256 0.496293338793953 0.0
-0.60420936912446 -0.333597709343186 0.0
0.298583832074981 -0.752323743051468 0.0
0.653751082346878 0.225233221425735 0.0
-0.244886486315282 0.505449415567858 0.0
-0.607171232052899 -0.395972473334712 0.0
0.360876121170857 -0.752878562092997 0.0
0.652928362234303 0.297793030843031 0.0
-0.30157002599336 0.513405989979817 0.0
-0.610998126452271 -0.458045413700266 0.0
0.423014219335371 -0.753128861883287 0.0
0.649724441274514 0.372172513393178 0.0
-0.358848987550727 0.523206233993689 0.0
-0.614712534033062 -0.519843550859387 0.0
0.484940950279913 -0.753255991671753 0.0
0.643058412190167 0.448819693700929 0.0
-0.414208599629181 0.540890004722042 0.0
-0.618486685835037 -0.581409191905051 0.0
0.546618452585832 -0.753498418793933 0.0
0.63123956947172 0.528450036150461 0.0
-0.46769356128775 0.566071673617159 0.0
-0.621881641448179 -0.642822746530017 0.0
-0.560816334860547 -0.64635424302624 0.0
-0.557358638366665 -0.584878382549388 0.0
-0.553629123125165 -0.523208299514385 0.0
-0.549968414670361 -0.461422486878331 0.0
-0.546261679803664 -0.399531219610401 0.0
-0.543219954747074 -0.337343029524611 0.0
-0.540396571526192 -0.274636097455125 0.0
-0.53657941850236 -0.211520555639992 0.0
-0.532962750166728 -0.148141626891741 0.0
-0.529332690574476 -0.0844110123815256 0.0
-0.525590195909581 -0.0202556952155691 0.0
-0.52165630106349 0.0443885707685125 0.0
-0.517441439411438 0.109583412902908 0.0
-0.512826396987997 0.175385800839176 0.0
-0.507644713341915 0.241831188478889 0.0
-0.501668151899639 0.308887070336856 0.0
-0.49462059610804 0.376334981811305 0.0
-0.486339112596241 0.443489274888036 0.0
-0.477548860063212 0.508551414652915 0.0
-0.49969818458579 -0.649583423602268 0.0
-0.496147479265075 -0.588113798112925 0.0
-0.492487511519273 -0.52646450795449 0.0
-0.488874545157105 -0.464623236893552 0.0
-0.48540014546897 -0.402500165565322 0.0
-0.482348107205522 -0.340141275644993 0.0
-0.479300086217286 -0.277581447755285 0.0
-0.475789704313575 -0.214669241195469 0.0
-0.472320339724301 -0.151469731182802 0.0
-0.468828422288521 -0.0879820691619525 0.0
-0.465254379306032 -0.0242013174701987 0.0
-0.461543775088684 0.0398637041950392 0.0
-0.457636779960934 0.104176342342879 0.0
-0.453461217869189 0.16865098157328 0.0
-0.448931422760751 0.233117607295306 0.0
-0.44395933558576 0.297271337434309 0.0
-0.438490978666697 0.360620107744856 0.0
-0.432567074301325 0.422497570481808 0.0
-0.425832459235283 0.482288747028487 0.0
-0.438566317857391 -0.652973375371088 0.0
-0.434971773086581 -0.59152823096609 0.0
-0.431382032914973 -0.529900667326765 0.0
-0.427900471907536 -0.46806363821331 0.0
-0.424606656934708 -0.406010937685771 0.0
-0.421553297287071 -0.343795561831734 0.0
-0.41847114824725 -0.281399906875324 0.0
-0.415174648133853 -0.218765559053148 0.0
-0.411878376004636 -0.155939165600694 0.0
-0.408566644647085 -0.0929554148712629 0.0
-0.405206814110192 -0.0298585592473642 0.0
-0.401765507303384 0.0332840748948266 0.0
-0.39820553723077 0.0963705484087767 0.0
-0.39448107275414 0.159254050592374 0.0
-0.390532609449585 0.221737300033943 0.0
-0.386280958217803 0.283584613315149 0.0
-0.381619179515734 0.344567939722512 0.0
-0.376364063919501 0.404549826328857 0.0
-0.370358861172894 0.463663257190839 0.0
-0.377436467591281 -0.656611823002203 0.0
-0.373835698062298 -0.595226292403171 0.0
-0.370338424388238 -0.533677858340778 0.0
-0.3669952848809 -0.471958285742727 0.0
-0.363832295616416 -0.410082952162571 0.0
-0.360818567217296 -0.348082063007524 0.0
-0.357787162998582 -0.285953202020101 0.0
-0.354657802989818 -0.22369187454595 0.0
-0.351522979275958 -0.161346712126973 0.0
-0.348379918349508 -0.0989710095672496 0.0
-0.345208467175368 -0.0366287437493011 0.0
-0.341982438385648 0.0256013489662842 0.0
-0.338666203486296 0.0876261329414725 0.0
-0.335207076547765 0.149345532548207 0.0
-0.331525736262981 0.210669314799536 0.0
-0.327507385343559 0.271547134462136 0.0
-0.322995856967682 0.332007967744377 0.0
-0.317816799754219 0.392210439146041 0.0
-0.311986609235305 0.452463958539336 0.0
-0.316297630181054 -0.660534409777499 0.0
-0.312718781145171 -0.599235075318189 0.0
-0.309321181371329 -0.537805251394368 0.0
-0.306102901630172 -0.476246161462179 0.0
-0.303045347395694 -0.414577288254745 0.0
-0.30008955523819 -0.35282438750014 0.0
-0.29712857761949 -0.291000896798302 0.0
-0.29412124001323 -0.229127246328556 0.0
-0.291105472998975 -0.167251193538745 0.0
-0.288078541398823 -0.105425221901501 0.0
-0.285023183257381 -0.0437051465997763 0.0
-0.281912832755759 0.0178525301875028 0.0
-0.278708400763138 0.0791969344253453 0.0
-0.275352875103716 0.140294081964233 0.0
-0.271767203708414 0.201141770046519 0.0
-0.267851068060938 0.261788018465076 0.0
-0.263495006261812 0.322350454188606 0.0
-0.258618308327572 0.383029283376054 0.0
-0.253100046521383 0.44405839834344 0.0
-0.255117507971263 -0.664690365762478 0.0
-0.251582672388744 -0.603479616816587 0.0
-0.248284076496353 -0.5421705938842 0.0
-0.24517275055656 -0.480768702789116 0.0
-0.242198491823692 -0.419294550599805 0.0
-0.239295022567767 -0.35777308085725 0.0
-0.236388942698254 -0.296225630351033 0.0
-0.23345356173491 -0.234679936893961 0.0
-0.230501529217962 -0.173176612277429 0.0
-0.22752795602859 -0.111756993154575 0.0
-0.22451750623521 -0.0504596315029829 0.0
-0.221446681561222 0.0106835781336112 0.0
-0.21828270130627 0.0716524950339274 0.0
-0.214982680634706 0.13244525161868 0.0
-0.211496264277939 0.19308369754535 0.0
-0.207775324880829 0.253616869724726 0.0
-0.203794101297391 0.314116613008233 0.0
-0.199553771930245 0.37465208121634 0.0
-0.194830124827887 0.435245118005101 0.0
-0.193854989277191 -0.66895605186335 0.0
-0.190385243472711 -0.607814954470186 0.0
-0.187181677498834 -0.546602128341899 0.0
-0.184157320120526 -0.485324594880345 0.0
-0.181242165126471 -0.424002159676929 0.0
-0.178370845271853 -0.362658271035632 0.0
-0.175489546676725 -0.30131578459695 0.0
-0.172578188444025 -0.240001305747083 0.0
-0.169638957087124 -0.178746517546594 0.0
-0.166667450610847 -0.117581234912363 0.0
-0.163653436327854 -0.0565304903070238 0.0
-0.160582239535551 0.00438814895585017 0.0
-0.157435577118044 0.0651671145266954 0.0
-0.154193849325243 0.125811542205067 0.0
-0.150842064601986 0.186340378650002 0.0
-0.147380966736187 0.246786681057465 0.0
-0.143838669831755 0.307196027769771 0.0
-0.140248544608357 0.367632327061971 0.0
-0.136635244774863 0.428277857428444 0.0
-0.132471978866231 -0.673169395587892 0.0
-0.129089162341113 -0.61206675862136 0.0
-0.125975630082857 -0.550910498921859 0.0
-0.123018104022543 -0.48970809953547 0.0
-0.120137092080436 -0.428477694845686 0.0
-0.117272478734685 -0.367240451296023 0.0
-0.114383848432176 -0.306017648881558 0.0
-0.111456416414236 -0.244832119279398 0.0
-0.108490286937421 -0.18370800458737 0.0
-0.105484816153496 -0.122666761291011 0.0
-0.10243773983696 -0.0617253557441439 0.0
-0.0993465059410259 -0.000894777383415431 0.0
-0.0962104747913937 0.0598208359237001 0.0
-0.0930351624849047 0.120424792353252 0.0
-0.089840117524282 0.180926234463077 0.0
-0.0866712219352675 0.241336380821304 0.0
-0.083615659418349 0.301660368426289 0.0
-0.0808408255843762 0.361890763931474 0.0
-0.07885169129459 0.42199297105718 0.0
-0.0709422826178827 -0.677163651678106 0.0
-0.06766838519366 -0.616064138419102 0.0
-0.0646399009948777 -0.554919720586126 0.0
-0.0617303676539184 -0.49373843222179 0.0
-0.0588599668864967 -0.432536873534498 0.0
-0.0559771487817014 -0.37133385703703 0.0
-0.0530528083455089 -0.310148097767268 0.0
-0.0500782472006218 -0.248998347236274 0.0
-0.0470562891371764 -0.187902831829827 0.0
-0.0439923545444185 -0.126876799677708 0.0
-0.0408936147693928 -0.0659312504982523 0.0
-0.037770540687241 -0.00507154053438033 0.0
-0.0346398249467377 0.0557039131653744 0.0
-0.0315292524842178 0.11640573191016 0.0
-0.0284853322168764 0.177055759305667 0.0
-0.025584195430929 0.237692110377541 0.0
-0.0229518795844302 0.29838033085847 0.0
-0.0208425602372698 0.359235095751295 0.0
-0.0201579386924093 0.420422265504265 0.0
-0.00925610980891926 -0.680791895480263 0.0
-0.00611119051681134 -0.619661715797999 0.0
-0.00316253980607873 -0.55848636748758 0.0
-0.000283893296408871 -0.497275314087049 0.0
0.00259678887870507 -0.436044281425344 0.0
0.00551955931512046 -0.374810035906583 0.0
0.00850244789630636 -0.313588587900569 0.0
0.0115468651480361 -0.25239489103504 0.0
0.0146444158245696 -0.191242360424276 0.0
0.0177819386416666 -0.130141184389179 0.0
0.020941600956024 -0.0690971955774417 0.0
0.024098747180668 -0.00811016766948333 0.0
0.0272181026697381 0.0528282405686204 0.0
0.0302479146623751 0.113737942334113 0.0
0.0331111293346439 0.1746546465363 0.0
0.0356912855376383 0.235637041190454 0.0
0.0378021466580943 0.296774974262509 0.0
0.0390966372369487 0.358182594595128 0.0
0.0391823877279509 0.419832766127999 0.0
0.0525788358849362 -0.683941128465023 0.0
0.0555794578399226 -0.622751285867671 0.0
0.0584548480619292 -0.561508190932188 0.0
0.0613183555154885 -0.500223864321772 0.0
0.0642273234051968 -0.438913845901345 0.0
0.0672078354151829 -0.377593184572566 0.0
0.0702664607517868 -0.316275337580684 0.0
0.0733962643283948 -0.254971994659992 0.0
0.0765814441642111 -0.193692935186949 0.0
0.079799649954197 -0.132444958428762 0.0
0.0830209055199949 -0.0712311696787106 0.0
0.0862044401947105 -0.01004974067982 0.0
0.0892936414014661 0.0511072304501155 0.0
0.0922086530292921 0.112255094379947 0.0
0.094835487696165 0.173416085001996 0.0
0.0970092697442733 0.234615442985046 0.0
0.0984875064973674 0.295864535150816 0.0
0.0989664614451317 0.357103311907967 0.0
0.0984684655002794 0.418166169138328 0.0
0.114539482524776 -0.686538352067954 0.0
0.117388101726242 -0.625266030677218 0.0
0.120199572577389 -0.563926008475866 0.0
0.123063009013708 -0.502533741873374 0.0
0.126015629837741 -0.441104915489577 0.0
0.129067850864256 -0.379652955059777 0.0
0.132214510258338 -0.318188917171321 0.0
0.135439725137114 -0.256721823687216 0.0
0.138719268401207 -0.195259063170244 0.0
0.142020711439442 -0.133806007134976 0.0
0.145301088529252 -0.0723660072810231 0.0
0.148502735824978 -0.0109400974309837 0.0
0.151547354676141 0.0504727086797638 0.0
0.154328046341646 0.111874617162603 0.0
0.156698907295725 0.173265493108592 0.0
0.158462968468332 0.234636039429897 0.0
0.159371566392587 0.295953741468854 0.0
0.159193725617685 0.357158673562321 0.0
0.157812546568138 0.418281118367881 0.0
0.176590843591648 -0.688551869735139 0.0
0.17928978231616 -0.627180740113131 0.0
0.182050543893003 -0.565722513410125 0.0
0.184928786118206 -0.504196241521092 0.0
0.187938082459464 -0.442617410132753 0.0
0.191072599472988 -0.380997446424293 0.0
0.194315741122335 -0.319344848432611 0.0
0.197642735756367 -0.257666218250684 0.0
0.201020751930497 -0.195967265246379 0.0
0.204407230108277 -0.134253070005786 0.0
0.207746430503043 -0.0725287656523492 0.0
0.210964530920904 -0.010800024536578 0.0
0.213963287140649 0.0509257605360205 0.0
0.216612291870674 0.112637910972765 0.0
0.218740256231864 0.174318889260927 0.0
0.220128868267393 0.235940017226191 0.0
0.220521313458028 0.297459314961193 0.0
0.219648751591562 0.35884115838921 0.0
0.217224856865492 0.420088544078548 0.0
0.2386904547703 -0.68999081509278 0.0
0.241253584420949 -0.628510992594124 0.0
0.243981002630016 -0.566920852591843 0.0
0.246888619859343 -0.50524204180348 0.0
0.249965187367725 -0.443488616710788 0.0
0.253189388331105 -0.38166901233261 0.0
0.256534240365694 -0.319788480307905 0.0
0.259966811118585 -0.257850799729626 0.0
0.263446191804497 -0.195859793437192 0.0
0.266920320293436 -0.133820101629157 0.0
0.270321594182437 -0.0717383971907582 0.0
0.273561400911912 -0.00962444787130581 0.0
0.276523531627959 0.0525071190861397 0.0
0.279056671603825 0.114634811233137 0.0
0.280966774533456 0.176726728334651 0.0
0.282012276421316 0.238737760741212 0.0
0.281904679645093 0.300610281983368 0.0
0.280307619987373 0.362280580588082 0.0
0.276805401218462 0.423680471922746 0.0
0.300792024895251 -0.690905049477592 0.0
0.303244950414924 -0.629313300883134 0.0
0.305959616392561 -0.567584772934217 0.0
0.308909884704124 -0.505741212808618 0.0
0.312061186064716 -0.443793123519095 0.0
0.315378852633237 -0.381744378811487 0.0
0.31882725854626 -0.319595758846556 0.0
0.322366547923531 -0.257347135623025 0.0
0.325948717227614 -0.194999322576793 0.0
0.329513210207565 -0.132555198239179 0.0
0.332981761368811 -0.0700213559297938 0.0
0.336252442787558 -0.00740974404301698 0.0
0.339192798568159 0.0552597797226677 0.0
0.341632252245242 0.117956403497184 0.0
0.343354275825957 0.180633563347222 0.0
0.344089179531317 0.243224597371063 0.0
0.343505983966462 0.305638989714731 0.0
0.341194215593313 0.367758676912988 0.0
0.336619399214327 0.429428085126423 0.0
0.362849504018069 -0.691386803382745 0.0
0.36522783876967 -0.629687380307972 0.0
0.367951166509112 -0.567821162316415 0.0
0.370954199793526 -0.505805962947748 0.0
0.374183275621485 -0.443646006380597 0.0
0.377593630569099 -0.381338718901783 0.0
0.381143200740789 -0.318878831463333 0.0
0.38478671122506 -0.256260694402846 0.0
0.388470243083704 -0.193480193094053 0.0
0.392125893937765 -0.130536013407594 0.0
0.395666029817256 -0.0674316088744036 0.0
0.398976935305951 -0.00417744587877278 0.0
0.401911628140263 0.0592053843288913 0.0
0.404281829276154 0.122680406594843 0.0
0.405848864778448 0.186188259754923 0.0
0.406312777304591 0.249637841938491 0.0
0.405295774996607 0.312894803084874 0.0
0.402310163388146 0.375765478400699 0.0
0.396692665644308 0.437971340059083 0.0
0.424820275062546 -0.691574752756037 0.0
0.42716523651958 -0.629780881912426 0.0
0.429915589476793 -0.567784863252963 0.0
0.432975885487249 -0.50559556035445 0.0
0.436279806538862 -0.443208236067084 0.0
0.439776353030978 -0.38061211683702 0.0
0.443419342520067 -0.317794319196141 0.0
0.44715955476964 -0.254741781659318 0.0
0.450938255445223 -0.191442837544466 0.0
0.454681238866795 -0.127888279902322 0.0
0.458292683255244 -0.0640733509533817 0.0
0.461648505965079 -3.35552486973451e-07 0.0
0.464588834720762 0.0643169491837108 0.0
0.466909274409459 0.12884661165491 0.0
0.468350009478354 0.193527663006824 0.0
0.46858078572333 0.258254281893522 0.0
0.467176513917494 0.322851117121234 0.0
0.463571944507497 0.387033654050822 0.0
0.456962156380298 0.45034241078027 0.0
0.486666802125727 -0.691660985504537 0.0
0.489017269540256 -0.629796437452142 0.0
0.491805112473963 -0.567685014298508 0.0
0.494919165758022 -0.505322201007677 0.0
0.498287783372517 -0.442692581986573 0.0
0.501857498624782 -0.37977640790654 0.0
0.505579972401726 -0.316552241735101 0.0
0.509403107366616 -0.252997771053005 0.0
0.513264050250529 -0.18909051911541 0.0
0.517082904849051 -0.124808255981213 0.0
0.520756321284628 -0.0601304749077108 0.0
0.524150563878156 0.00495942681815769 0.0
0.527093510352578 0.0704698995347421 0.0
0.529364923085106 0.136394454934464 0.0
0.530683373908921 0.202698926528282 0.0
0.530687028248659 0.269300051897106 0.0
0.528902357961392 0.336025161719777 0.0
0.524688056647102 0.402533267372576 0.0
0.517106533558762 0.468151151935722 0.0
0.548355554594004 -0.691901494452747 0.0
0.550736427520887 -0.630000458832823 0.0
0.553559935674889 -0.567791625979469 0.0
0.556714899459123 -0.505255334070221 0.0
0.560130873499469 -0.442367114113627 0.0
0.563754563120997 -0.379099924152118 0.0
0.567536443452397 -0.315424012556909 0.0
0.571421845695697 -0.251306065205188 0.0
0.575343862171169 -0.186708826744875 0.0
0.579216836871627 -0.121590562414496 0.0
0.582929585432275 -0.0559053936297247 0.0
0.586337869627478 0.0103961685047539 0.0
0.589255352168128 0.0773654754311752 0.0
0.591441902167489 0.145052727390636 0.0
0.592586797113049 0.213499611509499 0.0
0.592282893914673 0.282724604465498 0.0
0.589984961513805 0.352687409090438 0.0
0.584942635082285 0.423196061692014 0.0
0.576086646202679 0.493631649558496 0.0
