-0.748666559493289 -0.656318308158693 0.0
0.476801501587267 -0.678707833193629 0.0
-0.754891347885132 0.61237245798111 0.0
0.61237245798111 0.61237245798111 0.0
-0.68745144329974 -0.657643215396075 0.0
0.477951198898432 -0.617356083602846 0.0
0.531146040045664 0.594841476091687 0.0
-0.736697629319546 0.540945506971429 0.0
-0.626238180123216 -0.658724550217927 0.0
0.479282262209871 -0.55587434823999 0.0
0.45539393723159 0.585040286265028 0.0
-0.73031980569622 0.472527221110487 0.0
-0.565041611581419 -0.659804274185105 0.0
0.480789938827917 -0.494258018574888 0.0
0.383045876331656 0.578430860081857 0.0
-0.727702976474753 0.406248278020728 0.0
-0.50385880194769 -0.660919585206471 0.0
0.482481998386795 -0.43250287762559 0.0
0.31283757429324 0.573590021039954 0.0
-0.726817018497164 0.341257826325001 0.0
-0.44268877944207 -0.662097730860697 0.0
0.484376685441143 -0.370603045617998 0.0
0.244065701247629 0.569916892402833 0.0
-0.726918428745641 0.277073280195312 0.0
-0.38152380538914 -0.663357114279469 0.0
0.486502163059449 -0.308549715095867 0.0
0.176304937610686 0.567105844925609 0.0
-0.727638814157008 0.213424573379033 0.0
-0.32035063115211 -0.664692996631132 0.0
0.488897147099402 -0.246330047779301 0.0
0.109267711521328 0.564975119138548 0.0
-0.728760946526583 0.150155806225002 0.0
-0.259154631849434 -0.666080093335535 0.0
0.491612302243732 -0.183925654280346 0.0
0.0427315632654489 0.563386084014205 0.0
-0.730143778042356 0.0871744148055516 0.0
-0.197923856895054 -0.66748115408491 0.0
0.494711994546062 -0.121311089781491 0.0
-0.0235057218241258 0.562157184853421 0.0
-0.731691038049969 0.0244247055382974 0.0
-0.1366512280852 -0.668856017120287 0.0
0.498276133599346 -0.0584514547235218 0.0
-0.0896486869833557 0.560708248594967 0.0
-0.733336470656832 -0.038125183166706 0.0
-0.0753357234251184 -0.670168837235048 0.0
0.502401902660184 0.00470014378074542 0.0
-0.154891526035721 0.562503885909412 0.0
-0.735039186790997 -0.100489915005385 0.0
-0.0139820355223988 -0.671392882728581 0.0
0.507205777313669 0.0682063586707941 0.0
-0.219308197321248 0.565146842630109 0.0
-0.736799336001808 -0.162668767552292 0.0
0.0474002751090784 -0.672513177767665 0.0
0.512827251525974 0.132150572247638 0.0
-0.283773167283062 0.565283341476293 0.0
-0.738758615006285 -0.224650967457991 0.0
0.108798462906291 -0.673527622927722 0.0
0.519437926576187 0.196645143516821 0.0
-0.348772327973742 0.566717814453758 0.0
-0.739923489146947 -0.286532282812529 0.0
0.170197764847213 -0.674447057351865 0.0
0.527262847683892 0.261844718597786 0.0
-0.414430556946998 0.568601424538766 0.0
-0.741279924673074 -0.348442561320442 0.0
0.231583446777645 -0.675294476604113 0.0
0.536627407092248 0.327972327551933 0.0
-0.480734076705747 0.574428205396201 0.0
-0.743082192579602 -0.410297716130056 0.0
0.292942680757042 -0.676103293003139 0.0
0.548057920701914 0.395369832163283 0.0
-0.54709096963311 0.580654763929331 0.0
-0.744677779867666 -0.471994899723302 0.0
0.354266285173685 -0.676914274736402 0.0
0.562516168491754 0.464596438515039 0.0
-0.613610540465143 0.584369005915871 0.0
-0.746219188007717 -0.533541111106538 0.0
0.415551136404697 -0.677770405823261 0.0
0.582063331724363 0.536587166731448 0.0
-0.682626694905075 0.593142516072448 0.0
-0.747417082273343 -0.594974028709299 0.0
-0.686232907911144 -0.596297866259123 0.0
-0.685002551096418 -0.534841575485547 0.0
-0.683490006386756 -0.473253996802645 0.0
-0.681907542574916 -0.411599491215017 0.0
-0.680213683650185 -0.349880915754322 0.0
-0.678857132975373 -0.288078168921927 0.0
-0.677547645949331 -0.22601744810231 0.0
-0.675637714492054 -0.163680423787289 0.0
-0.673868285679254 -0.101250979674536 0.0
-0.672161542496707 -0.0386798138515994 0.0
-0.670525715618509 0.0240717721394353 0.0
-0.669003870012016 0.0870401357629877 0.0
-0.667668022476058 0.150266373371211 0.0
-0.666626437151577 0.213800178515432 0.0
-0.66604237592934 0.277697169427184 0.0
-0.666173295818933 0.342001376592004 0.0
-0.667459562188722 0.406679658281106 0.0
-0.670752833797255 0.471401564333459 0.0
-0.677891723132439 0.534767119863185 0.0
-0.625038286498167 -0.597369364842754 0.0
-0.623739899715746 -0.535919219123072 0.0
-0.622253415293333 -0.474345061978775 0.0
-0.620680833596387 -0.412652235035114 0.0
-0.619092982536452 -0.350805139993682 0.0
-0.6176800703206 -0.288839927515787 0.0
-0.616207618243753 -0.226757771483103 0.0
-0.614440499650191 -0.164468199370665 0.0
-0.612716187555727 -0.102020982937422 0.0
-0.611043376687206 -0.0394111543902702 0.0
-0.609449884680531 0.0233736533742147 0.0
-0.607988290068877 0.0863443910237085 0.0
-0.606739272872376 0.149504485817506 0.0
-0.60582053588629 0.212839228201788 0.0
-0.60540295516722 0.276292921161725 0.0
-0.605737128065064 0.339725167295266 0.0
-0.607190376832013 0.402830209804221 0.0
-0.610222152915342 0.465007985001188 0.0
-0.613784118077422 0.525338840245378 0.0
-0.563827681884945 -0.598453772497862 0.0
-0.562492145978266 -0.536992431903773 0.0
-0.561022976980098 -0.475401151058342 0.0
-0.559492747612026 -0.413673200211023 0.0
-0.557969478608306 -0.351809000136049 0.0
-0.556508384834008 -0.289840165461801 0.0
-0.554971757110573 -0.22774788889032 0.0
-0.553283900517848 -0.165488205055643 0.0
-0.551608978745192 -0.103084750526927 0.0
-0.54998139257838 -0.0405456268466864 0.0
-0.548439615093371 0.02211987670895 0.0
-0.547040573207691 0.0848929880060315 0.0
-0.545864735887084 0.147737098875582 0.0
-0.545021434030079 0.210587074100373 0.0
-0.544653761130608 0.273334644070989 0.0
-0.544935022302952 0.335814491615693 0.0
-0.546013651908457 0.397801369990654 0.0
-0.547600737061186 0.459059389295201 0.0
-0.54765555905274 0.51974290959116 0.0
-0.502618686411959 -0.599571897859962 0.0
-0.501265374092972 -0.538108631804949 0.0
-0.499818215723328 -0.476518748850712 0.0
-0.498327950593655 -0.414801774649698 0.0
-0.496836076696634 -0.35296666966013 0.0
-0.495350180971694 -0.291027472356627 0.0
-0.493796667462582 -0.228972577807759 0.0
-0.492158567571857 -0.166788150776206 0.0
-0.490524399901143 -0.104494036335093 0.0
-0.488933007365183 -0.0421099179279821 0.0
-0.487425112453591 0.0203378790863059 0.0
-0.486054559198347 0.0828105961248065 0.0
-0.484891703385829 0.145251400259642 0.0
-0.484023839258508 0.207580269597654 0.0
-0.483549063752561 0.269689053928032 0.0
-0.483545889659063 0.331439762394996 0.0
-0.483939738197774 0.392669893998272 0.0
-0.484052436661286 0.453252739716207 0.0
-0.4812380042787 0.513190234429105 0.0
-0.441417337327564 -0.600759613942073 0.0
-0.440056785608227 -0.539309961509927 0.0
-0.43863076497522 -0.477743151748744 0.0
-0.437170270248488 -0.416061949590847 0.0
-0.435695381078272 -0.354275322884727 0.0
-0.43419896837645 -0.29239227018131 0.0
-0.432643762285985 -0.230411178804971 0.0
-0.431033042828914 -0.168334928616004 0.0
-0.429419553767708 -0.106185285074182 0.0
-0.427838265014109 -0.0439889289016397 0.0
-0.426325876276884 0.0182197233338733 0.0
-0.424927379224684 0.0803953929569832 0.0
-0.423696869995475 0.14247899434678 0.0
-0.422693276747241 0.204395444002778 0.0
-0.421963894473293 0.266050915215099 0.0
-0.421489844793162 0.327331831458728 0.0
-0.421024318935899 0.38811555082545 0.0
-0.419699824338453 0.448322401407014 0.0
-0.416224667109707 0.50819819127083 0.0
-0.38022019543516 -0.602033669596748 0.0
-0.378857240896504 -0.540607058072486 0.0
-0.377448642562714 -0.479073882627452 0.0
-0.376008195453124 -0.417438190001214 0.0
-0.374541336202143 -0.355708728310687 0.0
-0.373037429095236 -0.293894192995944 0.0
-0.371477938470966 -0.232000148913286 0.0
-0.369871266294527 -0.17003773607384 0.0
-0.368250683473971 -0.108029553061294 0.0
-0.366643860688412 -0.046003513055007 0.0
-0.365079607526452 0.0160061995275789 0.0
-0.363590556420247 0.0779579335738767 0.0
-0.362211135365979 0.13980153495852 0.0
-0.360968415068097 0.201478436053976 0.0
-0.359856079802775 0.262922854223913 0.0
-0.358767466564578 0.324070836183992 0.0
-0.357352646728395 0.384892704633242 0.0
-0.354956770636789 0.445498337763876 0.0
-0.351622210255058 0.506264494334552 0.0
-0.319018851378057 -0.603384859620813 0.0
-0.317656132046609 -0.541982682532856 0.0
-0.316260234621324 -0.480483710514093 0.0
-0.314830574128873 -0.418892445592109 0.0
-0.313363016874176 -0.357217380654681 0.0
-0.311846494807778 -0.295467651036965 0.0
-0.310271058203735 -0.233652460561297 0.0
-0.308644196274348 -0.171785722608946 0.0
-0.306986625074514 -0.109888450094221 0.0
-0.305317534930195 -0.0479857321873704 0.0
-0.303656064416136 0.0138931321294975 0.0
-0.302021183489006 0.0757145302086457 0.0
-0.300427197167416 0.137440657248801 0.0
-0.298871050003156 0.199031245513807 0.0
-0.297302701269579 0.26044777823116 0.0
-0.295566748827869 0.321667290480856 0.0
-0.293345501336257 0.382716920975285 0.0
-0.290320585341239 0.443713586683554 0.0
-0.286524133403819 0.504666983458843 0.0
-0.257803511470508 -0.604784100417023 0.0
-0.256443231252571 -0.543401662735225 0.0
-0.255055057703144 -0.481930162119374 0.0
-0.25362725238178 -0.420374035790522 0.0
-0.252149603274296 -0.358741219887846 0.0
-0.250611048341901 -0.297040724885414 0.0
-0.249004727745371 -0.235282698283043 0.0
-0.24733490253873 -0.173480746589973 0.0
-0.245612959241818 -0.111652932395124 0.0
-0.243849537671323 -0.0498201461231338 0.0
-0.242053731643016 0.0119939621598523 0.0
-0.240231126380092 0.073763307197795 0.0
-0.238377698861946 0.135460062766975 0.0
-0.236465990145108 0.197057502641763 0.0
-0.23441883652249 0.258536474864527 0.0
-0.232075474264428 0.319902456302152 0.0
-0.229199902099675 0.381214317960126 0.0
-0.225577642177609 0.442588029541871 0.0
-0.220933435163488 0.504171815443065 0.0
-0.1965658090728 -0.606191904593761 0.0
-0.195210319312066 -0.544820935373366 0.0
-0.193825121036808 -0.483365863552623 0.0
-0.192390833767793 -0.421830827854093 0.0
-0.190893672645729 -0.360222940338474 0.0
-0.18932242079999 -0.298550473346677 0.0
-0.187670481113518 -0.236823028811793 0.0
-0.185938087956276 -0.175052692509472 0.0
-0.184128952307774 -0.113254605980659 0.0
-0.182245488946906 -0.0514461709740864 0.0
-0.180287022390322 0.0103527682599436 0.0
-0.178246838650338 0.0721200172838149 0.0
-0.176105759806062 0.133831316170085 0.0
-0.173820227130214 0.19546237555176 0.0
-0.171305688425138 0.256993102341908 0.0
-0.16842885830544 0.318416187797038 0.0
-0.165036199899626 0.379739989278586 0.0
-0.160990840718239 0.440969550850598 0.0
-0.155831307586322 0.502074629193845 0.0
-0.135300271506286 -0.607567355867875 0.0
-0.13395196903325 -0.546198310426623 0.0
-0.132565453023879 -0.484747159773603 0.0
-0.131117249445839 -0.423217755766996 0.0
-0.129591895258997 -0.361616278253186 0.0
-0.127977833102595 -0.299949924659583 0.0
-0.126267276959273 -0.23822713612 0.0
-0.124456130821356 -0.176458261700246 0.0
-0.122541195755208 -0.11465612587544 0.0
-0.120516828552613 -0.0528358222305818 0.0
-0.118372723162681 0.00898470647815543 0.0
-0.116090622542921 0.0707843074347428 0.0
-0.11363861748498 0.132538189048837 0.0
-0.110962980613361 0.194218566345195 0.0
-0.10798182651147 0.255795420035336 0.0
-0.104592617040265 0.317236530479602 0.0
-0.100703174713409 0.378499151831782 0.0
-0.0962503900023333 0.439513279366404 0.0
-0.0915523124091133 0.500299641713273 0.0
-0.0740053235489092 -0.608874963181015 0.0
-0.0726661652738629 -0.547498758832177 0.0
-0.0712744773998381 -0.486039674667569 0.0
-0.0698059846847702 -0.424501378519932 0.0
-0.0682449589544731 -0.3628890755281 0.0
-0.0665793342256377 -0.301208693749081 0.0
-0.0647992935793437 -0.239467218271235 0.0
-0.0628961496987278 -0.177673183382724 0.0
-0.0608599555392114 -0.115837315105578 0.0
-0.0586768330194594 -0.0539726262415096 0.0
-0.0563266015347931 0.00790486626783192 0.0
-0.0537795869829131 0.069775792879774 0.0
-0.0509922482514291 0.131617203735695 0.0
-0.0479030161124959 0.193403672794953 0.0
-0.0444334639843203 0.255108990431065 0.0
-0.0405034194617088 0.316710040352429 0.0
-0.0360666170256498 0.378194941376379 0.0
-0.0312333881613297 0.439603600117548 0.0
-0.0267273722456824 0.501051429741833 0.0
-0.0126831472268674 -0.610089040686893 0.0
-0.0113540533946048 -0.548698140412105 0.0
-0.00995365768316079 -0.487221177660064 0.0
-0.00845963537901091 -0.42566165437807 0.0
-0.0068569305958773 -0.364023687429842 0.0
-0.00513274945753539 -0.302311706275781 0.0
-0.00327464861346665 -0.240530921630448 0.0
-0.00126904923716641 -0.178687748442393 0.0
0.000900857869433365 -0.116790461130738 0.0
0.00325742117972547 -0.0548493434836432 0.0
0.00583080969263438 0.00712269318556371 0.0
0.00866164217681385 0.0691100259532671 0.0
0.0118034354753153 0.131094488861037 0.0
0.0153224911675474 0.193056878061901 0.0
0.019289770873871 0.254978929290453 0.0
0.0237562307264477 0.31684770835813 0.0
0.0286909509813594 0.378664187280687 0.0
0.0338361904521415 0.44044206098087 0.0
0.0386450436019366 0.502087133027953 0.0
0.0486607382393536 -0.611196039704646 0.0
0.0499803455521873 -0.549785044925156 0.0
0.0513927131948934 -0.488282811563444 0.0
0.0529162535789148 -0.426692504160364 0.0
0.0545649097738913 -0.36501691878399 0.0
0.0563525129560123 -0.303258688528605 0.0
0.0582946021103707 -0.241420874365924 0.0
0.0604099129922209 -0.179507337852425 0.0
0.0627222265846684 -0.117523359448158 0.0
0.0652623952960628 -0.0554757575045676 0.0
0.0680702983349828 0.00662657449563162 0.0
0.0711965329712781 0.0687726399328087 0.0
0.0747026294614451 0.130949340923861 0.0
0.0786568469088465 0.193142235604564 0.0
0.083119951020071 0.255335662691592 0.0
0.0881116627573478 0.317513199755405 0.0
0.0935449506352506 0.379652947682961 0.0
0.0991540667719978 0.441696496315289 0.0
0.104523620147151 0.503514027067251 0.0
0.110018607645182 -0.612195506643205 0.0
0.111330950865383 -0.550761484889052 0.0
0.112758141637147 -0.489229484953975 0.0
0.114313711790628 -0.427601964709151 0.0
0.116010548378599 -0.365880096316225 0.0
0.117863915030008 -0.304064418119749 0.0
0.119892815131386 -0.242155498596889 0.0
0.122121314516492 -0.180154251682072 0.0
0.12458017281563 -0.118062506837959 0.0
0.127308601383777 -0.0558831113631457 0.0
0.130355766257095 0.00637949446633357 0.0
0.133781448466609 0.0687190357766102 0.0
0.137654264151749 0.131126781705417 0.0
0.142044395834443 0.193590917569399 0.0
0.147005662718228 0.256093993090011 0.0
0.15254075689611 0.318608027284868 0.0
0.158551201033039 0.381081178119393 0.0
0.164796545757877 0.443417016137187 0.0
0.170895549422829 0.505472055990266 0.0
0.171381055601798 -0.613100086752164 0.0
0.172689732829957 -0.551642777270657 0.0
0.174133842201711 -0.490079632108401 0.0
0.175722187923905 -0.428411911194149 0.0
0.177467098316432 -0.366638884259378 0.0
0.179385707977533 -0.304758769440458 0.0
0.181500751514457 -0.242769380727064 0.0
0.183841694071443 -0.180668356658683 0.0
0.186446193272816 -0.118453666422864 0.0
0.189361627303066 -0.0561236965356755 0.0
0.192646174225119 0.00632209476945351 0.0
0.196368651542881 0.0688826480554007 0.0
0.200605454337169 0.131553987063424 0.0
0.205431912320168 0.194327194421536 0.0
0.210904273524748 0.257183255061037 0.0
0.217029887313798 0.320084026775759 0.0
0.223728234924884 0.382956706805034 0.0
0.230789627277987 0.445676541414714 0.0
0.237817314051447 0.508065062391744 0.0
0.232738284496534 -0.613934724033765 0.0
0.234047557037535 -0.552456656516689 0.0
0.235509450086593 -0.49086425972574 0.0
0.237129286853406 -0.429157139679211 0.0
0.238919620054333 -0.36733251983509 0.0
0.240899853438358 -0.305386190023832 0.0
0.243096594284871 -0.243313021137199 0.0
0.245544660481975 -0.181107058076795 0.0
0.248288444748791 -0.118761907093064 0.0
0.251383298001065 -0.0562707376173405 0.0
0.254896345243994 0.00637307421617611 0.0
0.258905934255932 0.0691752694640697 0.0
0.263498308187275 0.132138937753842 0.0
0.268759652792068 0.195261484748043 0.0
0.274761371678397 0.258527552360434 0.0
0.281537356844087 0.321897135504859 0.0
0.289051112398203 0.385286095283754 0.0
0.297140204409068 0.448541050427821 0.0
0.305391668054724 0.511419173289814 0.0
0.294081043133626 -0.614734886569048 0.0
0.295394738866628 -0.553241371721356 0.0
0.296873592842967 -0.491625006427639 0.0
0.298521467273332 -0.429883576223764 0.0
0.300351934959082 -0.368012355566847 0.0
0.302386914550005 -0.306004736997713 0.0
0.304656859355948 -0.243852550759599 0.0
0.307201730695576 -0.181545945444401 0.0
0.31007235091058 -0.119073547697011 0.0
0.313331762203332 -0.0564222267658007 0.0
0.31705601703812 0.00642249373255464 0.0
0.321333775133055 0.0694759553716257 0.0
0.326263840906673 0.13275269287622 0.0
0.33194994824306 0.196263278594075 0.0
0.338492173482321 0.260006647145625 0.0
0.345973997508658 0.323956304943524 0.0
0.354437480152126 0.388034500367517 0.0
0.363816589959197 0.452067680832526 0.0
0.373745460219179 0.515720072890847 0.0
0.355401175623456 -0.615543387485302 0.0
0.356721441873418 -0.554042293144 0.0
0.358214551605629 -0.492410821604043 0.0
0.359884924543743 -0.43064536974594 0.0
0.361747627729505 -0.368739558660671 0.0
0.363827126088803 -0.306684652205492 0.0
0.366157455242447 -0.244469594966056 0.0
0.368783251928814 -0.182080548573902 0.0
0.371761187443065 -0.119500653708901 0.0
0.375161429986622 -0.0567093254108938 0.0
0.379068653506663 0.00631791372544068 0.0
0.383582288739793 0.0696097076830409 0.0
0.388815908641745 0.133198239108857 0.0
0.394896457004259 0.197117578796808 0.0
0.401964620422664 0.261398042906551 0.0
0.410177101901387 0.326054123244816 0.0
0.419703032082343 0.391055448762169 0.0
0.430676273183462 0.456257718419049 0.0
0.442972374638476 0.521245574261378 0.0
0.416692581881143 -0.616404918059585 0.0
0.418019099370128 -0.554906218054763 0.0
0.419522249840735 -0.493272954170867 0.0
0.421207748736092 -0.431500405629018 0.0
0.423092394793312 -0.369581263521667 0.0
0.425202926313513 -0.307505572605259 0.0
0.427576328763115 -0.245260245223495 0.0
0.430261025260001 -0.182828070523407 0.0
0.433318469260065 -0.120186886568789 0.0
0.436824801899314 -0.0573081351977952 0.0
0.44087223598241 0.0058443158231523 0.0
0.445570249859219 0.0693159317955037 0.0
0.451047324546606 0.133163232402794 0.0
0.457455508274568 0.197456091043003 0.0
0.464981832151753 0.262278893604265 0.0
0.473872582039465 0.327729825194608 0.0
0.484474901791315 0.393908251475235 0.0
0.497285331808121 0.460855684264947 0.0
0.512897437312167 0.528318958580788 0.0
