-0.744343285970439 -0.658060411695534 0.0
0.48165429406417 -0.683662275177546 0.0
-0.741703188419342 0.61237245798111 0.0
0.61237245798111 0.61237245798111 0.0
-0.683132607311538 -0.659618823404567 0.0
0.482941510353687 -0.622302158648335 0.0
0.532472640218006 0.593025767972344 0.0
-0.725703574319424 0.540402666247511 0.0
-0.621921017239817 -0.6609299636372 0.0
0.484440478635619 -0.560797901571402 0.0
0.457665484241805 0.582109976278307 0.0
-0.720544863041064 0.471716662927555 0.0
-0.560724631136848 -0.662241899708103 0.0
0.486136765178004 -0.499142724809409 0.0
0.386092692127627 0.574800634824088 0.0
-0.718715377495944 0.405232043394912 0.0
-0.499539527233631 -0.663593560893383 0.0
0.488031151472268 -0.437331086050351 0.0
0.316560662144861 0.569522494400617 0.0
-0.71839675959038 0.340072839524241 0.0
-0.438363313605241 -0.665010864875775 0.0
0.490136054343548 -0.375356065462335 0.0
0.248398870744835 0.565588899199055 0.0
-0.718937456414062 0.275750485230268 0.0
-0.377186756506581 -0.666508893645929 0.0
0.492474046504167 -0.313207864573847 0.0
0.181201931579732 0.562643099686209 0.0
-0.720017173288834 0.211990605187841 0.0
-0.315995327341899 -0.668078344875355 0.0
0.495077820970706 -0.250872619129116 0.0
0.114697421251178 0.560472390560634 0.0
-0.721446853081065 0.148633281503199 0.0
-0.254773586487055 -0.669689009900463 0.0
0.497991017055392 -0.188330868843296 0.0
0.0486768803641501 0.558921230804533 0.0
-0.723103057964089 0.085582329434825 0.0
-0.193509379163775 -0.671299069610007 0.0
0.501269433446261 -0.125556078307745 0.0
-0.0170465327377647 0.55780609728748 0.0
-0.724900965680241 0.022778954145173 0.0
-0.132196073016637 -0.672864609239969 0.0
0.504982345050751 -0.0625122686482572 0.0
-0.0826595414146875 0.556577269857475 0.0
-0.726781983524578 -0.039811242875623 0.0
-0.0708337041681144 -0.67434708264821 0.0
0.509213716125961 0.000848510358830486 0.0
-0.147423315009405 0.558394224421929 0.0
-0.728710590925145 -0.102204886501295 0.0
-0.00942855309231767 -0.675718205634901 0.0
0.514063689186971 0.0645899906761991 0.0
-0.211449060922019 0.561072659689418 0.0
-0.730691349104596 -0.164402588853448 0.0
0.0520078019063527 -0.676962633333188 0.0
0.519651636735819 0.128796788158547 0.0
-0.27552381296678 0.561566912790586 0.0
-0.73287696557263 -0.22639385854925 0.0
0.113460269163223 -0.678079122107775 0.0
0.526124078685727 0.193582920445321 0.0
-0.340048878634608 0.563332529785149 0.0
-0.734250992612001 -0.288287071172418 0.0
0.174911511236196 -0.679080694380798 0.0
0.533673622344994 0.259105613435288 0.0
-0.405149284704361 0.565621758368574 0.0
-0.735815907282814 -0.350206133686117 0.0
0.236344104390956 -0.679994069589783 0.0
0.542580934880422 0.32559239360918 0.0
-0.470836553898496 0.571650752434978 0.0
-0.737838254142557 -0.412060049496661 0.0
0.297742573685732 -0.680858282635659 0.0
0.553305276674816 0.393393895563444 0.0
-0.536621342071584 0.578168982564126 0.0
-0.739658549502495 -0.473753254060664 0.0
0.359095393644051 -0.681722146144046 0.0
0.566697737183761 0.463089248190028 0.0
-0.602562669378546 0.582560975158686 0.0
-0.741430258668951 -0.535293667099241 0.0
0.420397864588952 -0.682639787070253 0.0
0.584618275245184 0.535669627695471 0.0
-0.670739124567828 0.59208558812049 0.0
-0.742859686871763 -0.596721516258499 0.0
-0.681679789155776 -0.598277948255064 0.0
-0.680217388953291 -0.536825003124138 0.0
-0.678475719381978 -0.47524062859233 0.0
-0.676670255107935 -0.413588545642943 0.0
-0.674755923612244 -0.351871843708778 0.0
-0.673187667325306 -0.290063118361062 0.0
-0.671670918634163 -0.227989366372989 0.0
-0.669541036982883 -0.165638347921511 0.0
-0.667551559305397 -0.103189839420546 0.0
-0.665619893940915 -0.0405937986074568 0.0
-0.663749953837349 0.0221892477720585 0.0
-0.661979335532783 0.0851962532145526 0.0
-0.660372231399602 0.148468653874819 0.0
-0.659025188383634 0.212056103231725 0.0
-0.658083467012024 0.276013714189709 0.0
-0.657776133546428 0.340384903611176 0.0
-0.658497256726704 0.405138166138024 0.0
-0.661020165765522 0.469957410966832 0.0
-0.667054752904247 0.533511421941218 0.0
-0.620485842728583 -0.599578893356604 0.0
-0.618955644669266 -0.538132812801544 0.0
-0.617242256022592 -0.476562286966807 0.0
-0.615448293552006 -0.414871821911861 0.0
-0.613643949638779 -0.353023934888558 0.0
-0.61202113968351 -0.291054725914634 0.0
-0.610339868403565 -0.228967217574139 0.0
-0.608357679101757 -0.166669777963459 0.0
-0.606416245463803 -0.104212060984003 0.0
-0.60452130264809 -0.0415894516610226 0.0
-0.602696806128958 0.0212099707611504 0.0
-0.600990047526054 0.0841964512797696 0.0
-0.599474052438318 0.147372410111944 0.0
-0.598255213824854 0.210721961589491 0.0
-0.597487626222899 0.274188648665779 0.0
-0.59739707744761 0.337633451276587 0.0
-0.598315053183118 0.400758384675469 0.0
-0.600656290018574 0.462985711373722 0.0
-0.603424168286691 0.52341618575114 0.0
-0.559273996875043 -0.600896682805952 0.0
-0.557707596955932 -0.53944097432171 0.0
-0.556014161740738 -0.477854968326792 0.0
-0.554265933990313 -0.416131112118733 0.0
-0.552530071437544 -0.354269504053672 0.0
-0.550860881299616 -0.292302346155862 0.0
-0.54911644092235 -0.23021138832005 0.0
-0.54721730296005 -0.167952626999016 0.0
-0.54532850789395 -0.105550224099223 0.0
-0.543482098550755 -0.0430131336451152 0.0
-0.541713046941585 0.0196484063773454 0.0
-0.540073312178549 0.0824146188811764 0.0
-0.538636202857435 0.145248025390713 0.0
-0.537500755506963 0.208083216145405 0.0
-0.53679555431692 0.270813147222391 0.0
-0.536674442327686 0.333276700162556 0.0
-0.537264123892592 0.395257275071104 0.0
-0.53828069763419 0.4565278662224 0.0
-0.537839529726762 0.51721968758283 0.0
-0.498061475746556 -0.602252705626318 0.0
-0.49647908722963 -0.540797193485876 0.0
-0.49481102955189 -0.479215144059295 0.0
-0.493106574022066 -0.417505669264878 0.0
-0.491405588349708 -0.355677854308289 0.0
-0.489713773393927 -0.293746307769603 0.0
-0.487954375194736 -0.231700048785766 0.0
-0.486108115632149 -0.16952571480963 0.0
-0.484263088917874 -0.107243896258361 0.0
-0.482456080527557 -0.0448751212063728 0.0
-0.480724676437036 0.0175535738539139 0.0
-0.479118213013238 0.0800030738554581 0.0
-0.477700640241827 0.142416926391685 0.0
-0.476550392965217 0.204716847600332 0.0
-0.475754034664215 0.266798688747358 0.0
-0.475377386024913 0.328531806689559 0.0
-0.475341728446109 0.389764651529515 0.0
-0.475013343654958 0.450379250681902 0.0
-0.471960203244207 0.510369834654534 0.0
-0.436853640722132 -0.603681113672492 0.0
-0.435266711753694 -0.542241325977312 0.0
-0.433623611574252 -0.480685016502527 0.0
-0.431952738940772 -0.419014740229803 0.0
-0.430271897760999 -0.357239766597631 0.0
-0.428571765528638 -0.295369722997702 0.0
-0.426812666800407 -0.233403672037354 0.0
-0.424996259112117 -0.171345097439294 0.0
-0.423174456058223 -0.109216402605896 0.0
-0.421380476391261 -0.0470447581549197 0.0
-0.419648362497984 0.0151353270972666 0.0
-0.418019303337452 0.0772791729056986 0.0
-0.416542160116485 0.139329397628789 0.0
-0.415269131954533 0.201214296030418 0.0
-0.414240145762163 0.262845803881814 0.0
-0.413432331222205 0.32411911454579 0.0
-0.412612152416054 0.384922670193407 0.0
-0.410978980044565 0.44518519020343 0.0
-0.407338489653943 0.505141951326256 0.0
-0.375646191732913 -0.605194966526966 0.0
-0.374060498818391 -0.543779774148979 0.0
-0.372438945217532 -0.482259081198833 0.0
-0.370791777971338 -0.420636849851124 0.0
-0.369121746696205 -0.358922222993741 0.0
-0.3674160502665 -0.297124528849059 0.0
-0.365654332179502 -0.235249971504361 0.0
-0.363843847323381 -0.173310226812341 0.0
-0.362017100501147 -0.111328296925733 0.0
-0.360200462707724 -0.0493321956702692 0.0
-0.358420785117218 0.0126443081631153 0.0
-0.356707957090913 0.0745607344137359 0.0
-0.355092884857878 0.136369135881882 0.0
-0.353598843070268 0.198014476448942 0.0
-0.352217392390215 0.259435976160955 0.0
-0.350847159628625 0.320575623835484 0.0
-0.349164372879068 0.381407919055546 0.0
-0.346567754759018 0.442037186336225 0.0
-0.343085847686979 0.5028175720554 0.0
-0.314429895853979 -0.606780258118798 0.0
-0.312849050306272 -0.545390152764425 0.0
-0.311244541954052 -0.48390452868657 0.0
-0.309611573875887 -0.422327908320968 0.0
-0.307943185081841 -0.360669229214267 0.0
-0.306226387153846 -0.298938235006046 0.0
-0.304449954412389 -0.237144701196506 0.0
-0.302620708576961 -0.175302970000981 0.0
-0.300758961153384 -0.113434272297099 0.0
-0.298883238171069 -0.0515635731013444 0.0
-0.297011647648821 0.0102804408396005 0.0
-0.295161779931261 0.0720654002105975 0.0
-0.293346499168394 0.133755498807351 0.0
-0.29156222474779 0.19531325804574 0.0
-0.289761896410407 0.256703485865591 0.0
-0.287802216338918 0.317906026746707 0.0
-0.285393019154999 0.378947566845412 0.0
-0.282244723192824 0.439938798264079 0.0
-0.278395656408343 0.500897377371367 0.0
-0.253194380037035 -0.60840288797218 0.0
-0.251621549082257 -0.547032149094229 0.0
-0.250029258911611 -0.485573597337913 0.0
-0.248401258611343 -0.424031808775237 0.0
-0.246724650891852 -0.362415213698461 0.0
-0.24498687753788 -0.300733416690262 0.0
-0.243180384829274 -0.23899708792955 0.0
-0.241309322781587 -0.177220191829057 0.0
-0.239385236799249 -0.115420917545431 0.0
-0.2374188940089 -0.0536199598306203 0.0
-0.235419452491247 0.008159640991206 0.0
-0.233392655926822 0.0698928989159691 0.0
-0.231335243961883 0.131553603256505 0.0
-0.229222375160553 0.193117041737925 0.0
-0.226983958819406 0.2545659740966 0.0
-0.224474560321098 0.315906328092951 0.0
-0.221482227372769 0.377193623802127 0.0
-0.217819421081054 0.438536818681753 0.0
-0.21325824690414 0.500074994571788 0.0
-0.191931077797731 -0.610018815587225 0.0
-0.190369488418603 -0.548658176029115 0.0
-0.188784729778445 -0.48721443121058 0.0
-0.187153012380634 -0.42569201256858 0.0
-0.185458287905714 -0.364098598675373 0.0
-0.183688429496073 -0.302443066407036 0.0
-0.181836797494331 -0.240735518381629 0.0
-0.179904158911999 -0.178988360978847 0.0
-0.177895084223226 -0.117216819561542 0.0
-0.175813020988509 -0.0554380734237635 0.0
-0.173658557974235 0.00632863653330859 0.0
-0.171426749690407 0.0680621693136416 0.0
-0.169101326304222 0.129739806319943 0.0
-0.166644026758749 0.191339224062003 0.0
-0.163979948953878 0.252842423933329 0.0
-0.160991410762209 0.314243757437498 0.0
-0.157545475418654 0.37555287447904 0.0
-0.153531545531439 0.436777713547497 0.0
-0.148563815879394 0.49789631663786 0.0
-0.13063475707335 -0.611583449039142 0.0
-0.129087498229356 -0.550222480721396 0.0
-0.127505910726996 -0.488779956573546 0.0
-0.125862632166159 -0.427260216634574 0.0
-0.124140623017154 -0.365670104385676 0.0
-0.122328146247558 -0.304017450605386 0.0
-0.120418098282081 -0.242311190027438 0.0
-0.118407636661612 -0.180561968852508 0.0
-0.116295221686435 -0.11878266555735 0.0
-0.114077240337675 -0.0569881231289149 0.0
-0.1117459375173 0.00480434819620343 0.0
-0.109286489012667 0.0665746994406511 0.0
-0.106671971722135 0.128299802315934 0.0
-0.103856251121982 0.189954153873512 0.0
-0.10076881540986 0.251510668959479 0.0
-0.0973226192216701 0.312940969459514 0.0
-0.0934441194571549 0.37420812976655 0.0
-0.089094214805432 0.435251627835882 0.0
-0.0845869022882641 0.496090924063758 0.0
-0.0693045184172815 -0.613058699764278 0.0
-0.0677739547609936 -0.551687583694112 0.0
-0.0661914367487414 -0.490233532623644 0.0
-0.0645297311487484 -0.428700932813495 0.0
-0.0627724572477936 -0.367095764318328 0.0
-0.0609082176740039 -0.305424624627713 0.0
-0.0589286643987004 -0.243694993642024 0.0
-0.0568271456417578 -0.181915695127268 0.0
-0.0545962494380263 -0.120097509157661 0.0
-0.0522252064751618 -0.0582532199057287 0.0
-0.0496977571872829 0.00360173172553431 0.0
-0.046989384976364 0.0654489743785431 0.0
-0.0440635882992536 0.127267043838851 0.0
-0.0408685150287962 0.189032510256235 0.0
-0.037338711076354 0.250721627353708 0.0
-0.0334099276143176 0.312314068450283 0.0
-0.0290532176618535 0.373800350832013 0.0
-0.0243870007774261 0.435217385790922 0.0
-0.0200824080664976 0.496665783213295 0.0
-0.00794360047494566 -0.614417437796225 0.0
-0.00643068019271092 -0.553028055967193 0.0
-0.00484322206268127 -0.491551834610801 0.0
-0.00315725581504555 -0.429993240874863 0.0
-0.00135818791205641 -0.368357273727035 0.0
0.000565179910646285 -0.306649063689592 0.0
0.00262300032980399 -0.244874323992411 0.0
0.00482599876243326 -0.1830397769826 0.0
0.00718752608866904 -0.121153804593678 0.0
0.00972569232589916 -0.0592265757467737 0.0
0.0124653345588196 0.00272937195082229 0.0
0.0154401959786687 0.0646990876707613 0.0
0.0186948194697389 0.12666539818475 0.0
0.0222839526439669 0.188610388835705 0.0
0.026264449339625 0.250517267074001 0.0
0.0306718983335787 0.312374404946363 0.0
0.03546360257528 0.374182686618079 0.0
0.0403879286751698 0.435953026331166 0.0
0.0449232196366129 0.497598579902341 0.0
0.0534411239617709 -0.615645850368386 0.0
0.0549374113216215 -0.55423237837914 0.0
0.0565338008574486 -0.492726083754294 0.0
0.0582487116853861 -0.431131326886555 0.0
0.0600943879418961 -0.369451861997366 0.0
0.0620821133562984 -0.30769103308852 0.0
0.0642243173125357 -0.245852407597923 0.0
0.0665360633422801 -0.183940190171283 0.0
0.0690367428701956 -0.121959863908015 0.0
0.0717518370362298 -0.0599183122057895 0.0
0.0747145057054291 0.00217565577101164 0.0
0.0779668402154995 0.0643112962006515 0.0
0.081559659836695 0.126475949342709 0.0
0.0855481619000731 0.188655800986671 0.0
0.0899783296257072 0.250835973056445 0.0
0.0948557647983758 0.313000818220359 0.0
0.100085593298411 0.375129125958586 0.0
0.105405600217372 0.437165611618859 0.0
0.110407764638661 0.498988480202639 0.0
0.114840377221404 -0.616744445096729 0.0
0.116323199910857 -0.555303684943738 0.0
0.117932346171118 -0.49376248353745 0.0
0.119679487713186 -0.43212465895909 0.0
0.121574549244512 -0.370392350931621 0.0
0.123629334920692 -0.308566772548616 0.0
0.125858966141598 -0.246648977544088 0.0
0.128283054626344 -0.184640250389692 0.0
0.130927071415789 -0.122542722414455 0.0
0.133823765718801 -0.0603594956194419 0.0
0.137014267898887 0.00190478068015103 0.0
0.140548343597386 0.0642436859317834 0.0
0.144482333646122 0.126648447034635 0.0
0.148872018776323 0.189107382817776 0.0
0.153755741882573 0.251603469351485 0.0
0.159122267166775 0.314109691487686 0.0
0.164864447130296 0.376576553531034 0.0
0.170739797092224 0.43891257578517 0.0
0.176366941097081 0.500980887693285 0.0
0.176243102630859 -0.617728175154315 0.0
0.177717520748875 -0.556259784356986 0.0
0.179342681875496 -0.494682121775993 0.0
0.18112359479465 -0.432997840215459 0.0
0.183068451490356 -0.371207082677289 0.0
0.185190121089643 -0.309308635063243 0.0
0.187506771188885 -0.247300725791799 0.0
0.190042701290844 -0.18518135338917 0.0
0.19282944673256 -0.122948854598679 0.0
0.195906907215816 -0.0606020239943967 0.0
0.199324004427711 0.00185922433162564 0.0
0.203138146838112 0.0644333499761805 0.0
0.207411983974006 0.127115935748596 0.0
0.212205037289918 0.18989779895706 0.0
0.217556776699914 0.252760101823561 0.0
0.223458870891451 0.315665867663789 0.0
0.229818557373044 0.378545315180251 0.0
0.236418420595071 0.441279112445899 0.0
0.242858527226715 0.503694962791246 0.0
0.237637846674151 -0.618625890551821 0.0
0.239110017106976 -0.557132553341649 0.0
0.240753284061349 -0.495520304101407 0.0
0.242567402744619 -0.433789974957979 0.0
0.244559826870303 -0.371939437872277 0.0
0.246745050465638 -0.309964854666087 0.0
0.249144547880835 -0.247861370213712 0.0
0.251787356277247 -0.185623317312858 0.0
0.254711002875449 -0.123244673856741 0.0
0.257962441338543 -0.0607191025456758 0.0
0.261598428943402 0.00195939622934669 0.0
0.265684613940597 0.0647958339132169 0.0
0.270292047034179 0.127792542485819 0.0
0.27548945066141 0.190946311139588 0.0
0.281329256247732 0.254241649672815 0.0
0.287826148834343 0.317639535030476 0.0
0.294925748536303 0.38105882606117 0.0
0.302451196793739 0.444351789995876 0.0
0.309982909484549 0.507282606725527 0.0
0.299013770778471 -0.619478985956742 0.0
0.300489633023567 -0.557966486000055 0.0
0.302151276002074 -0.496325064691598 0.0
0.303995665123548 -0.434553325511752 0.0
0.306030619343327 -0.372646829840402 0.0
0.308272699070007 -0.310599047201264 0.0
0.310746799122356 -0.248401860594067 0.0
0.313486599827526 -0.186045557498715 0.0
0.316535423910475 -0.12351905525764 0.0
0.319947113275153 -0.0608096995349279 0.0
0.323786363942709 0.00209631711878819 0.0
0.328127948488316 0.0652135013606594 0.0
0.333054031035298 0.128555462195271 0.0
0.338648940007563 0.192131917904744 0.0
0.344990751053959 0.255941345601801 0.0
0.352138623647254 0.319957805708797 0.0
0.36010867558279 0.384106143903007 0.0
0.368810248544011 0.448218768079278 0.0
0.377862564207814 0.511969255658191 0.0
0.360361214677646 -0.620338846817093 0.0
0.361844840123778 -0.558815935061916 0.0
0.36352286925308 -0.497154462524847 0.0
0.365392172809283 -0.435351018985091 0.0
0.367461747854953 -0.373399009568627 0.0
0.369750463637305 -0.311289389738408 0.0
0.372286520766907 -0.249010861115956 0.0
0.37510789884568 -0.186549488462198 0.0
0.378263257876589 -0.123888504917775 0.0
0.381812895981513 -0.0610076268548573 0.0
0.385829284581262 0.00211711436151758 0.0
0.390396905991296 0.0655136761319956 0.0
0.395611286634382 0.129213445428228 0.0
0.401577852454691 0.193249722819729 0.0
0.408411680870775 0.257652341053889 0.0
0.416238677347554 0.322436143354953 0.0
0.425190821726172 0.387573131789252 0.0
0.435359938077896 0.452925805671471 0.0
0.446585815883448 0.518093112247859 0.0
0.421672518267609 -0.621262218605364 0.0
0.423164739119003 -0.559740219225143 0.0
0.424855045973279 -0.498072397597285 0.0
0.426741597185316 -0.436253338415351 0.0
0.428835146092591 -0.374274948420958 0.0
0.431156791394474 -0.312126564139347 0.0
0.433737541699544 -0.249794510832801 0.0
0.436618910872059 -0.187261127776486 0.0
0.43985396799973 -0.124503953230332 0.0
0.443508477904451 -0.061494286772079 0.0
0.447661790845326 0.00180399567292554 0.0
0.452407566395215 0.0654362375743401 0.0
0.457854993182706 0.129458801423513 0.0
0.464132562967162 0.193941509654211 0.0
0.4713979560627 0.258969065114307 0.0
0.479859387340123 0.324640918789402 0.0
0.489812368433912 0.391060131366386 0.0
0.501682547877938 0.458278310257999 0.0
0.51597630736841 0.526068380323931 0.0
