-0.739961095107038 -0.659689576752014 0.0
0.48661432666227 -0.689049679044864 0.0
-0.727468144893646 0.61237245798111 0.0
0.61237245798111 0.61237245798111 0.0
-0.678756469298757 -0.661518796307332 0.0
0.488065360225202 -0.627680864915958 0.0
0.533937273847234 0.591031398686954 0.0
-0.713848244941159 0.539897413569793 0.0
-0.617547545025669 -0.663096935650068 0.0
0.489762099218444 -0.566152361713275 0.0
0.460155838630241 0.578906807957491 0.0
-0.710007358171118 0.470956903730809 0.0
-0.556351869654862 -0.664678107711235 0.0
0.491679308135337 -0.504454932021874 0.0
0.389418153483331 0.570848977200324 0.0
-0.709033993072624 0.404271340814978 0.0
-0.495164488303716 -0.666302847205849 0.0
0.493809902978768 -0.442581538913914 0.0
0.320612103372373 0.56511085786169 0.0
-0.709336477562517 0.338946005259779 0.0
-0.433981492537715 -0.667995453165835 0.0
0.496159721743146 -0.380524105661214 0.0
0.25310423779198 0.56090998933174 0.0
-0.710361727589766 0.274488275988237 0.0
-0.372792062811805 -0.669767306129278 0.0
0.498745052417784 -0.318271743200978 0.0
0.186511227766975 0.557833026596091 0.0
-0.711841037805117 0.210620026998316 0.0
-0.311580326986007 -0.671604161467507 0.0
0.501591880523923 -0.255809459286885 0.0
0.12057712339561 0.555633194962604 0.0
-0.713615570774153 0.14717741271753 0.0
-0.250330011334772 -0.673470567580355 0.0
0.504736109084269 -0.193116606497758 0.0
0.0551085047525637 0.554136365180725 0.0
-0.715580753219207 0.0840605538975943 0.0
-0.189028790702452 -0.675319904943555 0.0
0.508224200971419 -0.130165421258557 0.0
-0.0100651028778465 0.553156800865966 0.0
-0.717663988341548 0.021207430916359 0.0
-0.127670565649872 -0.67710436611091 0.0
0.512113940464967 -0.0669186828023867 0.0
-0.0751116629830155 0.552179688097035 0.0
-0.71981481958834 -0.0414190200000856 0.0
-0.0662565647872181 -0.678782648862924 0.0
0.516475094194673 -0.00332719628318532 0.0
-0.139364292598493 0.55402421363012 0.0
-0.722003362960695 -0.103837501042713 0.0
-0.00479482976767016 -0.680324937091321 0.0
0.521390320878126 0.0606740562328782 0.0
-0.202970842837653 0.556743430646062 0.0
-0.724238685441278 -0.16605005014369 0.0
0.0567008394394484 -0.681715609247809 0.0
0.5269574678037 0.125171139358987 0.0
-0.266625027345004 0.557635528824623 0.0
-0.726684518856677 -0.228046400641055 0.0
0.118212778227683 -0.682954445894828 0.0
0.53329617635615 0.190279932344799 0.0
-0.330642537095624 0.559763853666906 0.0
-0.728303398596333 -0.289948435934869 0.0
0.179720832207748 -0.684056911159984 0.0
0.540564171386287 0.256160391306235 0.0
-0.395146169701727 0.562494110032588 0.0
-0.730112021253093 -0.351872890896099 0.0
0.24120463871786 -0.68505382274906 0.0
0.548993817550201 0.323044546541784 0.0
-0.460176434060994 0.568729590605125 0.0
-0.732388952959701 -0.413721542866412 0.0
0.302645833104528 -0.685990367687045 0.0
0.558971600844881 0.391291450450903 0.0
-0.525346548110473 0.575548636794833 0.0
-0.734469446014084 -0.475407126161684 0.0
0.364030332602934 -0.686924143222585 0.0
0.571227712128376 0.461498914364296 0.0
-0.590658323858893 0.580666800259058 0.0
-0.736507636456863 -0.536938443739933 0.0
0.425351716593619 -0.687921446163287 0.0
0.587399680427805 0.534711237266362 0.0
-0.657925307985286 0.590977495131307 0.0
-0.738205947397691 -0.598358504533598 0.0
-0.677031837183398 -0.600184711468514 0.0
-0.675300128463754 -0.538737675545506 0.0
-0.67329317748633 -0.477159573236141 0.0
-0.671229296552881 -0.415513127458044 0.0
-0.669059683377548 -0.353801683498063 0.0
-0.667244384269681 -0.291989980299682 0.0
-0.665485173142831 -0.229906582538539 0.0
-0.663101496411751 -0.167546055585462 0.0
-0.660858009800034 -0.105082880054702 0.0
-0.658667452159049 -0.042466423578874 0.0
-0.656529314488892 0.0203434974144344 0.0
-0.654475479147686 0.0833843849724897 0.0
-0.652561884536026 0.146697936840612 0.0
-0.650872661988037 0.210333600759325 0.0
-0.649533965992661 0.274345641702999 0.0
-0.648744727000893 0.33877619209269 0.0
-0.648849884937666 0.40359414489033 0.0
-0.65053950144885 0.468495722798445 0.0
-0.65538502166873 0.532216507964182 0.0
-0.6158394890745 -0.601752289408827 0.0
-0.614040536019526 -0.540312872045024 0.0
-0.612064264354391 -0.478748922522198 0.0
-0.610013628060374 -0.417064006071651 0.0
-0.607957853182704 -0.355218741964704 0.0
-0.606090083381199 -0.293248986304353 0.0
-0.604165318105538 -0.231159834800315 0.0
-0.601934151426367 -0.16885885636174 0.0
-0.599741803787514 -0.106395272745599 0.0
-0.59759102961308 -0.0437648765575395 0.0
-0.59550183061628 0.019043712593551 0.0
-0.593516008940532 0.0820399027125583 0.0
-0.591698576109332 0.145224917569713 0.0
-0.590144029697428 0.208581423070227 0.0
-0.588988767961863 0.272051832358521 0.0
-0.588432361095021 0.335498070180695 0.0
-0.588768300654571 0.398629625537759 0.0
-0.590363538474578 0.460891629595097 0.0
-0.592273002238383 0.521409878296903 0.0
-0.554627017228235 -0.603340539034382 0.0
-0.552793142547267 -0.541893135133007 0.0
-0.550839724623762 -0.480315378948083 0.0
-0.548838381306574 -0.418598849155745 0.0
-0.546855112153244 -0.356743292706868 0.0
-0.544943136179331 -0.294781432266112 0.0
-0.542956586642024 -0.232695766785533 0.0
-0.540812391221129 -0.170442469885264 0.0
-0.538676184657599 -0.108046153790722 0.0
-0.536577614012575 -0.0455166997030543 0.0
-0.53454807767659 0.017134594905114 0.0
-0.532634401784497 0.0798868146495486 0.0
-0.530902429827658 0.142701460677006 0.0
-0.529440401362139 0.205512698489846 0.0
-0.528361619291725 0.268214599995123 0.0
-0.527799366376254 0.330650254769641 0.0
-0.527857341303957 0.392611980072687 0.0
-0.528256585988682 0.453882579252183 0.0
-0.527275248042079 0.514572501643808 0.0
-0.493411209574966 -0.604971256685004 0.0
-0.491563526173322 -0.543526222427396 0.0
-0.489639193020721 -0.481954991556287 0.0
-0.487685701102833 -0.420256243533266 0.0
-0.485741049038614 -0.358439185369793 0.0
-0.483808971440541 -0.296519025785407 0.0
-0.481809700855825 -0.234485568291708 0.0
-0.479721706694716 -0.172326062335818 0.0
-0.477632549811179 -0.110061854915443 0.0
-0.475576937149746 -0.0477143808058583 0.0
-0.473589263332135 0.0146885465947365 0.0
-0.471714215887161 0.0771074102028508 0.0
-0.470009068107376 0.139486140038326 0.0
-0.468542951323689 0.201748281643429 0.0
-0.467390252744039 0.2637939353155 0.0
-0.466603335422709 0.325500319218677 0.0
-0.466098949122959 0.386727830692238 0.0
-0.465289624290522 0.447369200040338 0.0
-0.461969657082576 0.507414338812087 0.0
-0.432196684103411 -0.606676529399629 0.0
-0.430347635595182 -0.545249309446484 0.0
-0.428452490143259 -0.483706421353812 0.0
-0.426536725046647 -0.422050219161093 0.0
-0.42461567069926 -0.360290306759429 0.0
-0.42267777181223 -0.298437010573202 0.0
-0.42068103881846 -0.236490194085265 0.0
-0.418625558303317 -0.174454038550517 0.0
-0.416562396427745 -0.112351608569431 0.0
-0.414523027385605 -0.0502105867103975 0.0
-0.412538806074261 0.0119344314820677 0.0
-0.410647012109411 0.0740394235563074 0.0
-0.408891059894647 0.136048857441357 0.0
-0.407316090315645 0.197894683684472 0.0
-0.40595425897157 0.259495078423261 0.0
-0.40477844213804 0.320754791663231 0.0
-0.403568939475841 0.38157461632966 0.0
-0.401595262016616 0.441893519414634 0.0
-0.397767252489584 0.50193623595595 0.0
-0.370978210342933 -0.608465321585941 0.0
-0.369134603327278 -0.547064143533363 0.0
-0.367265589173741 -0.485558700895056 0.0
-0.36537753969247 -0.423952907247597 0.0
-0.363470355198807 -0.362256357432607 0.0
-0.361529057768158 -0.300479093158772 0.0
-0.35953155246723 -0.238628053803269 0.0
-0.357484021034506 -0.176715512894086 0.0
-0.35541824849179 -0.114764888297358 0.0
-0.353359353655691 -0.0528042824839037 0.0
-0.351332245472231 0.00913300290960944 0.0
-0.349364032704353 0.0710077682300737 0.0
-0.347482003311958 0.132774461621552 0.0
-0.345705509481565 0.194381869765842 0.0
-0.344023945360839 0.255774634349004 0.0
-0.342341571723071 0.316901242917805 0.0
-0.340362153897024 0.377740980922477 0.0
-0.337540944938598 0.438392598648634 0.0
-0.333892687093711 0.499185487516817 0.0
-0.309745671403951 -0.610318440864239 0.0
-0.307912174282347 -0.548942809995418 0.0
-0.306065040313062 -0.487473059010652 0.0
-0.304194949652118 -0.425913790368712 0.0
-0.30229199209972 -0.364274458972574 0.0
-0.300341281566278 -0.302565498267441 0.0
-0.298330418906364 -0.240797332082337 0.0
-0.296265671325244 -0.178984775699194 0.0
-0.294167051107436 -0.11714928345891 0.0
-0.29205252276811 -0.0553156731133825 0.0
-0.289939247752665 0.00648803972065677 0.0
-0.287843495856827 0.0682308326232456 0.0
-0.285776740303306 0.129879054420608 0.0
-0.283734973654365 0.19139823067596 0.0
-0.281674401564951 0.252756764595545 0.0
-0.279464565415445 0.313937602123867 0.0
-0.276844293670713 0.374967139058556 0.0
-0.273554511271819 0.435949582713802 0.0
-0.269639862514067 0.496911029478565 0.0
-0.24848808130931 -0.612196454945742 0.0
-0.246668894824976 -0.550839551439276 0.0
-0.244838976794279 -0.489396152707804 0.0
-0.242977291683115 -0.427871054703098 0.0
-0.241068187621332 -0.366273266749577 0.0
-0.239097679707098 -0.304613069834213 0.0
-0.237057663049341 -0.242901724705073 0.0
-0.234952339937418 -0.181153592425099 0.0
-0.232793580978715 -0.119386996311135 0.0
-0.230592447784051 -0.0576224167794577 0.0
-0.228358325115771 0.00411776297581852 0.0
-0.226097279003059 0.0658097353825783 0.0
-0.223807006736488 0.127429017042492 0.0
-0.221465579330802 0.188953047859591 0.0
-0.219010500986131 0.25036663845248 0.0
-0.216312581937456 0.311676228703718 0.0
-0.213185292670344 0.372933793153343 0.0
-0.209469687966128 0.434240695521803 0.0
-0.204988177319198 0.495725872311679 0.0
-0.187196680013098 -0.614050548187658 0.0
-0.185395957311514 -0.552702049309356 0.0
-0.183578626331487 -0.49127145258669 0.0
-0.181716280140743 -0.429763583507516 0.0
-0.179790606008337 -0.368186783546203 0.0
-0.177788696798898 -0.306550619281763 0.0
-0.175704066835791 -0.244865759611627 0.0
-0.173538236396353 -0.183144970011489 0.0
-0.171296864496028 -0.121403570555591 0.0
-0.168984666230505 -0.0596585032008769 0.0
-0.166603736791174 0.00207163766627532 0.0
-0.164151162708296 0.0637668403071037 0.0
-0.161613901558816 0.125406040769353 0.0
-0.158959427111985 0.186969035201538 0.0
-0.156123127768251 0.248440109019007 0.0
-0.153003834651635 0.309815482598348 0.0
-0.149490373967657 0.371106336097133 0.0
-0.145499931901621 0.432323901669571 0.0
-0.140727607812533 0.493455125375711 0.0
-0.125866526412762 -0.615832325041742 0.0
-0.124088073315189 -0.554480873749169 0.0
-0.122278878419613 -0.493048367299746 0.0
-0.120407572052932 -0.431539754680195 0.0
-0.118455621923696 -0.369962650266831 0.0
-0.1164113128288 -0.308325606830859 0.0
-0.114268482767492 -0.24663811778625 0.0
-0.112025824946392 -0.184911164492645 0.0
-0.109683752020381 -0.123157690076182 0.0
-0.107240985365824 -0.0613922695311629 0.0
-0.104692643800709 0.000368469368630391 0.0
-0.102027696936146 0.0621056716861587 0.0
-0.0992246422803375 0.123798013445025 0.0
-0.0962454974311971 0.185422477882514 0.0
-0.0930318620515491 0.246955194762052 0.0
-0.0895131257511522 0.308372006190002 0.0
-0.0856355199044241 0.369642331520402 0.0
-0.0813855118117525 0.43071582362212 0.0
-0.0770733300380702 0.491610535345059 0.0
-0.0644974881424243 -0.617501055966973 0.0
-0.0627440700699726 -0.556136062795282 0.0
-0.0609386172201391 -0.494687971230422 0.0
-0.0590509346548098 -0.43316202490333 0.0
-0.0570641723644468 -0.371565095256887 0.0
-0.0549678834787223 -0.309904540266409 0.0
-0.0527555159620952 -0.248188398890034 0.0
-0.0504227997432353 -0.186425821267359 0.0
-0.0479652169430717 -0.12462765142854 0.0
-0.0453754837466553 -0.0628064268638538 0.0
-0.0426416695533268 -0.00097696286630826 0.0
-0.039744878480408 0.0608434533519667 0.0
-0.0366562035572613 0.1226349691313 0.0
-0.0333342015977677 0.184376313704614 0.0
-0.0297272602926157 0.246046385882706 0.0
-0.0257881144183292 0.30762780102707 0.0
-0.0215063452400419 0.369113478249975 0.0
-0.017009289085821 0.430536834566192 0.0
-0.012912565060734 0.491982696399902 0.0
-0.00309398537647844 -0.619028198376156 0.0
-0.00136653448161328 -0.557640939564524 0.0
0.000439728148553928 -0.496165895641485 0.0
0.00235028258947845 -0.434608653789357 0.0
0.00437896585318428 -0.372975217686666 0.0
0.00653501353729335 -0.31127151016461 0.0
0.00882589065338095 -0.249503809562 0.0
0.0112590583430097 -0.187679182181768 0.0
0.0138439836237291 -0.125806130168037 0.0
0.0165940874372607 -0.0638946974983395 0.0
0.0195283809365208 -0.00195701557408002 0.0
0.0226731676470352 0.0599926898523909 0.0
0.0260633478635928 0.121938304270867 0.0
0.0297413067375276 0.183863262371059 0.0
0.0337488222135752 0.24575226106327 0.0
0.0381050219476761 0.307594895367242 0.0
0.0427544336851516 0.36939170504704 0.0
0.0474514880942414 0.431150498399371 0.0
0.0517019379173993 0.492792396575367 0.0
0.0583356061768897 -0.620399778072583 0.0
0.0600386180269356 -0.558983987511671 0.0
0.0618505015615212 -0.497473559605765 0.0
0.0637893866992484 -0.435874216873255 0.0
0.0658654076868114 -0.374190795163303 0.0
0.0680868487834765 -0.312427436992576 0.0
0.0704625648835397 -0.25058827535765 0.0
0.0730034741160255 -0.188677894435084 0.0
0.0757240886566341 -0.126701998351296 0.0
0.0786439968060486 -0.0646675398364053 0.0
0.0817890641817801 -0.00258323844327369 0.0
0.085192221265823 0.0595404220906241 0.0
0.0888928115338072 0.121691215575917 0.0
0.0929320711948227 0.183855916341362 0.0
0.0973401662722186 0.246020326377604 0.0
0.102107480999314 0.308169386330564 0.0
0.107130397018482 0.370282358613335 0.0
0.112150060828361 0.432307119578192 0.0
0.116766644802897 0.494130543652499 0.0
0.119780292137078 -0.621617442936182 0.0
0.121463107480274 -0.560169651483178 0.0
0.123285525312679 -0.498618658635925 0.0
0.125256887996821 -0.436969811889215 0.0
0.127383632111301 -0.375226334568871 0.0
0.129673571292577 -0.313390192297242 0.0
0.132137418192127 -0.251462975505282 0.0
0.134789800549243 -0.189446372946041 0.0
0.137650352563665 -0.127342840725371 0.0
0.140744775287918 -0.0651557540445225 0.0
0.144105516363798 -0.00288999315996795 0.0
0.14777159216935 0.0594478390952995 0.0
0.151786220986749 0.121848859283746 0.0
0.156189801233416 0.184301398465448 0.0
0.161004087972127 0.246788666282728 0.0
0.166202736998223 0.30928436101211 0.0
0.17166885981034 0.371741114582643 0.0
0.177157257151121 0.434072399503278 0.0
0.18228620743743 0.49614831580025 0.0
0.181227194519911 -0.622698725746155 0.0
0.182896505183708 -0.561218517981252 0.0
0.18473400596296 -0.499625229135131 0.0
0.186740267573042 -0.437923062847746 0.0
0.188918716602676 -0.376113132397608 0.0
0.191277358238647 -0.314194850792756 0.0
0.193829213897264 -0.252166897901307 0.0
0.196592838978476 -0.19002765743726 0.0
0.199593047368517 -0.127775855601708 0.0
0.202861617825315 -0.0654107220461557 0.0
0.206437505403424 -0.00293266938260179 0.0
0.210365905696244 0.0596562079977158 0.0
0.214694798472201 0.122350928218915 0.0
0.219466828315828 0.185141844885076 0.0
0.224703461081124 0.248010007411185 0.0
0.230379320043074 0.310919236215638 0.0
0.236387970135852 0.373802397536092 0.0
0.242502895921598 0.436545337851658 0.0
0.248319833729811 0.498981947627351 0.0
0.242663036491394 -0.623676776779045 0.0
0.244327096273773 -0.562167022045502 0.0
0.246183124955282 -0.500533302920152 0.0
0.248224513192275 -0.438777804277642 0.0
0.250452904989513 -0.376899110804971 0.0
0.252877234719045 -0.31489378702638 0.0
0.255513224004814 -0.252757265653975 0.0
0.258383511657626 -0.190484175734158 0.0
0.26151811765056 -0.128068878970289 0.0
0.264954907462828 -0.0655055570455268 0.0
0.268739504823971 -0.00278888684260586 0.0
0.272923990510673 0.0600853160198523 0.0
0.27756322168085 0.123118456976884 0.0
0.282707287077725 0.186306436362876 0.0
0.288388264851271 0.249633226263601 0.0
0.294599997486105 0.313060236258215 0.0
0.301268284861162 0.376508661999896 0.0
0.308199584677072 0.439835749108658 0.0
0.314965373755808 0.502812205191898 0.0
0.304075233351696 -0.624599480084066 0.0
0.305742304128918 -0.563066497270752 0.0
0.307618332079548 -0.501397916811953 0.0
0.309692479120782 -0.439593232410085 0.0
0.311966047221812 -0.377648310150951 0.0
0.31444955540007 -0.315556687958676 0.0
0.317161692239764 -0.253310283234615 0.0
0.320129209749921 -0.190899504781803 0.0
0.323387254378793 -0.128313552290074 0.0
0.32697973505112 -0.0655402583663205 0.0
0.330959175641793 -0.00256652823498399 0.0
0.33538553282378 0.0606212105125595 0.0
0.340323249917942 0.12403545306591 0.0
0.345835963618214 0.187684742076844 0.0
0.351978177432109 0.25156658812984 0.0
0.358782751195623 0.315654852032484 0.0
0.366237283471996 0.379875932846119 0.0
0.374223077779285 0.44406688521745 0.0
0.382340318645159 0.507909285581691 0.0
0.365452469006807 -0.625527590529665 0.0
0.3671287263556 -0.563981116383413 0.0
0.369023543028484 -0.502287086350061 0.0
0.37112528725065 -0.440442282112928 0.0
0.373436101215603 -0.378439850574576 0.0
0.375968560973822 -0.316270383292517 0.0
0.378744368156936 -0.253922282999838 0.0
0.381794175775382 -0.191381467220612 0.0
0.385157926185947 -0.128631221302978 0.0
0.388885276711029 -0.0656515397806944 0.0
0.393035632863638 -0.00241897003899505 0.0
0.397677538276538 0.0610936976507248 0.0
0.402887306584295 0.124916902182999 0.0
0.408747427120773 0.189082874613292 0.0
0.415345571789998 0.253620437838947 0.0
0.422774461982367 0.318543915310919 0.0
0.43112557552717 0.383826295096823 0.0
0.44044377442813 0.449334781046781 0.0
0.450526021754671 0.514679835117504 0.0
0.426785356554623 -0.626531029708593 0.0
0.428472875450737 -0.564983882157364 0.0
0.430382477020615 -0.503278528942765 0.0
0.432503818757899 -0.441408758625609 0.0
0.434840833407982 -0.379365588906844 0.0
0.43740828366249 -0.317137552431958 0.0
0.440230528105718 -0.254710299399959 0.0
0.443341482616281 -0.192065634836425 0.0
0.446785096482287 -0.129180714077014 0.0
0.450615948274873 -0.0660266144123316 0.0
0.454899610815127 -0.00256715189240093 0.0
0.459712864772564 0.0612429322132465 0.0
0.465144338185406 0.12545981633665 0.0
0.471297385524012 0.190153128296218 0.0
0.478298262278064 0.255407541118224 0.0
0.486314220956358 0.32132307011136 0.0
0.495584817182364 0.388005131973708 0.0
0.506457835279723 0.455512953357212 0.0
0.51934054052456 0.5236413211983 0.0
