-0.73530052749044 -0.661231758052869 0.0
0.49187695961423 -0.694700593727618 0.0
-0.712301540374756 0.61237245798111 0.0
0.61237245798111 0.61237245798111 0.0
-0.674103812456493 -0.66335509851768 0.0
0.493507173041707 -0.633322989068782 0.0
0.535543017143836 0.58890014323276 0.0
-0.701212691108752 0.53943256191208 0.0
-0.612899081935745 -0.6652239233039 0.0
0.49541924295578 -0.571769240702411 0.0
0.462864548160543 0.575496720378901 0.0
-0.698764494291938 0.470245953843053 0.0
-0.551705468257925 -0.667098060122223 0.0
0.497576227125311 -0.510027465259675 0.0
0.393016381970581 0.56665611765243 0.0
-0.69869665972574 0.403359442419113 0.0
-0.490516961721801 -0.669019734923619 0.0
0.499962518347192 -0.44808901827736 0.0
0.324980228176009 0.56044323481829 0.0
-0.699656487223167 0.33786663641574 0.0
-0.429328021086174 -0.67101151431173 0.0
0.502576832576544 -0.385944579044841 0.0
0.258164446549564 0.555971726095903 0.0
-0.70119490382191 0.273272703638238 0.0
-0.368126102246521 -0.673080801635904 0.0
0.505428679699683 -0.323582081157472 0.0
0.192209997792647 0.552767403428189 0.0
-0.703097851348624 0.209296199376265 0.0
-0.306893864136312 -0.675208072159888 0.0
0.508536854726123 -0.260985303512177 0.0
0.126878699716425 0.550547118482375 0.0
-0.705238555870452 0.145769348878549 0.0
-0.245614113483813 -0.677352300316262 0.0
0.51192902299855 -0.198132287832454 0.0
0.0619931124009376 0.549117023695464 0.0
-0.707532474826799 0.08258844079317 0.0
-0.184274324322799 -0.679461784722099 0.0
0.515641767137828 -0.134993890900651 0.0
-0.0026000243308862 0.548289269787585 0.0
-0.70991999230037 0.0196880584911838 0.0
-0.122868957919205 -0.681484613041451 0.0
0.5197207680695 -0.0715314698732841 0.0
-0.0670491070785697 0.547589120239189 0.0
-0.712359279459252 -0.0429716983671419 0.0
-0.0614005161939818 -0.683376587454792 0.0
0.524220881160639 -0.00769438104398872 0.0
-0.130764292080432 0.54946015039755 0.0
-0.714826399127612 -0.105411769075324 0.0
0.000121073300734333 -0.685106289666053 0.0
0.529206416978635 0.0565838952042281 0.0
-0.193927880474051 0.552217377832552 0.0
-0.717335074073088 -0.167635760714088 0.0
0.0616796299446872 -0.686657816842122 0.0
0.534752600471152 0.121391075748704 0.0
-0.257134654597038 0.553539425203494 0.0
-0.720060194899741 -0.229633650947242 0.0
0.123254731530419 -0.688032035478983 0.0
0.540950728550311 0.186845052163115 0.0
-0.320616591301921 0.556052882049548 0.0
-0.721944967586161 -0.291541626551111 0.0
0.184823203681389 -0.689246987152835 0.0
0.547921577910599 0.253108533512238 0.0
-0.384491173591471 0.559250197504678 0.0
-0.724018173252104 -0.353468229168712 0.0
0.246361530644395 -0.690337814608997 0.0
0.555846120867856 0.320417788583669 0.0
-0.448832768015377 0.5656867899391 0.0
-0.726570118830156 -0.41530780147784 0.0
0.307848241860411 -0.691356203639727 0.0
0.565033077592548 0.389139351114336 0.0
-0.513353734001999 0.572805731107651 0.0
-0.728932432509554 -0.476982277704009 0.0
0.369266492810402 -0.692369047491506 0.0
0.576082764283874 0.459887130541138 0.0
-0.577990459826033 0.578689763426077 0.0
-0.731259412426287 -0.538501368617099 0.0
0.430607971885012 -0.693455561286171 0.0
0.590391289093133 0.533751911434225 0.0
-0.644289037691357 0.589814060683671 0.0
-0.733250201741793 -0.599910936834956 0.0
-0.67208365064465 -0.602030126685657 0.0
-0.670059073033952 -0.540591576992141 0.0
-0.667764459190506 -0.479022681489538 0.0
-0.665420594085719 -0.417384887218802 0.0
-0.662974937580319 -0.35568180876384 0.0
-0.660891573056888 -0.293869854589789 0.0
-0.658869416751745 -0.231779777541018 0.0
-0.656213089413104 -0.169413539039344 0.0
-0.653696900665352 -0.10693924974049 0.0
-0.651228980978922 -0.0443057708783598 0.0
-0.648804255256775 0.0185277738728365 0.0
-0.646448619056303 0.0815994269495431 0.0
-0.644209329365566 0.14495110189172 0.0
-0.642157457185255 0.208631893843668 0.0
-0.640399086799133 0.272694859302427 0.0
-0.639101557208346 0.337180052403406 0.0
-0.638558404573506 0.40205510200657 0.0
-0.639372540668042 0.467025205649504 0.0
-0.642969001509903 0.530887008981408 0.0
-0.610894309302231 -0.603887984385181 0.0
-0.608803300799264 -0.542457726229058 0.0
-0.606541866171558 -0.480903115422313 0.0
-0.604213104679697 -0.419226681130968 0.0
-0.601885059254932 -0.357387131340204 0.0
-0.599751690059176 -0.295419905359763 0.0
-0.597563521803006 -0.233332330543799 0.0
-0.595064537713411 -0.171031433998044 0.0
-0.592602844604155 -0.108565746782548 0.0
-0.590178151929181 -0.045931496299097 0.0
-0.587806378405728 0.0168820814086062 0.0
-0.585523614184129 0.0798834258766059 0.0
-0.58338651008892 0.143072343789634 0.0
-0.581477148845051 0.20642969267661 0.0
-0.579913463210852 0.269896193931005 0.0
-0.578867655240302 0.333333902544732 0.0
-0.578593451234941 0.396458782186002 0.0
-0.579407292405096 0.458738279353273 0.0
-0.580413079138164 0.51932767702152 0.0
-0.549682553359775 -0.605770461787303 0.0
-0.5475581417554 -0.544333920357202 0.0
-0.54532265788908 -0.482767211852865 0.0
-0.543046922128915 -0.421061008560921 0.0
-0.540795576944756 -0.359214679935584 0.0
-0.538620618120474 -0.297261402111833 0.0
-0.536372509893343 -0.235184562402209 0.0
-0.533964653110059 -0.172940683325764 0.0
-0.53156296995963 -0.110554778566412 0.0
-0.529194630433313 -0.0480377322789368 0.0
-0.526887347419212 0.0145979718067305 0.0
-0.524682625574347 0.0773301026384413 0.0
-0.522638542825087 0.140118904053705 0.0
-0.520832082361045 0.202897817237115 0.0
-0.519360583550811 0.265561685543765 0.0
-0.518335797407077 0.327957483037496 0.0
-0.517837212359507 0.389886325888822 0.0
-0.51759011513328 0.451141624818363 0.0
-0.516038280281876 0.511816697663263 0.0
-0.488464664215742 -0.607699823533572 0.0
-0.486328886573232 -0.546267917788974 0.0
-0.484126462264584 -0.484710381130375 0.0
-0.481902919268704 -0.423025449964277 0.0
-0.479694227618641 -0.361222451087871 0.0
-0.477502106484491 -0.299317213471764 0.0
-0.475243911402494 -0.237300454254197 0.0
-0.472895882440765 -0.175160158465412 0.0
-0.470544898691231 -0.11291846096766 0.0
-0.468223515420601 -0.0505977839807102 0.0
-0.465962830593073 0.0117731812598948 0.0
-0.463802701235317 0.0741544097399225 0.0
-0.461793428397329 0.136490123536877 0.0
-0.459994388289258 0.198705660791114 0.0
-0.45846714768681 0.260705457539981 0.0
-0.457249801755698 0.322374935258817 0.0
-0.456253876895384 0.383587335308734 0.0
-0.454938594987109 0.444248319300693 0.0
-0.451332679288673 0.504348087053568 0.0
-0.427244427587508 -0.609705906953906 0.0
-0.425110772890861 -0.5482939648105 0.0
-0.422942090656769 -0.486767425271791 0.0
-0.420760732096443 -0.42512845613262 0.0
-0.418579417221212 -0.363387026034297 0.0
-0.416384331507918 -0.301554219613452 0.0
-0.4141312389757 -0.239630809062096 0.0
-0.41181866088704 -0.177621762972054 0.0
-0.40949674282545 -0.115550847152202 0.0
-0.407195154536162 -0.0534463002752499 0.0
-0.404942465047487 0.00865716633008932 0.0
-0.402771873235024 0.0707161968898233 0.0
-0.400721074787559 0.132677187463116 0.0
-0.398827761862541 0.194475940970187 0.0
-0.397115827206685 0.256037265832821 0.0
-0.395553431754295 0.317276189388283 0.0
-0.393934691347682 0.378107151466577 0.0
-0.391600926729823 0.438481528142249 0.0
-0.387571163741155 0.498614069584635 0.0
-0.366015577241328 -0.611793269571391 0.0
-0.363891943149579 -0.550408811944348 0.0
-0.361754337865349 -0.488921537709154 0.0
-0.35960503145499 -0.427335348232539 0.0
-0.357440951033918 -0.365660340583911 0.0
-0.355244922472501 -0.303907338504972 0.0
-0.352993153313942 -0.24208409988536 0.0
-0.350690764438264 -0.180203555484152 0.0
-0.348368794081134 -0.118289561148033 0.0
-0.34605107305497 -0.0563703115326529 0.0
-0.34376049665352 0.00552138716346822 0.0
-0.341521266401946 0.0673476935506235 0.0
-0.339356862791673 0.129065600286186 0.0
-0.33728248079793 0.190627965170298 0.0
-0.335285142769806 0.25198523387501 0.0
-0.333274765137853 0.313092946494269 0.0
-0.330983307176124 0.373935880873927 0.0
-0.327924348441916 0.43460747407231 0.0
-0.324099219066184 0.495410521516169 0.0
-0.304767008321183 -0.613937179452294 0.0
-0.302659183345844 -0.552578649815255 0.0
-0.300548674605146 -0.491127602584231 0.0
-0.298421401084675 -0.429588772501256 0.0
-0.29626439373982 -0.367972191560964 0.0
-0.294060860621725 -0.306289048872248 0.0
-0.291797270974018 -0.244550479241377 0.0
-0.289479371543244 -0.182771808776869 0.0
-0.287126889844503 -0.120974722002549 0.0
-0.284757231070642 -0.059183871675788 0.0
-0.282386587200661 0.00257344649453068 0.0
-0.280029853837653 0.0642676456784569 0.0
-0.277697039144061 0.1258673679634 0.0
-0.275383653624861 0.187341340893646 0.0
-0.273049223796867 0.248661829221832 0.0
-0.270576456219985 0.309815208897525 0.0
-0.267733957057996 0.370827872956985 0.0
-0.264294283406452 0.431797498978352 0.0
-0.260308503576347 0.492759040070723 0.0
-0.243487041843362 -0.616092539462367 0.0
-0.241400320047703 -0.554751943719167 0.0
-0.239312415702508 -0.493326360607726 0.0
-0.237197275867799 -0.431820869997537 0.0
-0.23503640832578 -0.370245124659261 0.0
-0.232814416122019 -0.308610143220222 0.0
-0.230522705419806 -0.246927826422605 0.0
-0.228165597371807 -0.185212957819755 0.0
-0.225755345815498 -0.123483994764988 0.0
-0.223303355903119 -0.0617611802784617 0.0
-0.220819274823053 -6.61920495835435e-05 0.0
-0.218309517634763 0.0615784176581376 0.0
-0.215772777741413 0.123150000249557 0.0
-0.213190135886397 0.184628284322252 0.0
-0.21050692874663 0.246000282626034 0.0
-0.207610696655448 0.30727305676787 0.0
-0.20434116919608 0.368494949488768 0.0
-0.200569229724294 0.429759270053619 0.0
-0.196170160752685 0.491183891863513 0.0
-0.182166684644386 -0.618205484108286 0.0
-0.180106196851396 -0.556871377360825 0.0
-0.178036325875862 -0.495456351059605 0.0
-0.175923841330223 -0.433965698568802 0.0
-0.173748118216691 -0.372408492108816 0.0
-0.171495519471519 -0.310795045895231 0.0
-0.16915980935381 -0.249136636691406 0.0
-0.166743367385901 -0.187446408047096 0.0
-0.164253044364089 -0.125739770018914 0.0
-0.161694921291311 -0.0640333994788995 0.0
-0.159072694034661 -0.00234519084116225 0.0
-0.156385580809174 0.0593060573700726 0.0
-0.15362389497558 0.120901056891397 0.0
-0.150761042204071 0.182421889242182 0.0
-0.147743020042215 0.243855339381489 0.0
-0.144485666432222 0.305199758355091 0.0
-0.14090028993241 0.366468172058664 0.0
-0.136932991566283 0.427675575620032 0.0
-0.132364336467713 0.488818447806598 0.0
-0.12080129394384 -0.62022361332497 0.0
-0.118771600248091 -0.558883654673189 0.0
-0.116715210824568 -0.49746328813966 0.0
-0.114596592730685 -0.435968154499147 0.0
-0.112395726397002 -0.374406710055188 0.0
-0.110101016132632 -0.312788285122155 0.0
-0.107707380257946 -0.251122967573882 0.0
-0.105215197351452 -0.189422086552233 0.0
-0.102626982222029 -0.127698638144146 0.0
-0.0999439396105724 -0.0659668917415385 0.0
-0.0971642151534537 -0.00424272413023494 0.0
-0.0942807421731805 0.0574563117354845 0.0
-0.0912776495531866 0.119110855821549 0.0
-0.0881253925629244 0.180700604631497 0.0
-0.084778082325032 0.242205214852953 0.0
-0.0811821003955534 0.303605164135175 0.0
-0.0773042282142617 0.36487675853421 0.0
-0.0731577630979176 0.425980461435748 0.0
-0.0690497058534603 0.486932715532007 0.0
-0.0593915565979607 -0.622103429843087 0.0
-0.05739584037333 -0.560746216239468 0.0
-0.0553482225700302 -0.499305858712429 0.0
-0.0532154644140979 -0.437788549865876 0.0
-0.0509803202420879 -0.376202126326769 0.0
-0.0486334481306958 -0.314554759741814 0.0
-0.0461702796863072 -0.252855078677502 0.0
-0.0435891232590932 -0.191112566328992 0.0
-0.0408885536681243 -0.129338112704151 0.0
-0.0380649754691427 -0.0675439640826204 0.0
-0.0351110032524386 -0.00574423484583188 0.0
-0.0320136085177815 0.0560449835486372 0.0
-0.028751782445975 0.117805602249112 0.0
-0.025294886384398 0.179518699810822 0.0
-0.0216056794222197 0.241166027324952 0.0
-0.0176545886319511 0.302733306597932 0.0
-0.0134506377774458 0.36421583926686 0.0
-0.00913086176350095 0.425643006597622 0.0
-0.00525318415239586 0.487082898664389 0.0
0.00205683600008876 -0.623814920564724 0.0
0.00401766751018199 -0.562431090102203 0.0
0.00606164748571517 -0.50095861385874 0.0
0.0082157507325098 -0.439404299003643 0.0
0.010492903389848 -0.377775229260715 0.0
0.012900160783545 -0.316078169853276 0.0
0.0154420603069387 -0.25431999001546 0.0
0.0181225533389818 -0.192508102686704 0.0
0.0209469739891229 -0.130651110695329 0.0
0.0239237950889367 -0.0687588914513852 0.0
0.0270659199627282 -0.00684310619096177 0.0
0.0303918880000113 0.0550828289274888 0.0
0.033926563070358 0.117003955080484 0.0
0.0376994724369135 0.178905144415804 0.0
0.0417366892592274 0.240772619496675 0.0
0.0460401092262966 0.30259711310886 0.0
0.0505406926935558 0.364378538255262 0.0
0.0549987691338428 0.426121240796827 0.0
0.0589494158604798 0.487754769968855 0.0
0.063533887297105 -0.625343956582547 0.0
0.0654619199812618 -0.563926778879472 0.0
0.0675079511404345 -0.502413196704323 0.0
0.0696896880569052 -0.440810401186823 0.0
0.0720149115397194 -0.379124383772226 0.0
0.0744886232942708 -0.317360130372192 0.0
0.077115811404425 -0.255522360078711 0.0
0.079902955189495 -0.193616036783721 0.0
0.0828593892296284 -0.131647068737594 0.0
0.0859984954622623 -0.0696224469890825 0.0
0.0893385013339275 -0.00755076048906027 0.0
0.0929027819745919 0.0545578100443857 0.0
0.0967187352220674 0.116691501337742 0.0
0.100813063882842 0.17883766535013 0.0
0.105199420956651 0.240982696270764 0.0
0.109852171210921 0.303111929232598 0.0
0.114658202618508 0.365204849313656 0.0
0.119361816322623 0.427212440293306 0.0
0.123572204518655 0.489030770695267 0.0
0.125026749690357 -0.626693398343879 0.0
0.1269273753562 -0.56523912060677 0.0
0.128981535425557 -0.503678885929686 0.0
0.131195974714459 -0.442019679331348 0.0
0.133573306523029 -0.380265874628707 0.0
0.136117007940752 -0.318420225303869 0.0
0.138833041865462 -0.25648487109281 0.0
0.141730714494471 -0.194461901570728 0.0
0.144823479537914 -0.132354083558778 0.0
0.148129626722087 -0.0701650464158589 0.0
0.151672521687617 -0.00789988493447975 0.0
0.155479976091081 0.0544346173007731 0.0
0.159581550267383 0.116829433932793 0.0
0.164001618355708 0.17927281495984 0.0
0.168744576425159 0.241748023250298 0.0
0.173768080869235 0.304229203394203 0.0
0.178944609789212 0.366670836529649 0.0
0.184025646812956 0.428991235699406 0.0
0.188629013308985 0.491067699959796 0.0
0.186520577831984 -0.627883505290623 0.0
0.188402230819974 -0.566391639047926 0.0
0.190470449535177 -0.504782835063571 0.0
0.192720956178884 -0.443062947761443 0.0
0.195151990705713 -0.381234111527759 0.0
0.197766293076469 -0.319296385478293 0.0
0.200571355777295 -0.257248900452331 0.0
0.203579614393387 -0.195090414029351 0.0
0.206808778006785 -0.132820026792058 0.0
0.21028209740292 -0.0704373924019179 0.0
0.214028112446713 -0.00794342560383531 0.0
0.218079294894232 0.0546591907326717 0.0
0.222468355458876 0.117364821063207 0.0
0.227220341862116 0.180163182047525 0.0
0.232337839699286 0.243034926028705 0.0
0.237777376902656 0.305944273711975 0.0
0.243417667853863 0.368826284652267 0.0
0.249021916972495 0.431571602938414 0.0
0.254180538955533 0.494020164486028 0.0
0.248000124123809 -0.628951970060592 0.0
0.249873297349586 -0.567425587324516 0.0
0.251960469366145 -0.505770072457314 0.0
0.254248120741035 -0.443989039293892 0.0
0.256731593039024 -0.38208180853702 0.0
0.259413816700668 -0.320045341818274 0.0
0.262304345221106 -0.257875339450153 0.0
0.265419012221821 -0.195566701205544 0.0
0.268779913190523 -0.133114149688755 0.0
0.272415379624499 -0.0705123745411489 0.0
0.276359408001581 -0.00775674359710352 0.0
0.280649946871366 0.0551560394856319 0.0
0.285324992928534 0.118226315528137 0.0
0.290415189338482 0.181448841591736 0.0
0.295931249123108 0.244806640358553 0.0
0.301844902001122 0.308260958520929 0.0
0.308060546540481 0.371734562617581 0.0
0.314366032698844 0.435088830380803 0.0
0.320321836197894 0.498100293922963 0.0
0.309450915132605 -0.629953537453071 0.0
0.31132635282644 -0.568399535341069 0.0
0.313435236172922 -0.50670304557404 0.0
0.315758270735722 -0.444864484707926 0.0
0.318289700467338 -0.382880007703091 0.0
0.321033530832354 -0.320743183076214 0.0
0.324001805846686 -0.258445916504135 0.0
0.327213917789165 -0.195978691756363 0.0
0.330696390311207 -0.133330951297636 0.0
0.334482718016562 -0.0704909914613562 0.0
0.338612715420955 -0.00744643918982044 0.0
0.343130903480231 0.0558152765062647 0.0
0.348083263629881 0.119305372477643 0.0
0.353511821727276 0.18303090008397 0.0
0.35944633151291 0.246987869357735 0.0
0.365891804271914 0.311149113009816 0.0
0.372805226763998 0.375441388420952 0.0
0.380036988320055 0.439704823557181 0.0
0.387164590224169 0.503627273652242 0.0
0.370859841421822 -0.630958885722764 0.0
0.372745972637028 -0.569388061898024 0.0
0.374876190800215 -0.507660317729137 0.0
0.377229651697175 -0.445772597302068 0.0
0.379801081384454 -0.383717726900803 0.0
0.382596277836429 -0.321485861964634 0.0
0.385629990458939 -0.259065032675571 0.0
0.388925093631478 -0.196440937507094 0.0
0.39251233782985 -0.133596847707648 0.0
0.396430222496148 -0.0705129830790261 0.0
0.400724504129594 -0.00716638370169301 0.0
0.405447106925802 0.0564693776540302 0.0
0.41065430472368 0.120423653262941 0.0
0.416404602189275 0.184727294976968 0.0
0.422756883146221 0.249407537061059 0.0
0.429768788137073 0.314477189403713 0.0
0.437488566020987 0.379908597043234 0.0
0.445910001161313 0.445571127660553 0.0
0.454781070173869 0.511083236239527 0.0
0.432215638642034 -0.632051933370403 0.0
0.434115871774044 -0.570478701745897 0.0
0.436263528842924 -0.50873425074621 0.0
0.43863906110148 -0.446811473587326 0.0
0.44123902522821 -0.384700399700461 0.0
0.444071360372231 -0.32238866331219 0.0
0.447153309547742 -0.259861145520248 0.0
0.450510716933604 -0.19709901898144 0.0
0.454177906781938 -0.134078952389913 0.0
0.458197712846451 -0.0707716956263561 0.0
0.46262129218545 -0.00714091133140734 0.0
0.467507789709063 0.0568586307538881 0.0
0.472924335115365 0.12128290081876 0.0
0.478947927202769 0.186201159141284 0.0
0.485671738224297 0.251697615895576 0.0
0.493219689216728 0.317871959374321 0.0
0.501771788832725 0.384830232527675 0.0
0.511592087125108 0.452635997156618 0.0
0.522978376656991 0.521100016223562 0.0
