-0.724294268940186 -0.664252736769225 0.0
0.504076921662136 -0.706121345150054 0.0
-0.679670929908752 0.61237245798111 0.0
0.61237245798111 0.61237245798111 0.0
-0.663118549276491 -0.666973914503696 0.0
0.506064529180851 -0.644726370981569 0.0
0.539175944627449 0.584397615304079 0.0
-0.673956006840155 0.538618812395649 0.0
-0.601927644361121 -0.66943621146904 0.0
0.508407425567212 -0.583121547926037 0.0
0.46891401225538 0.568322729320642 0.0
-0.674429036295201 0.468936487481634 0.0
-0.540744230707461 -0.671909424224537 0.0
0.511043626992513 -0.521289535023716 0.0
0.400982481376644 0.557869707899126 0.0
-0.67624853904115 0.401622453900623 0.0
-0.479560202082356 -0.674440238627187 0.0
0.513939521093676 -0.459218350488395 0.0
0.334592121603568 0.550692970681102 0.0
-0.678565927653975 0.335769232330271 0.0
-0.418366342818754 -0.67704807424997 0.0
0.517078873554263 -0.396896035660777 0.0
0.269250198074761 0.545682002237654 0.0
-0.681153218829985 0.270882231242924 0.0
-0.357146078021639 -0.679731955792498 0.0
0.520457021573736 -0.334307959162218 0.0
0.204653016229187 0.542233110175565 0.0
-0.6839132832467 0.206673953547982 0.0
-0.29587853140991 -0.682460932349638 0.0
0.524077766631969 -0.271435153782956 0.0
0.140601541045588 0.539986785386377 0.0
-0.686788273146838 0.142968305728335 0.0
-0.234544174417024 -0.685181777889981 0.0
0.527951633070333 -0.208252662661917 0.0
0.0769526755914273 0.538708576358272 0.0
-0.689736884603948 0.0796532105273305 0.0
-0.173129753716622 -0.687831588335777 0.0
0.53209467565553 -0.144728115218044 0.0
0.0135895534783546 0.538208097950546 0.0
-0.692727649056698 0.0166557448188112 0.0
-0.11163071786619 -0.690349338699839 0.0
0.536527443293272 -0.080819474812087 0.0
-0.0495950689523586 0.538109432275563 0.0
-0.695737540476231 -0.0460703276369537 0.0
-0.0500521585263385 -0.69268432521781 0.0
0.541273801702385 -0.0164725992336816 0.0
-0.112180494034316 0.539998922763734 0.0
-0.698755626158133 -0.108551029123721 0.0
0.011592036784864 -0.694801404858306 0.0
0.546359815825162 0.0483826238295604 0.0
-0.174405640166048 0.54278924444815 0.0
-0.70180569363253 -0.170793673787063 0.0
0.0732806287499338 -0.696683771182554 0.0
0.551813302692863 0.11383768316491 0.0
-0.236652314555646 0.545033812962898 0.0
-0.705086224366555 -0.232789030175581 0.0
0.134987304346135 -0.698334283337885 0.0
0.557665727424482 0.18001465285474 0.0
-0.29900180496854 0.548346600404233 0.0
-0.707503770734187 -0.294703970477542 0.0
0.196682418615721 -0.699776113299224 0.0
0.563959269276546 0.247081253347517 0.0
-0.361548699435264 0.552518209863766 0.0
-0.710107760748366 -0.35662880796297 0.0
0.258335680333668 -0.701053196259827 0.0
0.570764843846385 0.315280366133633 0.0
-0.42445410885635 0.559303649167604 0.0
-0.713211848335383 -0.41844255565232 0.0
0.319918911129119 -0.702230564322994 0.0
0.578223720670733 0.384988547575726 0.0
-0.487606733113937 0.566979976026655 0.0
-0.716143598577553 -0.480087519586784 0.0
0.381409229873901 -0.703394341698394 0.0
0.58665487653775 0.456839405169114 0.0
-0.550781179535374 0.574482680722111 0.0
-0.719055747208849 -0.541575579384422 0.0
0.442794020815777 -0.70465068531388 0.0
0.596925054450145 0.531984130693028 0.0
-0.615009928802338 0.58729240328327 0.0
-0.721642516083846 -0.602957996661919 0.0
-0.660496107296975 -0.605672536272969 0.0
-0.657874643272421 -0.544256879199518 0.0
-0.654996644249702 -0.482712552111269 0.0
-0.652087143786697 -0.421098078084137 0.0
-0.649086377401785 -0.359417620702982 0.0
-0.646464610425651 -0.297609779289355 0.0
-0.643917147865378 -0.235510582342115 0.0
-0.640720131562618 -0.17313799638213 0.0
-0.637664458023767 -0.110645168883218 0.0
-0.634648804556812 -0.0479798678279039 0.0
-0.631658300159034 0.0149003286685295 0.0
-0.628705916183077 0.0780346850562395 0.0
-0.625820257844384 0.141465551544881 0.0
-0.623044534123488 0.205240988130189 0.0
-0.620442321441109 0.269410562747741 0.0
-0.618114528443546 0.334007471328129 0.0
-0.616247353381807 0.398990487188294 0.0
-0.615262656344637 0.464068321758812 0.0
-0.616279290760028 0.528128752328837 0.0
-0.599317698887318 -0.60812284924721 0.0
-0.59663179454367 -0.546716274873034 0.0
-0.593792019255802 -0.485185968442737 0.0
-0.590901646711697 -0.423532162201886 0.0
-0.588026231553164 -0.361709618640781 0.0
-0.585360752309359 -0.299752630363974 0.0
-0.582647790623379 -0.23767320026429 0.0
-0.579618362127009 -0.175377439705366 0.0
-0.576625034153561 -0.112912122720121 0.0
-0.57366100890713 -0.0502743477082923 0.0
-0.570733466156053 0.012545251662273 0.0
-0.567866312820234 0.0755527845117042 0.0
-0.565098492172446 0.138744453622706 0.0
-0.562485979595314 0.202096113145217 0.0
-0.560108102736498 0.265542734851782 0.0
-0.558080054480717 0.328942820897534 0.0
-0.556572671338587 0.392019731221462 0.0
-0.555795645197433 0.454279701758516 0.0
-0.554936281705414 0.514947715598139 0.0
-0.538112992243382 -0.610607046123712 0.0
-0.535396956904509 -0.549197791928025 0.0
-0.532589657196066 -0.487659015931053 0.0
-0.529760333737418 -0.425979479143449 0.0
-0.52697076124245 -0.364157738272761 0.0
-0.524270300206025 -0.302227761008215 0.0
-0.521502516363692 -0.24017487409211 0.0
-0.518573698061823 -0.177956550119619 0.0
-0.515649622475191 -0.115598644181214 0.0
-0.512752092150815 -0.0531143065726325 0.0
-0.509900950611607 0.00948115041782356 0.0
-0.507126412930131 0.0721621562122076 0.0
-0.504470175419751 0.134885398022674 0.0
-0.501985569187668 0.197581411863651 0.0
-0.499736441237464 0.26014468308825 0.0
-0.497789301503327 0.322427749003709 0.0
-0.496172334917349 0.384247470505736 0.0
-0.494615691766936 0.445419962151576 0.0
-0.491889714359265 0.506018201969431 0.0
-0.476897089844624 -0.613149369651816 0.0
-0.474174780842028 -0.551749777855672 0.0
-0.471408996390742 -0.490226050602943 0.0
-0.468641305154368 -0.42857552951762 0.0
-0.465903459566958 -0.366807797591472 0.0
-0.463193055473853 -0.30493997579727 0.0
-0.460421824666205 -0.242964837380896 0.0
-0.457561379312796 -0.180872112150676 0.0
-0.454696764383812 -0.118685725448366 0.0
-0.45185582617412 -0.0564304132352715 0.0
-0.449062567564886 0.00586292407613177 0.0
-0.446346511344703 0.0681526872004751 0.0
-0.443743087500204 0.130383056449542 0.0
-0.441290871406416 0.192482361387869 0.0
-0.439024001674196 0.254363364461958 0.0
-0.436949678654533 0.315928250227532 0.0
-0.434966176153664 0.37707811826653 0.0
-0.432623041503664 0.437751587514763 0.0
-0.428426329983355 0.497956629526586 0.0
-0.415671799118782 -0.615775228522837 0.0
-0.412958825736866 -0.554400458210674 0.0
-0.410236496958815 -0.492913740241136 0.0
-0.407520744290101 -0.431316926151873 0.0
-0.404818861418575 -0.369620802704879 0.0
-0.402112395070809 -0.307838111210102 0.0
-0.399352571438778 -0.245971672282387 0.0
-0.396534563304791 -0.184028271383368 0.0
-0.393706295019327 -0.122033286854166 0.0
-0.390893409137934 -0.0600163067612473 0.0
-0.388118365206483 0.001987491785886 0.0
-0.385405476122407 0.0639359097688593 0.0
-0.382780019341093 0.12577917237526 0.0
-0.380263484670289 0.187461060565886 0.0
-0.377861582359371 0.248920472296361 0.0
-0.375531136782223 0.310094821526193 0.0
-0.373092035070664 0.370929601036688 0.0
-0.370028723530026 0.431408066816599 0.0
-0.365586658563057 0.491728497280414 0.0
-0.354428352533048 -0.618479797474388 0.0
-0.351734864915602 -0.55713586302864 0.0
-0.349054149653107 -0.495692679952177 0.0
-0.346379940309911 -0.434154221185227 0.0
-0.343702940648015 -0.372531710161492 0.0
-0.341001404606608 -0.310837688986941 0.0
-0.338248001578509 -0.249081738408848 0.0
-0.335445491464781 -0.187278270989623 0.0
-0.332623077836496 -0.125452141523743 0.0
-0.32980160420325 -0.0636318162994641 0.0
-0.326999413680671 -0.001849130214967 0.0
-0.32423421687145 0.0598608888767445 0.0
-0.321521028415102 0.12146060336602 0.0
-0.318865717419109 0.182911568192949 0.0
-0.316249486627009 0.244176791825322 0.0
-0.313592646227772 0.305227451288319 0.0
-0.310683142987998 0.366061544618358 0.0
-0.307152527789264 0.42676341166568 0.0
-0.302977449292964 0.487578456089048 0.0
-0.293153206873896 -0.621226317150127 0.0
-0.29048733759557 -0.5599093471181 0.0
-0.287844805589759 -0.498503888964242 0.0
-0.285201518129286 -0.437015051261526 0.0
-0.28253804244253 -0.375454140575445 0.0
-0.279833548155031 -0.31383398669717 0.0
-0.277072054760075 -0.252167271897705 0.0
-0.27425803473774 -0.190470434498462 0.0
-0.271410346871147 -0.128765658852237 0.0
-0.268544913432013 -0.0670772528164316 0.0
-0.265675538537991 -0.00543098395912654 0.0
-0.262813827214203 0.0561466191537134 0.0
-0.259966237807825 0.117629101931678 0.0
-0.257126677403715 0.178992081970817 0.0
-0.254260765270554 0.240216257915654 0.0
-0.251277204518732 0.301295861268093 0.0
-0.248004221391594 0.362258425807088 0.0
-0.244278889230714 0.42318912687405 0.0
-0.240165174718016 0.484141678259664 0.0
-0.231832891077227 -0.623957278027572 0.0
-0.229202252983621 -0.562656697330578 0.0
-0.22659375852749 -0.501275092982507 0.0
-0.223970711894112 -0.43981821740142 0.0
-0.221308550658506 -0.378297112216505 0.0
-0.218588810051229 -0.316724365470791 0.0
-0.215801730948946 -0.255113230911153 0.0
-0.212951670413076 -0.193479370733825 0.0
-0.210051406174527 -0.131841495850333 0.0
-0.207112739296638 -0.0702193091154719 0.0
-0.204145496659395 -0.00863295325233046 0.0
-0.201156402027805 0.0528977214209724 0.0
-0.198145742243363 0.114354003035204 0.0
-0.195100275586174 0.175720545439869 0.0
-0.191980805160125 0.236989182345617 0.0
-0.188708380959083 0.298168611015979 0.0
-0.185175937871219 0.359299931292154 0.0
-0.181316137667603 0.420459358031818 0.0
-0.177115997409594 0.481740238535113 0.0
-0.170457660290676 -0.626607685128429 0.0
-0.167869490206772 -0.565309575530455 0.0
-0.165290586518041 -0.503933940527036 0.0
-0.162677399507521 -0.442487101762973 0.0
-0.160004285050725 -0.380979672997862 0.0
-0.157255919769593 -0.319423525365583 0.0
-0.15442641133542 -0.257831183435916 0.0
-0.151519705506487 -0.196216538101841 0.0
-0.148544859039626 -0.134595123453143 0.0
-0.145510471939122 -0.0729829784357497 0.0
-0.14242319418446 -0.0113964285655143 0.0
-0.139286241010464 0.0501483991582262 0.0
-0.136096384190776 0.111636112711425 0.0
-0.132838697194285 0.173053844779981 0.0
-0.129480299806704 0.234394042418501 0.0
-0.125971143470638 0.295660207458997 0.0
-0.122268125653704 0.35687021431539 0.0
-0.118377124106782 0.418048224379452 0.0
-0.114260481923881 0.47921168277527 0.0
-0.109023331277808 -0.629116259150537 0.0
-0.106483851433904 -0.567806112183926 0.0
-0.103929799016456 -0.50641794565487 0.0
-0.10131663952941 -0.444958863947038 0.0
-0.0986210221954009 -0.383439067949881 0.0
-0.0958314134590706 -0.321869477302564 0.0
-0.092944790449102 -0.260261366933578 0.0
-0.0899648126484918 -0.19862671489051 0.0
-0.0868980923882989 -0.136978524339178 0.0
-0.0837506691181581 -0.0753302925869904 0.0
-0.0805265899786826 -0.0136961543139005 0.0
-0.0772265621262844 0.04790928843428 0.0
-0.0738458534397 0.109471099062402 0.0
-0.0703717417731335 0.170975102350087 0.0
-0.0667834426994987 0.232408984119428 0.0
-0.0630616997188477 0.293763794471563 0.0
-0.0592154452970725 0.355031232236892 0.0
-0.0553142797876001 0.416195021288321 0.0
-0.0516612771410428 0.477267551985638 0.0
-0.0475322373350259 -0.631433294717617 0.0
-0.0450456049880337 -0.5700979188612 0.0
-0.0425110723922449 -0.508680427453818 0.0
-0.0398886993851602 -0.447188982844803 0.0
-0.0371601732431021 -0.385633398164132 0.0
-0.0343182632388453 -0.324023484268263 0.0
-0.0313623399920679 -0.262369018775843 0.0
-0.0282958532040424 -0.20068007227308 0.0
-0.0251235367343053 -0.138967492335523 0.0
-0.0218491320646025 -0.0772427423853423 0.0
-0.0184743032663841 -0.015518253198261 0.0
-0.0149977418136786 0.0461926571095815 0.0
-0.01141429014362 0.10787592470229 0.0
-0.00771511102517629 0.169517933355683 0.0
-0.00389215576468112 0.231106785123026 0.0
4.78382748076486e-05 0.292634890582521 0.0
0.00405527724984586 0.354102139398861 0.0
0.00797159340388992 0.415528086264936 0.0
0.0113576671751966 0.476944721585444 0.0
0.0140072565443123 -0.633525359182952 0.0
0.0164400804463615 -0.57215399297046 0.0
0.018961397156368 -0.510693377770863 0.0
0.021601660007191 -0.449152830919429 0.0
0.0243721286713267 -0.387541632383082 0.0
0.0272754951036836 -0.325868226158182 0.0
0.0303103819685005 -0.264140611494246 0.0
0.0334736524894387 -0.202366794922855 0.0
0.0367623117731711 -0.140555430100463 0.0
0.0401748735741185 -0.0787158557238741 0.0
0.043711943506605 -0.0168585287775781 0.0
0.0473763975240028 0.045005071823202 0.0
0.0511727866457191 0.106862645773201 0.0
0.0551044980450404 0.168702247091162 0.0
0.0591654634762292 0.230513272666829 0.0
0.0633219249578768 0.292288437312227 0.0
0.0674760801435649 0.354025471750639 0.0
0.0713991388676816 0.415720675466962 0.0
0.0746896031553341 0.477321319802826 0.0
0.0755816875004415 -0.635377709296217 0.0
0.0779638530515419 -0.573962603450579 0.0
0.0804794341565006 -0.512448652118482 0.0
0.0831455962451284 -0.450846057903741 0.0
0.0859654154960398 -0.38916315087265 0.0
0.0889372087931589 -0.327406581219655 0.0
0.0920580763321908 -0.265582171434586 0.0
0.0953254634262616 -0.203695534152508 0.0
0.0987381945954707 -0.141752836864833 0.0
0.102297073524132 -0.0797609645065775 0.0
0.106004851544454 -0.0177280383357523 0.0
0.109865523477879 0.0443365736251615 0.0
0.11388220360969 0.106422191556422 0.0
0.118051931883627 0.168517343816346 0.0
0.12235441743177 0.230609369246037 0.0
0.126730628117706 0.292683788641038 0.0
0.131046789957519 0.354719693322378 0.0
0.135052813005542 0.416673843163828 0.0
0.138378491136107 0.478461843739762 0.0
0.137174213527502 -0.636995480096946 0.0
0.139513427881703 -0.575532251824451 0.0
0.142031753976478 -0.513958602220504 0.0
0.144730803702057 -0.452284869530914 0.0
0.147605371471187 -0.390517741421057 0.0
0.150650020169409 -0.328661503082626 0.0
0.153860965877794 -0.266719305379101 0.0
0.157236631349096 -0.204693920092016 0.0
0.160777867952747 -0.142588594179574 0.0
0.164487882392463 -0.0804073146604559 0.0
0.168371571167098 -0.0181554660256667 0.0
0.172433949956065 0.0441598981059003 0.0
0.176676738722192 0.106529448099487 0.0
0.181091508694 0.168941057262778 0.0
0.185646815670123 0.231377587344982 0.0
0.190266690218914 0.293813243087547 0.0
0.19480036676577 0.356205201897539 0.0
0.198991273507516 0.418480761770954 0.0
0.202456550453422 0.480531883481294 0.0
0.198765730348681 -0.638404383099315 0.0
0.201074010209941 -0.576892361765919 0.0
0.20360388822214 -0.51525666710998 0.0
0.206341166184924 -0.453506525781826 0.0
0.209273358347404 -0.391646097312649 0.0
0.212392319743363 -0.329676655121377 0.0
0.215694154629963 -0.26759811710999 0.0
0.219178743734544 -0.205409854056613 0.0
0.222849267128512 -0.143111576265068 0.0
0.226711572899699 -0.0807036609333493 0.0
0.230772967894925 -0.0181879473738872 0.0
0.235039976517461 0.0444316900713406 0.0
0.239514107322265 0.107148124484356 0.0
0.244184273033559 0.16994934483745 0.0
0.249013914261036 0.232814382394768 0.0
0.253921384647943 0.295707006333692 0.0
0.258753168668323 0.358565082078717 0.0
0.263249256655095 0.421287296873462 0.0
0.266987333612958 0.483724775864256 0.0
0.260336712041051 -0.639651362053922 0.0
0.262629211906281 -0.578094022516349 0.0
0.265178582180406 -0.516398095092222 0.0
0.267956953084783 -0.454570087340909 0.0
0.270946545013272 -0.392610720889679 0.0
0.274137833325217 -0.330517623009269 0.0
0.277527637529196 -0.268286874559217 0.0
0.281117801512388 -0.205913755403185 0.0
0.284914181671456 -0.143393559259967 0.0
0.288925612739203 -0.0807218760900369 0.0
0.293162336199755 -0.0178954156185797 0.0
0.297633414267585 0.0450872408747737 0.0
0.302342295862666 0.108223962754104 0.0
0.307279565108086 0.171506505090091 0.0
0.312411506773303 0.234914752294472 0.0
0.317663196951137 0.298407733535686 0.0
0.322892922909394 0.361908788643953 0.0
0.327847040106128 0.425284534402647 0.0
0.332059229463905 0.488320407549712 0.0
0.321868577924069 -0.640805268117587 0.0
0.324161267463476 -0.579210709789874 0.0
0.326735613590258 -0.517460615451592 0.0
0.329554594230628 -0.455557204105585 0.0
0.332597699971707 -0.393497057542816 0.0
0.335855399304827 -0.33127361435712 0.0
0.339325998360137 -0.26887855359278 0.0
0.343013734113905 -0.206302308137481 0.0
0.34692742590385 -0.143534622971423 0.0
0.351079226100192 -0.0805645840506362 0.0
0.355482923016993 -0.0173812194437487 0.0
0.360151403105708 0.0460259009132531 0.0
0.365092701945944 0.109664988821027 0.0
0.370304181853031 0.173539172303237 0.0
0.375764016825836 0.237639791701085 0.0
0.381418526246765 0.30193494565041 0.0
0.387159159277547 0.366348127135553 0.0
0.39276818015229 0.430720190291577 0.0
0.397769194172272 0.49474536286341 0.0
0.383344317601031 -0.6419573309863 0.0
0.385650433220526 -0.580338581040385 0.0
0.388251161905363 -0.518544658120238 0.0
0.391106227226255 -0.456572657968132 0.0
0.394194831538458 -0.39441453387595 0.0
0.397508672428213 -0.332059325041062 0.0
0.401048103950226 -0.26949406875665 0.0
0.404819949520256 -0.206703775396154 0.0
0.408836040711378 -0.143671444603308 0.0
0.413111948895879 -0.0803775367345688 0.0
0.417665395979742 -0.0167999569115118 0.0
0.422514128583437 0.0470860890705836 0.0
0.427673070870874 0.111307367497423 0.0
0.433150961190597 0.175890981611576 0.0
0.438946513355582 0.240859078589722 0.0
0.445043429285183 0.306218093498419 0.0
0.45139785829139 0.371933498838162 0.0
0.457892549355121 0.437870090123909 0.0
0.464163344600328 0.503649613328471 0.0
0.444748582322351 -0.643220689759936 0.0
0.447074444994896 -0.581595497430865 0.0
0.44969790306027 -0.519773009624934 0.0
0.452579977930125 -0.4577440710313 0.0
0.455701779797622 -0.395496484793245 0.0
0.459057030871542 -0.333015835849879 0.0
0.462648202357083 -0.270285193118682 0.0
0.466484428125365 -0.207284157192167 0.0
0.47058014886732 -0.14398808429402 0.0
0.474953966885348 -0.0803667203036703 0.0
0.479627297229441 -0.0163831143121153 0.0
0.484622832034916 0.0480080750663937 0.0
0.489963083827503 0.112862273122477 0.0
0.495670024093613 0.178247330912327 0.0
0.501767275309837 0.244244902918182 0.0
0.508287064381997 0.310950698920964 0.0
0.515282540531626 0.378465553225851 0.0
0.522837382266894 0.446849276546958 0.0
0.531006714067605 0.515921630214305 0.0
