-0.717588689811821 -0.665844042647027 0.0
0.511345499962703 -0.711585225431766 0.0
-0.662471044063568 0.61237245798111 0.0
0.61237245798111 0.61237245798111 0.0
-0.656425161812903 -0.66884080524198 0.0
0.513489159989752 -0.650181615657324 0.0
0.541195407603241 0.582106731969465 0.0
-0.65952410501909 0.538262714971303 0.0
-0.595243558445138 -0.671578192511038 0.0
0.516022961133656 -0.588551715704699 0.0
0.47223375673027 0.564684094896034 0.0
-0.661484594714633 0.468315891015994 0.0
-0.534068454950053 -0.674330201300466 0.0
0.518872131716704 -0.526675562001103 0.0
0.405315486652224 0.553427534346544 0.0
-0.66425337638362 0.40076266872346 0.0
-0.472890737206373 -0.677146624760848 0.0
0.521994060959523 -0.464539550517286 0.0
0.339787785325311 0.545775720516701 0.0
-0.667241427055352 0.33470593692305 0.0
-0.411699137084272 -0.680045743081329 0.0
0.525365116902917 -0.402130391190477 0.0
0.275215087612401 0.540501450523558 0.0
-0.670336107192875 0.26965300552334 0.0
-0.350474719466123 -0.683022354592727 0.0
0.528973639401194 -0.339432103665444 0.0
0.211324585877337 0.536934645811186 0.0
-0.67350181929226 0.205313278381141 0.0
-0.289194462411567 -0.686039429377168 0.0
0.532816007599157 -0.276424230692085 0.0
0.147938409011613 0.534677347325168 0.0
-0.676717208936904 0.141506055006232 0.0
-0.227837331656333 -0.68903709576041 0.0
0.536894220597938 -0.213080151514645 0.0
0.084931579722969 0.533475256172108 0.0
-0.679964003358802 0.0781145948895022 0.0
-0.166389457042184 -0.691946256686778 0.0
0.541214072736566 -0.149365674324281 0.0
0.0222061221821272 0.533138190888017 0.0
-0.683225837773971 0.0150617844224466 0.0
-0.104846627865949 -0.69470078233253 0.0
0.545783490208101 -0.0852368254823624 0.0
-0.0403237709946019 0.533350659665928 0.0
-0.686489872618764 -0.0477021671903229 0.0
-0.0432151709048384 -0.697246253217677 0.0
0.550610693243317 -0.0206374625104546 0.0
-0.102329055944898 0.535217662233398 0.0
-0.689752299205993 -0.110206170238389 0.0
0.0184890317112086 -0.699545295090249 0.0
0.555702317057369 0.0445045449600717 0.0
-0.164068360933117 0.53798674215364 0.0
-0.693042451535911 -0.172459718145842 0.0
0.0802421436402898 -0.701580363179962 0.0
0.561061908581034 0.110282694796662 0.0
-0.225810670392286 0.540708098725365 0.0
-0.696571675234514 -0.234454221711571 0.0
0.142014803903062 -0.703355089511708 0.0
0.566690034921974 0.176821058624529 0.0
-0.287575293895309 0.544417078168343 0.0
-0.699227421586579 -0.296372789084874 0.0
0.203774007195474 -0.704895032493523 0.0
0.572587947216663 0.244289334975607 0.0
-0.349437725865093 0.549078484001341 0.0
-0.70206941164368 -0.358296326910326 0.0
0.265485933131711 -0.706248377201724 0.0
0.578768871693776 0.312932297995139 0.0
-0.41161394136195 0.555995537571935 0.0
-0.705423378645558 -0.420095987586948 0.0
0.327118891561565 -0.70748671254507 0.0
0.585285885902783 0.383128143868002 0.0
-0.474065111348974 0.563910829476433 0.0
-0.708615363116394 -0.481724857205331 0.0
0.388646801120615 -0.708705707499051 0.0
0.592309133789979 0.455512148405933 0.0
-0.536465875981246 0.572251135644891 0.0
-0.711796338257001 -0.543196201724188 0.0
0.450054668319464 -0.710025025654315 0.0
0.600422842592496 0.531244324918487 0.0
-0.599616408122417 0.585921086314001 0.0
-0.714658647619148 -0.604563622062825 0.0
-0.653523989289948 -0.607552447975959 0.0
-0.650626364661143 -0.54614959661349 0.0
-0.647480124830452 -0.484618620451203 0.0
-0.644312348292142 -0.423016629477414 0.0
-0.64105985840261 -0.361348050655265 0.0
-0.638195864238679 -0.299542127164203 0.0
-0.635414591998318 -0.237437474666047 0.0
-0.631977308803905 -0.175060392911998 0.0
-0.628682922076778 -0.112556004626441 0.0
-0.625425038295156 -0.0498713327447595 0.0
-0.62218344972258 0.0130369961171902 0.0
-0.618964138659731 0.0762090051431982 0.0
-0.615785750501003 0.139687337733437 0.0
-0.612676797992837 0.203519441863384 0.0
-0.609678686072672 0.267752653797082 0.0
-0.606858052410096 0.332415332703695 0.0
-0.604346378071961 0.397458230923654 0.0
-0.602474453288509 0.462582966478798 0.0
-0.602208449046509 0.526701818367626 0.0
-0.592353122165436 -0.610277210359161 0.0
-0.589392015771651 -0.548883459423481 0.0
-0.586286443769725 -0.487366143799762 0.0
-0.58313993882367 -0.425724267119782 0.0
-0.58001699779091 -0.363910503963083 0.0
-0.577113147058459 -0.301958532756321 0.0
-0.57416710488405 -0.239882681471382 0.0
-0.570903084694322 -0.177588384200278 0.0
-0.567675666072426 -0.11512156095449 0.0
-0.564474487139608 -0.0524797154352498 0.0
-0.561301992763147 0.0103457680071208 0.0
-0.558175589508604 0.0733596456286764 0.0
-0.55512491986524 0.136555903507535 0.0
-0.552192432153306 0.199907096846259 0.0
-0.549437675508706 0.263343891053912 0.0
-0.546946891123302 0.326720581409763 0.0
-0.544849017298415 0.389760433602863 0.0
-0.54329936483595 0.451984387244059 0.0
-0.541517944464 0.51265565854001 0.0
-0.531154730635271 -0.613041594962388 0.0
-0.528165018499983 -0.551647079573897 0.0
-0.525095238114085 -0.490123271077246 0.0
-0.522014092249177 -0.428457927808033 0.0
-0.518982052296295 -0.366649180425016 0.0
-0.516047170744731 -0.304731389214657 0.0
-0.513049532695594 -0.24269080959912 0.0
-0.50989164397387 -0.180485381217504 0.0
-0.5067390026088 -0.118141495184452 0.0
-0.503610455974728 -0.0556735817768628 0.0
-0.50052160372832 0.0069013746900864 0.0
-0.497496679076794 0.0695557119442439 0.0
-0.494568823509458 0.132243689663716 0.0
-0.491779144187346 0.194893445480839 0.0
-0.489174285673163 0.257397993205142 0.0
-0.486797568920061 0.319611051754008 0.0
-0.484650735891763 0.381355787028945 0.0
-0.482464378727902 0.442459822198102 0.0
-0.479164420565251 0.502993425028208 0.0
-0.469943283069634 -0.615871701208951 0.0
-0.466949684651161 -0.554489709900693 0.0
-0.463925770567128 -0.492984342576807 0.0
-0.460911339666923 -0.431352494818343 0.0
-0.457936097426363 -0.369603897698396 0.0
-0.454995545111981 -0.307756344937184 0.0
-0.451998498487127 -0.245803674108372 0.0
-0.448914051702472 -0.1837365733593 0.0
-0.445826120114624 -0.121580029935798 0.0
-0.442759926218328 -0.0593601492541886 0.0
-0.439735612148965 0.00289077452678343 0.0
-0.4367771714713 0.0651299787659231 0.0
-0.433912166775779 0.12730116831402 0.0
-0.431168231697865 0.189333678151143 0.0
-0.428565076775843 0.251144013738935 0.0
-0.42609348089392 0.312642624467264 0.0
-0.423643614300491 0.373745318463191 0.0
-0.420807024458508 0.434410612890839 0.0
-0.416325325607048 0.494664739740813 0.0
-0.408719438666074 -0.618791028594465 0.0
-0.405738591845126 -0.557436742812807 0.0
-0.402763129834278 -0.495971992905858 0.0
-0.399805881775219 -0.434398500148961 0.0
-0.396871411422475 -0.372727502997106 0.0
-0.393938853589949 -0.310972624730348 0.0
-0.390957008124489 -0.249137779509133 0.0
-0.38791915820958 -0.187230766795213 0.0
-0.384871878550252 -0.125277918663854 0.0
-0.381838502255718 -0.0633096626980789 0.0
-0.378838082779693 -0.00136158797800857 0.0
-0.37589007112808 0.0605245124075007 0.0
-0.373013025289273 0.122300655394107 0.0
-0.370219698737477 0.183914611564864 0.0
-0.367505909715474 0.245312571343812 0.0
-0.364821780247333 0.306443864235613 0.0
-0.361998543391058 0.367271190787209 0.0
-0.358589652550122 0.427797209818959 0.0
-0.353954184280903 0.488214326711642 0.0
-0.347472932134262 -0.621789937374295 0.0
-0.344516102153601 -0.560468617074853 0.0
-0.341587649844961 -0.499050149777088 0.0
-0.338677019744182 -0.437538579695287 0.0
-0.335771700597286 -0.375945739200568 0.0
-0.332847504858303 -0.31428508241617 0.0
-0.32987513063499 -0.25256716316495 0.0
-0.326855918156393 -0.190807212573478 0.0
-0.323817885535643 -0.129030673471133 0.0
-0.320780062928247 -0.0672662269591471 0.0
-0.317758145011236 -0.00554527893007345 0.0
-0.314766166059836 0.0560985367918435 0.0
-0.311814410254229 0.117630330233386 0.0
-0.308903514244476 0.179016186425591 0.0
-0.306011124056918 0.240225757204442 0.0
-0.303061970586893 0.301238677278743 0.0
-0.299870862489791 0.362060584644108 0.0
-0.296127170314334 0.422772201810566 0.0
-0.291796369992324 0.483588866750568 0.0
-0.286188719317568 -0.624825232129758 0.0
-0.2832652260427 -0.563531770928398 0.0
-0.280380608552958 -0.502152303815967 0.0
-0.277505616739836 -0.440692152821053 0.0
-0.274617399037038 -0.379163292953461 0.0
-0.271692894297418 -0.317579407350911 0.0
-0.268714659784223 -0.255953986334295 0.0
-0.265686270920146 -0.194304060982895 0.0
-0.262625866624443 -0.132652097787046 0.0
-0.259548302473052 -0.0710222463629274 0.0
-0.256465824540222 -0.00943949750366551 0.0
-0.253387991500923 0.0520711998065564 0.0
-0.250319052379046 0.113485944752908 0.0
-0.247251648835113 0.174783972976965 0.0
-0.244153936318796 0.235950476166246 0.0
-0.240946957635554 0.296984045208912 0.0
-0.237487829042304 0.357913383717269 0.0
-0.233645475130974 0.418817946568397 0.0
-0.229489950008016 0.479761269967949 0.0
-0.224852169858646 -0.627832626319029 0.0
-0.221970829857408 -0.566555042714735 0.0
-0.21912606369499 -0.505199013280052 0.0
-0.216275585961169 -0.443770633762294 0.0
-0.213391541003603 -0.382281648262111 0.0
-0.21045367521697 -0.320745436704693 0.0
-0.20745138561111 -0.259175934218343 0.0
-0.204388775013823 -0.197589243941843 0.0
-0.201278592248724 -0.136004196865492 0.0
-0.198132517871072 -0.0744402034467244 0.0
-0.194960124545562 -0.0129165972895728 0.0
-0.191767925989126 0.0485481860525376 0.0
-0.188556627299717 0.10993749174798 0.0
-0.185315433592209 0.171238552705556 0.0
-0.182012446848758 0.232445759241018 0.0
-0.17858493938507 0.293568785869533 0.0
-0.174951998608464 0.354645177885925 0.0
-0.171077404365013 0.415742256249866 0.0
-0.167005948107107 0.476940083924785 0.0
-0.163452956737984 -0.630740968404318 0.0
-0.160622131054483 -0.569463984528106 0.0
-0.15781283847763 -0.508111871196565 0.0
-0.154976008222657 -0.446691448003389 0.0
-0.152083174888553 -0.385214083586888 0.0
-0.149117887895057 -0.323692410396625 0.0
-0.146074151804064 -0.262139556268015 0.0
-0.142956418128658 -0.200569759420523 0.0
-0.139774556269128 -0.138998579482824 0.0
-0.136538115333723 -0.0774416841720595 0.0
-0.133254892431924 -0.0159145417046805 0.0
-0.129929754739965 0.045568156725744 0.0
-0.126562339913867 0.10699310611814 0.0
-0.123143162901157 0.168350163336478 0.0
-0.119649448518654 0.229634900175959 0.0
-0.116047687230704 0.290853831907611 0.0
-0.112317188056639 0.352027884028493 0.0
-0.108493922769476 0.413186705147723 0.0
-0.104634940411101 0.474359145044094 0.0
-0.10198699480783 -0.633484006370406 0.0
-0.0992138282288473 -0.572191919419694 0.0
-0.0964352015862555 -0.510823783628218 0.0
-0.0936016519553279 -0.449387397017863 0.0
-0.0906878171513865 -0.387893796295899 0.0
-0.0876818954753441 -0.326354658276349 0.0
-0.0845816140282035 -0.264781809198226 0.0
-0.0813919959632786 -0.203187500888343 0.0
-0.0781214162209648 -0.141584675423018 0.0
-0.0747780295306497 -0.0799863582712039 0.0
-0.0713685148849824 -0.0184056969571987 0.0
-0.0678971313578132 0.0431443420996248 0.0
-0.06436436296596 0.104651259897206 0.0
-0.0607655188855109 0.166104268840908 0.0
-0.0570919602666081 0.227495530747341 0.0
-0.0533412549278438 0.288822010782586 0.0
-0.0495433429220405 0.350083871268527 0.0
-0.0457966780418183 0.411277135641357 0.0
-0.0424038687386728 0.472411682527425 0.0
-0.040457383178505 -0.636008489973012 0.0
-0.0377466226671445 -0.574687124257643 0.0
-0.0349930594075959 -0.513284988622227 0.0
-0.0321529361237027 -0.451811174911606 0.0
-0.0292070465096408 -0.390276432869398 0.0
-0.0261489144839514 -0.328691340051379 0.0
-0.0229796048782536 -0.26706618941637 0.0
-0.0197048683368707 -0.205411275142163 0.0
-0.0163322421631465 -0.14373733680717 0.0
-0.012868848657293 -0.0820553358137234 0.0
-0.00932057735464537 -0.0203767182815159 0.0
-0.00569167185401253 0.0412867690104727 0.0
-0.00198458882518075 0.102923309301107 0.0
0.00179890946462978 0.164522220999474 0.0
0.00565251946367357 0.226075076003861 0.0
0.0095514084378424 0.287577824012999 0.0
0.0134253671877924 0.349032488773932 0.0
0.0171041877093919 0.410452802184834 0.0
0.0202084693102046 0.471851616484911 0.0
0.0211261708656654 -0.638278929723705 0.0
0.0237734329587195 -0.576916755049568 0.0
0.026508775973283 -0.515465896719247 0.0
0.0293648705929884 -0.453936861643835 0.0
0.0323524981538932 -0.39233996735703 0.0
0.0354724590756165 -0.330684434348685 0.0
0.0387206816370332 -0.268978756529609 0.0
0.0420907411779645 -0.207231155595488 0.0
0.0455757380447742 -0.145450213695664 0.0
0.0491694730490153 -0.0836448839758005 0.0
0.0528666750518095 -0.0218248832521377 0.0
0.0566626603792998 0.0399994362402943 0.0
0.0605520842856163 0.101817268924792 0.0
0.0645254857443186 0.163618397522398 0.0
0.0685608458174988 0.225393842858789 0.0
0.0726064843112994 0.287137129393565 0.0
0.0765497790215971 0.348844406710654 0.0
0.0801667987627552 0.41050741818525 0.0
0.0830897126956798 0.472082546865656 0.0
0.0827484187442417 -0.64028000616698 0.0
0.0853357676501484 -0.578868711708785 0.0
0.0880612232550296 -0.517358238011893 0.0
0.0909421426609794 -0.455760225714923 0.0
0.093979581290444 -0.394084110097825 0.0
0.0971687824561471 -0.332337304911156 0.0
0.100503146921806 -0.270526107914045 0.0
0.10397584132393 -0.20865637038401 0.0
0.107580675181315 -0.146734293382173 0.0
0.111312406560899 -0.084766602730805 0.0
0.115166294035338 -0.0227610736024204 0.0
0.119136883142549 0.0392734395566268 0.0
0.123215368330191 0.101326876710737 0.0
0.127384125985838 0.163388359801567 0.0
0.131605934048079 0.225445570961781 0.0
0.135804853853897 0.287483811125616 0.0
0.13983623598536 0.349481540698625 0.0
0.14345246019874 0.411398105764088 0.0
0.146294982652275 0.473159303473096 0.0
0.144390437319302 -0.642017779373145 0.0
0.146926657823542 -0.58055262640972 0.0
0.149651876528978 -0.51897571456396 0.0
0.15256555783293 -0.457298995463254 0.0
0.155658879101178 -0.395530248444263 0.0
0.158922186477261 -0.333674451553281 0.0
0.162347045621063 -0.271735180807723 0.0
0.165926656579688 -0.209715462911038 0.0
0.16965578943347 -0.147618694997279 0.0
0.173530330849811 -0.0854489534738203 0.0
0.177546164085167 -0.0232116874937474 0.0
0.181697120972958 0.0390859680754954 0.0
0.185971189332717 0.101434529956189 0.0
0.190343654950126 0.163821582106994 0.0
0.194765106543963 0.226229537082709 0.0
0.199142421156477 0.288632209557932 0.0
0.203312570015518 0.350987579976969 0.0
0.207014470344655 0.413226972340553 0.0
0.209865381821529 0.475249669690625 0.0
0.206030891167665 -0.643520512928919 0.0
0.208529737708513 -0.582000705589133 0.0
0.211264951976607 -0.520354751612035 0.0
0.214217721695158 -0.458593507633783 0.0
0.217370439856063 -0.396722077120739 0.0
0.22070972825364 -0.334742260820494 0.0
0.224226198572713 -0.272654284444699 0.0
0.227913654239752 -0.210457738272704 0.0
0.231768210984517 -0.148152553511103 0.0
0.235787215274901 -0.0857393957104766 0.0
0.239967554155946 -0.0232205170484213 0.0
0.244302962215924 0.0393996145297034 0.0
0.248779491950502 0.102113044941431 0.0
0.253368036793887 0.164906684438667 0.0
0.258012315356199 0.227758349813584 0.0
0.262611131862282 0.290630949599642 0.0
0.266994075602605 0.353462904613519 0.0
0.270888665357692 0.416156022406433 0.0
0.273865698997219 0.478566433784402 0.0
0.267648007182687 -0.644839629747106 0.0
0.270126948436964 -0.583268816085153 0.0
0.272881630076903 -0.521555576552474 0.0
0.275877253135683 -0.459707811983124 0.0
0.279089664155577 -0.397726865412177 0.0
0.282503291685278 -0.335610605561342 0.0
0.286108770569613 -0.273355209634355 0.0
0.289901131641504 -0.210956056569997 0.0
0.293878291293687 -0.148408643386252 0.0
0.298039511221312 -0.0857089469773656 0.0
0.302383321920195 -0.0228543227414066 0.0
0.306904485545189 0.0401556644512942 0.0
0.311589262835362 0.10331748450224 0.0
0.316408170856239 0.166621041481776 0.0
0.321305021668917 0.230044033003731 0.0
0.326180980898948 0.293543414614249 0.0
0.330870305523073 0.357041463998154 0.0
0.33509721033349 0.420405774676859 0.0
0.338380359945878 0.483424697105884 0.0
0.329221047055306 -0.646050916149066 0.0
0.331698695170221 -0.584437778023274 0.0
0.33447971799524 -0.522663460791268 0.0
0.337518360087934 -0.460731019121992 0.0
0.340786875439065 -0.398637150062808 0.0
0.34426912359044 -0.336375122799428 0.0
0.347956706802894 -0.2739364000397 0.0
0.351846446349735 -0.211311290688016 0.0
0.355938464335578 -0.148489602239914 0.0
0.360234386397183 -0.0854607492768159 0.0
0.364735113754729 -0.0222144419160116 0.0
0.369437802533689 0.0412586073602614 0.0
0.374331521135448 0.104964878962468 0.0
0.379391154159017 0.168905059244178 0.0
0.384568695591286 0.233067297129934 0.0
0.389780379455633 0.297415935475399 0.0
0.394883652566625 0.36187074424489 0.0
0.399624705184765 0.426270048711377 0.0
0.403497204406548 0.490307903391719 0.0
0.390730958604864 -0.647255809146956 0.0
0.39322303253392 -0.585614484193585 0.0
0.396032729273563 -0.523789712475204 0.0
0.399110088699048 -0.46177856570875 0.0
0.402426667803226 -0.39957245099108 0.0
0.40596725788008 -0.337159741853042 0.0
0.409725160728961 -0.274526871220686 0.0
0.413699310170549 -0.211658394987434 0.0
0.41789219972576 -0.148537068067018 0.0
0.422308038104216 -0.0851433782554739 0.0
0.426950598683408 -0.0214556165836695 0.0
0.43182054658154 0.0425501427263491 0.0
0.436912024442116 0.106899140147622 0.0
0.44220858774334 0.171616067113408 0.0
0.447678275065124 0.236719500536432 0.0
0.453266817976532 0.30221088923434 0.0
0.458882690731461 0.368049257060594 0.0
0.464350356833745 0.434092278166291 0.0
0.469244724274362 0.499956361492176 0.0
0.452160270626746 -0.648582109644179 0.0
0.454674653766426 -0.586932010619567 0.0
0.457509515214002 -0.52507230181243 0.0
0.46061617708951 -0.462992717560366 0.0
0.46396813098 -0.400679867687841 0.0
0.467552113875454 -0.338118223627036 0.0
0.471363327074168 -0.275289840361402 0.0
0.475402647070709 -0.212173401929599 0.0
0.479674645644888 -0.148743459308139 0.0
0.484185847655853 -0.0849691038076924 0.0
0.488942780365775 -0.0208129523793757 0.0
0.49394979619699 0.0437704362687603 0.0
0.49920681875255 0.10883609128376 0.0
0.504707755903483 0.174450728857027 0.0
0.510440503578727 0.240693758230978 0.0
0.51638990606492 0.307656976029555 0.0
0.522543231405808 0.375434906909796 0.0
0.528889798517941 0.444078355345171 0.0
0.535355283081952 0.513398229057697 0.0
