-0.709910292095264 -0.667553630662719 0.0
0.519554496588654 -0.716714803582781 0.0
-0.644865730404854 0.61237245798111 0.0
0.61237245798111 0.61237245798111 0.0
-0.648759176229483 -0.67079518855511 0.0
0.521826942427485 -0.655302388326288 0.0
0.543341291436935 0.579835727017481 0.0
-0.644688466148833 0.53793429110617 0.0
-0.587587840839407 -0.673778146293666 0.0
0.524521858539328 -0.593647899714812 0.0
0.475731115897354 0.561083201678337 0.0
-0.64812886252111 0.467704032687934 0.0
-0.526422800157568 -0.676780188842201 0.0
0.52755181870866 -0.531728935695975 0.0
0.409853297004583 0.549040246491424 0.0
-0.651831400826999 0.399888406462176 0.0
-0.465253980175683 -0.679854955935726 0.0
0.530865479056359 -0.469530370932308 0.0
0.345206164582573 0.54092643135002 0.0
-0.655467725713295 0.333607416652926 0.0
-0.404067924970386 -0.683020012468305 0.0
0.534432091886202 -0.40703762333634 0.0
0.281416207456712 0.535396772614815 0.0
-0.659042527215957 0.268371101499761 0.0
-0.342843098462808 -0.686266000063198 0.0
0.538233271242108 -0.344233356533042 0.0
0.218243397742039 0.531714998300218 0.0
-0.662583241087631 0.203885518561443 0.0
-0.281554056420497 -0.689549611109251 0.0
0.542258228402838 -0.281095579204046 0.0
0.15553188853808 0.529445399423808 0.0
-0.666106075413279 0.139964955343469 0.0
-0.220178000764295 -0.692803969865876 0.0
0.546500673209047 -0.217595932159235 0.0
0.0931752729947408 0.528314724255869 0.0
-0.669616577071219 0.0764876302270411 0.0
-0.158700239319716 -0.695953372745629 0.0
0.550956355897982 -0.153698303625194 0.0
0.0310947320437096 0.5281343024402 0.0
-0.673114096104322 0.0133719155451082 0.0
-0.0971167623945265 -0.698926188798858 0.0
0.555620770119497 -0.0893566696641184 0.0
-0.0307736053452458 0.528657583485967 0.0
-0.676596477131997 -0.0494358107778458 0.0
-0.0354350529829436 -0.701663939354006 0.0
0.56048663771887 -0.0245127766229443 0.0
-0.0921965766561762 0.530473482198202 0.0
-0.680067460368642 -0.111967590625037 0.0
0.0263270440092656 -0.704126735014422 0.0
0.565541233084208 0.0409076024358979 0.0
-0.153445424940498 0.533187184971009 0.0
-0.683562321469393 -0.174235326591126 0.0
0.088143095848018 -0.706296057490975 0.0
0.570763764554831 0.106999969125356 0.0
-0.21467314195255 0.536386973156165 0.0
-0.687306164272318 -0.236231288191362 0.0
0.149980676231822 -0.708176106352816 0.0
0.576123608327243 0.173890214335966 0.0
-0.275848883529225 0.540479669969153 0.0
-0.69016591901521 -0.29815528027413 0.0
0.211803392632514 -0.709794630948116 0.0
0.581580449288653 0.241749497929145 0.0
-0.337022987146457 0.545622983435166 0.0
-0.693212491430785 -0.360078966723083 0.0
0.273573862067852 -0.711203862484731 0.0
0.587088653473025 0.31082328574487 0.0
-0.398475068779709 0.552635217813776 0.0
-0.696784202266308 -0.421865549672659 0.0
0.335256839702947 -0.712481721114756 0.0
0.592611038688712 0.381488710236882 0.0
-0.460225959757567 0.560752273550223 0.0
-0.700205303438227 -0.483479055583293 0.0
0.396822980845766 -0.713733168464702 0.0
0.598165074032842 0.45437631722401 0.0
-0.52183508741017 0.569939230625679 0.0
-0.703624362831243 -0.544934395811574 0.0
0.45825480729717 -0.715091117976764 0.0
0.604044012680868 0.530638201727768 0.0
-0.583895502544173 0.584472678057866 0.0
-0.706732077529064 -0.606287166764512 0.0
-0.645609416585909 -0.609519478304142 0.0
-0.642465608883664 -0.548129073096476 0.0
-0.639081643136404 -0.486610690151293 0.0
-0.635686743791685 -0.425020186664443 0.0
-0.632214491702133 -0.363362231559334 0.0
-0.629141377492632 -0.30155649811498 0.0
-0.626160831547325 -0.239443888111643 0.0
-0.622518205276083 -0.177059079668855 0.0
-0.619020803481332 -0.114539141155931 0.0
-0.615556827755868 -0.0518301370444509 0.0
-0.612100401102975 0.0111124272740386 0.0
-0.608650158206921 0.0743294743991844 0.0
-0.605214393169324 0.137864036285386 0.0
-0.601806503228747 0.20176294062986 0.0
-0.598445304329721 0.266071028308859 0.0
-0.595162856061361 0.330810922296863 0.0
-0.592036080164332 0.395922866489128 0.0
-0.589306418213965 0.461094899526656 0.0
-0.587793311246353 0.525247367774492 0.0
-0.584446831382462 -0.612489068006621 0.0
-0.581240359303921 -0.551107487267857 0.0
-0.577899403626813 -0.489602278990679 0.0
-0.574527992308976 -0.427971184321327 0.0
-0.571189817589211 -0.366164687152561 0.0
-0.568081162053383 -0.304215887672091 0.0
-0.56493674098073 -0.242141362438855 0.0
-0.561473534417582 -0.17984556421381 0.0
-0.558048224163496 -0.117373689625804 0.0
-0.554646636390265 -0.0547236092463473 0.0
-0.551266211372703 0.00811252918255433 0.0
-0.547917588100336 0.0711380203345354 0.0
-0.544620864300978 0.134344361639675 0.0
-0.54140478037918 0.197700256190315 0.0
-0.538309063464593 0.261131029523386 0.0
-0.535391227332569 0.324484952061894 0.0
-0.532738974008998 0.387482242543604 0.0
-0.530454178863051 0.449654589584775 0.0
-0.527783593725132 0.51030417952682 0.0
-0.523256141676324 -0.615504927568059 0.0
-0.520022397407637 -0.554124578323915 0.0
-0.516720524400219 -0.492614987130027 0.0
-0.51341898108579 -0.430962879495225 0.0
-0.510177130784395 -0.369165950872696 0.0
-0.507041780798442 -0.307258979676275 0.0
-0.503849385194096 -0.245229056166871 0.0
-0.50049842329701 -0.183034509453113 0.0
-0.497154064486019 -0.120702391895256 0.0
-0.493831999403267 -0.058248514805049 0.0
-0.490543364661045 0.00430828775036931 0.0
-0.487306206262602 0.0669379601221029 0.0
-0.484144940974811 0.129591856966635 0.0
-0.481088341641747 0.192195004835397 0.0
-0.47816582341088 0.254637947303282 0.0
-0.475397586506198 0.316774306906297 0.0
-0.472759019972343 0.378432206331105 0.0
-0.469980102510597 0.439450466427518 0.0
-0.466134546734694 0.499901319237194 0.0
-0.462051179784098 -0.618595751150993 0.0
-0.458815697867297 -0.557231064578376 0.0
-0.45556405257591 -0.495743682247367 0.0
-0.452334529500765 -0.434130055135522 0.0
-0.449154904382748 -0.372400079565905 0.0
-0.446018572451201 -0.31057223830062 0.0
-0.44283128062306 -0.248641413512033 0.0
-0.43955941603367 -0.186599279284799 0.0
-0.436285645263973 -0.124472022990742 0.0
-0.433032368656726 -0.0622872770551374 0.0
-0.429815648591396 -7.89447574613268e-05 0.0
-0.426653726968192 0.0621087603873318 0.0
-0.423566074888884 0.124218708965562 0.0
-0.420569148098505 0.186180834827842 0.0
-0.417667951015571 0.247914996418425 0.0
-0.414836448079774 0.309339678617301 0.0
-0.411955869896694 0.370385700306745 0.0
-0.408656940481287 0.43103346190928 0.0
-0.403910260373509 0.491333550150636 0.0
-0.400831362222148 -0.621783469006299 0.0
-0.397611766423535 -0.560449758288233 0.0
-0.394413574866005 -0.499007119384531 0.0
-0.391246687180587 -0.437457157902334 0.0
-0.38811297514003 -0.375811588471088 0.0
-0.384989088641767 -0.31408494070614 0.0
-0.381821233172723 -0.252282241317952 0.0
-0.378600613640626 -0.190412362804742 0.0
-0.375372283135338 -0.128502707396024 0.0
-0.372157041070902 -0.0665846703826721 0.0
-0.368970282649062 -0.00469439687573779 0.0
-0.365826323022492 0.0571265761520239 0.0
-0.362736698843178 0.118831927261101 0.0
-0.359705080701402 0.180373350362686 0.0
-0.356716967128308 0.241704398156283 0.0
-0.353715159565185 0.302786653501958 0.0
-0.35054099680264 0.363600926009346 0.0
-0.346813971813951 0.424171298031701 0.0
-0.342004484568208 0.484686044555754 0.0
-0.339584759376191 -0.625053634713857 0.0
-0.336393400380629 -0.563755430534153 0.0
-0.333247597834867 -0.502362373329652 0.0
-0.330132574732482 -0.440878591177265 0.0
-0.327032561100516 -0.379316544615468 0.0
-0.323920797553283 -0.317690619589162 0.0
-0.320765816994624 -0.25601236523698 0.0
-0.317567329753153 -0.194297877515035 0.0
-0.314351953339445 -0.132573257799888 0.0
-0.311136651488249 -0.0708674699399559 0.0
-0.30793419094528 -0.00921154981323082 0.0
-0.304754628857933 0.0523622243522721 0.0
-0.301603195722279 0.113821709931205 0.0
-0.298474941914222 0.175137583100754 0.0
-0.295343539223196 0.236286293851518 0.0
-0.29213752435417 0.297256237864745 0.0
-0.288697344751044 0.358061228610175 0.0
-0.284768300597169 0.418778968611179 0.0
-0.280305232238104 0.479594347293711 0.0
-0.278294626170595 -0.628356374065245 0.0
-0.275142003101783 -0.567087297127348 0.0
-0.27204564671902 -0.505735020447492 0.0
-0.268971106469216 -0.44430507796119 0.0
-0.265891989318145 -0.382810115730378 0.0
-0.262782820343239 -0.321264673759733 0.0
-0.259624471352844 -0.25968305718936 0.0
-0.256419385062472 -0.198082909181845 0.0
-0.253184734561846 -0.13648700619704 0.0
-0.249934037055637 -0.0749193608516866 0.0
-0.246677690467134 -0.0134041969464098 0.0
-0.243422904470896 0.0480351227806776 0.0
-0.240171404478743 0.109377280616645 0.0
-0.236914229617422 0.17060519115812 0.0
-0.233621656226591 0.231708649732739 0.0
-0.230226400925007 0.292690806764108 0.0
-0.226613326904365 0.353581880752685 0.0
-0.222682238698632 0.414456063941822 0.0
-0.218508567954885 0.475386959553308 0.0
-0.216944977813758 -0.631620243456508 0.0
-0.213841128935137 -0.570366834062829 0.0
-0.210790385657291 -0.509037994356805 0.0
-0.207744725796727 -0.447640140446479 0.0
-0.204672806354554 -0.386185699755581 0.0
-0.20155235580123 -0.324688827439888 0.0
-0.198371676434116 -0.263164127315989 0.0
-0.195134358619823 -0.201628138293025 0.0
-0.191852855116436 -0.140099810066174 0.0
-0.188538442540089 -0.078598255429142 0.0
-0.185200144234712 -0.0171419880874853 0.0
-0.181843961289305 0.0442519873224314 0.0
-0.178470704935587 0.105569093623315 0.0
-0.175071685991887 0.166799167119225 0.0
-0.171621870118831 0.227939184609567 0.0
-0.168074109933186 0.288999837853422 0.0
-0.164372871152277 0.350015146779971 0.0
-0.160512591954318 0.411043367080255 0.0
-0.156596202824949 0.472150714047428 0.0
-0.155524743122988 -0.634767518616336 0.0
-0.152479197752151 -0.573513058684257 0.0
-0.149469766071447 -0.512186395440064 0.0
-0.146441617688391 -0.45079480001642 0.0
-0.143363210471139 -0.389350355397847 0.0
-0.140216698774887 -0.327866419994528 0.0
-0.136995708921094 -0.266356694613652 0.0
-0.133704920473101 -0.204835739903103 0.0
-0.13035473122731 -0.143319117871265 0.0
-0.126955343607524 -0.0818220984426892 0.0
-0.123515395470873 -0.020359260012739 0.0
-0.120041088117859 0.0410561834206268 0.0
-0.116534586094557 0.102413070220957 0.0
-0.112991455535187 0.163704066304073 0.0
-0.109398523845997 0.224928010350929 0.0
-0.105738165176461 0.286094681035978 0.0
-0.102011408496538 0.347228465786898 0.0
-0.0982838887255137 0.408365132553212 0.0
-0.0947086620980086 0.469545496095949 0.0
-0.094029819887822 -0.637726587774054 0.0
-0.0910507119049405 -0.576454106553797 0.0
-0.0880777434661209 -0.515108149051532 0.0
-0.0850562080510167 -0.45369713902689 0.0
-0.0819584263827623 -0.392232890661031 0.0
-0.0787720294309176 -0.330727787402016 0.0
-0.0754951987828014 -0.269194161838939 0.0
-0.0721340270155286 -0.20764449789572 0.0
-0.0686983525693749 -0.146091633638169 0.0
-0.0651981364904442 -0.0845480728622972 0.0
-0.0616423683988232 -0.0230259134451554 0.0
-0.0580385212746259 0.0384635971784209 0.0
-0.0543919277596456 0.0999105154021094 0.0
-0.0507055066166697 0.161307615293827 0.0
-0.0469822633110507 0.222651795465006 0.0
-0.0432360421959599 0.283946308051987 0.0
-0.0395173600461587 0.345200234866607 0.0
-0.0359535162124611 0.406422235542897 0.0
-0.0328475853662435 0.467619349580082 0.0
-0.0324640052244091 -0.640440326476538 0.0
-0.0295567548368998 -0.579134604221934 0.0
-0.0266144205189064 -0.517750112568262 0.0
-0.0235890507659948 -0.456296788229596 0.0
-0.0204602012548286 -0.394786246800282 0.0
-0.0172218278885418 -0.333229771463261 0.0
-0.0138763787871995 -0.271638114802538 0.0
-0.0104315988783263 -0.210021740349528 0.0
-0.00689751898946469 -0.148391221995249 0.0
-0.00328432388493445 -0.0867569525415071 0.0
0.000398201853018603 -0.0251293125318013 0.0
0.00414060931623046 0.036481623547503 0.0
0.00793319841224838 0.098066411801494 0.0
0.0117640081893151 0.159617454433484 0.0
0.0156127976536053 0.221129943755006 0.0
0.0194369880989871 0.28260344731394 0.0
0.0231458834956925 0.34404196243534 0.0
0.0265572721940639 0.405452798335768 0.0
0.0293509271601926 0.466829183178174 0.0
0.0291616794088012 -0.642870918208412 0.0
0.0319957539503874 -0.5815196100314 0.0
0.0349147805361904 -0.520080876070085 0.0
0.037954071940531 -0.458566318345348 0.0
0.0411243025094576 -0.396987215145832 0.0
0.0444247190386743 -0.33535349717728 0.0
0.0478488761593052 -0.273674091725835 0.0
0.0513873756208088 -0.211957375289418 0.0
0.0550297290254987 -0.150211795087823 0.0
0.058765347277755 -0.0884458489599298 0.0
0.0625834165458644 -0.026668435673866 0.0
0.0664720419586853 0.0351113036624197 0.0
0.0704163483276649 0.0968841407652899 0.0
0.074394401499472 0.158641645174947 0.0
0.0783685816692748 0.220376449267205 0.0
0.0822695249670105 0.282082733261131 0.0
0.085969761870122 0.343754733053426 0.0
0.089249829528382 0.40537933959632 0.0
0.0917766306575972 0.466922161499528 0.0
0.0908301990183632 -0.645002242096177 0.0
0.0935950187506707 -0.583596439814022 0.0
0.0964998627126552 -0.522091842940119 0.0
0.0995627370724966 -0.460501434002608 0.0
0.102783062482736 -0.398835676838636 0.0
0.106153353791671 -0.337102682122636 0.0
0.109663637694912 -0.275309160908401 0.0
0.113303120120264 -0.213461142744476 0.0
0.117060914514186 -0.151564801400599 0.0
0.120926058895723 -0.0896266416441368 0.0
0.124886655911751 -0.0276540316626246 0.0
0.128928153198551 0.0343447404780409 0.0
0.133030190292752 0.0963602641311227 0.0
0.137160842040864 0.158382234730668 0.0
0.141266263837823 0.220398571612394 0.0
0.145253756795828 0.282394139350813 0.0
0.148967638564298 0.344346487515916 0.0
0.152162587606405 0.406217333869035 0.0
0.154492702508476 0.467942901200982 0.0
0.152520530481634 -0.64684108226679 0.0
0.155225860200103 -0.585375660025984 0.0
0.158127285073812 -0.523797877822133 0.0
0.161222594545845 -0.462121211022674 0.0
0.164499736972401 -0.400354458714387 0.0
0.167945186971609 -0.338503227772514 0.0
0.17154618578697 -0.276571459614741 0.0
0.175291029780567 -0.214562379144986 0.0
0.17916872787011 -0.152479479857521 0.0
0.183168173938481 -0.0903268783164681 0.0
0.187276577707586 -0.0281100487005343 0.0
0.191476941875015 0.034163812677609 0.0
0.195743886251915 0.0964850514164011 0.0
0.200036757366363 0.158840881934179 0.0
0.204288436745672 0.221213096433611 0.0
0.208388703684631 0.283574841883635 0.0
0.21216206461345 0.345884532807076 0.0
0.215342766303132 0.408077172002947 0.0
0.217548737686799 0.470059319680237 0.0
0.214209079014291 -0.648418056884883 0.0
0.21687032289677 -0.586892061808412 0.0
0.219779940733744 -0.525238198440243 0.0
0.222914971946243 -0.463468876734015 0.0
0.226253066301848 -0.401590078522912 0.0
0.229775952388425 -0.339604070897808 0.0
0.2334690733542 -0.2775113305566 0.0
0.237320473472767 -0.215311615271129 0.0
0.241319523661445 -0.153005031376192 0.0
0.245455395764023 -0.0905924969462618 0.0
0.249714896569448 -0.0280766588720242 0.0
0.254079323301031 0.034537407949386 0.0
0.258519626220502 0.0972408558750036 0.0
0.262988997818344 0.160019367125865 0.0
0.267411643334228 0.222849276472161 0.0
0.27166682130122 0.285692212739424 0.0
0.275567001687203 0.348486578192249 0.0
0.278826947021452 0.41113666548215 0.0
0.281010570669566 0.473503193722718 0.0
0.275871794037089 -0.64978885607492 0.0
0.278508666982893 -0.588206074152654 0.0
0.281437452411296 -0.52647779869171 0.0
0.284616855127332 -0.464613262261985 0.0
0.288016706604515 -0.402614368196311 0.0
0.291615720823704 -0.340479167549924 0.0
0.295398668343936 -0.278203879709259 0.0
0.299354081922954 -0.215783934845436 0.0
0.303472253773915 -0.153214994094093 0.0
0.307743194920465 -0.0904933964624865 0.0
0.312154057560352 -0.0276171440102174 0.0
0.316685643790787 0.0354131684430751 0.0
0.321307356442537 0.0985924895023164 0.0
0.325969925644484 0.161908632806234 0.0
0.330594855489925 0.22533669841732 0.0
0.335059379461576 0.288830928312889 0.0
0.339173475945298 0.352311633540643 0.0
0.342638738459253 0.415646266062863 0.0
0.344958232257555 0.478625044397308 0.0
0.337485754481686 -0.651035962238186 0.0
0.340119476688142 -0.589405619461112 0.0
0.343075685952428 -0.527609253236722 0.0
0.346300269448844 -0.465650702238223 0.0
0.349758581824841 -0.403526718587082 0.0
0.353428198319669 -0.34123034585938 0.0
0.357294331764196 -0.278752779868463 0.0
0.361346695601848 -0.216084160552284 0.0
0.365577021471083 -0.153214320970919 0.0
0.369976718901101 -0.0901329833036274 0.0
0.37453411805167 -0.026830550604671 0.0
0.379230959113136 0.0367010518759212 0.0
0.384037634495525 0.100466401221937 0.0
0.388906779708661 0.164463407202805 0.0
0.393764323226853 0.228676445667987 0.0
0.398496361870834 0.293065168319981 0.0
0.402926055784401 0.357544213311814 0.0
0.406762848080384 0.421947419617295 0.0
0.409469254291471 0.485966389356579 0.0
0.399029855181461 -0.652270750740086 0.0
0.401678640901822 -0.590608056623426 0.0
0.40466554372226 -0.528754476914652 0.0
0.407931233597866 -0.466707004477765 0.0
0.411439946240779 -0.404456449519653 0.0
0.415169882290418 -0.341990475077025 0.0
0.419107594574935 -0.279294865960777 0.0
0.423244421084096 -0.216353678496776 0.0
0.427573806674698 -0.153149379207256 0.0
0.432088885778116 -0.0896624512435031 0.0
0.436779768826173 -0.0258715714697659 0.0
0.441630309733425 0.0382462508066094 0.0
0.446614097813041 0.102714542192348 0.0
0.451689651640066 0.167555189792726 0.0
0.456794354632813 0.232782477326939 0.0
0.461835821608753 0.298391618832987 0.0
0.466674466662055 0.364333109838728 0.0
0.471075602488402 0.430454166149362 0.0
0.474551296855198 0.496361026262579 0.0
0.460484513433887 -0.65363541218024 0.0
0.46315786897745 -0.591961396236997 0.0
0.466172121763294 -0.530066285858795 0.0
0.46946919046959 -0.467938689840975 0.0
0.473015258514324 -0.405564013292666 0.0
0.476790376076565 -0.342925593222666 0.0
0.480782757391018 -0.280004433912948 0.0
0.48498529138633 -0.216778249715664 0.0
0.489392941259713 -0.153220721673414 0.0
0.494000405175414 -0.0893002221551109 0.0
0.4987995563782 -0.024978893892496 0.0
0.503776603314494 0.0397887869481911 0.0
0.508909001041954 0.105057316698201 0.0
0.514162586960716 0.170891924264826 0.0
0.519489339028023 0.237369042359551 0.0
0.524826281489462 0.304575144967453 0.0
0.530094016076743 0.372595768485144 0.0
0.535186073488135 0.441467576185101 0.0
0.539895572558898 0.510982954842513 0.0
