-0.70119365892324 -0.669411626675193 0.0
0.52876743873237 -0.721414504199804 0.0
-0.626997400820255 0.61237245798111 0.0
0.61237245798111 0.61237245798111 0.0
-0.640054432646961 -0.672859329146985 0.0
0.531135072259857 -0.65999291152188 0.0
0.54560479918712 0.577611856522067 0.0
-0.62955163303369 0.537628558389403 0.0
-0.578893713784037 -0.676050505821249 0.0
0.53395433131822 -0.598314282643411 0.0
0.479388983534325 0.557562708229941 0.0
-0.634446582015481 0.467092787324291 0.0
-0.517739962879965 -0.679266020433155 0.0
0.537125439385495 -0.536354031055094 0.0
0.41457174896504 0.544760069211913 0.0
-0.639054722346072 0.398989446802647 0.0
-0.456582207619594 -0.68256414794097 0.0
0.540588720031396 -0.474095658338595 0.0
0.350816980928031 0.536202968906416 0.0
-0.643306445075325 0.33246176748963 0.0
-0.395404686574898 -0.685962222215883 0.0
0.544306708425658 -0.411523366829087 0.0
0.287817698444729 0.530428608669353 0.0
-0.647324752765806 0.267023114670638 0.0
-0.334183034353994 -0.689446852609474 0.0
0.54825467280462 -0.348618490701143 0.0
0.225368259284403 0.526635447598619 0.0
-0.651201139224393 0.202375861201734 0.0
-0.272889113133252 -0.692968294722243 0.0
0.55241501863912 -0.285357494597587 0.0
0.163335508468257 0.524351243405783 0.0
-0.654990179300176 0.138328841670338 0.0
-0.211498101083788 -0.696452334792875 0.0
0.556773514731868 -0.221710243262029 0.0
0.101631908018433 0.523285027484836 0.0
-0.658721871056318 0.0747548434746556 0.0
-0.149994270876142 -0.699816262749043 0.0
0.561316204938134 -0.157638647540691 0.0
0.0401979094344261 0.523251096846109 0.0
-0.662411796701869 0.0115673995627942 0.0
-0.088373660902629 -0.702982556824955 0.0
0.566026475141874 -0.0930945665024405 0.0
-0.0210079567725943 0.524081245922356 0.0
-0.666068928578825 -0.0512912178448583 0.0
-0.0266448133759058 -0.705888337145481 0.0
0.570881847720946 -0.0280175767576295 0.0
-0.0818521786040101 0.525814107474958 0.0
-0.669704953169417 -0.113856422612399 0.0
0.0351725189237587 -0.708490911149066 0.0
0.575850478925564 0.0376686653562575 0.0
-0.142610700587177 0.528433719067721 0.0
-0.673361478987937 -0.176142755875177 0.0
0.0970493356584743 -0.710770540574345 0.0
0.580887372468455 0.104061594685314 0.0
-0.203318298952831 0.532108932930932 0.0
-0.677278274209642 -0.238143594777503 0.0
0.158950161092537 -0.712731765910195 0.0
0.585930662826193 0.17128866796327 0.0
-0.263907635825513 0.536567178268308 0.0
-0.680300035033815 -0.300075745983107 0.0
0.220835226492184 -0.714404297003894 0.0
0.590898132122497 0.239521896216719 0.0
-0.324397164460739 0.542179163013128 0.0
-0.683510077377065 -0.362001999354845 0.0
0.282663594564844 -0.715844154323652 0.0
0.595684515910349 0.309006104729446 0.0
-0.385139549119071 0.54924704445704 0.0
-0.687259872780065 -0.42377758438677 0.0
0.344396467017247 -0.717135286437774 0.0
0.600160895831464 0.380114441625512 0.0
-0.446201360692833 0.557522443805723 0.0
-0.690871363139403 -0.485377478754095 0.0
0.406001216978528 -0.718391585882722 0.0
0.604189256326036 0.453465884005488 0.0
-0.507009830094619 0.567557927147985 0.0
-0.694490080656309 -0.546818515184097 0.0
0.467457814840871 -0.719758804755471 0.0
0.607765717345933 0.530186680768474 0.0
-0.567982222263272 0.582951004299658 0.0
-0.697805232736098 -0.608157885583672 0.0
-0.63669409326749 -0.611595035160958 0.0
-0.63334189834744 -0.550215832481232 0.0
-0.629758398849701 -0.488708322442246 0.0
-0.626175135320332 -0.427127333483068 0.0
-0.62252264603475 -0.365477742371228 0.0
-0.619281220330571 -0.303669521023933 0.0
-0.616143688531988 -0.241545433089346 0.0
-0.612338255037958 -0.179148451550334 0.0
-0.608681213348829 -0.116607746325228 0.0
-0.605055006308496 -0.0538681746731578 0.0
-0.601427761118419 0.00911607117214248 0.0
-0.597790430890645 0.0723869757739084 0.0
-0.594140617388966 0.135988084432178 0.0
-0.590476275393179 0.199965640481626 0.0
-0.586793380779515 0.264361791167626 0.0
-0.583089421211629 0.329192612140955 0.0
-0.579387572445272 0.394385441434605 0.0
-0.575843247787551 0.459608243249938 0.0
-0.573139647045054 0.523772415225548 0.0
-0.575539913984751 -0.614771992734492 0.0
-0.572125677221813 -0.553401027819644 0.0
-0.568587400875018 -0.491906094037009 0.0
-0.565029901695439 -0.430283649861648 0.0
-0.561516381369032 -0.368481882526043 0.0
-0.558244160622421 -0.306533379802165 0.0
-0.554943738880414 -0.244456846857598 0.0
-0.551324375129279 -0.182155382248702 0.0
-0.547745029718819 -0.119673643465269 0.0
-0.544187467724707 -0.0570098158970816 0.0
-0.540643864147368 0.00584319522235413 0.0
-0.537117852343081 0.0688871361548753 0.0
-0.53361980403396 0.132110768921075 0.0
-0.530164691691841 0.195478416832725 0.0
-0.526772602106252 0.258909048223303 0.0
-0.523472964784754 0.32224307533049 0.0
-0.520313689518439 0.38519462427011 0.0
-0.517345546487869 0.447301896861088 0.0
-0.513836929155226 0.507905716562707 0.0
-0.514357759392397 -0.618002808094597 0.0
-0.510917336935004 -0.556635145085682 0.0
-0.507421371943574 -0.495138073269187 0.0
-0.503938430661858 -0.433497258733901 0.0
-0.500527015015233 -0.371709954493599 0.0
-0.497232779213505 -0.309811391118909 0.0
-0.493888357483485 -0.247789364658673 0.0
-0.490387938815328 -0.185602481129746 0.0
-0.486896352042626 -0.123278597174914 0.0
-0.483425935595861 -0.0608349986047599 0.0
-0.479983159861772 0.00170746307200935 0.0
-0.476579718261791 0.0643160456791554 0.0
-0.473231212728252 0.126938725367434 0.0
-0.469954115182116 0.189496699674068 0.0
-0.466760827551541 0.251877021358214 0.0
-0.463648887082403 0.313931888084635 0.0
-0.460567982498776 0.375492924787687 0.0
-0.457246872276368 0.436409565825629 0.0
-0.452898005952061 0.496760062282897 0.0
-0.453160840965997 -0.621319566038345 0.0
-0.449720527401171 -0.559970988882296 0.0
-0.446279116071553 -0.498500285414226 0.0
-0.442873693735474 -0.436903462994891 0.0
-0.439530264563223 -0.37519059933534 0.0
-0.436240120319886 -0.313380877407796 0.0
-0.432905765467413 -0.251470179205779 0.0
-0.429490682645076 -0.189451174410166 0.0
-0.426076187388352 -0.127351394799279 0.0
-0.422681667874346 -0.0652001550142182 0.0
-0.419318907769143 -0.00303318077674097 0.0
-0.416000218855042 0.0591035747661905 0.0
-0.41273683724921 0.121151782232313 0.0
-0.409533937369742 0.183041551390321 0.0
-0.406381739850997 0.24469566969754 0.0
-0.403237270439844 0.306040357172383 0.0
-0.39997222535311 0.367021586036671 0.0
-0.396253412372629 0.427643269848991 0.0
-0.391270842910879 0.487985815980242 0.0
-0.39194725447812 -0.624743032818671 0.0
-0.388525606321834 -0.56342911319647 0.0
-0.385142602770073 -0.502007832014452 0.0
-0.381805442614347 -0.440480689147187 0.0
-0.378513376290969 -0.37885989412593 0.0
-0.375240502694396 -0.317160897273645 0.0
-0.371930251494166 -0.255389839392396 0.0
-0.368571553872944 -0.193556714913192 0.0
-0.365207775114173 -0.131690114731897 0.0
-0.361856962991319 -0.069822530420953 0.0
-0.358530620406883 -0.00799080933344986 0.0
-0.355237691861232 0.0537636113640991 0.0
-0.351982459372379 0.115395927437854 0.0
-0.348759269608993 0.176861660829044 0.0
-0.345543014716107 0.238121738532572 0.0
-0.342268695822726 0.299150219599469 0.0
-0.338786488336563 0.359946700932057 0.0
-0.334778211866964 0.420558323857008 0.0
-0.329821302166318 0.481170906325737 0.0
-0.330703253056577 -0.628254018863719 0.0
-0.327313666339926 -0.566978598642176 0.0
-0.323988356935837 -0.505610799770291 0.0
-0.320708445628556 -0.444154837687734 0.0
-0.317454885005838 -0.382623810751904 0.0
-0.31419821485204 -0.321033044902285 0.0
-0.310904596327904 -0.259395093794106 0.0
-0.307571889875013 -0.197726957749125 0.0
-0.304225094550595 -0.136055467930285 0.0
-0.30087885565653 -0.0744099410586643 0.0
-0.297542744410053 -0.012821107590336 0.0
-0.294222568895014 0.048680059618362 0.0
-0.290918232492567 0.11006414275114 0.0
-0.287618915111938 0.171306430221893 0.0
-0.284293967342227 0.232390255430672 0.0
-0.28087512028309 0.293312962332556 0.0
-0.277226987934996 0.35409690351446 0.0
-0.273148154665724 0.414817253760802 0.0
-0.268582977403189 0.475628492528511 0.0
-0.269410199275716 -0.631795766942643 0.0
-0.266064335394411 -0.570551167900258 0.0
-0.262793983939244 -0.509226496300025 0.0
-0.259559496255944 -0.447827483072608 0.0
-0.256330831727811 -0.386367435359295 0.0
-0.253079913530381 -0.32486174127212 0.0
-0.249785688768175 -0.263325517029167 0.0
-0.246449216412655 -0.201777032336654 0.0
-0.243086446802041 -0.140239402456835 0.0
-0.239709280735486 -0.0787365286832651 0.0
-0.23632598044625 -0.0172918869011183 0.0
-0.232941118516031 0.0440727363147036 0.0
-0.22955360853709 0.105338607825435 0.0
-0.226152578343131 0.166492337957492 0.0
-0.22271000979665 0.227528369572535 0.0
-0.219169524529132 0.288454521250768 0.0
-0.215442263684961 0.349302786277535 0.0
-0.211457413973343 0.410142585601954 0.0
-0.20729458255876 0.471057791831057 0.0
-0.208050561205608 -0.635289319384953 0.0
-0.204759691625655 -0.574060541143509 0.0
-0.201540604086439 -0.512759790667522 0.0
-0.198339428737915 -0.451393764236561 0.0
-0.19512114765659 -0.389975538610972 0.0
-0.191861229045007 -0.328520015109139 0.0
-0.188546607318106 -0.26704244477847 0.0
-0.185180079356643 -0.205559793944541 0.0
-0.181773514903886 -0.144091131948042 0.0
-0.178337487598135 -0.0826552757019332 0.0
-0.174880167117079 -0.0212699212512823 0.0
-0.171406736879033 0.0400493525550738 0.0
-0.167917802215578 0.101290034149104 0.0
-0.164406426967844 0.162444539669502 0.0
-0.16085394902288 0.223512396898449 0.0
-0.157228000441553 0.2845052804891 0.0
-0.153497333330557 0.345453669295842 0.0
-0.149686089415025 0.406406600338613 0.0
-0.14595490592692 0.467415963032025 0.0
-0.146612358096504 -0.638649975343724 0.0
-0.143387221273187 -0.577418786519817 0.0
-0.14021518275116 -0.516118862058517 0.0
-0.137035438141451 -0.45475785777536 0.0
-0.133813107714012 -0.39334851413946 0.0
-0.130528659753986 -0.331904868055264 0.0
-0.127175036461766 -0.270441155820101 0.0
-0.123756836178215 -0.208972234078718 0.0
-0.120284671312756 -0.147513648066431 0.0
-0.116769075300149 -0.0860802527494951 0.0
-0.113219197247447 -0.0246857199988581 0.0
-0.109642233250031 0.0366582306681668 0.0
-0.106042508794221 0.0979426026457175 0.0
-0.102420202691649 0.159162908769435 0.0
-0.0987711442838245 0.220321339411538 0.0
-0.0950927500709198 0.281431131154376 0.0
-0.0914067700964879 0.342520511414355 0.0
-0.0878076104122763 0.403631999017953 0.0
-0.0845445791828711 0.464818865788991 0.0
-0.085091346943222 -0.641800381602304 0.0
-0.0819411331890805 -0.580548476149266 0.0
-0.0788112883479631 -0.519226285379153 0.0
-0.0756415560104009 -0.4578427679979 0.0
-0.0724016146823278 -0.396410440297791 0.0
-0.0690781941983386 -0.334942330544261 0.0
-0.0656695945250114 -0.273451227143456 0.0
-0.0621826420395564 -0.211949804638427 0.0
-0.0586282995181252 -0.150450759913793 0.0
-0.0550179866989611 -0.088966036570089 0.0
-0.0513626443998427 -0.02750663811736 0.0
-0.0476725802078199 0.0339179646692223 0.0
-0.0439575553182469 0.0953004661891872 0.0
-0.0402275979078366 0.15663733075465 0.0
-0.0364967311412704 0.217930400668006 0.0
-0.032794332802528 0.279189529269828 0.0
-0.0291907839530174 0.340433112687116 0.0
-0.0258418192474352 0.401682695054766 0.0
-0.0230516770016503 0.462942182966949 0.0
-0.0234919419121679 -0.644679210208543 0.0
-0.020422833519494 -0.583390269573058 0.0
-0.0173291808366646 -0.522025235760653 0.0
-0.014158451230385 -0.460594781340319 0.0
-0.0108885826006349 -0.399111300245039 0.0
-0.00751359290047201 -0.337586710391403 0.0
-0.00403695130888281 -0.276032164726516 0.0
-0.000468038619084923 -0.214458244106357 0.0
0.0031809818540353 -0.152875306730972 0.0
0.00689723268745284 -0.0912931234653162 0.0
0.0106674184180902 -0.029720947929873 0.0
0.0144772924704668 0.0318328915884261 0.0
0.0183103582643518 0.0933614142058743 0.0
0.0221449609338845 0.154860210687884 0.0
0.0259474841543718 0.216328193089578 0.0
0.0296581577313692 0.277768572632429 0.0
0.033166193629001 0.339187115949068 0.0
0.036277244537207 0.400584136117361 0.0
0.0387292874852549 0.461932994676483 0.0
0.0381735668840188 -0.647246041666489 0.0
0.041159920911845 -0.585906864100788 0.0
0.0442251221145398 -0.524482235592881 0.0
0.0474075818950662 -0.462984734132139 0.0
0.0507182915249458 -0.401426506658071 0.0
0.0541553425388226 -0.339818120346193 0.0
0.0577102989827405 -0.278168873624758 0.0
0.061371165556077 -0.216487242089463 0.0
0.0651242435660436 -0.154781484566027 0.0
0.0689549414593717 -0.0930595890422804 0.0
0.0728473061967072 -0.0313295794185376 0.0
0.0767826599820794 0.0304006712617392 0.0
0.080737060447746 0.0921235603755023 0.0
0.0846766015133182 0.153832462866703 0.0
0.0885485766041213 0.215521569878267 0.0
0.0922663806986698 0.2771855326427 0.0
0.0956878769639743 0.338816344339357 0.0
0.0985977353275322 0.400395818978206 0.0
0.10069852164922 0.461898917119741 0.0
0.0998863786955131 -0.649483715005782 0.0
0.102794120040919 -0.588084760978895 0.0
0.105840710801868 -0.526588143338938 0.0
0.109045320232421 -0.465008067006688 0.0
0.112406190568113 -0.403355935332857 0.0
0.11591352678595 -0.341640485203261 0.0
0.119554379906879 -0.279868781313395 0.0
0.123314385635496 -0.218046978750436 0.0
0.127178353804692 -0.156181175549358 0.0
0.131130005112014 -0.0942776105120466 0.0
0.135150707909304 -0.0323432056793896 0.0
0.139217260985427 0.0296143437374436 0.0
0.143298231271605 0.0915862763381595 0.0
0.147347898142269 0.153562810899403 0.0
0.151296277028311 0.215531974082272 0.0
0.155034246158438 0.277477970640885 0.0
0.158395090886893 0.339377177928477 0.0
0.161135682118004 0.401193488920143 0.0
0.162923798077847 0.462873789761275 0.0
0.161623376361427 -0.651399513205244 0.0
0.164463130836034 -0.589935237463442 0.0
0.16750291244633 -0.528358769185534 0.0
0.170739391301989 -0.466684997972841 0.0
0.174157762388652 -0.404923662892396 0.0
0.177741059549795 -0.343080936034486 0.0
0.181472608511217 -0.28116107084593 0.0
0.185336203003299 -0.219167444815513 0.0
0.18931549485074 -0.157103609080092 0.0
0.193392801672195 -0.0949736899007733 0.0
0.1975470983365 -0.0327831688008765 0.0
0.201751026762451 0.0294606920976462 0.0
0.20596633673275 0.0917480256305852 0.0
0.210136939678428 0.154065576469287 0.0
0.214178449886988 0.216394335130107 0.0
0.217963790109406 0.278706506683909 0.0
0.221304959587747 0.340960579972809 0.0
0.223931493894959 0.403094889217452 0.0
0.225462709697905 0.46502323418325 0.0
0.223358705241485 -0.653026172545776 0.0
0.226147412344179 -0.591495428301473 0.0
0.229193311137358 -0.529835883768312 0.0
0.232469867589688 -0.468061411824682 0.0
0.235950469120357 -0.406178805556248 0.0
0.239612386897512 -0.344190743457666 0.0
0.243436310861491 -0.282097907612567 0.0
0.2474049346783 -0.219900186418882 0.0
0.25150129726328 -0.157597833865425 0.0
0.255706822951821 -0.0951920056043377 0.0
0.259998689327448 -0.0326857476953355 0.0
0.264346236159898 0.0299152219438257 0.0
0.268705813134512 0.0926010756924914 0.0
0.273013400679066 0.155356105178833 0.0
0.277174089637634 0.218154892924626 0.0
0.281047795659652 0.280957376093143 0.0
0.284429837894741 0.343701373013618 0.0
0.287022125993738 0.406293028325253 0.0
0.288381922909747 0.468597253788166 0.0
0.285066037091497 -0.654423379669352 0.0
0.287825560212657 -0.592830045146468 0.0
0.290890006835927 -0.531088967649609 0.0
0.294212149954161 -0.469210645406539 0.0
0.297756279329871 -0.407197487322435 0.0
0.301495830021163 -0.345047680363204 0.0
0.305410126539251 -0.282757448785121 0.0
0.309481615803808 -0.220322246042403 0.0
0.313693382895278 -0.157737880396066 0.0
0.318026619981811 -0.0950010520488241 0.0
0.322457555931309 -0.0321104352306457 0.0
0.326953512138659 0.0309322755464914 0.0
0.331467524349812 0.0941203665420576 0.0
0.335931000267186 0.157439310154334 0.0
0.340243509320351 0.220861197532369 0.0
0.34425856127078 0.284336926768466 0.0
0.347761857555398 0.347783952609762 0.0
0.350432164429188 0.411068482278824 0.0
0.351756673400009 0.473981588875828 0.0
0.346720275573658 -0.655679988716194 0.0
0.349474379073868 -0.594033778977092 0.0
0.352566990501879 -0.532217565631695 0.0
0.355936162066367 -0.470235926971151 0.0
0.35954080794881 -0.408085625518407 0.0
0.3633526518542 -0.345759443294528 0.0
0.367350934035291 -0.283248281776997 0.0
0.371518670397379 -0.220542092111332 0.0
0.375839616592659 -0.157630722721948 0.0
0.380295393962241 -0.0945042102610164 0.0
0.384862209107221 -0.0311536898296143 0.0
0.38950685040321 0.0324276035049628 0.0
0.3941814982354 0.0962421488362046 0.0
0.398816968002393 0.160284728927968 0.0
0.403313470931167 0.224535359315356 0.0
0.407527189812977 0.288948070521938 0.0
0.411247043920367 0.353430975659449 0.0
0.414145458232977 0.417811493327177 0.0
0.415653053982141 0.481776530257169 0.0
0.408298288402473 -0.656916923438155 0.0
0.411067671946146 -0.595234058388605 0.0
0.41419265967841 -0.533353799632998 0.0
0.41760501660636 -0.471273026628589 0.0
0.421262105129815 -0.408981927861213 0.0
0.425135960694678 -0.346467439231599 0.0
0.429206795301037 -0.283714682948216 0.0
0.433458751102007 -0.220707200969462 0.0
0.437876626585877 -0.157427159300447 0.0
0.442442894220593 -0.0938550372742239 0.0
0.447134426300554 -0.0299699312561478 0.0
0.451918694826923 0.034250114385148 0.0
0.45674914833877 0.0988266934398513 0.0
0.461559631669555 0.163778469712036 0.0
0.466257155550264 0.229114690136574 0.0
0.470711399967326 0.294823070615214 0.0
0.474734766218679 0.360843489182447 0.0
0.478033148819595 0.427009359571826 0.0
0.480054690193002 0.492911906670393 0.0
0.469778440385249 -0.658290322496995 0.0
0.472574286917982 -0.59659337487723 0.0
0.475728498931932 -0.534664821597551 0.0
0.479174035061535 -0.472492167503095 0.0
0.482870202181961 -0.410059637448965 0.0
0.486790771077362 -0.347349447253902 0.0
0.490917357808227 -0.284341547237461 0.0
0.49523524278482 -0.221012663210905 0.0
0.499730158298356 -0.157335577858199 0.0
0.504385356220344 -0.0932779191130966 0.0
0.509178435433807 -0.0288013549019588 0.0
0.514077823125084 0.0361396604262352 0.0
0.519038820648235 0.10159890946055 0.0
0.523999420249806 0.167639736494536 0.0
0.52887577840755 0.234334818878292 0.0
0.533557039503499 0.301763842070577 0.0
0.537896891878956 0.370000596518742 0.0
0.541692501841276 0.439062335203201 0.0
0.544602805112541 0.508712979548488 0.0
