-0.628799161536801 -0.7123062614633 0.0
0.605968147250014 -0.779295050365517 0.0
-0.494543504714966 0.61237245798111 0.0
0.61237245798111 0.61237245798111 0.0
-0.56777299190773 -0.717010266332682 0.0
0.608444245680803 -0.717693107740461 0.0
0.564043628143977 0.555818335180309 0.0
-0.512548040372401 0.529958122516474 0.0
-0.506729225831633 -0.721372080779751 0.0
0.61166471366686 -0.655630372478212 0.0
0.508243163985564 0.52027831562854 0.0
-0.527770650835153 0.453017210423199 0.0
-0.445734201471844 -0.725830888339665 0.0
0.615398960074969 -0.593068385034431 0.0
0.450606286467014 0.497038595888775 0.0
-0.539310556081786 0.379473528774556 0.0
-0.384771261820422 -0.730540184191594 0.0
0.619508219081362 -0.529982347457425 0.0
0.392631803735244 0.481450216195985 0.0
-0.548371611398571 0.308389632580773 0.0
-0.323799667927131 -0.735549773979396 0.0
0.623896625154267 -0.466347547096516 0.0
0.334733386761033 0.470937685493866 0.0
-0.55582781964499 0.239155121642818 0.0
-0.262755666155601 -0.740823151578724 0.0
0.628487439894549 -0.402133400211625 0.0
0.277022502213204 0.464023095159318 0.0
-0.562231460286391 0.171354981565217 0.0
-0.201565640522574 -0.746237437714013 0.0
0.633208952415179 -0.337300645927333 0.0
0.219536803787148 0.459840253683211 0.0
-0.567935227879355 0.104698775676212 0.0
-0.14016363577539 -0.751615170929152 0.0
0.637984512185959 -0.271799499095788 0.0
0.162311639967248 0.457895118332869 0.0
-0.573169847303426 0.0389779016619474 0.0
-0.0785056176646524 -0.75676297837342 0.0
0.642724064882096 -0.205568544842779 0.0
0.105407850905991 0.457984717932257 0.0
-0.578090502642925 -0.025959857035311 0.0
-0.0165766054982084 -0.761502982031517 0.0
0.647315885346075 -0.13853314317594 0.0
0.0489688801533553 0.460928056171574 0.0
-0.582806869736477 -0.0902242039094654 0.0
0.0456081679107868 -0.765692769902536 0.0
0.651617430118758 -0.0706040140262628 0.0
-0.00770905246952358 0.461311178976206 0.0
-0.587409043018789 -0.153889481343841 0.0
0.108006942918414 -0.769235446987361 0.0
0.655444494972231 -0.00167483255001508 0.0
-0.0647889009473825 0.462523121937575 0.0
-0.59201864561904 -0.216994758416261 0.0
0.170557104466817 -0.772083136941611 0.0
0.658557276266848 0.06838099193267 0.0
-0.12123327524905 0.471237335922159 0.0
-0.597114580889979 -0.279531456467475 0.0
0.233181855714887 -0.774237413030157 0.0
0.660641106804286 0.139716018325148 0.0
-0.177468380060584 0.479570956767051 0.0
-0.600802422142696 -0.341983891861023 0.0
0.295795930251817 -0.775749266528777 0.0
0.661277284007181 0.212517416268081 0.0
-0.232831794412704 0.490736964282847 0.0
-0.604808724176822 -0.404386374680885 0.0
0.358311838259889 -0.776720358657546 0.0
0.659895744830093 0.287023894606676 0.0
-0.289173076758981 0.500916984938474 0.0
-0.609774559079739 -0.466445290829856 0.0
0.420646162270981 -0.777306492584546 0.0
0.655693516410784 0.36355836544051 0.0
-0.34631823128014 0.513089488624086 0.0
-0.61464319363164 -0.528209870989096 0.0
0.482726956243347 -0.777724060005776 0.0
0.647494632350402 0.44259964712329 0.0
-0.401145009515173 0.533314524574575 0.0
-0.619589569153573 -0.589723710233406 0.0
0.544504721091861 -0.778260804158517 0.0
0.633580840196052 0.524967210350158 0.0
-0.453565299162631 0.56244951603737 0.0
-0.62413086395475 -0.651079876968812 0.0
-0.563148120240365 -0.655757605888893 0.0
-0.55853564743289 -0.594325379869254 0.0
-0.553632950786971 -0.532683339193334 0.0
-0.548823844784231 -0.470912042401872 0.0
-0.543992131872236 -0.409023617801103 0.0
-0.539903699684677 -0.346795119498971 0.0
-0.536079285961695 -0.283992021886708 0.0
-0.531227140760803 -0.220756071034904 0.0
-0.526632144620521 -0.157217229267508 0.0
-0.522066493163357 -0.093280403851303 0.0
-0.517424219912067 -0.0288640097181722 0.0
-0.512619989222175 0.0361056112024253 0.0
-0.507556306624434 0.101700831011281 0.0
-0.502103866073034 0.167991100896879 0.0
-0.496084740813507 0.235025864084566 0.0
-0.489261868183122 0.30278551257824 0.0
-0.48136755467454 0.371052907176389 0.0
-0.472318046083613 0.439099710324934 0.0
-0.46318343761565 0.504954411203532 0.0
-0.50209102615159 -0.66008701610357 0.0
-0.497378624323192 -0.598653816686848 0.0
-0.492555434325323 -0.537022139861615 0.0
-0.487801609471363 -0.475174517217529 0.0
-0.48322104226998 -0.413010614816091 0.0
-0.479124268478332 -0.350572530830059 0.0
-0.475067704004058 -0.287904110265807 0.0
-0.470554776905638 -0.224849098144993 0.0
-0.466127403805867 -0.16146519070572 0.0
-0.461720765906574 -0.0977492532881657 0.0
-0.457272712166348 -0.033692939230616 0.0
-0.452725954179283 0.0306980880759056 0.0
-0.448017792858633 0.0953884930874213 0.0
-0.443074937752885 0.160289255726603 0.0
-0.437817440754917 0.225216619012233 0.0
-0.432182017117433 0.289831646150926 0.0
-0.426184920311491 0.353573600892187 0.0
-0.420026259728427 0.415661537632227 0.0
-0.413507394831682 0.475333053589989 0.0
-0.441018771804506 -0.664581130668391 0.0
-0.436262249852189 -0.60316967848131 0.0
-0.431521767616726 -0.54155147207979 0.0
-0.426917974450086 -0.47969393332758 0.0
-0.422542315452206 -0.417587679467847 0.0
-0.418456915258427 -0.355287649852161 0.0
-0.414377906592337 -0.292778826108811 0.0
-0.410110800880885 -0.230001207378702 0.0
-0.405888755199482 -0.166999647527529 0.0
-0.401699595169668 -0.103810690453589 0.0
-0.397512549811014 -0.0404818951006992 0.0
-0.393296724486804 0.0229132596820594 0.0
-0.38901959270229 0.0862617749485373 0.0
-0.384644899062305 0.149398358274735 0.0
-0.380132068468757 0.212097631867847 0.0
-0.375435448759165 0.274086572479027 0.0
-0.37049652185243 0.335097133771916 0.0
-0.365159296040505 0.39496061027271 0.0
-0.359099797501641 0.453779228789982 0.0
-0.379951120250918 -0.669344975340961 0.0
-0.375194428209627 -0.607995678700993 0.0
-0.370564977079298 -0.546456675022086 0.0
-0.366124565030863 -0.484717213324305 0.0
-0.361906293177013 -0.422793061126844 0.0
-0.357882081449123 -0.360717304334888 0.0
-0.353878321340573 -0.29849101616599 0.0
-0.349814368729205 -0.236112068935861 0.0
-0.345794288606137 -0.173632256562632 0.0
-0.341821362285446 -0.111110974758752 0.0
-0.337880619666222 -0.04862052062472 0.0
-0.333951808699692 0.0137492872523358 0.0
-0.330007008027481 0.0758910680362212 0.0
-0.326004003051898 0.137687713167719 0.0
-0.32187718463319 0.199030863188776 0.0
-0.317526622544579 0.259853747408692 0.0
-0.31279870943229 0.320171497413693 0.0
-0.307446337152128 0.380123214477358 0.0
-0.301070074522676 0.439969163253617 0.0
-0.318876979949469 -0.674424694326428 0.0
-0.31415404220189 -0.613168722488574 0.0
-0.309647515296805 -0.551755709963022 0.0
-0.305360062741384 -0.49018693106665 0.0
-0.301275788837268 -0.428484531394901 0.0
-0.29733635512891 -0.366678802378363 0.0
-0.293432983279557 -0.304788408995954 0.0
-0.289527838947473 -0.242838954307055 0.0
-0.285667941163973 -0.180884236854316 0.0
-0.281857588226886 -0.11898455784115 0.0
-0.278085820230448 -0.0572047459453743 0.0
-0.274332323451235 0.00438883108719092 0.0
-0.270564457715105 0.0657351947187679 0.0
-0.266731733084822 0.126790972354317 0.0
-0.262760390979234 0.187546209373685 0.0
-0.258548177903633 0.248042702425474 0.0
-0.253952753456575 0.3083913048275 0.0
-0.248751176200218 0.368785117635797 0.0
-0.242458176121606 0.42950113557977 0.0
-0.257758888827911 -0.679767412489546 0.0
-0.253096912245694 -0.618608763978409 0.0
-0.248715570978749 -0.557327033015616 0.0
-0.244564081965991 -0.495929773202104 0.0
-0.240591548098958 -0.434442002031603 0.0
-0.236731716815562 -0.372894456758712 0.0
-0.232912169533697 -0.311314760075507 0.0
-0.229111226081155 -0.249736967368983 0.0
-0.225349582397914 -0.188208378731174 0.0
-0.221629482766893 -0.126777601823917 0.0
-0.217941915473331 -0.0654905264042472 0.0
-0.214269091387142 -0.00438601640668257 0.0
-0.210583286292917 0.0565095870088772 0.0
-0.206845406207921 0.117189209410128 0.0
-0.203004984425185 0.177670280963844 0.0
-0.199000763416226 0.237997589716233 0.0
-0.19475507521523 0.298239959549286 0.0
-0.190135955550458 0.35847815153826 0.0
-0.184736319941909 0.418790496170628 0.0
-0.196546728818761 -0.685233894044782 0.0
-0.191971519330551 -0.624151844688663 0.0
-0.187712739454916 -0.562975578745743 0.0
-0.183675999135424 -0.501715814216503 0.0
-0.179788276411709 -0.440397818583999 0.0
-0.175984339480581 -0.37905137800713 0.0
-0.172213143013356 -0.317705837675889 0.0
-0.168460566089195 -0.256394099543332 0.0
-0.164736514491355 -0.195154034996158 0.0
-0.161043787455653 -0.134021538412069 0.0
-0.157378553529857 -0.0730273255412987 0.0
-0.153731703068374 -0.0121940742278479 0.0
-0.150089399464484 0.0484661438569204 0.0
-0.146434168795169 0.108954442440061 0.0
-0.142747005352557 0.169286110226086 0.0
-0.139008662285681 0.229491733121635 0.0
-0.135193625804444 0.289620542173325 0.0
-0.13123978256399 0.349758772124942 0.0
-0.127067898588559 0.410133609631472 0.0
-0.135191983223188 -0.690636527400461 0.0
-0.130729887237262 -0.629595430719598 0.0
-0.126588777400298 -0.568480325832608 0.0
-0.122643809950303 -0.50730338505327 0.0
-0.118811371845167 -0.446088665701225 0.0
-0.115032191998145 -0.384863679445571 0.0
-0.111270110024817 -0.323655899588207 0.0
-0.107517184805912 -0.262493957981534 0.0
-0.10378145125657 -0.201407432219422 0.0
-0.100069788477119 -0.140422856210524 0.0
-0.096386645231524 -0.0795618418940413 0.0
-0.0927351603417462 -0.0188396295051437 0.0
-0.0891188176109615 0.041735617781536 0.0
-0.0855440866195069 0.10216314298276 0.0
-0.0820244064139811 0.162447857660549 0.0
-0.0785853918087851 0.222597338034465 0.0
-0.0752735589603876 0.282616331802107 0.0
-0.0722057778253723 0.342502709133507 0.0
-0.0699128474751533 0.402235111962483 0.0
-0.0736593025726599 -0.695778530980126 0.0
-0.0693365660650295 -0.634737055664594 0.0
-0.0653074203084194 -0.573631609527694 0.0
-0.0614316927551024 -0.512475511910566 0.0
-0.0576257081269318 -0.451291396986283 0.0
-0.0538401338508112 -0.390104160755306 0.0
-0.0500516905614112 -0.328938217822103 0.0
-0.0462595600733447 -0.267817487056349 0.0
-0.0424750543208614 -0.206764860390234 0.0
-0.03871158420639 -0.145799774794412 0.0
-0.0349833529225764 -0.0849369267331961 0.0
-0.0313065118181494 -0.0241848767453154 0.0
-0.0277012622773818 0.0364552994492307 0.0
-0.0241948627021018 0.0969924226360844 0.0
-0.0208257693134797 0.157448483719627 0.0
-0.0176501705732996 0.217866526227481 0.0
-0.0147623297886731 0.278327357060608 0.0
-0.0123948988336527 0.338979750926662 0.0
-0.0115348931509549 0.40004197785788 0.0
-0.0119331002420551 -0.700483646387721 0.0
-0.00777354829961625 -0.639401572090377 0.0
-0.00384988716274693 -0.578255500896473 0.0
-2.23367417560408e-05 -0.517060585135059 0.0
0.00378330212588286 -0.455838547304485 0.0
0.00760280764051318 -0.394611871900319 0.0
0.0114465931401082 -0.333401706491341 0.0
0.0153069759031411 -0.272227494790115 0.0
0.0191663048138352 -0.211106539133518 0.0
0.023002860863904 -0.15005233453601 0.0
0.0267914059553962 -0.0890733976829572 0.0
0.0305014977935236 -0.0281714354529671 0.0
0.0340945561043724 0.0326610478290011 0.0
0.0375195906561933 0.0934450159543066 0.0
0.0407065415873658 0.154220871737027 0.0
0.0435530862484413 0.215058829830442 0.0
0.0458881341376202 0.276071445884661 0.0
0.0473576476676448 0.33740731285733 0.0
0.0475480501048032 0.399057780464074 0.0
0.0499803204762384 -0.704614049063413 0.0
0.0539585184758298 -0.643456358321388 0.0
0.0577850248350238 -0.582225651841144 0.0
0.0615840588254089 -0.520940009403707 0.0
0.0654120539314918 -0.459620886371056 0.0
0.0692881473846002 -0.398288642228179 0.0
0.0732092812861466 -0.336961284321553 0.0
0.0771580718045734 -0.275654324528116 0.0
0.0811085402481384 -0.214380729187327 0.0
0.0850290623619863 -0.153149908735354 0.0
0.0888816408322065 -0.0919669983713115 0.0
0.0926191075688705 -0.0308315236238912 0.0
0.0961806842741087 0.0302639973699907 0.0
0.0994854357012469 0.0913359616875827 0.0
0.102421836627971 0.152409970951814 0.0
0.10482903514349 0.213517674972728 0.0
0.106462483353721 0.274678227302308 0.0
0.107003372472875 0.335830686633974 0.0
0.106484852322753 0.396792291774271 0.0
0.112054877761605 -0.708078683761782 0.0
0.115842607152559 -0.646817478924437 0.0
0.119583667733502 -0.585466742510753 0.0
0.123373041139447 -0.524048397222534 0.0
0.127242792796722 -0.46258392003906 0.0
0.131193266567778 -0.401091577626939 0.0
0.135207536297296 -0.339586351074109 0.0
0.139257857369603 -0.278080434908678 0.0
0.143308833937406 -0.216583819706785 0.0
0.14731794533254 -0.155104050115792 0.0
0.151233396453369 -0.0936463134486726 0.0
0.154990149709826 -0.0322131717774485 0.0
0.158504265455639 0.0291952047204298 0.0
0.16166513100219 0.0905804279757835 0.0
0.164324465290263 0.151942562083927 0.0
0.166281652045949 0.213273082815514 0.0
0.1672786890339 0.274539081293178 0.0
0.167069913222097 0.335677866130967 0.0
0.165521405250105 0.396729730613636 0.0
0.174248853750253 -0.710835658877651 0.0
0.177848984893379 -0.649450749331121 0.0
0.181520958146677 -0.587953827470416 0.0
0.185319222018836 -0.526370809709406 0.0
0.189247106068582 -0.464722713817264 0.0
0.193285369212131 -0.40302518504842 0.0
0.197403543422424 -0.341289903113939 0.0
0.201563649009744 -0.279525932773983 0.0
0.205720737995336 -0.217741008479015 0.0
0.209821352179508 -0.155942025691131 0.0
0.213800069528842 -0.0941359021140082 0.0
0.217574592096143 -0.0323301908301323 0.0
0.221039365250124 0.0294656895693597 0.0
0.224057532089567 0.0912389379262904 0.0
0.226451089055066 0.152969866923817 0.0
0.227992256797995 0.214627453377723 0.0
0.228408441641359 0.276166814516795 0.0
0.227403419413894 0.33755034389282 0.0
0.22463519287232 0.398782074017607 0.0
0.23651037958618 -0.712892231709568 0.0
0.239939694637645 -0.651371246297372 0.0
0.243563961687978 -0.589711070348221 0.0
0.24738921001235 -0.527940429280764 0.0
0.251388458635415 -0.466078345385819 0.0
0.2555237347487 -0.404136567885212 0.0
0.259752281876786 -0.342122563518131 0.0
0.26402679518344 -0.280041687647812 0.0
0.268293429584821 -0.217899060953029 0.0
0.272488490050475 -0.155700627823474 0.0
0.276533842320728 -0.0934546082054074 0.0
0.280331211421916 -0.0311727532608567 0.0
0.283755243837725 0.0311277414584678 0.0
0.286645292637388 0.0934221120206465 0.0
0.288796326369863 0.155674291202427 0.0
0.289951518918543 0.217833674721839 0.0
0.289798311087102 0.279835114538963 0.0
0.287958455188898 0.341603856192978 0.0
0.283936084821682 0.403050561438746 0.0
0.298782248137184 -0.71430496691134 0.0
0.302071821147033 -0.652643711884555 0.0
0.305673740263028 -0.590812087286932 0.0
0.30954243935323 -0.528838648982834 0.0
0.313622287641207 -0.466737801359 0.0
0.317859115620829 -0.404515444896835 0.0
0.322199979578357 -0.342173320704064 0.0
0.326589734781757 -0.279711749324739 0.0
0.330966764518203 -0.217131869228363 0.0
0.335258193462034 -0.154437057219725 0.0
0.339374324308634 -0.0916348387917378 0.0
0.343202227309463 -0.0287387866473317 0.0
0.34659824318488 0.0342286224220673 0.0
0.349379390774089 0.0972325336602272 0.0
0.351313861772971 0.16022018818005 0.0
0.352111027666919 0.223115314059667 0.0
0.35140833559341 0.28581212022003 0.0
0.348742998109933 0.348167015368205 0.0
0.343484630386886 0.409977615817011 0.0
0.361007123057383 -0.715181797916902 0.0
0.3642004561355 -0.653385323905489 0.0
0.367806548045442 -0.591382944487076 0.0
0.371731298169922 -0.529198141016395 0.0
0.375895449596382 -0.466837340547534 0.0
0.380232582614251 -0.404298326261793 0.0
0.384682224116116 -0.341575302486292 0.0
0.389183138326035 -0.278661754890367 0.0
0.393667199817601 -0.215552700887913 0.0
0.398053452628677 -0.152246195095044 0.0
0.40224176517371 -0.0887455282899447 0.0
0.406105819294083 -0.0250617648423965 0.0
0.40948507699269 0.038782188417937 0.0
0.41217558595334 0.10274603760153 0.0
0.413919190609496 0.166763186844011 0.0
0.414390074681376 0.230729374715212 0.0
0.413173664154105 0.294486661059406 0.0
0.409724680596253 0.3577988866707 0.0
0.403276401635611 0.420308409181518 0.0
0.423131736221169 -0.715687001198409 0.0
0.426279676604224 -0.653771409184564 0.0
0.429912969143172 -0.591607750832367 0.0
0.433899542748586 -0.52920818841116 0.0
0.438144392917281 -0.466567903979942 0.0
0.442573595533504 -0.403674646618638 0.0
0.44712191448357 -0.340513536047171 0.0
0.45172365044008 -0.277069374032087 0.0
0.456305217155516 -0.213328383132651 0.0
0.460778407080024 -0.149279365311495 0.0
0.465033480510562 -0.0849158131628623 0.0
0.468931677401099 -0.0202387362779869 0.0
0.472296672835257 0.0447383713623702 0.0
0.474904615922947 0.109982045523863 0.0
0.476471742870446 0.175425976227663 0.0
0.47663751323675 0.240951682660749 0.0
0.474937222000489 0.306356698741783 0.0
0.470749058426414 0.371300293361781 0.0
0.463168964731913 0.435205732626334 0.0
0.485109164698279 -0.716050086637685 0.0
0.488260392997313 -0.654044307755315 0.0
0.491934413778567 -0.59173613986066 0.0
0.495978895919905 -0.529120729927559 0.0
0.500292320153096 -0.466180266242698 0.0
0.504797882991831 -0.402892114355806 0.0
0.50942783703546 -0.33923189425503 0.0
0.514113050802434 -0.275174310599925 0.0
0.518774922765932 -0.210693757846083 0.0
0.523318179991829 -0.145764618697313 0.0
0.527623525184078 -0.0803626945464511 0.0
0.531539642969863 -0.0144674609025587 0.0
0.534873959198178 0.0519333884311103 0.0
0.537381557568119 0.11883646647974 0.0
0.538750815036899 0.186208470931142 0.0
0.53858337015412 0.253961585320744 0.0
0.53636271749344 0.321905735586233 0.0
0.531396636274984 0.389650341652554 0.0
0.522671207928411 0.45638475117175 0.0
0.546897294021865 -0.716580462991787 0.0
0.550083743081818 -0.654525467802774 0.0
0.553796849486911 -0.592090945420502 0.0
0.557884423567855 -0.529253697725627 0.0
0.562246572253451 -0.465985995431332 0.0
0.566806690762056 -0.402257974489794 0.0
0.571495433067237 -0.33803713782764 0.0
0.576240253185501 -0.273287091843206 0.0
0.58095716703763 -0.207966824613631 0.0
0.585543183672782 -0.142029905329501 0.0
0.589868336950849 -0.0754246524940544 0.0
0.593766743551082 -0.00809460384193099 0.0
0.597025854963694 0.0600196554558411 0.0
0.599372874354111 0.128977217440708 0.0
0.600456220631897 0.198828972147279 0.0
0.599819069057261 0.269602047999472 0.0
0.596860162246603 0.341262328332528 0.0
0.5907755219044 0.413613558156719 0.0
0.580456108674211 0.485974110652523 0.0
