-0.680650963262654 -0.673601932176104 0.0
0.550204042693454 -0.729275867148802 0.0
-0.591050998866558 0.61237245798111 0.0
0.61237245798111 0.61237245798111 0.0
-0.619531478752629 -0.677329726054211 0.0
0.552648398704841 -0.667834185435875 0.0
0.550443268718003 0.573383058734215 0.0
-0.598800781090956 0.537065434426666 0.0
-0.55839070976149 -0.680808862007159 0.0
0.555591824309899 -0.606108234846453 0.0
0.487108984266663 0.550884685499761 0.0
-0.606462434982165 0.465852363801202 0.0
-0.497260913777813 -0.684325007610849 0.0
0.558911178918341 -0.544070018072954 0.0
0.424444820128707 0.536672484025393 0.0
-0.612753748806701 0.397101015636542 0.0
-0.436129548115556 -0.687948018403379 0.0
0.562531616540226 -0.481700880286865 0.0
0.362486670607005 0.527304169435075 0.0
-0.618104769886354 0.330016026457783 0.0
-0.374975995313129 -0.691696305867977 0.0
0.566403675911272 -0.418982951660657 0.0
0.301071711669399 0.521083637272593 0.0
-0.62287357887494 0.264118493217271 0.0
-0.313769670983532 -0.695548957698466 0.0
0.570491304574718 -0.355895118785673 0.0
0.240066389115558 0.517083541856162 0.0
-0.627280577644596 0.199102290490506 0.0
-0.252476347324679 -0.699443078427905 0.0
0.574764627309813 -0.292410871376344 0.0
0.179384002940736 0.514763685883985 0.0
-0.631458155350814 0.1347640745471 0.0
-0.191066454137612 -0.703288972740925 0.0
0.579194853050257 -0.228496568816367 0.0
0.118974970268784 0.513802297764974 0.0
-0.635486268653709 0.0709646918078034 0.0
-0.129521594163187 -0.706988892862518 0.0
0.583749952354763 -0.164110173345007 0.0
0.058817992089473 0.514024119042347 0.0
-0.639413962896617 0.00760711324219425 0.0
-0.0678374440076481 -0.710452510280808 0.0
0.588390459428133 -0.0991993063956905 0.0
-0.0010822334500234 0.515449266878153 0.0
-0.643273419224603 -0.0553753408679227 0.0
-0.00602433855399655 -0.713607223174352 0.0
0.593064861983737 -0.0336992400338819 0.0
-0.0608008917981161 0.516917012380143 0.0
-0.647093142146039 -0.11802548166734 0.0
0.0558943843426424 -0.716403934522071 0.0
0.597704370721646 0.0324704451958799 0.0
-0.120597094651773 0.519223694350684 0.0
-0.650928375489978 -0.180363770779085 0.0
0.117884767852086 -0.718819749270505 0.0
0.602216664623077 0.0994106209518273 0.0
-0.180266766215824 0.523830018506496 0.0
-0.655050464378914 -0.242386645599891 0.0
0.179905398887955 -0.720859186625211 0.0
0.606478079830649 0.167250901693077 0.0
-0.239716385757976 0.528950372170849 0.0
-0.658254919002639 -0.304344963941023 0.0
0.241909920398981 -0.722555113236266 0.0
0.610322635446204 0.23616295537415 0.0
-0.298878156025498 0.53544617186734 0.0
-0.661653431407117 -0.366285456556148 0.0
0.30385045539646 -0.723970229036723 0.0
0.613524879212466 0.306386084839428 0.0
-0.358280414836913 0.54250711848142 0.0
-0.66562514279832 -0.428047760901639 0.0
0.365681255934053 -0.725199435951799 0.0
0.615769998771137 0.378276348566272 0.0
-0.418037677127673 0.550953824004288 0.0
-0.669485607522573 -0.489628276386315 0.0
0.427363234157469 -0.726373121394201 0.0
0.616604083642834 0.452408322965885 0.0
-0.477257142584564 0.562663821367303 0.0
-0.673372461388954 -0.551048461257926 0.0
0.488871220377979 -0.727661075432209 0.0
0.615418687258721 0.529800459354172 0.0
-0.536119314532786 0.579733713100771 0.0
-0.676972329984528 -0.612367360105344 0.0
-0.615880385708659 -0.616082027720329 0.0
-0.612241085994065 -0.554718958605143 0.0
-0.608389005988072 -0.493225469183678 0.0
-0.604560868126822 -0.431655122918365 0.0
-0.600681865442251 -0.370013058826006 0.0
-0.597241526560201 -0.308189870181456 0.0
-0.593932013837917 -0.246030588557175 0.0
-0.589943920492242 -0.183594010102953 0.0
-0.586113167137949 -0.120994469554331 0.0
-0.582309788903974 -0.0581736274880022 0.0
-0.578489125675525 0.00491754710983659 0.0
-0.574626001687718 0.0683236917850364 0.0
-0.570695941988861 0.132089841405233 0.0
-0.566665525245293 0.196261351837169 0.0
-0.562485058657801 0.26087470774998 0.0
-0.558084202590792 0.325931020651976 0.0
-0.553383594032756 0.391325594817911 0.0
-0.548382394822437 0.456668424954552 0.0
-0.543539294237826 0.52080459653024 0.0
-0.554741134705795 -0.61954491237191 0.0
-0.551040383276002 -0.55818795743512 0.0
-0.54723748296089 -0.496705530100583 0.0
-0.543439774950614 -0.435091516947577 0.0
-0.539710519177072 -0.373289256818327 0.0
-0.536249989540097 -0.311330561936181 0.0
-0.53277968791653 -0.24923788759789 0.0
-0.528992193157384 -0.186910430426707 0.0
-0.525251526923888 -0.124392409419299 0.0
-0.521530706537593 -0.0616824292471721 0.0
-0.517810754719177 0.00122518980195496 0.0
-0.514080805219167 0.0643289607327158 0.0
-0.510331576306057 0.127611618966034 0.0
-0.506550872526306 0.191027410341282 0.0
-0.502720968362364 0.254479899791142 0.0
-0.498818689987677 0.317788749502251 0.0
-0.494819700824817 0.380647294616977 0.0
-0.490684990953209 0.442594357800812 0.0
-0.485716952580561 0.503043898199394 0.0
-0.493576294297813 -0.62307938514996 0.0
-0.489850699741106 -0.561730025682936 0.0
-0.486096251496945 -0.500250288087129 0.0
-0.482382866902634 -0.438623670721871 0.0
-0.478768150023221 -0.376846528291309 0.0
-0.4752957889171 -0.314955082697105 0.0
-0.471790309277398 -0.252938071120031 0.0
-0.468136658568405 -0.190754250778738 0.0
-0.464498982076432 -0.128433510895129 0.0
-0.460882441334718 -0.0659962934083168 0.0
-0.4572837332554 -0.0034678866210863 0.0
-0.453701606011228 0.0591128464668057 0.0
-0.450134163942509 0.12168587129565 0.0
-0.446574018561647 0.184162776353469 0.0
-0.443001216745619 0.2464208023779 0.0
-0.439370945167622 0.308305540039009 0.0
-0.435585787320023 0.369651347812799 0.0
-0.431372603951342 0.430326406113389 0.0
-0.426191941025654 0.490429661410724 0.0
-0.432397923419468 -0.626726692245831 0.0
-0.428675107998042 -0.5654040352592 0.0
-0.424983590112077 -0.503960065441235 0.0
-0.421359109991771 -0.442389906826122 0.0
-0.417824702522743 -0.380704031240464 0.0
-0.414367543881186 -0.318923018285767 0.0
-0.410883226861027 -0.257044543796352 0.0
-0.407328928756692 -0.195063239367701 0.0
-0.403783021012639 -0.133009721233716 0.0
-0.400258419574384 -0.0709170640544136 0.0
-0.396757939461463 -0.00882519185777062 0.0
-0.393281778620046 0.0532156961783584 0.0
-0.389824700323735 0.115143880203645 0.0
-0.386369644656519 0.176888650514761 0.0
-0.382877957285563 0.238377426649456 0.0
-0.379273661701587 0.299550881819232 0.0
-0.375408902558395 0.360385142085787 0.0
-0.371013212644302 0.420934239292339 0.0
-0.365676634877727 0.481350332035886 0.0
-0.371201327564155 -0.630506609848997 0.0
-0.367501527163746 -0.569227146129189 0.0
-0.363878000454961 -0.507843533801395 0.0
-0.360333374051636 -0.446357071862648 0.0
-0.35686198349623 -0.384780983147802 0.0
-0.353432720455865 -0.32313255496615 0.0
-0.349983006608998 -0.261420099544847 0.0
-0.346496722557528 -0.199655950766618 0.0
-0.343013440002235 -0.137871390992029 0.0
-0.339545177046928 -0.0761014364361753 0.0
-0.336095140434834 -0.0143847217262537 0.0
-0.332661109781737 0.0472370945865638 0.0
-0.329232564652079 0.108721830640491 0.0
-0.325785048547439 0.170032335451724 0.0
-0.322272120489926 0.231144136756033 0.0
-0.318612537148142 0.292056435802399 0.0
-0.314670635209927 0.352807369676431 0.0
-0.310239562934544 0.41349303548997 0.0
-0.305090280116717 0.474298392098426 0.0
-0.309968772246164 -0.634390844876997 0.0
-0.306307329390277 -0.573157204084215 0.0
-0.302751706602237 -0.511836642666486 0.0
-0.299275353049651 -0.450433527501987 0.0
-0.295852737536473 -0.388962219672086 0.0
-0.292448705839038 -0.327439900745103 0.0
-0.289024136068923 -0.265881110004713 0.0
-0.285572603598747 -0.204304734336527 0.0
-0.282115300171624 -0.142739246759762 0.0
-0.278661600817903 -0.0812148509428681 0.0
-0.275214061568069 -0.0197618428313573 0.0
-0.271769430157267 0.0415912567189815 0.0
-0.268316481094883 0.102820355659108 0.0
-0.264832236692209 0.163909888432647 0.0
-0.261276826131146 0.224856922689723 0.0
-0.25758677792969 0.285676734761695 0.0
-0.253669973266878 0.346409009034445 0.0
-0.249421019061275 0.407124696568818 0.0
-0.244761763735683 0.467919299655522 0.0
-0.24867736045296 -0.638308472599742 0.0
-0.245068187463329 -0.577110356077869 0.0
-0.241578081042019 -0.515839335232171 0.0
-0.238157198855551 -0.454501446217174 0.0
-0.234768016679934 -0.393111242731525 0.0
-0.231376777908097 -0.331685737806466 0.0
-0.227957930684475 -0.270241619065101 0.0
-0.224509076525144 -0.208798425553711 0.0
-0.221043023954482 -0.147380022092668 0.0
-0.217567713078161 -0.0860101618281392 0.0
-0.214086422749222 -0.024710900271294 0.0
-0.210597790750444 0.0364990466640996 0.0
-0.2070944966929 0.097606016535754 0.0
-0.20356118986907 0.158603881346561 0.0
-0.199972191017641 0.21949622018118 0.0
-0.196290430255957 0.280300091684213 0.0
-0.192474175158702 0.341051376373939 0.0
-0.188504917927915 0.401811429727782 0.0
-0.184464790659741 0.462685064786025 0.0
-0.18730596279956 -0.642164635719121 0.0
-0.18376281065275 -0.580983832518142 0.0
-0.18033478501565 -0.519739237718432 0.0
-0.176956189739808 -0.458437936794398 0.0
-0.173584216151707 -0.397094157644371 0.0
-0.170189159047196 -0.335724168621242 0.0
-0.166754448714834 -0.274344423806498 0.0
-0.163280498038996 -0.212972707168189 0.0
-0.159777206046193 -0.151628334041926 0.0
-0.156252922802154 -0.0903295566599131 0.0
-0.152713307790858 -0.029092489619341 0.0
-0.149161133887946 0.0320700410250706 0.0
-0.145595810811722 0.0931494840821895 0.0
-0.142012961985543 0.154143140135151 0.0
-0.138405142985303 0.215055243552196 0.0
-0.134766705820916 0.275898985313461 0.0
-0.131110615932507 0.336697458130779 0.0
-0.127515595344187 0.397480799804729 0.0
-0.124253023404971 0.45827114333191 0.0
-0.125840326074352 -0.645859640777343 0.0
-0.12237645587933 -0.584674728903536 0.0
-0.119006516812404 -0.523429567380986 0.0
-0.115657304954662 -0.462132326679524 0.0
-0.112286585238629 -0.400796848838057 0.0
-0.108870632706567 -0.339438355655876 0.0
-0.105400132275679 -0.278072027265736 0.0
-0.101878615030668 -0.216713235247262 0.0
-0.098316211194249 -0.155377454198729 0.0
-0.0947231939410085 -0.0940786987095583 0.0
-0.0911088072875409 -0.0328288457788215 0.0
-0.0874812874623008 0.0283633211434692 0.0
-0.0838482332473591 0.0894930477473136 0.0
-0.0802177038662415 0.150561442823315 0.0
-0.0766015135823181 0.211577386827778 0.0
-0.0730240780316048 0.272561332955519 0.0
-0.0695445021857147 0.333550107508032 0.0
-0.0663102195111416 0.39460153243851 0.0
-0.0637592860540601 0.455794906684192 0.0
-0.0642755645637292 -0.649303643416383 0.0
-0.0609024692921661 -0.588093492406319 0.0
-0.0575858673316124 -0.526821211365302 0.0
-0.0542536482941889 -0.46549650111667 0.0
-0.0508693029263061 -0.404133017934798 0.0
-0.0474167800449848 -0.342744873594074 0.0
-0.0438936089554353 -0.281345613590806 0.0
-0.0403070717232145 -0.21994818449481 0.0
-0.0366693599992801 -0.158564923591956 0.0
-0.0329937718664598 -0.0972065947590826 0.0
-0.0292940786474316 -0.0358819625765263 0.0
-0.0255851138699016 0.0254031087467745 0.0
-0.0218841878470022 0.0866466725749017 0.0
-0.0182139012649302 0.147852742446381 0.0
-0.0146081029126173 0.209033402858088 0.0
-0.0111243843209081 0.270212355525635 0.0
-0.00786968188978637 0.331427498037724 0.0
-0.00505369808030229 0.392726513923254 0.0
-0.00298356955615629 0.454106426695664 0.0
-0.00261706311637363 -0.652426017766754 0.0
0.000657287036026025 -0.591171986116587 0.0
0.00392671315452291 -0.529849153383478 0.0
0.00725394931276867 -0.468469282408801 0.0
0.0106654005829841 -0.407046029516428 0.0
0.0141680468163388 -0.345592358723768 0.0
0.0177574942967061 -0.284120054595085 0.0
0.0214222026420025 -0.222639804057435 0.0
0.0251468653980869 -0.161161430915458 0.0
0.0289143701351465 -0.0996933715855183 0.0
0.0327056038881795 -0.0382425388765892 0.0
0.0364980275865457 0.0231863214225313 0.0
0.0402630327227582 0.0845912520981461 0.0
0.0439613417392622 0.145974319318393 0.0
0.0475347065962551 0.207341923555247 0.0
0.05089133332983 0.268704390745747 0.0
0.0538824567366459 0.330070236067632 0.0
0.0562901446919544 0.391424242376038 0.0
0.0579646823679566 0.452700447410634 0.0
0.0591205344458026 -0.655180365520804 0.0
0.0622935046518078 -0.593867439449645 0.0
0.065524089097798 -0.53247507217387 0.0
0.06885820258161 -0.471017385495274 0.0
0.0723087578819924 -0.409507964477298 0.0
0.0758727819215362 -0.347958428808812 0.0
0.0795390717609253 -0.286378653518402 0.0
0.0832916390670178 -0.224777185152237 0.0
0.0871115775327319 -0.163161804357801 0.0
0.090977541796987 -0.101539396532765 0.0
0.0948646226030311 -0.0399161717210159 0.0
0.0987420152653024 0.0217025677761228 0.0
0.102569260395221 0.0833124484525553 0.0
0.106290355232451 0.144910320357602 0.0
0.109824471137868 0.206493143102013 0.0
0.113052553710924 0.268055822508395 0.0
0.115804477871228 0.329584921595795 0.0
0.117872539768742 0.391051786971024 0.0
0.119032969992035 0.452450672408577 0.0
0.120915026793373 -0.657546740457456 0.0
0.12399082960023 -0.596164032203348 0.0
0.127193581307572 -0.5346880694554 0.0
0.130546326576063 -0.473135100256605 0.0
0.134046388383059 -0.411518129164769 0.0
0.137680698740832 -0.34984694782134 0.0
0.141431652462391 -0.288129183824096 0.0
0.145279023002024 -0.226371137461127 0.0
0.149200308170827 -0.164578679983216 0.0
0.153169939795932 -0.10275747264961 0.0
0.157157253472787 -0.0409135376956654 0.0
0.161123322013624 0.0209465640254763 0.0
0.165016318682513 0.0828152225991178 0.0
0.168764865556397 0.144683406704264 0.0
0.172268693900661 0.206538854882942 0.0
0.175387502821874 0.268363754545018 0.0
0.17793311595695 0.330131456288833 0.0
0.179666767638361 0.391809759008982 0.0
0.180286863191773 0.453367711942281 0.0
0.182739212668487 -0.659532711757832 0.0
0.185729797033576 -0.598073743524654 0.0
0.188918325651368 -0.536505133718592 0.0
0.192300983349483 -0.474844241632645 0.0
0.195859007502559 -0.413102452664938 0.0
0.199569972631292 -0.351286909234183 0.0
0.203410733591419 -0.289402378142588 0.0
0.207357423195915 -0.227452470368928 0.0
0.211384348465107 -0.165440816448805 0.0
0.215462108778674 -0.10337156590649 0.0
0.219554752013879 -0.0412502714680544 0.0
0.223615891133127 0.0209155400953671 0.0
0.227583398832091 0.0831153310332107 0.0
0.231372297507187 0.145334504868535 0.0
0.234865555366211 0.207551851020774 0.0
0.23790372731699 0.269736884330053 0.0
0.240274233202027 0.331847228297704 0.0
0.241697472312917 0.393826901194888 0.0
0.241798215296253 0.455604189013989 0.0
0.244562814962164 -0.661174455208133 0.0
0.247487789022892 -0.59963756916136 0.0
0.250677407945853 -0.537972306431061 0.0
0.25409988391922 -0.476195184624787 0.0
0.257721694449952 -0.414314444733683 0.0
0.261512667922305 -0.352333473006412 0.0
0.26544539749677 -0.290253291361846 0.0
0.269493274053713 -0.228074017820866 0.0
0.273628104693944 -0.16579621013885 0.0
0.277817328290009 -0.103421555856878 0.0
0.282020494306617 -0.0409540223194469 0.0
0.286184809987293 0.0215991674305801 0.0
0.290239353181861 0.0842258670955644 0.0
0.294087662950457 0.14690703028785 0.0
0.297598400473524 0.209612905273886 0.0
0.300594055525414 0.272298845229887 0.0
0.302836184747067 0.334899869188671 0.0
0.304001288477416 0.397323991933063 0.0
0.30363472219564 0.45944348852756 0.0
0.306355057311093 -0.662538691831693 0.0
0.309240215821067 -0.600927782557014 0.0
0.312446082370521 -0.539167023571719 0.0
0.315915503908948 -0.477269265200248 0.0
0.319603319845148 -0.415237815729065 0.0
0.323473906776501 -0.353071065972926 0.0
0.327497140524732 -0.290765222012012 0.0
0.331644733347307 -0.228315794188837 0.0
0.335886833715211 -0.165718937222674 0.0
0.340188558788168 -0.102972181433109 0.0
0.344505977829829 -0.0400757359034142 0.0
0.348781281034453 0.0229661870642205 0.0
0.352936718732297 0.0861430350863084 0.0
0.356867017415615 0.149434791224844 0.0
0.360429661345849 0.212806293061623 0.0
0.363432079847144 0.276199915474053 0.0
0.365612216656425 0.339524828887841 0.0
0.366603390766978 0.402641558746892 0.0
0.365861100277735 0.465340040232137 0.0
0.368086631305261 -0.663725826835727 0.0
0.370960557630811 -0.602051370809416 0.0
0.374194908752811 -0.540201519984454 0.0
0.377713935953575 -0.478182254952836 0.0
0.381465289092508 -0.415990306258718 0.0
0.385410498562093 -0.353617919370992 0.0
0.389518317624856 -0.291055427853478 0.0
0.393759821512456 -0.228292456282595 0.0
0.398104312592653 -0.165318970810492 0.0
0.402515421657228 -0.102125781008052 0.0
0.406946813391 -0.0387057281720872 0.0
0.411337203153651 0.0249449242984522 0.0
0.415604268002433 0.0888237787787276 0.0
0.4196371049401 0.152918253830108 0.0
0.42328629061003 0.217197878035578 0.0
0.426349737701914 0.281602709872501 0.0
0.428549061798736 0.346023759453476 0.0
0.429483054209017 0.410269980551684 0.0
0.428517664991635 0.474012382014285 0.0
0.429730557930128 -0.664874395948391 0.0
0.432618826572898 -0.603154378502877 0.0
0.435887753948286 -0.541226795421637 0.0
0.439453018816594 -0.479088293159817 0.0
0.443259831723433 -0.416727853077734 0.0
0.44726939544573 -0.354131023025961 0.0
0.451450686063815 -0.291281677330952 0.0
0.455774897019228 -0.228162411567358 0.0
0.460211021800945 -0.164754888425807 0.0
0.464721779287794 -0.101039722695185 0.0
0.469259239899761 -0.0369970937315597 0.0
0.473759881414141 0.0273924472815442 0.0
0.478138690816938 0.0921458538939179 0.0
0.482281962263394 0.157274002730516 0.0
0.486037674948521 0.222773801220516 0.0
0.489201265279847 0.288614204828956 0.0
0.491490646098972 0.354707687992948 0.0
0.492493957621712 0.420850201631513 0.0
0.491530768103791 0.486588606524682 0.0
0.491261438619947 -0.666166660053631 0.0
0.4941787182859 -0.604426440270284 0.0
0.497479539938111 -0.542436699605724 0.0
0.50108059432607 -0.480182937444334 0.0
0.504928977309333 -0.417647224228158 0.0
0.508987348291334 -0.354809703520146 0.0
0.513225526167872 -0.29164834186977 0.0
0.517614972072349 -0.22813797368773 0.0
0.522124393898207 -0.164249652977276 0.0
0.526715654435892 -0.0999496063651969 0.0
0.531339377193864 -0.0351987208814128 0.0
0.535930037641489 0.0300482419112236 0.0
0.540400208093776 0.0958429391787877 0.0
0.544633644295074 0.162243624218707 0.0
0.548476124986 0.229313031838572 0.0
0.551722129103964 0.297112815014344 0.0
0.55409256922147 0.36568497357257 0.0
0.555192984292995 0.434992105136107 0.0
0.554414080136069 0.504711141340249 0.0
