-0.668953764527723 -0.675905934353279 0.0
0.562302989838961 -0.732374672280041 0.0
-0.573264086246491 0.61237245798111 0.0
0.61237245798111 0.61237245798111 0.0
-0.607841340950039 -0.679706341139491 0.0
0.564728228939558 -0.670921978316695 0.0
0.552994316957136 0.571403567938799 0.0
-0.583409785160835 0.536798958306006 0.0
-0.546709029778137 -0.683263680486063 0.0
0.567670708413917 -0.609172718341928 0.0
0.491127671040008 0.547766763728432 0.0
-0.592353469727071 0.465219632539631 0.0
-0.485590888260719 -0.686865219251053 0.0
0.570996380271244 -0.547097720443837 0.0
0.429541132162924 0.532915419027015 0.0
-0.599404158844312 0.396114864119649 0.0
-0.424473712316336 -0.690587612953389 0.0
0.574623607144534 -0.484677590225794 0.0
0.368475495009515 0.523187010151676 0.0
-0.605227113107642 0.328725436196947 0.0
-0.363334400719924 -0.69445055628047 0.0
0.578497676963387 -0.421893648202374 0.0
0.307844111591472 0.516770357834311 0.0
-0.610294751494455 0.262576562532769 0.0
-0.302139071507887 -0.698429713193621 0.0
0.582577592514147 -0.358723717365102 0.0
0.247550229352686 0.512678141739226 0.0
-0.614891019979393 0.197357351833278 0.0
-0.240850193040416 -0.702455596082519 0.0
0.586828046750335 -0.295139920515879 0.0
0.187530376016107 0.510339211023513 0.0
-0.619186966537311 0.132857844381721 0.0
-0.179435545854155 -0.7064305113494 0.0
0.591213694183796 -0.231106961631489 0.0
0.127753687135393 0.509418970513964 0.0
-0.623287540620229 0.0689324841354105 0.0
-0.117875147447005 -0.710248822502105 0.0
0.595694231186993 -0.166580914775339 0.0
0.0682175191513554 0.509749478259654 0.0
-0.627258662150958 0.00547861175871139 0.0
-0.0561642866992877 -0.713813408164354 0.0
0.600219575485684 -0.101507370754028 0.0
0.00895039521987066 0.511462364477805 0.0
-0.631144333382151 -0.0575752226429586 0.0
0.00568597067035438 -0.717046441169845 0.0
0.604724549038977 -0.0358195596501832 0.0
-0.0502310071290467 0.51275094416552 0.0
-0.63498172856471 -0.120275794645599 0.0
0.0676506322684627 -0.719895288725601 0.0
0.609122754955861 0.0305648077002751 0.0
-0.109563406168996 0.514839091910912 0.0
-0.638833212966158 -0.182646803373095 0.0
0.129693390070469 -0.722335156219072 0.0
0.613299033459167 0.0977480288726391 0.0
-0.168724361886428 0.519899025435781 0.0
-0.642986601268847 -0.244686665721638 0.0
0.191769991332779 -0.724370212524254 0.0
0.617099522765231 0.165860253524293 0.0
-0.227632748459313 0.52531235971447 0.0
-0.646211268075404 -0.306662766145104 0.0
0.253830922078402 -0.726034510091594 0.0
0.62031684160231 0.235071928969613 0.0
-0.286165480964609 0.532219445514242 0.0
-0.649634264829068 -0.368614845060803 0.0
0.315824979709976 -0.727393607993945 0.0
0.622665589391823 0.305617488462183 0.0
-0.344953430880257 0.539224044141962 0.0
-0.653648878857848 -0.430375180721682 0.0
0.377703083465632 -0.728547281181986 0.0
0.623737679668405 0.377839941848432 0.0
-0.404113722596354 0.547681697163996 0.0
-0.657566793722876 -0.491950413876904 0.0
0.4394230342403 -0.729633403705054 0.0
0.622920355127245 0.452281122603949 0.0
-0.46256529210569 0.56020379905173 0.0
-0.661520839373267 -0.553364634874511 0.0
0.500957148087656 -0.73083284838877 0.0
0.619301574608702 0.529877474900782 0.0
-0.520434948487675 0.578075445208285 0.0
-0.665196591138777 -0.614677119047864 0.0
-0.604111539789844 -0.618463144185513 0.0
-0.600394963908446 -0.557104368370748 0.0
-0.596475143316372 -0.495613487693818 0.0
-0.592591597805103 -0.434043836081603 0.0
-0.588667289838451 -0.372400585643168 0.0
-0.585196994914607 -0.310564898628103 0.0
-0.581872881503938 -0.248382241882167 0.0
-0.577865703595657 -0.185918688677179 0.0
-0.574021611841472 -0.123281789712606 0.0
-0.570204177780076 -0.0604112438903561 0.0
-0.566362109932988 0.00274386932446693 0.0
-0.56246196444378 0.066229775472704 0.0
-0.558468105652128 0.130092511379246 0.0
-0.554331476502369 0.194377206950799 0.0
-0.549979976083696 0.259117551728822 0.0
-0.545310650804059 0.324306601438162 0.0
-0.540196452149866 0.389821270980918 0.0
-0.534568637237226 0.455235219934442 0.0
-0.528803853394859 0.5193396193577 0.0
-0.542977999400152 -0.622003059211472 0.0
-0.53919996015665 -0.560648877996877 0.0
-0.535331034208688 -0.499168145698847 0.0
-0.531480267238211 -0.437553488704234 0.0
-0.527711455670892 -0.375745757543055 0.0
-0.524226704482178 -0.313776502419654 0.0
-0.520742905859058 -0.251669741096809 0.0
-0.516943964715077 -0.18932216784051 0.0
-0.513196541581969 -0.126778095377804 0.0
-0.509469081150683 -0.0640362086760925 0.0
-0.505736851806843 -0.00109144371485618 0.0
-0.501981651649636 0.0620531021477014 0.0
-0.498184476372069 0.125376997771825 0.0
-0.49432001730665 0.188828990225166 0.0
-0.490352811619922 0.252303905007346 0.0
-0.4862358812474 0.315608970698804 0.0
-0.481913696532337 0.378423476168865 0.0
-0.477310861359202 0.440281122290959 0.0
-0.471745873332188 0.500629565872235 0.0
-0.481821017571478 -0.625624416891281 0.0
-0.478018398688201 -0.564279998586739 0.0
-0.474200780031062 -0.502804474646427 0.0
-0.470439297816279 -0.441180259404295 0.0
-0.466791512761602 -0.379403257989082 0.0
-0.463300311159092 -0.31751020698533 0.0
-0.459786072798264 -0.25549006231972 0.0
-0.45612894150318 -0.193301453107077 0.0
-0.452492697121029 -0.13097546322097 0.0
-0.448878770546603 -0.0685341624488222 0.0
-0.445278876859253 -0.00600518275527373 0.0
-0.441685333636454 0.0565692851075743 0.0
-0.438087784485446 0.119124720977968 0.0
-0.434467602453254 0.181567128623665 0.0
-0.430789973395785 0.243767677066043 0.0
-0.426991122101979 0.30556707083799 0.0
-0.422953275477585 0.366799175620468 0.0
-0.418403855259545 0.427340169646179 0.0
-0.412912906892159 0.487301698733705 0.0
-0.420652129236843 -0.629374119577313 0.0
-0.416853109305957 -0.568060503894837 0.0
-0.413102391602207 -0.506625870009425 0.0
-0.409435570749268 -0.445064906077457 0.0
-0.405874506759336 -0.383388284740323 0.0
-0.402404415371354 -0.321617258137841 0.0
-0.398917334767304 -0.259750272316467 0.0
-0.395367141148581 -0.197782900490102 0.0
-0.391830647460579 -0.135747454461051 0.0
-0.388317405745208 -0.073679026429487 0.0
-0.384825673001618 -0.011619840774819 0.0
-0.381349639345032 0.0503774889310802 0.0
-0.377876071116398 0.112249158913939 0.0
-0.374377292200489 0.173923576195286 0.0
-0.370801027169288 0.235329956203399 0.0
-0.367055864459361 0.296415699555563 0.0
-0.362984643140826 0.357171681400705 0.0
-0.358343817277012 0.417677540032789 0.0
-0.352900215655321 0.478124593234985 0.0
-0.359465217639166 -0.633272117260343 0.0
-0.355690771382113 -0.572006445256766 0.0
-0.352012591829487 -0.510638288248156 0.0
-0.348431471754022 -0.449168842520257 0.0
-0.344939504021914 -0.38761183057254 0.0
-0.341502995565272 -0.32598542991885 0.0
-0.338056234976109 -0.264298982621654 0.0
-0.334580411821175 -0.202566009423558 0.0
-0.331113056394953 -0.140819254114011 0.0
-0.327663012214966 -0.0790951123516228 0.0
-0.324229220808954 -0.0174332510380693 0.0
-0.320803850220048 0.0441244012161498 0.0
-0.317369074698872 0.105536805881409 0.0
-0.313891279230988 0.166770313664502 0.0
-0.310313704065271 0.227807601912637 0.0
-0.306547116363544 0.288660293909467 0.0
-0.302461465853964 0.349385694049097 0.0
-0.297898208802271 0.410104603687995 0.0
-0.292711430443667 0.47100285771854 0.0
-0.298240449357101 -0.637285842041756 0.0
-0.294506814700468 -0.576070234456383 0.0
-0.290901370213385 -0.514770674097162 0.0
-0.287394068391966 -0.453391578448329 0.0
-0.283956245628385 -0.391947912521112 0.0
-0.280549836852004 -0.33045774873489 0.0
-0.277132900522791 -0.268936582325936 0.0
-0.273696659853192 -0.207404256139724 0.0
-0.270260197110128 -0.145890125832699 0.0
-0.266830042577353 -0.0844249002301931 0.0
-0.263405070382183 -0.0230387232388333 0.0
-0.259977391719199 0.0382410399577227 0.0
-0.256530198089938 0.0993928806007417 0.0
-0.25303448726206 0.16040570196051 0.0
-0.249445766997545 0.221283277431718 0.0
-0.245702360250929 0.282049593323529 0.0
-0.241731073756294 0.342752681946033 0.0
-0.237468224920121 0.403461436135043 0.0
-0.232822620352191 0.464243640794037 0.0
-0.236952635582056 -0.641337219691402 0.0
-0.233274806109616 -0.580160087297438 0.0
-0.229739863470379 -0.518914046723879 0.0
-0.2262930722968 -0.457605226681807 0.0
-0.22289316280664 -0.396248746801397 0.0
-0.219503388234097 -0.334862376668318 0.0
-0.216095709715701 -0.273463545603671 0.0
-0.21266573676686 -0.212072418662219 0.0
-0.209224443080822 -0.150713256798676 0.0
-0.205777528557391 -0.08940976752463 0.0
-0.202325551706736 -0.0281833359894291 0.0
-0.198864005402035 0.0329487965277412 0.0
-0.19538232310523 0.0939754065821633 0.0
-0.191862770197328 0.154893844538543 0.0
-0.188280442150199 0.215712033398421 0.0
-0.184606658199492 0.276451390401218 0.0
-0.180820172164816 0.337149677202626 0.0
-0.176924577618518 0.397864919372787 0.0
-0.172999316628007 0.458712483739033 0.0
-0.175578660772358 -0.645323157928439 0.0
-0.171971623332227 -0.58416465795202 0.0
-0.16850387774607 -0.522947020443346 0.0
-0.165103872941255 -0.461677424607749 0.0
-0.161724784329276 -0.400370584282799 0.0
-0.158334082045001 -0.33904337470182 0.0
-0.15491314271129 -0.277712795330947 0.0
-0.151460866982177 -0.216397014133626 0.0
-0.147985847792254 -0.15511547189266 0.0
-0.144495009546379 -0.0938861596333257 0.0
-0.140992465203991 -0.032724448533293 0.0
-0.137479518211171 0.028358123585805 0.0
-0.133954716763635 0.0893548357479826 0.0
-0.130414599630598 0.150265193769686 0.0
-0.126856604675909 0.211095446390445 0.0
-0.123286896525274 0.271859146473588 0.0
-0.119737947833267 0.332575405643368 0.0
-0.116312486437272 0.393264666902227 0.0
-0.113333319124104 0.453933795196765 0.0
-0.114102953687949 -0.649136089054987 0.0
-0.110581269903565 -0.58797316021809 0.0
-0.107176869602471 -0.526754913646754 0.0
-0.103810258244681 -0.465489636310258 0.0
-0.100435285144461 -0.404191603060644 0.0
-0.0970258032085715 -0.342876534728267 0.0
-0.0935710002193083 -0.281560017398814 0.0
-0.0900734930058523 -0.220257644878429 0.0
-0.0865427887057867 -0.15898484813779 0.0
-0.0829886504712749 -0.0977552362769745 0.0
-0.0794199945746347 -0.0365798312817319 0.0
-0.0758451938938749 0.024533973341673 0.0
-0.0722730412676436 0.0855834245499328 0.0
-0.0687149096825988 0.146572273914151 0.0
-0.0651895608708676 0.207512603140527 0.0
-0.0617331803241626 0.268428471858313 0.0
-0.0584210702177013 0.329361332373986 0.0
-0.0554240973229924 0.390377471025218 0.0
-0.0532706061098774 0.451569546149956 0.0
-0.0525201498574981 -0.652679537469047 0.0
-0.0490965450089306 -0.591489593596269 0.0
-0.0457508587606361 -0.530242384661942 0.0
-0.0424048126707598 -0.46894780759331 0.0
-0.039018449699835 -0.407619949904801 0.0
-0.035573916444916 -0.346273360874525 0.0
-0.0320679203480266 -0.284921892032425 0.0
-0.0285075277522668 -0.223578582612241 0.0
-0.0249050969448441 -0.162255570564176 0.0
-0.0212744101164593 -0.100963029612961 0.0
-0.017630182574609 -0.0397086230047487 0.0
-0.0139889976128731 0.0215035532383441 0.0
-0.0103713243956832 0.0826741876941508 0.0
-0.00680522060398796 0.143811038273013 0.0
-0.0033332548959428 0.20493134361082 0.0
-2.54746999568522e-05 0.266065884857784 0.0
0.00299492548473981 0.327262566137536 0.0
0.00549349394221694 0.388582129798979 0.0
0.00716226578275486 0.450018023480313 0.0
0.00916400934354493 -0.655877871808056 0.0
0.012480552002567 -0.594641073791613 0.0
0.0157736692455412 -0.533339982239386 0.0
0.0191115876727534 -0.471986705865008 0.0
0.022523349897832 -0.410595382923506 0.0
0.0260169287207218 -0.349179393302032 0.0
0.0295879707674617 -0.287750763942644 0.0
0.0332243613886874 -0.226320188646524 0.0
0.0369097357128309 -0.164897198947007 0.0
0.0406253939402635 -0.103489555835953 0.0
0.0443498777809723 -0.0421030093339507 0.0
0.048057129158733 0.0192594618356897 0.0
0.051713229008664 0.0805983698068031 0.0
0.055271027957701 0.141918952626894 0.0
0.0586611642234342 0.203231246130603 0.0
0.0617772848919274 0.264548915358078 0.0
0.0644531891631063 0.325881372156871 0.0
0.0664600374113845 0.38720498667971 0.0
0.0677018030303573 0.448434928336272 0.0
0.0709338092571277 -0.658681376587084 0.0
0.0741400092138702 -0.597381774622356 0.0
0.0773890674488369 -0.53600665208762 0.0
0.0807311921669341 -0.474570692813847 0.0
0.0841808279371536 -0.413088053756636 0.0
0.0877350387886008 -0.351570780671364 0.0
0.091381802010815 -0.290028971107348 0.0
0.095103696391054 -0.228471167705027 0.0
0.0988797871409371 -0.166904893879878 0.0
0.10268595389815 -0.105336485185394 0.0
0.106493459412317 -0.043771268549155 0.0
0.110266165779637 0.0177866851142241 0.0
0.113956210426598 0.0793345182747628 0.0
0.117497568325731 0.140870651172665 0.0
0.120796558730576 0.202393155996755 0.0
0.12371920323894 0.263896659942699 0.0
0.126082412139967 0.32536457336021 0.0
0.127682177746385 0.386763046521941 0.0
0.128332501416223 0.448096420439113 0.0
0.132765441056178 -0.661068391123313 0.0
0.135865365180285 -0.599694392563971 0.0
0.1390818205753 -0.538230299769715 0.0
0.142440476099579 -0.476693178969215 0.0
0.145938859454038 -0.415096703870202 0.0
0.149562901099248 -0.353451110375146 0.0
0.153293285831349 -0.291764258110016 0.0
0.157107473070383 -0.230042496713292 0.0
0.160979938894511 -0.168291583707284 0.0
0.164881142331023 -0.106516915103179 0.0
0.168775137440613 -0.0447241161258476 0.0
0.172615963832263 0.0170807266957152 0.0
0.176342556928654 0.0788904308589901 0.0
0.179871813762489 0.140696117838324 0.0
0.183089523954444 0.202485075884399 0.0
0.185840892944021 0.264238126158632 0.0
0.1879275760516 0.325926822372003 0.0
0.189113111549299 0.387520780850679 0.0
0.189112852982556 0.449000629247983 0.0
0.194629749893447 -0.663046277815385 0.0
0.197635806718561 -0.601590896876934 0.0
0.20083403237914 -0.540028138228745 0.0
0.204221186134341 -0.478376418541406 0.0
0.207777267052148 -0.416647843000253 0.0
0.211477808212239 -0.354849981024003 0.0
0.215297093762593 -0.292987829236489 0.0
0.219208091379899 -0.2310651141167 0.0
0.223181125106744 -0.169085528940963 0.0
0.227181673178632 -0.10705328472789 0.0
0.231167134676272 -0.0449740528453716 0.0
0.235082528087846 0.0171443813246542 0.0
0.238854832527839 0.0792909626218001 0.0
0.242385778247002 0.14145017383723 0.0
0.245543167182931 0.203599380124756 0.0
0.248152290264598 0.265706358946027 0.0
0.249988728402339 0.327727832843917 0.0
0.25076861024374 0.389610215612016 0.0
0.250120925775408 0.451289110157507 0.0
0.256494338319196 -0.664652517496529 0.0
0.259427259253649 -0.603113777486306 0.0
0.262623631488245 -0.541447896728142 0.0
0.26604995906432 -0.479672583035748 0.0
0.269670058301204 -0.417796734899762 0.0
0.273450764064033 -0.355824063679914 0.0
0.277361323885205 -0.293755760184376 0.0
0.281371184151099 -0.231592080822417 0.0
0.285447274254228 -0.169333783775879 0.0
0.289550836801178 -0.106982900021645 0.0
0.293633489890988 -0.0445439717431467 0.0
0.297632365996676 0.0179748628294932 0.0
0.301464011643723 0.0805600715782659 0.0
0.305016921396791 0.143190629064497 0.0
0.308142669779547 0.205834195309525 0.0
0.310645921378556 0.268443253358183 0.0
0.312271873473828 0.330950646951478 0.0
0.312684682359035 0.393264450984977 0.0
0.311424658262401 0.45526019554376 0.0
0.318326305036962 -0.665956831693785 0.0
0.321213650157984 -0.604338542360431 0.0
0.324424585148904 -0.542570428965756 0.0
0.327897967074321 -0.480666446120996 0.0
0.331584731217046 -0.418630325781125 0.0
0.335445478995445 -0.356460563048483 0.0
0.339446093195887 -0.294153381630301 0.0
0.343553658310203 -0.231704369896512 0.0
0.347732631531476 -0.169109930038637 0.0
0.351940934935052 -0.106368112586949 0.0
0.356125491411876 -0.0434800418512716 0.0
0.360216965660005 0.0195486021257967 0.0
0.364123355696885 0.0827050509129833 0.0
0.367722241056803 0.145966118866314 0.0
0.370851213262775 0.209292406194215 0.0
0.373295639537277 0.272621146751847 0.0
0.374770293385907 0.335856144546436 0.0
0.374886174686829 0.398853556175928 0.0
0.373083232075257 0.461401411743928 0.0
0.380094352443068 -0.667064745249283 0.0
0.382966956434013 -0.6053776386449 0.0
0.38620593884849 -0.543513617012074 0.0
0.389729617296941 -0.481479354270211 0.0
0.393480835594518 -0.419271578604992 0.0
0.397416795925116 -0.356882304505561 0.0
0.401501756501666 -0.29430163878038 0.0
0.405701582445275 -0.231519117987821 0.0
0.409979151956571 -0.168524863559955 0.0
0.414289972566519 -0.105310198878995 0.0
0.418577401565626 -0.0418689947675357 0.0
0.422767182127638 0.02180071631167 0.0
0.426760893714973 0.0856937198049076 0.0
0.430427980122795 0.149793180815617 0.0
0.433595402101044 0.214062516626023 0.0
0.436033075573683 0.278433488592864 0.0
0.437429968689912 0.342786620740351 0.0
0.43734872069321 0.406918936098247 0.0
0.435122962011707 0.470490344360861 0.0
0.441769732972703 -0.66812276957242 0.0
0.444655534563336 -0.606385562075369 0.0
0.447929586762863 -0.544437034763101 0.0
0.451500436606521 -0.482273760366583 0.0
0.455308040403394 -0.419884183777964 0.0
0.459308953087348 -0.357253242043917 0.0
0.463467283215264 -0.294364276343915 0.0
0.467748515356415 -0.231199505661678 0.0
0.472114551514019 -0.167740449130756 0.0
0.47651911501098 -0.103967922946529 0.0
0.480902843576765 -0.039862831975401 0.0
0.485187775461449 0.0245927445127874 0.0
0.489270799743672 0.0894130101314785 0.0
0.493015617065088 0.154604258984263 0.0
0.496241905001859 0.220156111890969 0.0
0.498709241598855 0.286026323827204 0.0
0.500089643186426 0.352110700874723 0.0
0.499913684549578 0.418181704957784 0.0
0.497437289887661 0.483757011124586 0.0
0.503325399005858 -0.669325209143125 0.0
0.506240857990805 -0.607564476798006 0.0
0.509547575536818 -0.545546772039923 0.0
0.513154984585199 -0.48325674727059 0.0
0.517004872388067 -0.420675550631403 0.0
0.521055090740687 -0.357782427412061 0.0
0.525270294829708 -0.2945544711028 0.0
0.529615789608914 -0.230965675727573 0.0
0.534052569926301 -0.166986333487501 0.0
0.538532667871679 -0.10258208723619 0.0
0.54299415620224 -0.0377135917921526 0.0
0.54735553594599 0.0276639939359446 0.0
0.551509056112617 0.0936008615230516 0.0
0.555312403533233 0.160152029164162 0.0
0.558577215335287 0.227374053188038 0.0
0.561051732306798 0.295317403402737 0.0
0.562391777769271 0.364004168137322 0.0
0.562108859386765 0.433361929507043 0.0
0.559461872650829 0.503009380382706 0.0
