-0.629798038422251 -0.683233702110294 0.0
0.602502094992135 -0.738364943784773 0.0
-0.522364497184753 0.61237245798111 0.0
0.61237245798111 0.61237245798111 0.0
-0.568694748902 -0.68701490288914 0.0
0.604672229488711 -0.676876732530143 0.0
0.560990273085438 0.566092841110042 0.0
-0.538598849897 0.536022127334451 0.0
-0.50757956663951 -0.690574463297728 0.0
0.607394409537888 -0.61505972495009 0.0
0.503499470588537 0.539422980519717 0.0
-0.55084166770214 0.463297038379204 0.0
-0.446491332024384 -0.69420124796564 0.0
0.610505132768077 -0.552883301962746 0.0
0.445051428650222 0.522953325475851 0.0
-0.559766939060957 0.393083452638129 0.0
-0.385415332163968 -0.697994807298883 0.0
0.613905360847291 -0.490327217142917 0.0
0.386564936632337 0.51235880029681 0.0
-0.566659714086994 0.32473881773454 0.0
-0.324321222459216 -0.701981082605232 0.0
0.61752733988944 -0.427371362555925 0.0
0.32818776267854 0.505487657076259 0.0
-0.572308163476026 0.257800295615436 0.0
-0.263165154474473 -0.706127082147519 0.0
0.621317853550937 -0.363991186905034 0.0
0.269930334936613 0.501185655597662 0.0
-0.577174880212309 0.191941459825064 0.0
-0.201899380740642 -0.710344333409064 0.0
0.625227978327 -0.300155443692205 0.0
0.21179533070555 0.498802325667323 0.0
-0.581540690782293 0.126931519811568 0.0
-0.140483266791333 -0.714511263536839 0.0
0.629205586830518 -0.235824572383531 0.0
0.153804719986224 0.497975337831915 0.0
-0.585582091302925 0.0626049942016094 0.0
-0.0788915241967113 -0.718498261991782 0.0
0.633188753323419 -0.170949688558928 0.0
0.0960080669276218 0.498564345644214 0.0
-0.589413712683838 -0.0011582275449228 0.0
-0.0171176983727312 -0.722187298862319 0.0
0.637099144499143 -0.105471031943225 0.0
0.0385094220770675 0.501110806122192 0.0
-0.593114009642526 -0.064444400290609 0.0
0.0448255497805793 -0.725484220612933 0.0
0.640834605360327 -0.039316527985874 0.0
-0.0192090758665547 0.501719465296537 0.0
-0.596745691707924 -0.127312702483608 0.0
0.10690889220502 -0.728325029666168 0.0
0.644260303181749 0.0276007275115899 0.0
-0.0772596300552325 0.502935913688866 0.0
-0.600392280024028 -0.189797212894111 0.0
0.169089646767891 -0.730678322465541 0.0
0.647197174336001 0.0953859490618195 0.0
-0.134983061656081 0.509311102438549 0.0
-0.604390259757348 -0.251903980615644 0.0
0.231315785582584 -0.732546072719247 0.0
0.649405390131497 0.164168755083462 0.0
-0.192441741136595 0.515449773323658 0.0
-0.607431493973743 -0.313944805844245 0.0
0.293529129755696 -0.733964416540237 0.0
0.650557787917645 0.234112140703967 0.0
-0.249295375789702 0.523457942270938 0.0
-0.610688305562422 -0.375943155334558 0.0
0.355669347345968 -0.73500558080162 0.0
0.650193195044426 0.305428494295461 0.0
-0.306532137309696 0.530154013131979 0.0
-0.614594661884383 -0.437712492039517 0.0
0.417678208079589 -0.735781493720271 0.0
0.647627691790715 0.378405677822764 0.0
-0.364203382947175 0.538379775579215 0.0
-0.618450265545735 -0.499287121629149 0.0
0.479504959033035 -0.736449325008567 0.0
0.641778072814271 0.453449142606843 0.0
-0.420570736238416 0.553155214999013 0.0
-0.622370792637959 -0.56069961522906 0.0
0.541114953616517 -0.737219197949309 0.0
0.630840680479668 0.531145575135096 0.0
-0.475861594369177 0.573206427512167 0.0
-0.626040091536344 -0.622007360061755 0.0
-0.564964070398793 -0.625770600738529 0.0
-0.561249393140578 -0.564410500138997 0.0
-0.557360386425329 -0.502911797993596 0.0
-0.553545005096223 -0.441328504164026 0.0
-0.549721587886399 -0.379665446043829 0.0
-0.546401097997184 -0.317778043694695 0.0
-0.54327772318611 -0.255511006717627 0.0
-0.539463863041264 -0.192948468129944 0.0
-0.535834509565359 -0.130180601459869 0.0
-0.532234283587255 -0.0671402034648219 0.0
-0.528592301791069 -0.00376990091401879 0.0
-0.524850851652096 0.0599821360403633 0.0
-0.520941927093967 0.124165945753445 0.0
-0.516771764867416 0.188827142132693 0.0
-0.512205304937893 0.253992138347532 0.0
-0.507050320681126 0.31962994775933 0.0
-0.501055577887455 0.385558482757258 0.0
-0.493995896049013 0.451226179286421 0.0
-0.486134214541031 0.515210996722058 0.0
-0.503839021819489 -0.629308732057731 0.0
-0.500062006760844 -0.567947161534504 0.0
-0.496227918402309 -0.50645527984188 0.0
-0.492452144430135 -0.44482222041104 0.0
-0.488801706319546 -0.382981623891559 0.0
-0.485484732320122 -0.320964659832498 0.0
-0.482205293713831 -0.258798590152464 0.0
-0.478622226811208 -0.196371101960866 0.0
-0.475109309456912 -0.133727754923619 0.0
-0.471621376867028 -0.0708668787728846 0.0
-0.468116734759717 -0.00778468585823951 0.0
-0.464555945072322 0.0555113741285151 0.0
-0.460892536237812 0.11899161054781 0.0
-0.457065287592413 0.182587915215432 0.0
-0.452992157555277 0.246167199884644 0.0
-0.448567414311338 0.309495070425922 0.0
-0.44366569770914 0.372199964551673 0.0
-0.438143443677581 0.433786135790656 0.0
-0.431385508285296 0.493791560177593 0.0
-0.442699553292665 -0.63295937536646 0.0
-0.438897434887277 -0.571613739170748 0.0
-0.435122090355227 -0.51013452327983 0.0
-0.431449969972186 -0.448501077542693 0.0
-0.427939818485977 -0.386708014878123 0.0
-0.424632797780936 -0.324793502108113 0.0
-0.421337632685833 -0.262746209774134 0.0
-0.417920494046596 -0.200523708699552 0.0
-0.414543744961159 -0.138161030777934 0.0
-0.411197761929129 -0.0756849466100008 0.0
-0.407859815847801 -0.0131300634632643 0.0
-0.404504116377923 0.0494512010180014 0.0
-0.401097293167963 0.111980134948795 0.0
-0.397591307878011 0.174344506031445 0.0
-0.39391407622073 0.236394767717196 0.0
-0.389956598902923 0.297953302896642 0.0
-0.385556613005858 0.358847875520978 0.0
-0.380454779487302 0.418974034086265 0.0
-0.374499325502787 0.478480290630615 0.0
-0.381555799573592 -0.636789341117733 0.0
-0.377757953991946 -0.575487148777017 0.0
-0.374060120424311 -0.514064816509479 0.0
-0.370499262400043 -0.452515798439447 0.0
-0.367094919042783 -0.390851315193692 0.0
-0.363827121656947 -0.32909439160804 0.0
-0.360577755245909 -0.267245213947907 0.0
-0.357290981297269 -0.205301898209133 0.0
-0.354038823696655 -0.143302063965248 0.0
-0.350820923674158 -0.0812869330908679 0.0
-0.347622454216162 -0.0193058398986498 0.0
-0.344420848872363 0.0425809306221686 0.0
-0.341181175097618 0.104302632203422 0.0
-0.337847635241632 0.165784051041934 0.0
-0.334332629191084 0.22695852366655 0.0
-0.33050566442157 0.287791948416435 0.0
-0.326187177693337 0.34831692019903 0.0
-0.321200089843453 0.408686283947292 0.0
-0.315737365237872 0.469204174673048 0.0
-0.32039754124098 -0.640821395575337 0.0
-0.316626739101421 -0.579582311758919 0.0
-0.313013665607811 -0.518246090153868 0.0
-0.309555412020077 -0.456813592221411 0.0
-0.306238421995752 -0.395299905686576 0.0
-0.303021815003717 -0.333725616739712 0.0
-0.299830747656827 -0.272102797171737 0.0
-0.296638350352635 -0.210448391892731 0.0
-0.293475929142803 -0.148799650034488 0.0
-0.290342912538725 -0.0871971921285553 0.0
-0.28722591673984 -0.0256839300000318 0.0
-0.284101304172335 0.0356971529023609 0.0
-0.28093113418009 0.0969080758902523 0.0
-0.277657061194264 0.157925107650193 0.0
-0.274194941871265 0.218751331563507 0.0
-0.270434593221236 0.279433605597383 0.0
-0.266259110660742 0.340082893413328 0.0
-0.261624549835859 0.4008879992448 0.0
-0.256567430641138 0.462037915270096 0.0
-0.259198715320568 -0.645011688469895 0.0
-0.255473556920258 -0.58383673015696 0.0
-0.251946243318374 -0.522587494358505 0.0
-0.248577894023792 -0.461268408677518 0.0
-0.24533132680605 -0.399896033458416 0.0
-0.242160097568967 -0.338490832324594 0.0
-0.239013834239228 -0.277070884782307 0.0
-0.235876537347376 -0.215658775919557 0.0
-0.23276075545376 -0.154286527428782 0.0
-0.229664440627361 -0.0929863915999936 0.0
-0.226575681038861 -0.0317881435384395 0.0
-0.223473383577918 0.0292841161555878 0.0
-0.220325242528663 0.0902162193847571 0.0
-0.217085911864437 0.151009687662836 0.0
-0.213698573428901 0.211686951157489 0.0
-0.210105777748587 0.272295614345263 0.0
-0.206280268400089 0.33290517275978 0.0
-0.20225520859743 0.393576848354794 0.0
-0.197889107723026 0.454306790971203 0.0
-0.197927170083029 -0.649261408300362 0.0
-0.194265677731451 -0.588135385983579 0.0
-0.190822359726891 -0.526953637602088 0.0
-0.187529197813705 -0.465722294040949 0.0
-0.184334289337632 -0.404457863585814 0.0
-0.181192005950365 -0.343180068199572 0.0
-0.178066630495004 -0.281908293057317 0.0
-0.174947431824089 -0.22066444094979 0.0
-0.171839507699804 -0.159473935861865 0.0
-0.168741596927142 -0.0983603877950761 0.0
-0.16564609658173 -0.0373433232519105 0.0
-0.162539378596187 0.0235641011642262 0.0
-0.15940173307906 0.0843573483066794 0.0
-0.156208817382494 0.145043142778774 0.0
-0.152937409673318 0.205640821395616 0.0
-0.149579301323311 0.266182812956179 0.0
-0.146161593633366 0.326711210752593 0.0
-0.142735322663016 0.387276613366521 0.0
-0.139352536871182 0.448025672217296 0.0
-0.136553592746861 -0.653442815303249 0.0
-0.132974367294394 -0.592341151375783 0.0
-0.129612206883424 -0.531195898924006 0.0
-0.126379034574143 -0.470014103244842 0.0
-0.123216244645125 -0.408811538085596 0.0
-0.120082622828764 -0.347606548660874 0.0
-0.11695290906724 -0.286417507883209 0.0
-0.113820880734586 -0.225263602998724 0.0
-0.110690628598032 -0.164164644070457 0.0
-0.107564310645855 -0.10313795034315 0.0
-0.104441067262136 -0.0421969470691342 0.0
-0.101317616833605 0.0186501517346937 0.0
-0.0981897491040807 0.0794012045404437 0.0
-0.0950560713701234 0.140060918661338 0.0
-0.0919262526526568 0.200639592802883 0.0
-0.0888356077972882 0.261149540526727 0.0
-0.08586354219184 0.32159622075211 0.0
-0.0831684409860994 0.381970075967241 0.0
-0.0812045046844006 0.442231584097463 0.0
-0.0750581171684586 -0.657424378873656 0.0
-0.0715796616414549 -0.596319192205138 0.0
-0.0682953943235321 -0.535175415767455 0.0
-0.0651075490821169 -0.47400114042184 0.0
-0.0619581071122469 -0.412811469090396 0.0
-0.0588131177413091 -0.351623248307843 0.0
-0.0556565243749248 -0.290453030352311 0.0
-0.0524873617485127 -0.229316960581723 0.0
-0.049312420270068 -0.168230357552958 0.0
-0.0461391241335734 -0.107205770723559 0.0
-0.0429746416454059 -0.0462519918494897 0.0
-0.0398269566993278 0.0146271873444844 0.0
-0.0367073536456805 0.0754341636290347 0.0
-0.0336351693093547 0.13617947455039 0.0
-0.0306460547078257 0.19688355018782 0.0
-0.0278042741635284 0.257580461250065 0.0
-0.0252225041526357 0.318326019632458 0.0
-0.0231264746702939 0.379214343749932 0.0
-0.0222882463999738 0.440378211205336 0.0
-0.0134335467789664 -0.661089182776222 0.0
-0.0100724629200666 -0.599953586116368 0.0
-0.006862066382914 -0.538777540837636 0.0
-0.00370566424237984 -0.47757087662103 0.0
-0.00055240740374427 -0.416348455285353 0.0
0.00262184809865408 -0.355125761627495 0.0
0.00582390786446418 -0.293917327866146 0.0
0.00904847152293133 -0.232736369367214 0.0
0.0122838320747665 -0.171594450519197 0.0
0.0155159351478626 -0.110500125479557 0.0
0.0187284876874053 -0.0494580490307375 0.0
0.0219011196531359 0.011532526217326 0.0
0.025005852589564 0.0724795660844752 0.0
0.0280012605872797 0.133401323018291 0.0
0.030823384709457 0.194329817772058 0.0
0.0333719448880834 0.255316677882829 0.0
0.0354845119627751 0.316439669744609 0.0
0.0368646182306413 0.377797439298117 0.0
0.0372089650337216 0.439373186889498 0.0
0.0483137347265957 -0.664345914595972 0.0
0.0515451029282733 -0.603156520692144 0.0
0.0546873761853353 -0.541918810162974 0.0
0.0578257429126225 -0.480645196077831 0.0
0.0609981592871872 -0.419350726084794 0.0
0.0642168150600599 -0.358049667495927 0.0
0.0674788258034134 -0.296754564527297 0.0
0.0707717635619199 -0.235476053279767 0.0
0.0740775593746289 -0.174222829008065 0.0
0.0773743174813988 -0.113000786214211 0.0
0.0806352864310121 -0.0518124824395397 0.0
0.0838259293323385 0.00934394567237729 0.0
0.0868990854756276 0.0704757649116631 0.0
0.0897876868767759 0.131596849869927 0.0
0.0923941482266671 0.192726987328748 0.0
0.0945751480773102 0.253888286050061 0.0
0.0961201455401691 0.315090582721901 0.0
0.0967734927661423 0.376283287345188 0.0
0.0965883819174568 0.437331097799894 0.0
0.110165254530933 -0.667134127558635 0.0
0.113261226722921 -0.605872196233164 0.0
0.11634397946423 -0.544549143656626 0.0
0.119477709130189 -0.4831805752206 0.0
0.122682914360053 -0.421781852718213 0.0
0.12595835458705 -0.360365989080132 0.0
0.129291189475265 -0.298943593762455 0.0
0.132661397782399 -0.237523171761266 0.0
0.136043752446727 -0.17611156846706 0.0
0.139407761785878 -0.114713690676541 0.0
0.142715427622626 -0.0533325905688787 0.0
0.145917273176357 0.00803078216347156 0.0
0.148946564063264 0.0693772871682657 0.0
0.151711489683236 0.130708898067395 0.0
0.154085194282094 0.192025488300801 0.0
0.155895147653859 0.253319005030356 0.0
0.156924883898869 0.314561974684618 0.0
0.156981812614369 0.375706140568875 0.0
0.155994898211678 0.436788564894385 0.0
0.172092867534256 -0.66942606687882 0.0
0.175056475815048 -0.608077861519758 0.0
0.178092006146948 -0.546651826599889 0.0
0.181234756974171 -0.485166748390614 0.0
0.184484767966682 -0.423637871932527 0.0
0.187826871174835 -0.36207653964894 0.0
0.191238540050483 -0.300491234789449 0.0
0.194692270938821 -0.238888510095657 0.0
0.198155587319487 -0.17727395884787 0.0
0.20158937064746 -0.11565249272016 0.0
0.20494452883574 -0.0540290209333494 0.0
0.20815722447113 0.00759111279253278 0.0
0.211142613300501 0.0692010794217732 0.0
0.213787184928334 0.130791259344593 0.0
0.215940370177681 0.192346174970747 0.0
0.217409247000642 0.253841176295068 0.0
0.21796825256369 0.315241644687779 0.0
0.217388673522413 0.376522518935746 0.0
0.215442221431262 0.437701295216784 0.0
0.234062080142312 -0.671227261670566 0.0
0.236906395880346 -0.60978416478486 0.0
0.239910836151932 -0.548243395172935 0.0
0.243076272681008 -0.486625910736263 0.0
0.2463812787074 -0.42494566292241 0.0
0.249797452282434 -0.363211390546095 0.0
0.253293535489352 -0.301428811617417 0.0
0.256835243960202 -0.239602152318238 0.0
0.260383373337151 -0.177735566763266 0.0
0.263890753099652 -0.115833855835838 0.0
0.267297984206165 -0.0539036092797111 0.0
0.270528032234545 0.00804586343432178 0.0
0.273479625317789 0.0700009997819206 0.0
0.276019715347071 0.131942360873271 0.0
0.277975982615764 0.193841718930121 0.0
0.279132576074194 0.255660214857619 0.0
0.27923232581438 0.317350243135614 0.0
0.2779801922161 0.378863801378052 0.0
0.275023655374939 0.440158886207622 0.0
0.296034691928547 -0.672577526903734 0.0
0.298783018431118 -0.611036383294016 0.0
0.301775418134039 -0.549374866173111 0.0
0.304976210468647 -0.487613806128397 0.0
0.308343829317118 -0.425763923037296 0.0
0.311838548614233 -0.363829926153431 0.0
0.315421965808835 -0.301813661529181 0.0
0.319054174865424 -0.239716060737665 0.0
0.322690173855898 -0.177538856546179 0.0
0.326275670017713 -0.115285611596756 0.0
0.329742030381524 -0.0529632456629333 0.0
0.33300031551327 0.0094165243943701 0.0
0.335934288920086 0.0718349679245748 0.0
0.338392645262933 0.134263841121715 0.0
0.340181091831204 0.196661452109048 0.0
0.341055457986282 0.258969603313116 0.0
0.340715063261481 0.321111824964266 0.0
0.338789278351072 0.382993120903458 0.0
0.334807229226247 0.444497338007611 0.0
0.357972024176794 -0.673553518515919 0.0
0.360656406773668 -0.611917517532195 0.0
0.363656518688999 -0.550135050436781 0.0
0.366902573861449 -0.488223190315364 0.0
0.370336604063872 -0.426186973049331 0.0
0.373910474633239 -0.364025373438461 0.0
0.377580650027534 -0.301734941465358 0.0
0.381303011416266 -0.239311871643053 0.0
0.385027883041392 -0.176753785791416 0.0
0.388694939968729 -0.114060898573378 0.0
0.392227530639738 -0.0512378442580801 0.0
0.395526225643494 0.0117043199567992 0.0
0.398461373404863 0.0747449257946008 0.0
0.400864690030115 0.137849644574854 0.0
0.402519769641667 0.200964153067359 0.0
0.403151040714398 0.264007164670316 0.0
0.402408068693137 0.326862039777284 0.0
0.399837876386936 0.389366235609197 0.0
0.394835760048448 0.451297058923682 0.0
0.41983747264381 -0.67427343244582 0.0
0.422494795495472 -0.612553551355988 0.0
0.425519551536595 -0.550655863614476 0.0
0.428815732695184 -0.48858921618883 0.0
0.432314674360199 -0.426350551961796 0.0
0.435963292911816 -0.363931517398467 0.0
0.43971504417139 -0.301321946591091 0.0
0.443522991117983 -0.238511596743064 0.0
0.447333863599856 -0.175491629492807 0.0
0.451082355286699 -0.112255606346207 0.0
0.454685004898985 -0.048801360865925 0.0
0.458033359924372 0.0148666301669411 0.0
0.460986041144002 0.0787331688108398 0.0
0.463359376280495 0.142766517537287 0.0
0.464915649929271 0.206908661141438 0.0
0.465347077837954 0.271061882017839 0.0
0.464250800833566 0.335068447877742 0.0
0.461086028028698 0.398679859254836 0.0
0.455091577261894 0.461510833870691 0.0
0.481597784730183 -0.674904243641084 0.0
0.484262655461984 -0.613120734565171 0.0
0.487321775732571 -0.551118963935715 0.0
0.49066568674415 -0.488895634096617 0.0
0.494221519378474 -0.426438032953199 0.0
0.497934624124046 -0.363729778817306 0.0
0.50175724840907 -0.300753162847689 0.0
0.505640664503505 -0.237489859532362 0.0
0.50952873901628 -0.173921601164307 0.0
0.513351899928207 -0.110030556445913 0.0
0.517020728527162 -0.0458007342114177 0.0
0.520418785931778 0.0187799753535625 0.0
0.523394105615464 0.0837158027413165 0.0
0.52574860838295 0.148996738905679 0.0
0.52722365307347 0.214586581751312 0.0
0.527478606460032 0.280403132940893 0.0
0.526056286429404 0.346281814412032 0.0
0.522324069061659 0.411907674302073 0.0
0.515355093228619 0.476684941866672 0.0
0.543222081120575 -0.675672022942354 0.0
0.54591636703477 -0.613854350014163 0.0
0.549008399850716 -0.551762513115161 0.0
0.55238911595989 -0.48937941179893 0.0
0.555987242439486 -0.426684199293057 0.0
0.559748906446632 -0.363654144593592 0.0
0.563626004845895 -0.300264394875168 0.0
0.567568306188677 -0.236487077382075 0.0
0.571516937643814 -0.172290872240754 0.0
0.575398158218631 -0.107640414430525 0.0
0.57911662436204 -0.0424965521036415 0.0
0.582547681728945 0.0231832012771149 0.0
0.585527878362532 0.0894429835910441 0.0
0.587842434354864 0.156325546822729 0.0
0.589206873276662 0.223864665171036 0.0
0.589238053068538 0.292069775182589 0.0
0.587406063599029 0.36088932023324 0.0
0.582954568420473 0.430118836179225 0.0
0.574769543874145 0.499149301640931 0.0
