-0.616016944887438 -0.685666344653188 0.0
0.616578372387281 -0.739341390500814 0.0
-0.506676375865936 0.61237245798111 0.0
0.61237245798111 0.61237245798111 0.0
-0.554913267371274 -0.689377478729638 0.0
0.618612474989189 -0.677841306096521 0.0
0.56370143186983 0.564551242876066 0.0
-0.524531047880807 0.5357669680365 0.0
-0.493801154291485 -0.692875038090991 0.0
0.621204794712629 -0.616003100906955 0.0
0.507617898162604 0.537001314539846 0.0
-0.537665762275924 0.462665401896282 0.0
-0.432720791910363 -0.696447431798276 0.0
0.624183128901058 -0.553796278422063 0.0
0.450154461669474 0.520096639130029 0.0
-0.547070982460729 0.392088156905739 0.0
-0.371657095723753 -0.700202139717656 0.0
0.627443543469272 -0.491200710393254 0.0
0.392472327289408 0.50928974919662 0.0
-0.554204702108038 0.32343065770715 0.0
-0.31057748481009 -0.704167744452778 0.0
0.63091472847229 -0.428196125128263 0.0
0.334796079715598 0.502316184760226 0.0
-0.559947731865234 0.256233572921938 0.0
-0.24943495319013 -0.708308947007792 0.0
0.634540159070628 -0.364757457772758 0.0
0.277168977481562 0.497970661075185 0.0
-0.564816042497858 0.190165179934135 0.0
-0.188178460040827 -0.712531453159342 0.0
0.638267179543843 -0.300852609908803 0.0
0.219613604757503 0.495581061360655 0.0
-0.569123593147216 0.124987789046799 0.0
-0.126764601668226 -0.716706116683809 0.0
0.642038974191133 -0.236440877654835 0.0
0.162167844901737 0.494779340934834 0.0
-0.573068636248996 0.0605293698197004 0.0
-0.0651662790606478 -0.7206955974696 0.0
0.645787463286137 -0.171472015025758 0.0
0.104896939881462 0.495435067328677 0.0
-0.576780717601534 -0.00333591535710953 0.0
-0.00337634576882032 -0.72437504287761 0.0
0.649426134931945 -0.105884785698679 0.0
0.0479318979372025 0.498251347254862 0.0
-0.580348917012564 -0.0666991926661838 0.0
0.0585921749219408 -0.727644897828299 0.0
0.652841954720624 -0.0396056762074499 0.0
-0.00935849134095853 0.498602075330741 0.0
-0.583843873463486 -0.129623754655851 0.0
0.120708729261911 -0.730437313428161 0.0
0.65588560155423 0.0274533893085228 0.0
-0.0670267033896127 0.499470844875934 0.0
-0.587355695468584 -0.192147200332015 0.0
0.182928773009071 -0.732718511596282 0.0
0.658358562054959 0.0953981517292122 0.0
-0.124311326413569 0.506269847431453 0.0
-0.591235909577787 -0.254278574791517 0.0
0.245197984851349 -0.734489441795036 0.0
0.659994373895787 0.164357426173849 0.0
-0.181356513643418 0.512601200043266 0.0
-0.594152691706643 -0.316342060353433 0.0
0.30745562272564 -0.73578650287805 0.0
0.660428137298766 0.234490683606856 0.0
-0.237732939254687 0.520929471832913 0.0
-0.59729180260792 -0.378357278579184 0.0
0.36963865258434 -0.736683548150236 0.0
0.659142530119374 0.30600095530837 0.0
-0.294559148903388 0.527499389729117 0.0
-0.601099406539513 -0.440132807754379 0.0
0.431686137082575 -0.737295761879608 0.0
0.655364760589317 0.379153338935077 0.0
-0.351845399477206 0.535579622573499 0.0
-0.604871681511436 -0.501710889064071 0.0
0.493544795820863 -0.737785702768904 0.0
0.647860070471873 0.45429715449054 0.0
-0.407616119026401 0.551022512215797 0.0
-0.608717979393397 -0.563126899261723 0.0
0.555177930495502 -0.738371890780414 0.0
0.634541756575954 0.531873036356892 0.0
-0.462206435007371 0.571709007617322 0.0
-0.612322111940021 -0.624436877299748 0.0
-0.551245779188685 -0.628128955738972 0.0
-0.547594744084101 -0.566764753399493 0.0
-0.543778809803087 -0.505259616602652 0.0
-0.54004855155761 -0.443668132885323 0.0
-0.536321474529447 -0.381994877949021 0.0
-0.533113538167397 -0.320087897821947 0.0
-0.530120345789656 -0.257791205316809 0.0
-0.526436611807471 -0.195193486156175 0.0
-0.522945486768718 -0.132380169708597 0.0
-0.519485811336148 -0.0692815756338992 0.0
-0.515980620122046 -0.0058380467948182 0.0
-0.512364669163506 0.0580042941834583 0.0
-0.508559978733196 0.122297088799755 0.0
-0.504459156087964 0.187086516150241 0.0
-0.499908225620715 0.252397133909757 0.0
-0.494688790063037 0.31819061526552 0.0
-0.488515109127392 0.384265574026181 0.0
-0.481125194858033 0.450027334579127 0.0
-0.47278380883991 0.513975288343469 0.0
-0.490120950292165 -0.631603657737589 0.0
-0.48640712459938 -0.570235611345068 0.0
-0.482647084573309 -0.508736035378465 0.0
-0.478958558510593 -0.447093044705591 0.0
-0.475410021459018 -0.385238101314245 0.0
-0.472211545033617 -0.323202350731828 0.0
-0.469063605211713 -0.261013652787167 0.0
-0.465617578591998 -0.198556439309579 0.0
-0.462249072435197 -0.135876904323822 0.0
-0.458908670577875 -0.0729730655741029 0.0
-0.455549403252527 -0.00984134038161526 0.0
-0.452125307529204 0.053509632323159 0.0
-0.448581639587288 0.117047375395208 0.0
-0.444846677416218 0.180698455330004 0.0
-0.440825369739404 0.244320635791216 0.0
-0.436396833783798 0.307665395566986 0.0
-0.431420349982229 0.370343114594093 0.0
-0.425743044076139 0.431845798594152 0.0
-0.418781796889656 0.491738711211941 0.0
-0.428985162100247 -0.635201029231669 0.0
-0.425245733633024 -0.57385075673243 0.0
-0.421546487578026 -0.512366159205477 0.0
-0.417966007993186 -0.450725680341078 0.0
-0.414563753745573 -0.388923540820177 0.0
-0.41138051159868 -0.326998304277492 0.0
-0.408221657969143 -0.264938282579063 0.0
-0.404949152021727 -0.202700527985636 0.0
-0.401724740535357 -0.140321402247278 0.0
-0.398535350754177 -0.0778290832381866 0.0
-0.395353831147407 -0.0152603330400641 0.0
-0.39214898780128 0.0473291757546027 0.0
-0.388880815111052 0.109856103668273 0.0
-0.385493158088399 0.172202134947244 0.0
-0.381904199023652 0.234210632685575 0.0
-0.377993984206439 0.295697444537609 0.0
-0.373591119417663 0.356487599827287 0.0
-0.368445045739442 0.416482038347503 0.0
-0.36248274338244 0.475839146117102 0.0
-0.367848117954522 -0.638995004055141 0.0
-0.364112704470717 -0.577692252506991 0.0
-0.360493973406653 -0.516269755602149 0.0
-0.357029812280301 -0.454720598630853 0.0
-0.35373934669088 -0.393056153516434 0.0
-0.350601175659276 -0.331299925638077 0.0
-0.347494192830485 -0.269452490366829 0.0
-0.344359587470269 -0.207512688236725 0.0
-0.341267817880561 -0.14551986431203 0.0
-0.338215459827231 -0.083517175966062 0.0
-0.33518373593594 -0.0215562284780418 0.0
-0.332145155554601 0.0403002018967564 0.0
-0.329058586997628 0.101979065536842 0.0
-0.325860415136445 0.163403867135796 0.0
-0.322453486199379 0.224509100833947 0.0
-0.318697139552975 0.28526633342313 0.0
-0.314406779558056 0.345720924325841 0.0
-0.309423770604681 0.406047583084602 0.0
-0.30404837677708 0.466582374757674 0.0
-0.306698347829048 -0.643009874688724 0.0
-0.302990179757347 -0.581775267597012 0.0
-0.299459703860247 -0.52044543063572 0.0
-0.296103327914721 -0.459021106694342 0.0
-0.292906004306014 -0.397517771557232 0.0
-0.289824761746621 -0.335956694350495 0.0
-0.286782000762481 -0.274350708281564 0.0
-0.283748348021673 -0.212717799257124 0.0
-0.280753129417564 -0.151096660206355 0.0
-0.277792861816422 -0.0895292446446701 0.0
-0.274850437556444 -0.0280594887180421 0.0
-0.271897555493272 0.0332692879188542 0.0
-0.268890474204368 0.0944200631122033 0.0
-0.265763875757703 0.155372207074755 0.0
-0.262426094659223 0.216135116770921 0.0
-0.2587614420095 0.276766344467264 0.0
-0.254656700216685 0.337392658304276 0.0
-0.250096522394359 0.398221965641584 0.0
-0.245155239793689 0.459443529595468 0.0
-0.245507861288069 -0.647198635126625 0.0
-0.241846216468924 -0.58603296011483 0.0
-0.238405258707704 -0.524796399967846 0.0
-0.235143758630035 -0.463493337069228 0.0
-0.232022086339407 -0.402140770465013 0.0
-0.228991276556454 -0.340759838573417 0.0
-0.225998350862281 -0.279369357547969 0.0
-0.2230250265276 -0.217992739311356 0.0
-0.220081769934616 -0.156662839016932 0.0
-0.217163862543292 -0.0954123785263268 0.0
-0.214256118169199 -0.0342710011191866 0.0
-0.21133353936759 0.026738222578248 0.0
-0.208359360856192 0.0876033983641877 0.0
-0.205283674611642 0.14832988762065 0.0
-0.20204637632753 0.208945657633252 0.0
-0.198591314474181 0.269505037075992 0.0
-0.194903138672073 0.330083068266835 0.0
-0.191037921329689 0.390737728645074 0.0
-0.186833528850012 0.451446019160063 0.0
-0.184242311716987 -0.651456077877449 0.0
-0.180646137210286 -0.590343084550432 0.0
-0.177293108580012 -0.529178983430397 0.0
-0.174111376263247 -0.467969818414263 0.0
-0.171045850636606 -0.406732446619234 0.0
-0.168048155501165 -0.345487118488179 0.0
-0.165080139985595 -0.28425376299102 0.0
-0.162129024701167 -0.22305479062651 0.0
-0.159198007649182 -0.161915977208811 0.0
-0.156283632922206 -0.100860897019864 0.0
-0.153375801950873 -0.039908509454874 0.0
-0.150458189221794 0.0209292512899917 0.0
-0.147508479177345 0.0816498096458759 0.0
-0.144500542178022 0.142262568405926 0.0
-0.141411707093199 0.202789999404517 0.0
-0.138239185056307 0.26326735715919 0.0
-0.135021958119521 0.323737609242169 0.0
-0.131820589992189 0.384249698160654 0.0
-0.128671703948501 0.444960399127533 0.0
-0.122870389483253 -0.65564663144614 0.0
-0.119359431691505 -0.594560290809853 0.0
-0.116091685806658 -0.533435835160632 0.0
-0.112974117568147 -0.472280140974535 0.0
-0.109944484008084 -0.411109204736219 0.0
-0.10695881003303 -0.349941742103034 0.0
-0.103989667530023 -0.288796491989362 0.0
-0.10102912217021 -0.227692930767863 0.0
-0.0980797580511208 -0.166650984704098 0.0
-0.0951421809255055 -0.10568779162878 0.0
-0.0922139704079468 -0.0448162420826068 0.0
-0.0892904666423592 0.0159563416716801 0.0
-0.0863666826970021 0.0766289865550991 0.0
-0.0834418687783763 0.137207590420389 0.0
-0.080529112545573 0.197703054975454 0.0
-0.0776714646976775 0.258126433209304 0.0
-0.0749601590769923 0.318478043656616 0.0
-0.0725664905735405 0.378738140839062 0.0
-0.0709798671319736 0.438851832969372 0.0
-0.0613708002590449 -0.659631029479127 0.0
-0.0579648470708109 -0.598541963106119 0.0
-0.0547793680314937 -0.537420243335224 0.0
-0.0517109676976185 -0.476273738494867 0.0
-0.0486978635506227 -0.415117684686857 0.0
-0.0457035421293141 -0.353969188963421 0.0
-0.0427101527853136 -0.292845049121641 0.0
-0.0397154488900372 -0.231761562916829 0.0
-0.0367252203535759 -0.170734027800202 0.0
-0.033746032322213 -0.109774711168732 0.0
-0.0307844060973041 -0.0488918042141237 0.0
-0.0278481147712972 0.0119118655685143 0.0
-0.0249490822267186 0.0726400603697917 0.0
-0.0221087941832209 0.133305108773914 0.0
-0.0193673476404458 0.193929686783207 0.0
-0.0167960689488986 0.254550778746818 0.0
-0.0145163970112986 0.315228940706382 0.0
-0.0127669978775931 0.376068085901644 0.0
-0.0123901982194684 0.437214002799903 0.0
0.000264320304757405 -0.66328567453675 0.0
0.00354736787749241 -0.602165650811483 0.0
0.00665432734020196 -0.541011212674058 0.0
0.00968770108120796 -0.479831981754369 0.0
0.0127018998127749 -0.418642927248124 0.0
0.0157232354498484 -0.357459737372493 0.0
0.0187598296562009 -0.296297107664443 0.0
0.021807153967643 -0.23516829451773 0.0
0.024853920122264 -0.174084700017565 0.0
0.0278861976298497 -0.113054418784651 0.0
0.030887412156683 -0.0520812453983629 0.0
0.0338362555424181 0.00883696432681125 0.0
0.0367027540240765 0.0697103008261646 0.0
0.0394418980169569 0.130560138451428 0.0
0.0419840825417593 0.191423015650796 0.0
0.0442212635982123 0.252357125790439 0.0
0.0459811597736583 0.313449806956532 0.0
0.0469510758393757 0.374811564495645 0.0
0.0468322962212907 0.436422522476319 0.0
0.0620284829413258 -0.666514050699234 0.0
0.065175111441659 -0.605338567794557 0.0
0.0682090716443485 -0.544120585952063 0.0
0.0712210480250031 -0.482872412516649 0.0
0.0742520420177715 -0.421609246271356 0.0
0.0773158388216469 -0.360345552095656 0.0
0.0804102936105008 -0.299093997280166 0.0
0.0835231606203105 -0.237865194831034 0.0
0.0866361206695859 -0.176667602293607 0.0
0.0897265709997722 -0.115506582530924 0.0
0.0927664244172708 -0.0543837793444237 0.0
0.0957188751527181 0.00670405999228685 0.0
0.0985331336681894 0.0677661393386809 0.0
0.101136645587129 0.128818794691823 0.0
0.10342409168181 0.189884532610959 0.0
0.105242110790185 0.250987617022703 0.0
0.106368213489152 0.312137236503466 0.0
0.106540058376013 0.373273502237996 0.0
0.105855996933522 0.434246850701975 0.0
0.123902446187899 -0.669252052009385 0.0
0.126906078619798 -0.608001485328567 0.0
0.129875554055232 -0.546695146455099 0.0
0.132879776542585 -0.485348730319929 0.0
0.135941492174853 -0.423977857381874 0.0
0.139060337447336 -0.362595782528597 0.0
0.14222355586373 -0.301213256635128 0.0
0.145410652552368 -0.239838788158432 0.0
0.148595408270793 -0.178479057233417 0.0
0.151745713886251 -0.117138605648964 0.0
0.154821098370605 -0.055819900975596 0.0
0.157768422968208 0.00547689480099014 0.0
0.160515704676701 0.0667535301345768 0.0
0.162963936195652 0.128012701262317 0.0
0.164977023744871 0.189254314050561 0.0
0.166371755308897 0.250468816383595 0.0
0.166922527154746 0.31162475908623 0.0
0.166440679102934 0.372669681259628 0.0
0.164893129766393 0.433652387320958 0.0
0.185856803815629 -0.671469698736645 0.0
0.188719980166656 -0.610129616829633 0.0
0.19163740762144 -0.548716395078962 0.0
0.194647864573896 -0.487249181094506 0.0
0.19775261582271 -0.425743623174169 0.0
0.20093655844604 -0.364211379487882 0.0
0.204176555783293 -0.302661139284316 0.0
0.207443949080746 -0.241099565112967 0.0
0.210704505306571 -0.17953228130494 0.0
0.213916569629348 -0.117964173279286 0.0
0.217027466845514 -0.0564001064172916 0.0
0.219968403635403 0.00515455656743015 0.0
0.222647885529875 0.0666927575479898 0.0
0.224943864483716 0.128204207906113 0.0
0.226695534222659 0.189672049114362 0.0
0.227699162122383 0.251069414831241 0.0
0.227721339496313 0.312359465987536 0.0
0.226536152006478 0.373518918033488 0.0
0.223935316642559 0.434578113003167 0.0
0.247855492076147 -0.673171588848982 0.0
0.250591308061845 -0.611732817564945 0.0
0.253473247973408 -0.550200260631322 0.0
0.256504057211918 -0.488595537775229 0.0
0.25966237156921 -0.426933132337594 0.0
0.262919018318773 -0.36522215614835 0.0
0.266241449707716 -0.303468598877046 0.0
0.269593565483053 -0.241676925118638 0.0
0.272933665742691 -0.179851554694232 0.0
0.276211165595992 -0.117997641747152 0.0
0.279362040674382 -0.0561222899753137 0.0
0.28230310668489 0.00576441838315306 0.0
0.284925147627082 0.0676477635126253 0.0
0.287085264031494 0.129506632288348 0.0
0.288599650677375 0.19131054420994 0.0
0.289240445670314 0.253018034131306 0.0
0.288740650722548 0.314579593194412 0.0
0.286802069498423 0.37594856202901 0.0
0.283079978052093 0.437090455054149 0.0
0.309858602941626 -0.674397846992961 0.0
0.31249098077999 -0.612856784042439 0.0
0.315357210910261 -0.551198312356284 0.0
0.318421605926991 -0.489444169990592 0.0
0.321641472347735 -0.427605650980522 0.0
0.324975531660057 -0.36568782374555 0.0
0.328383474771445 -0.303692821086956 0.0
0.331822973142331 -0.241621903644546 0.0
0.335245839124274 -0.179477268579783 0.0
0.338593536988749 -0.117263167661915 0.0
0.341791813637905 -0.0549875357881002 0.0
0.344744409324773 0.00733644650521205 0.0
0.347325793255379 0.0696879952038228 0.0
0.349373254027349 0.132036088764921 0.0
0.350679154887689 0.194335480228768 0.0
0.350984810027679 0.256523846091347 0.0
0.349975562271404 0.318520816369408 0.0
0.347270107337795 0.380229375006774 0.0
0.342395087638185 0.441535651364573 0.0
0.371825770679345 -0.675226794118764 0.0
0.374387989127493 -0.613586317573342 0.0
0.377259225037777 -0.551801283098829 0.0
0.380367708216575 -0.489889747026952 0.0
0.383653265380653 -0.427857207520476 0.0
0.387065556879094 -0.36570287398134 0.0
0.39055862208721 -0.303423513958555 0.0
0.394085383078265 -0.241015662646984 0.0
0.397592341279841 -0.178477517812727 0.0
0.401014140879802 -0.115810220440314 0.0
0.404267535274277 -0.0530198224580049 0.0
0.407244575695726 0.0098805270022409 0.0
0.409804833183088 0.0728671625123196 0.0
0.411766730650324 0.135901589734084 0.0
0.412897972988402 0.198923921678582 0.0
0.4129047304268 0.261845873019168 0.0
0.411416644729387 0.324542793273326 0.0
0.407960793767726 0.38684427980308 0.0
0.401918455562395 0.448522504560397 0.0
0.433718875717489 -0.675779984458155 0.0
0.436249585733512 -0.6140509935268 0.0
0.439143795657231 -0.552144818981714 0.0
0.442301721781657 -0.490071071024099 0.0
0.445651683007174 -0.427826857407339 0.0
0.449137923378105 -0.365403829594786 0.0
0.452711064881134 -0.302791883189244 0.0
0.456320742052592 -0.239981023620924 0.0
0.459909268972317 -0.176962959232682 0.0
0.463405547541967 -0.113732230635079 0.0
0.466718547689207 -0.0502882707305121 0.0
0.469730046044137 0.0133619533487063 0.0
0.472286240242995 0.0771994803643529 0.0
0.474187901685365 0.141187024886256 0.0
0.47517811922779 0.205258610795358 0.0
0.474925737177659 0.26930548767463 0.0
0.472999900357256 0.333155345874097 0.0
0.468827732481793 0.3965417865614 0.0
0.461617852022958 0.459060905144686 0.0
0.495503452467643 -0.676230073531793 0.0
0.498039302947282 -0.614433120815799 0.0
0.500967053456326 -0.552416733109913 0.0
0.504172259774632 -0.490177790207851 0.0
0.50757862011169 -0.427703363633931 0.0
0.511128530224978 -0.364976819176272 0.0
0.514771082558772 -0.301980295630709 0.0
0.51845369492332 -0.238695495095121 0.0
0.522115246488392 -0.175104447755593 0.0
0.525679615313297 -0.111190028651251 0.0
0.529048811246726 -0.0469375819649875 0.0
0.532095278258513 0.0176626928341703 0.0
0.53465275159188 0.0826112124904933 0.0
0.536504838646473 0.147891844555796 0.0
0.537369406929059 0.213458740330756 0.0
0.536875481485664 0.279214725917126 0.0
0.534526516242744 0.344972350366446 0.0
0.529639916785565 0.41038291582476 0.0
0.521232353476067 0.474805461041808 0.0
0.557147723988024 -0.676812239811218 0.0
0.559712337229006 -0.614977502356558 0.0
0.56267251183354 -0.55286432774119 0.0
0.5659140101915 -0.490455298059806 0.0
0.569362034159235 -0.427729160974119 0.0
0.57295958098611 -0.364662772859508 0.0
0.576655104834295 -0.301230870676938 0.0
0.580394101241598 -0.237405199282548 0.0
0.584112130489135 -0.173154152170811 0.0
0.587728110745395 -0.108442300877657 0.0
0.591137038789048 -0.0432308673806671 0.0
0.594201604701928 0.0225214780123912 0.0
0.596741783379944 0.0888563715517625 0.0
0.598520922600426 0.155811782574573 0.0
0.599225165780537 0.223412787619579 0.0
0.598430843874805 0.291653220504759 0.0
0.595550576905684 0.360453363132928 0.0
0.589745593694533 0.429557589007087 0.0
0.579788944370762 0.498266595382861 0.0
