-0.602225384263515 -0.68802010412456 0.0
0.630638015625582 -0.739868784848442 0.0
-0.491843807697296 0.61237245798111 0.0
0.61237245798111 0.61237245798111 0.0
-0.541120064434459 -0.69163798400233 0.0
0.632519109190537 -0.678357277656484 0.0
0.566391684855809 0.563134744326514 0.0
-0.511108678384494 0.535514845917042 0.0
-0.480009927260452 -0.695050480892119 0.0
0.634962474811582 -0.616499021644307 0.0
0.511666994009236 0.534771485942139 0.0
-0.525025218029206 0.462049827342825 0.0
-0.418936368024543 -0.698545140737963 0.0
0.63778780584515 -0.554263882904827 0.0
0.4551418231343 0.517484911194602 0.0
-0.53483715440706 0.391122486906071 0.0
-0.357883980129333 -0.702237256160591 0.0
0.640886697770698 -0.491632010254979 0.0
0.398224758471899 0.506504687528697 0.0
-0.542157283052202 0.322164179234769 0.0
-0.29681808083798 -0.706158197388577 0.0
0.64418463654876 -0.42858309945596 0.0
0.341214793637828 0.499453940618856 0.0
-0.5479513689544 0.25471869270646 0.0
-0.235688672780928 -0.710270653840274 0.0
0.647622126377931 -0.365091699499871 0.0
0.284185704527932 0.495078922873808 0.0
-0.55278476254295 0.188449097021657 0.0
-0.174441575426308 -0.714474874613564 0.0
0.651143144477963 -0.301124994425212 0.0
0.22717849091948 0.492688441034456 0.0
-0.557002225321438 0.123111010567807 0.0
-0.113030723752076 -0.718634501891006 0.0
0.6546866132721 -0.236641282572326 0.0
0.170245854086172 0.491910450105636 0.0
-0.560822305890151 0.0585260673570314 0.0
-0.0514272552558719 -0.722604777074653 0.0
0.658178816012832 -0.171589113623218 0.0
0.113467649071677 0.492624084271675 0.0
-0.564388503437959 -0.00543711073626527 0.0
0.0103766827759534 -0.726254260486498 0.0
0.661525694650231 -0.105905942589333 0.0
0.0570029050530087 0.495705416034714 0.0
-0.567799863854669 -0.0688743704300743 0.0
0.0723677732258792 -0.729478147341851 0.0
0.664604103614792 -0.0395169926618381 0.0
0.00010718945120658 0.495791242907955 0.0
-0.57113447921265 -0.131853006948649 0.0
0.134514349198283 -0.73220480559326 0.0
0.667251152483821 0.0276667992431631 0.0
-0.0572042886162725 0.496293106542266 0.0
-0.574488644571088 -0.194414079120022 0.0
0.196770150699299 -0.734398069694426 0.0
0.6692499608642 0.0957514979776509 0.0
-0.114074769196324 0.503507287467019 0.0
-0.578227951554614 -0.256569765615902 0.0
0.259078733945976 -0.736057771371772 0.0
0.670308699092642 0.164864864943015 0.0
-0.170745010203997 0.510007874754989 0.0
-0.580998671539472 -0.318655192471828 0.0
0.321376981185933 -0.737220394989241 0.0
0.670026229606166 0.235162469438809 0.0
-0.226689391920604 0.518630656147328 0.0
-0.58399869190224 -0.380686887251354 0.0
0.38359935268047 -0.737961150777153 0.0
0.66783094441638 0.306837280244358 0.0
-0.283158629707091 0.525072936817123 0.0
-0.58768539489436 -0.442469308222014 0.0
0.445682401676533 -0.738398101252527 0.0
0.662863782395929 0.380130071277585 0.0
-0.34011561833568 0.532986264731685 0.0
-0.591351869259071 -0.504051890153379 0.0
0.507570509314238 -0.738698681024922 0.0
0.653743014290482 0.455330135453033 0.0
-0.395347446132768 0.549043867190156 0.0
-0.595101036302219 -0.565472704664576 0.0
0.569225090037959 -0.739089116537381 0.0
0.638110270083244 0.532721151160135 0.0
-0.449321897949892 0.57031454255943 0.0
-0.598616939715919 -0.62678618148238 0.0
-0.537539082658532 -0.630383974560279 0.0
-0.533974805183605 -0.569014506560198 0.0
-0.530254775796545 -0.507501824163331 0.0
-0.526632004965371 -0.445901211813665 0.0
-0.523023492600057 -0.384216940431019 0.0
-0.519949789503311 -0.322290411513649 0.0
-0.517108257482241 -0.259964829844287 0.0
-0.513577328478341 -0.197332662634398 0.0
-0.510247314678266 -0.134475132364022 0.0
-0.506951698370449 -0.0713200801980659 0.0
-0.503607804990811 -0.00780557053527854 0.0
-0.500143305244048 0.0561243479876153 0.0
-0.496470851982518 0.120523003626246 0.0
-0.492470295983403 0.185437321828248 0.0
-0.487970054612054 0.250890348538864 0.0
-0.482727617522409 0.316837014477812 0.0
-0.476426229333513 0.383057574255806 0.0
-0.468773789445396 0.44891546982413 0.0
-0.460051876977676 0.512832233080226 0.0
-0.476413476754712 -0.633772179523018 0.0
-0.472785928950524 -0.572396408503693 0.0
-0.469122599368133 -0.510887989059342 0.0
-0.465543571604686 -0.449234110810622 0.0
-0.462118876154389 -0.387364225875773 0.0
-0.459060400835407 -0.325309493252949 0.0
-0.456065473611649 -0.263098148459009 0.0
-0.452778670815815 -0.200611365608934 0.0
-0.449577079791236 -0.137896032913047 0.0
-0.446407280649941 -0.0749497741784449 0.0
-0.443217336540797 -0.0117691005053046 0.0
-0.439955162038581 0.0516363236269312 0.0
-0.436558309139657 0.115231471690372 0.0
-0.432945398992405 0.17893791026323 0.0
-0.429009680009629 0.242604662397682 0.0
-0.424617236171952 0.305969508583343 0.0
-0.419615523946 0.368625046994684 0.0
-0.413848095455266 0.430050775438948 0.0
-0.406769284483828 0.489838017257802 0.0
-0.415280404461527 -0.637292795965774 0.0
-0.411626650378234 -0.575936488628258 0.0
-0.408025934312361 -0.514445216654743 0.0
-0.404559050552347 -0.45279659700132 0.0
-0.401286267675416 -0.39098448670688 0.0
-0.398248079227264 -0.329047793757047 0.0
-0.395246873300305 -0.26697437309077 0.0
-0.39214073292948 -0.20472070703638 0.0
-0.389090716177071 -0.142324445245679 0.0
-0.386080497347329 -0.0798150541031896 0.0
-0.383078787749365 -0.0172313014314673 0.0
-0.380049392196689 0.0453680661913536 0.0
-0.376946260855164 0.107895291327498 0.0
-0.373706009711179 0.17022619754077 0.0
-0.370238421629901 0.232197261738602 0.0
-0.366414538948591 0.293617933984493 0.0
-0.362056409024199 0.354310509962244 0.0
-0.35692417078226 0.414181006259118 0.0
-0.35101767179279 0.473395986853517 0.0
-0.354149146133204 -0.641026869071238 0.0
-0.350498969945053 -0.579721977205343 0.0
-0.346981469323004 -0.518297817163222 0.0
-0.343635609799083 -0.456747135066808 0.0
-0.340480252883251 -0.395081434794239 0.0
-0.337492729625264 -0.333324638818941 0.0
-0.334549217151808 -0.271477621283932 0.0
-0.331588143381074 -0.209539874309616 0.0
-0.328678448670987 -0.147552392881819 0.0
-0.325813832094178 -0.085560157927223 0.0
-0.322971850210491 -0.0236169226313334 0.0
-0.320120498663682 0.0382121688839084 0.0
-0.317213041124233 0.0998518707923488 0.0
-0.314178895924551 0.161224467345989 0.0
-0.310912529930806 0.22226557025465 0.0
-0.307264591455609 0.282952160904 0.0
-0.303046740557581 0.343341642028286 0.0
-0.298117335730608 0.403628830282463 0.0
-0.292867674673541 0.464177535254751 0.0
-0.293007063523382 -0.645000408449581 0.0
-0.289384087700847 -0.583768533572605 0.0
-0.285958004404841 -0.522443385257715 0.0
-0.282724772368683 -0.461025586976064 0.0
-0.279668050389264 -0.399530961413076 0.0
-0.276742968151906 -0.337981389206777 0.0
-0.273869387526643 -0.276390380994398 0.0
-0.271015592090442 -0.214776889870698 0.0
-0.26820902664689 -0.15318098005861 0.0
-0.265443482839723 -0.0916458571045719 0.0
-0.262698404594644 -0.0302164110415073 0.0
-0.259941219109709 0.0310637436149424 0.0
-0.257122931167522 0.0921585265471367 0.0
-0.254171985227029 0.153050284209083 0.0
-0.250990096985215 0.213754401733751 0.0
-0.247456915651536 0.274338433908511 0.0
-0.243462737720987 0.334943618636623 0.0
-0.239016488693179 0.395794714308304 0.0
-0.234219671086396 0.457080652652448 0.0
-0.231824365759177 -0.64916358609135 0.0
-0.228248488311599 -0.588005350283914 0.0
-0.22491534725083 -0.526779644658304 0.0
-0.221781665375105 -0.465490784505364 0.0
-0.218805593778522 -0.404156154476238 0.0
-0.215935839379147 -0.342797496764844 0.0
-0.213116994320928 -0.281434290879725 0.0
-0.210328625702855 -0.22009071350677 0.0
-0.207579230321698 -0.158800400641159 0.0
-0.204861591014143 -0.0975965017905753 0.0
-0.202157492984126 -0.0365085139385977 0.0
-0.19943837226784 0.0244414885581603 0.0
-0.196663446906802 0.0852437737409374 0.0
-0.193778774701825 0.145907309056006 0.0
-0.1907214507588 0.20646518060001 0.0
-0.187436639770027 0.266977770901974 0.0
-0.183919346854725 0.327524784222895 0.0
-0.180244242264395 0.388160659888725 0.0
-0.176226994785334 0.448845855182377 0.0
-0.170564642029016 -0.653405186121704 0.0
-0.167055683261317 -0.592303367351809 0.0
-0.163814083225317 -0.531155070233613 0.0
-0.16076450542564 -0.469966214047077 0.0
-0.157848912227515 -0.408753946281958 0.0
-0.15501635827291 -0.347538980310822 0.0
-0.152226400598863 -0.286341729114269 0.0
-0.149464318622265 -0.22518506608335 0.0
-0.146731511347891 -0.164095090900896 0.0
-0.144022468651798 -0.103095336246183 0.0
-0.141324789340144 -0.0422042243374926 0.0
-0.138619701240849 0.0185674504434069 0.0
-0.135882577623644 0.0792189181584836 0.0
-0.133085772573198 0.139762007413217 0.0
-0.130207215809041 0.200221961277391 0.0
-0.127248916187646 0.260636421442336 0.0
-0.124259806759907 0.321048954350816 0.0
-0.121307130744624 0.381507251448013 0.0
-0.118409525345648 0.442177971084244 0.0
-0.109194687597955 -0.657582174410513 0.0
-0.105773492892946 -0.596509387852664 0.0
-0.102620997534981 -0.535403973152359 0.0
-0.0996395690147429 -0.474272587777288 0.0
-0.0967635548547995 -0.41313139053967 0.0
-0.0939463697508232 -0.351999409385361 0.0
-0.0911585217544348 -0.290895703248854 0.0
-0.0883904394682666 -0.229840010391738 0.0
-0.0856432707258006 -0.168852368033226 0.0
-0.0829161621691126 -0.107949755568248 0.0
-0.0802052548937785 -0.0471445916660149 0.0
-0.0775046551378178 0.0135565758118198 0.0
-0.0748087318961398 0.0741537529880698 0.0
-0.0721174077198318 0.134653750420215 0.0
-0.0694469152062823 0.19506770576974 0.0
-0.0668471419135907 0.25540501796658 0.0
-0.0644193973610812 0.315660630789339 0.0
-0.0623452611789231 0.375804631844174 0.0
-0.0611450252516805 0.435766967700414 0.0
-0.047691836303343 -0.661547855803671 0.0
-0.0443794395417947 -0.600473314653174 0.0
-0.04131330310011 -0.539372083651172 0.0
-0.0383847455856576 -0.478251747323852 0.0
-0.0355284164636554 -0.417127613670394 0.0
-0.0327053499009337 -0.356016999081912 0.0
-0.0298959624411625 -0.29493691255657 0.0
-0.0270967598575658 -0.233903791026637 0.0
-0.0243125574754281 -0.172932921740379 0.0
-0.021549093645926 -0.112036330640029 0.0
-0.0188122797433495 -0.0512216878249164 0.0
-0.0161097019537453 0.00950901407506267 0.0
-0.0134538874572309 0.0701607128344434 0.0
-0.0108682769270331 0.130747274909077 0.0
-0.0083968964077938 0.191293329412276 0.0
-0.00611710209164277 0.251838519699208 0.0
-0.00415741980495246 0.312448037890036 0.0
-0.00276695107925171 0.373235670649655 0.0
-0.00285234218757146 0.434359839966648 0.0
0.0139524365388815 -0.665172176444399 0.0
0.0171368613872769 -0.604066379791715 0.0
0.0201200853096855 -0.542932252025831 0.0
0.023010122350068 -0.481779134972501 0.0
0.025864799970102 -0.420622043180475 0.0
0.0287125382981622 -0.359476822889975 0.0
0.0315627628267019 -0.298358307554501 0.0
0.0344117315611177 -0.237279791094432 0.0
0.0372486035270958 -0.176252533782916 0.0
0.0400596101265205 -0.115284219590506 0.0
0.042827952337304 -0.0543778672599529 0.0
0.0455314845560232 0.00646993595400194 0.0
0.0481384331612589 0.0672712256219152 0.0
0.0506005799448509 0.1280502659142 0.0
0.0528433402327906 0.188847839261028 0.0
0.054751962532782 0.249728405040141 0.0
0.0561458125143958 0.310788521634901 0.0
0.0566981375235399 0.372149988985804 0.0
0.0561162780583387 0.433790049954392 0.0
0.0757315732224745 -0.668353554972198 0.0
0.0787733510510717 -0.607190944960054 0.0
0.0816789221874221 -0.545991729577532 0.0
0.0845442423611752 -0.484768029245254 0.0
0.0874132798450212 -0.423535132052263 0.0
0.0903014142063512 -0.362307660842887 0.0
0.0932072816317298 -0.301098388558312 0.0
0.0961188865933209 -0.239917909816967 0.0
0.0990177488716621 -0.178774472653378 0.0
0.101880672576968 -0.117672964042709 0.0
0.104678388888013 -0.0566142041802476 0.0
0.107372047370267 0.00440631562205664 0.0
0.10990757301815 0.0653995502201992 0.0
0.112207455611868 0.126384051149764 0.0
0.114159432976076 0.187384737291066 0.0
0.115601201961794 0.248427665511893 0.0
0.116299708339252 0.309521000512979 0.0
0.115987003617998 0.370595540524505 0.0
0.114803917076702 0.431488852282402 0.0
0.13762563717407 -0.671024280159578 0.0
0.140517278088553 -0.609784389628503 0.0
0.143353578301253 -0.548494181348245 0.0
0.146208021450795 -0.487169351859957 0.0
0.149105600668854 -0.425825721475737 0.0
0.152046891883458 -0.364476755220867 0.0
0.155019320073356 -0.303133337229413 0.0
0.158002041274285 -0.24180399327558 0.0
0.160967997751148 -0.180495275018101 0.0
0.163883656487503 -0.119211422789521 0.0
0.166706328000387 -0.0579544163520993 0.0
0.169379558897257 0.00327623187180086 0.0
0.171826602087671 0.064482972318648 0.0
0.173941924205619 0.125668986454689 0.0
0.175581081948049 0.186833937894502 0.0
0.176551250897054 0.247966514121567 0.0
0.176618668256962 0.309031200104469 0.0
0.175598586888984 0.369971690741356 0.0
0.173495081876161 0.430848844991934 0.0
0.199604061915725 -0.67315212028747 0.0
0.202347569227268 -0.611819848156321 0.0
0.205127116803267 -0.550419262419088 0.0
0.207984950333889 -0.48896978257147 0.0
0.210923643663353 -0.427487409149596 0.0
0.213928285957301 -0.365984095414049 0.0
0.216975284461459 -0.304468739887917 0.0
0.22003500732454 -0.242948139144172 0.0
0.223071684943654 -0.181427993923034 0.0
0.226041401128663 -0.119913232682307 0.0
0.228888252163366 -0.058408774646789 0.0
0.231538954768336 0.00307986810944294 0.0
0.233895976739522 0.0645452445380421 0.0
0.235829515769326 0.125976207781762 0.0
0.23716946470666 0.187354328904569 0.0
0.237702237771525 0.248650387115112 0.0
0.237187208068464 0.309825293176929 0.0
0.235401280508864 0.370857530474537 0.0
0.232156346280335 0.431790381995774 0.0
0.261629332980786 -0.674740633954756 0.0
0.264237751803089 -0.613306256675647 0.0
0.266977466094651 -0.55178215023297 0.0
0.269853208890901 -0.490190513386224 0.0
0.272843846861014 -0.428546324431169 0.0
0.275919625293504 -0.366859062654749 0.0
0.27904691438929 -0.305135006331714 0.0
0.282188035876866 -0.243378893917492 0.0
0.285299079337535 -0.181595464210739 0.0
0.288326399523681 -0.119790297010827 0.0
0.291201796302725 -0.0579711033227335 0.0
0.29383650903831 0.00385114701560833 0.0
0.296114098695513 0.0656604439376317 0.0
0.297882683666178 0.127433858071359 0.0
0.298947934981919 0.189138518197155 0.0
0.299070876084965 0.25073022059396 0.0
0.297975282690565 0.312157376510675 0.0
0.295360068962162 0.373374410869577 0.0
0.290888877243257 0.434354274690575 0.0
0.323659964925097 -0.675830061141401 0.0
0.32615773233926 -0.614289515850313 0.0
0.328878042132509 -0.552634732933674 0.0
0.33178544103561 -0.490888293140061 0.0
0.334836353445279 -0.429062048920573 0.0
0.337988191644378 -0.367161441426973 0.0
0.341198996041992 -0.305188923137269 0.0
0.344424304958451 -0.243146131786853 0.0
0.347613090734679 -0.181035790871657 0.0
0.350703001860214 -0.118862917490744 0.0
0.353614700467623 -0.0566365525806597 0.0
0.356245274540063 0.00562855476135955 0.0
0.358460713928077 0.0679094510196843 0.0
0.360087850532063 0.130172212219013 0.0
0.360906725349488 0.192367897278818 0.0
0.360645107837684 0.254429870413894 0.0
0.35897514056815 0.316273564494375 0.0
0.355505396167483 0.377799517064555 0.0
0.349760596712679 0.438895876957114 0.0
0.385654039985971 -0.676500096081131 0.0
0.388075541642005 -0.614855911472659 0.0
0.390798047920193 -0.553069330893487 0.0
0.393748157868485 -0.49115936082831 0.0
0.396863800126931 -0.429131973992128 0.0
0.400092716704683 -0.366986650742458 0.0
0.403386818225149 -0.304720427556654 0.0
0.406696401925184 -0.24233024296684 0.0
0.40996454603193 -0.17981494372747 0.0
0.413121356049331 -0.11717668107738 0.0
0.416077601364773 -0.0544230202601836 0.0
0.418717565463271 0.00843068966856732 0.0
0.420890945048348 0.0713576648549375 0.0
0.422403913638772 0.134315105601968 0.0
0.423009429765511 0.197237384798753 0.0
0.422396573746606 0.26002896160655 0.0
0.420176165542628 0.322556765971965 0.0
0.415856257451867 0.384641915797093 0.0
0.40880469463018 0.44605078162644 0.0
0.447572061161218 -0.676875242096984 0.0
0.449957580877979 -0.615138172987737 0.0
0.452701222710118 -0.553224868175531 0.0
0.455699860829763 -0.491145712633339 0.0
0.458879145153312 -0.428898024323369 0.0
0.462180964269316 -0.366473521877507 0.0
0.465553433404014 -0.303862234268385 0.0
0.468943129704143 -0.241054494274311 0.0
0.47228839685637 -0.178042643507675 0.0
0.475512892868454 -0.114822297279116 0.0
0.478518695116182 -0.0513945947939904 0.0
0.481178635050797 0.0122308847099955 0.0
0.483327475884967 0.0760312738874885 0.0
0.48475158776143 0.139963561564861 0.0
0.485176181005963 0.203953567813659 0.0
0.484248200902846 0.267881143549287 0.0
0.481510402328044 0.331558814622499 0.0
0.476359426905039 0.394701327104108 0.0
0.467974846783128 0.456884765332094 0.0
0.509378497016101 -0.677133276257446 0.0
0.511766610347202 -0.615324080535511 0.0
0.514542761383789 -0.55329471704907 0.0
0.517587987833253 -0.491042306004222 0.0
0.520822921095495 -0.428553784883732 0.0
0.524187335403621 -0.365812356548658 0.0
0.527627516074767 -0.302800100390635 0.0
0.531087425482353 -0.239498842550803 0.0
0.534501437111797 -0.175891012832212 0.0
0.537787471632989 -0.111960302243214 0.0
0.540839696024041 -0.0476935111955816 0.0
0.54352032336911 0.0169167140549468 0.0
0.545649853874741 0.0818668117504604 0.0
0.546994844569445 0.147134311247663 0.0
0.54725117672881 0.212663405629445 0.0
0.546019365906607 0.278341446048948 0.0
0.542765802100596 0.343957252288315 0.0
0.536760803541832 0.409126859162529 0.0
0.526967757872654 0.473161483087924 0.0
0.571040853508581 -0.677517728611662 0.0
0.573456879547555 -0.615667178973021 0.0
0.57626475472247 -0.553534542019676 0.0
0.579345529340012 -0.491102204621589 0.0
0.582621243356782 -0.428348627288776 0.0
0.586032101792489 -0.365250367534539 0.0
0.589523475891903 -0.301781864794172 0.0
0.593037006151237 -0.237914597048644 0.0
0.596503192820984 -0.173616792403034 0.0
0.59983423577741 -0.10885308800107 0.0
0.602916234081616 -0.0435852184901589 0.0
0.605600144186303 0.0222268363357039 0.0
0.607690471454382 0.0886220343511557 0.0
0.608930010982775 0.155633335701681 0.0
0.608977135760311 0.223276783982541 0.0
0.607369716243056 0.291530035513821 0.0
0.603465794386426 0.360284109707326 0.0
0.596348671373337 0.429229962545144 0.0
0.584686047209801 0.497573300384893 0.0
