-0.575496437765182 -0.692340762092844 0.0
0.657817586632133 -0.739758980606915 0.0
-0.465217566490173 0.61237245798111 0.0
0.61237245798111 0.61237245798111 0.0
-0.514385261387473 -0.695722976931223 0.0
0.659362333536559 -0.678227028888317 0.0
0.571575903262498 0.560705043857975 0.0
-0.48669460314603 0.535028612939634 0.0
-0.453276515430888 -0.6989158329131 0.0
0.661472358469503 -0.616333297983754 0.0
0.51936732136957 0.530921659791074 0.0
-0.501846496375933 0.46089657129828 0.0
-0.392213588935779 -0.702204206005927 0.0
0.663953104532422 -0.554048927883572 0.0
0.464544033320014 0.513030451815884 0.0
-0.51226082850402 0.38933075103473 0.0
-0.331180543936998 -0.7057180935863 0.0
0.666688509732836 -0.491354978137589 0.0
0.409012709711769 0.501818275779695 0.0
-0.519805287879827 0.319825309423985 0.0
-0.27013897715573 -0.709494562421649 0.0
0.669598666994421 -0.428231392645828 0.0
0.353209625035395 0.49468582530592 0.0
-0.525590403090366 0.251928824466704 0.0
-0.209033561873636 -0.713493148044803 0.0
0.672619099816416 -0.3646522793587 0.0
0.297260969081701 0.490291698970391 0.0
-0.530266747793329 0.185294518272658 0.0
-0.147804486335885 -0.717604498322932 0.0
0.675688101519217 -0.300583761220716 0.0
0.241239420061351 0.487914852623492 0.0
-0.534232640713624 0.119665634400149 0.0
-0.0864008651918313 -0.721679270227063 0.0
0.678737323477748 -0.235982564380711 0.0
0.185223641955714 0.487180222227085 0.0
-0.537742099671013 0.054852135108967 0.0
-0.0247905891171102 -0.72555919098397 0.0
0.681683330162443 -0.17079529856316 0.0
0.129319149599176 0.487983263734343 0.0
-0.5409631039204 -0.00928756808509479 0.0
0.0370355644274442 -0.729100713982067 0.0
0.684418920785729 -0.104957304522168 0.0
0.0737440001063542 0.491572114049928 0.0
-0.544012242251318 -0.0728580436229462 0.0
0.0990638614392906 -0.732189290873198 0.0
0.686803158083445 -0.0383918009077039 0.0
0.0175317256012682 0.491128195654919 0.0
-0.546980755147967 -0.135934024517968 0.0
0.16126075137456 -0.734746163850196 0.0
0.688649010884693 0.0289917226819926 0.0
-0.0391485234441303 0.490865848698386 0.0
-0.549975823072339 -0.198563090317085 0.0
0.223577013566023 -0.736730533867797 0.0
0.689706533151204 0.0972994492212713 0.0
-0.0952740173253697 0.498873476401606 0.0
-0.553387617146426 -0.260763831483493 0.0
0.285952519672744 -0.738139853516831 0.0
0.689637661164864 0.166656466819815 0.0
-0.151313274368387 0.505643880859121 0.0
-0.555824934248561 -0.322888761928274 0.0
0.348320018512643 -0.739010349920421 0.0
0.687974427185244 0.237209817616008 0.0
-0.206532077345045 0.514771515325523 0.0
-0.558505451494199 -0.384950290115956 0.0
0.410609607309319 -0.739419213000367 0.0
0.684044119466049 0.309131112495411 0.0
-0.262439018550284 0.520969835122337 0.0
-0.561905640508284 -0.446746893223407 0.0
0.472753472771338 -0.739489171078933 0.0
0.676826088056443 0.382609761392361 0.0
-0.318892645506565 0.528517569410081 0.0
-0.56531390987557 -0.508340035994791 0.0
0.534691942817496 -0.739395871140755 0.0
0.66466393899524 0.45780801154905 0.0
-0.373229546961939 0.545624479550152 0.0
-0.568820523605202 -0.569772661363818 0.0
0.596383202332187 -0.739378809393067 0.0
0.644700732573595 0.534675768468952 0.0
-0.426218718606243 0.567902451566107 0.0
-0.572110702911788 -0.631095468727451 0.0
-0.511027313596441 -0.634455764176293 0.0
-0.507686082223393 -0.573073798714786 0.0
-0.504206092167643 -0.511544452690924 0.0
-0.500844520886836 -0.449924629539087 0.0
-0.497518205538681 -0.388217883860106 0.0
-0.494755399789507 -0.326254661473919 0.0
-0.492257784944022 -0.263876419568507 0.0
-0.489076132760295 -0.201180954575261 0.0
-0.48611187408574 -0.138242684112036 0.0
-0.483189264825749 -0.0749846855406885 0.0
-0.480215583933779 -0.0113406546008914 0.0
-0.477105971401463 0.0527494210253405 0.0
-0.473756529076603 0.117342337017908 0.0
-0.470024651318746 0.18248693977942 0.0
-0.465707954050598 0.248204306419106 0.0
-0.460522260113305 0.314438092406508 0.0
-0.454098912824742 0.380936082757518 0.0
-0.44610218575286 0.446985436935328 0.0
-0.436876652594193 0.510862534735286 0.0
-0.449898053421234 -0.637621545050731 0.0
-0.446492606415233 -0.576228340365263 0.0
-0.443070459766215 -0.514700662284193 0.0
-0.439756230736906 -0.453024161513427 0.0
-0.436623163991167 -0.391124862573633 0.0
-0.433886260486225 -0.32903403922531 0.0
-0.431237968935983 -0.266780099612534 0.0
-0.428311502884576 -0.204237959345673 0.0
-0.425485841449634 -0.141455975804769 0.0
-0.422700477073114 -0.0784308007840758 0.0
-0.419894669835594 -0.0151588327909458 0.0
-0.417005513818494 0.0483487279253181 0.0
-0.413957061804598 0.112052594513788 0.0
-0.410651285775446 0.175865619817511 0.0
-0.406961874143163 0.239621187429656 0.0
-0.402734574230829 0.303032050409249 0.0
-0.397802020803442 0.365657658948557 0.0
-0.392013931871061 0.426953253271385 0.0
-0.384912418340749 0.486557789521032 0.0
-0.388768030294194 -0.640937391194054 0.0
-0.385334983463053 -0.579566524800313 0.0
-0.381978385604303 -0.518059812866492 0.0
-0.378783439288128 -0.456393490615502 0.0
-0.375812173664536 -0.39456079081389 0.0
-0.373104695410768 -0.332601145791148 0.0
-0.370458578533287 -0.270501291256515 0.0
-0.36772530935157 -0.208216487769309 0.0
-0.365064395321619 -0.145786743757331 0.0
-0.362453723075854 -0.0832436895560723 0.0
-0.359854722043576 -0.0206295512876595 0.0
-0.357222513541833 0.0419915059763701 0.0
-0.354500780653633 0.104523814135581 0.0
-0.351614263290659 0.16683257337468 0.0
-0.348459632312445 0.228741659452159 0.0
-0.34489505608845 0.290048758482316 0.0
-0.34073580894313 0.350571215339356 0.0
-0.335767265232942 0.410224479584586 0.0
-0.33011804660655 0.469186441010212 0.0
-0.327645694542179 -0.644497963125558 0.0
-0.324214957852275 -0.583185538210195 0.0
-0.320946014927027 -0.521755059740058 0.0
-0.317880253918649 -0.460198699435272 0.0
-0.315036370528326 -0.398528165060109 0.0
-0.312389652772906 -0.3367680189562 0.0
-0.309811755062543 -0.274919484805758 0.0
-0.30723632387647 -0.212983122097554 0.0
-0.304729471206595 -0.151002897312339 0.0
-0.302279812013987 -0.0890270001563272 0.0
-0.2998585262414 -0.0271129805772542 0.0
-0.297425893726312 0.0346698094470992 0.0
-0.294925790049475 0.0962422210460483 0.0
-0.292276222601628 0.157524418904898 0.0
-0.289358285900008 0.218454171871732 0.0
-0.286009377847201 0.279018392296795 0.0
-0.282037108853579 0.339296023081444 0.0
-0.277329815291248 0.39951616452712 0.0
-0.272416695698527 0.460084643023037 0.0
-0.266516355542414 -0.648333022205002 0.0
-0.26311213795455 -0.587102562455981 0.0
-0.259939867310235 -0.525782807184477 0.0
-0.256995188108055 -0.46437414656267 0.0
-0.254259738172128 -0.402892964527833 0.0
-0.251685464222124 -0.341362136667164 0.0
-0.249187896565776 -0.279796265567451 0.0
-0.246731213806458 -0.218215975681635 0.0
-0.244339476464751 -0.156663777268174 0.0
-0.242001686948406 -0.0951850662382496 0.0
-0.239691322747452 -0.0338263691535635 0.0
-0.237368536590136 0.027368267119216 0.0
-0.234975536693298 0.0883645764154109 0.0
-0.23243052564885 0.149150378371281 0.0
-0.229624654473486 0.209751844980815 0.0
-0.22643067727469 0.270254138151128 0.0
-0.222745473349426 0.330823059170551 0.0
-0.218614942456666 0.391710074322802 0.0
-0.21416771521346 0.453101899970549 0.0
-0.205347088930385 -0.652388128454115 0.0
-0.201990347008784 -0.591240094299219 0.0
-0.198916782507004 -0.530031313181065 0.0
-0.196079895645942 -0.468765911744618 0.0
-0.193434118732342 -0.407461880495458 0.0
-0.19092415994091 -0.346141944212748 0.0
-0.188490388770954 -0.28482667481522 0.0
-0.186108574583543 -0.223541562224273 0.0
-0.183783707109378 -0.162321606174295 0.0
-0.181504192746424 -0.101200662626757 0.0
-0.179246599871086 -0.0402078937044868 0.0
-0.176976333501669 0.0206364837270389 0.0
-0.174645966138157 0.0813266536764407 0.0
-0.172195082104397 0.141877984064207 0.0
-0.169556588140689 0.202332422260261 0.0
-0.16667831371888 0.262760384926497 0.0
-0.163571705697949 0.32324838259718 0.0
-0.160337244880157 0.383843346036622 0.0
-0.156743530759485 0.444480413115989 0.0
-0.144097867063473 -0.656541464938991 0.0
-0.140809985331143 -0.595456989278289 0.0
-0.137834130137542 -0.534335066261123 0.0
-0.135089083964766 -0.473181274954516 0.0
-0.13251171958804 -0.412013173336983 0.0
-0.13004659803483 -0.350852202281521 0.0
-0.127649234296551 -0.28971955818126 0.0
-0.125301455187979 -0.228638893005931 0.0
-0.123001464212588 -0.167636856725114 0.0
-0.120740164538087 -0.106736880541415 0.0
-0.118501219265974 -0.0459564164739726 0.0
-0.116261783527893 0.0146957454467828 0.0
-0.113993525538881 0.0752219456072494 0.0
-0.111666573296451 0.135638086034166 0.0
-0.109260196664357 0.195973883771276 0.0
-0.106784269606345 0.256270547204075 0.0
-0.104302470856707 0.316572193544087 0.0
-0.101888150219757 0.376925202067116 0.0
-0.0995188525116492 0.437515008860439 0.0
-0.0827321257540651 -0.660636550100157 0.0
-0.0795359614422622 -0.599585880898985 0.0
-0.0766558409306173 -0.538513270560421 0.0
-0.0739861526660363 -0.4774248235213 0.0
-0.0714552457737351 -0.416336859901541 0.0
-0.0690118995363503 -0.355268866379939 0.0
-0.0666229328223573 -0.294240406963329 0.0
-0.064275835338753 -0.233271658910646 0.0
-0.0619691939220652 -0.172382861082963 0.0
-0.0596996091211428 -0.111590744454084 0.0
-0.0574607895382089 -0.0509069736897173 0.0
-0.0552448603061217 0.00966310453464647 0.0
-0.0530453248873485 0.070120910855128 0.0
-0.050863544972981 0.130474314074376 0.0
-0.0487212667420401 0.190733964483636 0.0
-0.0466795793170648 0.250905019085193 0.0
-0.0448552561581438 0.310971306721908 0.0
-0.0434436148042421 0.370883091304225 0.0
-0.0430146461100987 0.430541121204705 0.0
-0.0212247301689427 -0.664513144407048 0.0
-0.0181436295133288 -0.603463009090111 0.0
-0.0153570800661047 -0.542397821608345 0.0
-0.0127470641290359 -0.481324462566897 0.0
-0.0102418562870532 -0.42025822737024 0.0
-0.00779806714099884 -0.359216712687361 0.0
-0.00539296227308224 -0.298217254273954 0.0
-0.00302076615453472 -0.237276528797283 0.0
-0.000684522440380747 -0.176409834159711 0.0
0.00161149791795735 -0.115628833760335 0.0
0.00386241694698666 -0.0549403913581577 0.0
0.0060608922778571 0.00565478928844979 0.0
0.00819325187459835 0.0661634437956296 0.0
0.0102326644670391 0.126601781864423 0.0
0.0121286490705592 0.186997486761839 0.0
0.0137945371024314 0.247394730938701 0.0
0.0150919772720382 0.307867467310728 0.0
0.0157575121758784 0.368548922909329 0.0
0.0147737281519726 0.429621117103837 0.0
0.0404340712264812 -0.668029309650607 0.0
0.0433785416528753 -0.606947952584349 0.0
0.0460743189176033 -0.545850183418727 0.0
0.0486392934715044 -0.484744623923408 0.0
0.0511374933754867 -0.423646225250618 0.0
0.0536012167665711 -0.362571031011086 0.0
0.0560423273586415 -0.301534083183754 0.0
0.0584585869032829 -0.240548743813017 0.0
0.0608400349439957 -0.1796260530392 0.0
0.0631732515944336 -0.118773024107741 0.0
0.0654410801759236 -0.0579913850885919 0.0
0.0676199336186414 0.00272441439857021 0.0
0.0696749554512108 0.0633897337931625 0.0
0.0715525361065224 0.12403386525122 0.0
0.0731699490593781 0.184705145693655 0.0
0.0744018667018378 0.245479449229109 0.0
0.075054935159284 0.306470350668227 0.0
0.0747802036125568 0.367820126374046 0.0
0.0733005559302288 0.42950076898277 0.0
0.102237660504403 -0.671074039288179 0.0
0.105028605084592 -0.609934015201178 0.0
0.107638285561797 -0.54876899948843 0.0
0.110172242239198 -0.487590550837784 0.0
0.1126799320895 -0.426413981140704 0.0
0.115179759120094 -0.365254125981725 0.0
0.117671914912167 -0.304123924776952 0.0
0.120144997588395 -0.243033952634941 0.0
0.122580374783734 -0.181992125528863 0.0
0.124953919281586 -0.121002550299037 0.0
0.127234385159918 -0.060064678703444 0.0
0.129379437960907 0.000828095929501404 0.0
0.131329395136465 0.0616896525122297 0.0
0.132998341849682 0.122542212265857 0.0
0.134262373192113 0.183414579459138 0.0
0.134944393646307 0.244335336608186 0.0
0.134794083751256 0.305309639965782 0.0
0.133535131613878 0.366250033078129 0.0
0.131384198372946 0.426972462689409 0.0
0.164164928033515 -0.673572801604244 0.0
0.166793059699378 -0.61235212416195 0.0
0.169324664000935 -0.551091961391569 0.0
0.171841704238986 -0.489807798269141 0.0
0.174373457675768 -0.428515701684466 0.0
0.176922410561947 -0.367229470652224 0.0
0.179476518481451 -0.305960232950602 0.0
0.182014506637996 -0.244716587656096 0.0
0.184508008430716 -0.183504934030218 0.0
0.186921142662667 -0.122329091843202 0.0
0.18920747634085 -0.0611903433679038 0.0
0.191304909418712 -8.72958420754326e-05 0.0
0.193128564674787 0.0609833819108966 0.0
0.194561804841958 0.122025199120526 0.0
0.195446064527233 0.183036636714784 0.0
0.195572373505442 0.244002286542862 0.0
0.194693406904493 0.304878497585991 0.0
0.192631864958122 0.365602413533303 0.0
0.189461938200216 0.42625934394131 0.0
0.22618330798752 -0.675488955851394 0.0
0.228649491753956 -0.61417129577894 0.0
0.231115561199027 -0.55279501111711 0.0
0.233630369755964 -0.491379831074008 0.0
0.23619916537706 -0.429942318366503 0.0
0.238807658190031 -0.368494953490648 0.0
0.241431688527738 -0.30704705532541 0.0
0.244040124354647 -0.245605746987748 0.0
0.246594695607808 -0.184176996907871 0.0
0.249047712822182 -0.122765997019766 0.0
0.251337815360929 -0.0613780231182683 0.0
0.253384084527011 -1.92121476067066e-05 0.0
0.255078701789894 0.0613018030272342 0.0
0.256278656950173 0.122571728867211 0.0
0.25679799579945 0.183768612303576 0.0
0.256406251819964 0.244858320812998 0.0
0.254850215957021 0.305797321909059 0.0
0.251912213138545 0.366567518828557 0.0
0.247443672970167 0.427237647890706 0.0
0.288252773798079 -0.676823794782071 0.0
0.290569782452524 -0.6153983869492 0.0
0.292987766990301 -0.553891525426666 0.0
0.295515514063225 -0.492326331550944 0.0
0.298132684312767 -0.430718658265109 0.0
0.300808796334932 -0.369078690849211 0.0
0.303508572449383 -0.30741331672081 0.0
0.30619179834585 -0.245727901094546 0.0
0.308810915746864 -0.184027941675707 0.0
0.311307150563403 -0.122320032193114 0.0
0.313605241054182 -0.0606133025216977 0.0
0.315606947087258 0.00107926194902352 0.0
0.3171835093632 0.0627388114196226 0.0
0.31816766611154 0.124338537574403 0.0
0.318346933409027 0.185840588533912 0.0
0.317462866731289 0.247195112273169 0.0
0.315222723484718 0.308346019542975 0.0
0.311320397515964 0.369249152677716 0.0
0.305437222909978 0.429891717143098 0.0
0.350329110870081 -0.677617315310616 0.0
0.35252213137585 -0.616079174301805 0.0
0.354913535151308 -0.554433442555169 0.0
0.357468841067276 -0.492704179947654 0.0
0.360143302693929 -0.430904290155018 0.0
0.362892331286063 -0.369039979017226 0.0
0.365671336344667 -0.307114409114972 0.0
0.368432370368209 -0.245130077485542 0.0
0.371119685935854 -0.183090891487001 0.0
0.373664516802956 -0.121003551741989 0.0
0.375978910344599 -0.0588794805737529 0.0
0.377948618750445 0.00326325997153027 0.0
0.379425104040526 0.0653972109846045 0.0
0.380217155615872 0.127482501326263 0.0
0.380083325498711 0.189462669550737 0.0
0.378727400526649 0.251262233106454 0.0
0.375797749719891 0.31278770602443 0.0
0.370884623899304 0.373933758708386 0.0
0.363510460515258 0.434591787749195 0.0
0.412367733827748 -0.677951167454096 0.0
0.414472990478736 -0.616302052364268 0.0
0.416860941231467 -0.554515343580889 0.0
0.419455826889609 -0.492611814456728 0.0
0.422192591605362 -0.430598396908386 0.0
0.425015903818892 -0.368475195949267 0.0
0.42787421547041 -0.306239906215738 0.0
0.430713494950532 -0.243890413810484 0.0
0.433471102294896 -0.181427016605761 0.0
0.436069485722825 -0.118854046622911 0.0
0.438409241267558 -0.0561822570589433 0.0
0.44036135838832 0.0065684501761891 0.0
0.441758518358925 0.0693649209043401 0.0
0.44238561276333 0.132155633243405 0.0
0.441969718853866 0.194863357941867 0.0
0.440169563320351 0.257377803199689 0.0
0.436562114311011 0.319548495438826 0.0
0.430620764815631 0.38117847342922 0.0
0.42168878736086 0.442021069377722 0.0
0.474326823000826 -0.677954579960423 0.0
0.476387434328028 -0.616204801755062 0.0
0.478792589550414 -0.554281403739072 0.0
0.481433694494452 -0.492196309892366 0.0
0.484232023335968 -0.429947367573474 0.0
0.487125619060081 -0.367526588519234 0.0
0.490058481464602 -0.304924447318108 0.0
0.492972111128266 -0.242132118028539 0.0
0.495798185374099 -0.179143398007983 0.0
0.49845147473623 -0.115956240779423 0.0
0.500822282389401 -0.0525753821702724 0.0
0.502768046235708 0.0109842017293177 0.0
0.504103703488165 0.0746916757652115 0.0
0.504590451589836 0.138492432507407 0.0
0.503921988172463 0.202295711217844 0.0
0.50170634859041 0.265958257769762 0.0
0.497439035783895 0.329261607798783 0.0
0.490461565724549 0.391881383422433 0.0
0.479900156116713 0.453351101533598 0.0
0.536169149983806 -0.677813904935828 0.0
0.538227136446092 -0.615984382592074 0.0
0.540662331786552 -0.55393432572265 0.0
0.54334811820058 -0.491661487316796 0.0
0.546200026926014 -0.429152756027122 0.0
0.549153512076029 -0.366391246152396 0.0
0.552150213349034 -0.303359158323052 0.0
0.555128314901077 -0.240038806892023 0.0
0.558014576486935 -0.176413661481532 0.0
0.560716758724482 -0.112469285330645 0.0
0.563115541669479 -0.0481956274258929 0.0
0.565055402539788 0.0164095464244919 0.0
0.566333710452314 0.0813345047701617 0.0
0.566686982821567 0.146543889005064 0.0
0.565772090971538 0.211961715719486 0.0
0.563138718993731 0.27744395190373 0.0
0.558187056292244 0.34273107609397 0.0
0.550103401661485 0.407366667078404 0.0
0.537756274072499 0.470562251550636 0.0
0.597861282124105 -0.677787029230966 0.0
0.599945094051607 -0.615909400181169 0.0
0.602410168225275 -0.553744108648978 0.0
0.605129512177199 -0.491273468248677 0.0
0.608019877186628 -0.428475674013507 0.0
0.611016830683665 -0.365326984017814 0.0
0.614060595279786 -0.301801541105535 0.0
0.61708630687049 -0.237870597182121 0.0
0.620015840156135 -0.173502370000891 0.0
0.622749834010753 -0.108661958668515 0.0
0.625158936792415 -0.0433124561765003 0.0
0.627073540490136 0.0225832144423347 0.0
0.628270778638961 0.0890583468778085 0.0
0.6284567359643 0.156135583665449 0.0
0.627239773506576 0.22381255968708 0.0
0.624088123236783 0.29203403764312 0.0
0.618260981518727 0.360631398504028 0.0
0.608701739269912 0.429186179577248 0.0
0.593893679255576 0.49670808150897 0.0
