-0.631070229951701 -0.715296858511969 0.0
0.604462701150794 -0.797083451924565 0.0
-0.480495524406433 0.61237245798111 0.0
0.61237245798111 0.61237245798111 0.0
-0.570126063776089 -0.720992068202984 0.0
0.607539143461006 -0.73543655246255 0.0
0.566107329840981 0.551694416713976 0.0
-0.498907602015344 0.528841065541691 0.0
-0.509151668465983 -0.726326289082901 0.0
0.611467180058038 -0.673259932712456 0.0
0.511617307700274 0.512647748712653 0.0
-0.514929501827205 0.451216105450909 0.0
-0.448225165365829 -0.731752220588013 0.0
0.615969421782814 -0.610509603206015 0.0
0.454776078961739 0.486750492987288 0.0
-0.527283139661597 0.37717402049416 0.0
-0.387332871789815 -0.737436078199642 0.0
0.62087573128531 -0.547158866696793 0.0
0.397364097606552 0.469270963983017 0.0
-0.537118947476821 0.305708277555968 0.0
-0.326432009573706 -0.743434228544455 0.0
0.62606636900153 -0.483182393483126 0.0
0.339949770169082 0.457482663254694 0.0
-0.545314719667604 0.236179358247015 0.0
-0.265452715375916 -0.749708976572613 0.0
0.631444918899039 -0.418549137127783 0.0
0.282715172009102 0.449775982872785 0.0
-0.552437821270977 0.168155976655939 0.0
-0.204312283261356 -0.756127983010047 0.0
0.636922402848412 -0.353218937830751 0.0
0.225727851702283 0.445188438527445 0.0
-0.558855989291118 0.101336251386787 0.0
-0.142934870232389 -0.762497661261204 0.0
0.642406107874436 -0.287140330387355 0.0
0.169036416421533 0.443162110000748 0.0
-0.56481214464271 0.0355024026640631 0.0
-0.0812681699945565 -0.768604944729932 0.0
0.647790101913941 -0.22024922225414 0.0
0.112710965802833 0.443457087137505 0.0
-0.570470521596091 -0.0295055325168413 0.0
-0.0192923742101358 -0.774252033128188 0.0
0.652945942648808 -0.152467162504066 0.0
0.0569343491366748 0.447117133931326 0.0
-0.575947082100243 -0.093803834197004 0.0
0.0429778084623115 -0.779279070575644 0.0
0.657712345037703 -0.0836998831211068 0.0
0.000785782300039862 0.44769956657868 0.0
-0.581336041674588 -0.157472231433697 0.0
0.105496880621764 -0.78357601094409 0.0
0.661882887880744 -0.0138349746650125 0.0
-0.0558205635856794 0.449095689205393 0.0
-0.586762052345539 -0.22055343198464 0.0
0.168194863792159 -0.78708714918095 0.0
0.665190249177075 0.0572610504056108 0.0
-0.11155231915647 0.459269987013503 0.0
-0.592716869882952 -0.283035418526924 0.0
0.230984884511114 -0.789812074014313 0.0
0.667284704230659 0.129747878017497 0.0
-0.167194739137802 0.46882191603299 0.0
-0.597274576889492 -0.345449163531556 0.0
0.293769855637192 -0.791805917666829 0.0
0.667702400599241 0.203819053142381 0.0
-0.221866003556663 0.481494585709855 0.0
-0.602183975001144 -0.407800304359122 0.0
0.356449656101657 -0.793180901081567 0.0
0.665815760132368 0.279717705346574 0.0
-0.27782413061668 0.493133075872625 0.0
-0.608094039891199 -0.469778944479345 0.0
0.418928319087592 -0.794110347255097 0.0
0.660752058616638 0.357769127850217 0.0
-0.33471605744895 0.506826817489336 0.0
-0.613932837691658 -0.531458819442485 0.0
0.48112235144627 -0.794836317426478 0.0
0.651263772167995 0.438460121911154 0.0
-0.388965475763263 0.528813299594761 0.0
-0.619867652538495 -0.592884226716755 0.0
0.542972820398603 -0.795683115257048 0.0
0.635607866269293 0.522667265139366 0.0
-0.440458873590653 0.560319948832553 0.0
-0.62540291864436 -0.654155719363439 0.0
-0.564504563890021 -0.659818777613576 0.0
-0.558893852193842 -0.598462062298911 0.0
-0.552999456777952 -0.536892579660167 0.0
-0.547222727692905 -0.475186883505609 0.0
-0.541449542037845 -0.413357730395434 0.0
-0.53645583753002 -0.351160500506508 0.0
-0.531759322855292 -0.28836360626139 0.0
-0.526050169829042 -0.225133468075602 0.0
-0.520635140999385 -0.161575113142684 0.0
-0.515282116026306 -0.0975917556517706 0.0
-0.509881761656359 -0.0330978232391611 0.0
-0.504344617178031 0.0319853145388781 0.0
-0.498567397647098 0.0977358161605875 0.0
-0.492412878830417 0.164229662273266 0.0
-0.485693236108263 0.231523138908977 0.0
-0.478161407835458 0.299601927991413 0.0
-0.469547552641752 0.368246276879859 0.0
-0.459804355567236 0.436699851630508 0.0
-0.450192311614548 0.502899994111136 0.0
-0.503514972012579 -0.665115543329794 0.0
-0.497804262050628 -0.603751192690982 0.0
-0.491995120790359 -0.542181611063281 0.0
-0.486278435428531 -0.480384471865375 0.0
-0.480762253016521 -0.418253928071458 0.0
-0.475765006694848 -0.355826251735017 0.0
-0.470840865441045 -0.293152269544271 0.0
-0.465485166809513 -0.230078072581647 0.0
-0.460249347159871 -0.166652022164676 0.0
-0.455068464744408 -0.102869430308134 0.0
-0.44987920398451 -0.0387201304296139 0.0
-0.444622434323771 0.0257918147385093 0.0
-0.439233129435811 0.0906315150262722 0.0
-0.43363619795524 0.155707542582144 0.0
-0.427753375636033 0.220827709426986 0.0
-0.42153386444469 0.285633286970891 0.0
-0.415033352823896 0.349525574866319 0.0
-0.408546463435573 0.411664699978602 0.0
-0.401985143119538 0.471221663078261 0.0
-0.44250990451093 -0.670576896150868 0.0
-0.436758413509969 -0.609231898822155 0.0
-0.431040789653514 -0.547668922510874 0.0
-0.425485457603234 -0.485851313772126 0.0
-0.420188248710613 -0.423766987337978 0.0
-0.415215294074027 -0.36147003246959 0.0
-0.41028133515504 -0.298948854998269 0.0
-0.405190314324472 -0.236144931616064 0.0
-0.400180835210602 -0.173100009049779 0.0
-0.395242811694011 -0.109851412100484 0.0
-0.390346997688893 -0.0464486638697963 0.0
-0.385464265426445 0.0170310319299813 0.0
-0.380565006553123 0.0804680459191162 0.0
-0.375618716394817 0.143686169633539 0.0
-0.370596134337738 0.206443771162534 0.0
-0.365471723687698 0.268446938912197 0.0
-0.360216293367937 0.329406802132967 0.0
-0.354693282044228 0.389141583387639 0.0
-0.348494443972554 0.447740174020552 0.0
-0.381511368609871 -0.676318797755974 0.0
-0.375766997014623 -0.615036651161736 0.0
-0.370174010112814 -0.553550710644187 0.0
-0.3647989794917 -0.491848122101603 0.0
-0.359677703176512 -0.429944199040374 0.0
-0.35478420641273 -0.367873256870685 0.0
-0.349945203891361 -0.305639830247925 0.0
-0.345081585782176 -0.243244287577829 0.0
-0.34030218005913 -0.18073942935071 0.0
-0.33561407408655 -0.118188004671601 0.0
-0.331006017074879 -0.0556671308493036 0.0
-0.326461929819444 0.00672695117230912 0.0
-0.321959011085343 0.0688787420432058 0.0
-0.317461592979208 0.130661757105168 0.0
-0.312912129835426 0.191958357716431 0.0
-0.308218852332432 0.25269474567483 0.0
-0.303229004012246 0.31288231566638 0.0
-0.29765434389066 0.372654472641733 0.0
-0.29085914771769 0.432244896790392 0.0
-0.320507814314246 -0.682392279406036 0.0
-0.314808572390353 -0.621206303404384 0.0
-0.309356158586008 -0.559847985368723 0.0
-0.304154464809119 -0.498318439827366 0.0
-0.299188475364745 -0.436641249466502 0.0
-0.294401269808546 -0.374849593545084 0.0
-0.289685731928379 -0.312966209342425 0.0
-0.285007223212509 -0.251020315309117 0.0
-0.280417711406662 -0.189068884234957 0.0
-0.275926194172554 -0.127176581636689 0.0
-0.27152623146784 -0.065413285214847 0.0
-0.267201941352401 -0.00385073695062418 0.0
-0.26292501329003 0.057444913414131 0.0
-0.25864896896082 0.118426101053264 0.0
-0.25430288065841 0.179080454635153 0.0
-0.249782776296093 0.239449288849235 0.0
-0.244926713310315 0.299643589312113 0.0
-0.239427416501625 0.359855701566314 0.0
-0.232566326392123 0.420380512249503 0.0
-0.259457716310415 -0.688741350544511 0.0
-0.253834688596123 -0.627655941149078 0.0
-0.248527846259685 -0.56643210309004 0.0
-0.243484009271911 -0.505078972213214 0.0
-0.238651630822222 -0.443624486313005 0.0
-0.233965681281309 -0.382103302083654 0.0
-0.229356358292223 -0.320547475944307 0.0
-0.224806126325656 -0.258995117256406 0.0
-0.220340870805607 -0.197497256317798 0.0
-0.215967868639896 -0.136106523057025 0.0
-0.211682769364207 -0.074872769735195 0.0
-0.207472005234898 -0.01383842426922 0.0
-0.20331152954713 0.0469673147274657 0.0
-0.199165011562236 0.107535398338222 0.0
-0.194982401589502 0.167882005277691 0.0
-0.190695443269992 0.228050755649706 0.0
-0.186196719805771 0.288109063664242 0.0
-0.181271860603492 0.348141203616786 0.0
-0.175379045020133 0.408249468826211 0.0
-0.198303989099656 -0.695215401457913 0.0
-0.192786595031939 -0.634208264644348 0.0
-0.187624132881916 -0.573092173413333 0.0
-0.182716606804574 -0.511880785397737 0.0
-0.177989297174117 -0.45060321862194 0.0
-0.173378346832065 -0.389293617057069 0.0
-0.168836133518999 -0.327985725703898 0.0
-0.164353394018401 -0.266716391989004 0.0
-0.159945563548492 -0.205527027418267 0.0
-0.155620801310907 -0.144456915233094 0.0
-0.151380207896646 -0.0835398617950963 0.0
-0.147219081362089 -0.0228012316310513 0.0
-0.143127294966602 0.0377446246852913 0.0
-0.139089729947203 0.0980968248616492 0.0
-0.135086222506424 0.158268765671305 0.0
-0.131086927249177 0.218289507799804 0.0
-0.12703422441774 0.278209676538179 0.0
-0.122801884447853 0.338127605894832 0.0
-0.118228019356703 0.398300409537277 0.0
-0.136989985129998 -0.701609268541126 0.0
-0.131607919933904 -0.640641579041368 0.0
-0.126585293054923 -0.579585889417962 0.0
-0.121789358658064 -0.518458228053108 0.0
-0.117134464861597 -0.457286964266381 0.0
-0.112563293948657 -0.396104013229377 0.0
-0.108044015520744 -0.334940991155099 0.0
-0.103574314884025 -0.273830163239507 0.0
-0.0991682892142412 -0.212804305959501 0.0
-0.0948386654718598 -0.151892885301084 0.0
-0.0905952762142922 -0.0911201991604354 0.0
-0.0864460455425988 -0.0305040066925831 0.0
-0.0823983581232084 0.0299449866644112 0.0
-0.07846082694113 0.090223139218696 0.0
-0.0746450245574824 0.150331758919573 0.0
-0.0709661931030734 0.210274003653965 0.0
-0.0674470012509003 0.270050243896264 0.0
-0.0641720538606777 0.329655271940681 0.0
-0.0616971589287705 0.389069082401516 0.0
-0.0754731085243381 -0.707705770330495 0.0
-0.0702556496171211 -0.646732052508076 0.0
-0.065366724512367 -0.585680852889651 0.0
-0.0606572901943137 -0.524569905121612 0.0
-0.0560421853738233 -0.463426315735815 0.0
-0.0514751212852917 -0.402279226992154 0.0
-0.046938276200325 -0.341156847884856 0.0
-0.0424373592568278 -0.280086344315524 0.0
-0.0379904062027475 -0.219093400151569 0.0
-0.0336172032820908 -0.158199913618352 0.0
-0.0293377189127029 -0.0974227549974322 0.0
-0.0251730278374312 -0.0367723990158578 0.0
-0.0211469284696333 0.0237484429054464 0.0
-0.0172878024510383 0.0841474347990758 0.0
-0.0136304616807277 0.144446631971143 0.0
-0.0102194058826766 0.204692407773856 0.0
-0.007128154765655 0.264976617960627 0.0
-0.00457488001937119 0.32547468917353 0.0
-0.0036229212162444 0.386448961240206 0.0
-0.013733058505343 -0.713308725435585 0.0
-0.00870658437777875 -0.652284331815833 0.0
-0.00394391732409222 -0.591182391710625 0.0
0.000702964882213756 -0.530022804831949 0.0
0.00530821109945353 -0.468831764160163 0.0
0.00990294102556913 -0.407635742976369 0.0
0.0144907471731702 -0.346459281703847 0.0
0.019056398231995 -0.285324621367946 0.0
0.0235747808115991 -0.224251361654214 0.0
0.0280172523774117 -0.163254875659162 0.0
0.0323524375425457 -0.102345132955979 0.0
0.0365448149890413 -0.0415247686731568 0.0
0.04055231430216 0.0192135828665295 0.0
0.0443230769990206 0.0798921861103721 0.0
0.0477903291928142 0.140555510660631 0.0
0.0508601307777227 0.20128307567401 0.0
0.0533709487168234 0.262205508484407 0.0
0.0549617698863885 0.323498766274499 0.0
0.0552075726927146 0.385165082582916 0.0
0.0482251909787911 -0.718263403723088 0.0
0.0530407100910233 -0.657149165843826 0.0
0.0576868647643705 -0.595947677198514 0.0
0.0622937845588578 -0.534681993144638 0.0
0.0669153550193697 -0.47337795492525 0.0
0.0715639751588339 -0.412059594898728 0.0
0.0762282069831217 -0.350747878610151 0.0
0.080881999960657 -0.289460647074028 0.0
0.0854910945686482 -0.228212690378267 0.0
0.0900162934840024 -0.167014826810645 0.0
0.0944128973030749 -0.105873201611383 0.0
0.0986280967150002 -0.0447878933726008 0.0
0.102596886383293 0.0162486534916765 0.0
0.106236066285178 0.0772538679104594 0.0
0.109434166221912 0.138255832237837 0.0
0.112031492493696 0.199290395259168 0.0
0.113780499786012 0.260380846868077 0.0
0.114351580874527 0.32146134644503 0.0
0.113796859639921 0.382330375874543 0.0
0.110373443606727 -0.722466458904603 0.0
0.114968188760412 -0.661230983316973 0.0
0.119511450823224 -0.599890375799296 0.0
0.124100131683554 -0.538471726610267 0.0
0.12876042155206 -0.477000744852727 0.0
0.133483508439127 -0.415498988838906 0.0
0.138242418691113 -0.353983927013102 0.0
0.142999586209956 -0.292469624270446 0.0
0.147710477847255 -0.230967511490008 0.0
0.152324277802246 -0.16948629299811 0.0
0.156781780648056 -0.108032138776886 0.0
0.161011490128243 -0.0466084806125109 0.0
0.164924107902482 0.0147837342793735 0.0
0.16840490889588 0.0761454606710796 0.0
0.171302450609262 0.137476235164677 0.0
0.173412349383155 0.198766799994296 0.0
0.174469759193644 0.259981922998868 0.0
0.174221449983414 0.321054842983338 0.0
0.172532538722006 0.38203503116874 0.0
0.17266492704858 -0.725869158713754 0.0
0.177042509332329 -0.664489635251168 0.0
0.181501739054237 -0.602980482055142 0.0
0.186093524266343 -0.541372925903158 0.0
0.190811397350668 -0.479691935581647 0.0
0.195624393581305 -0.417955940394257 0.0
0.200490351589644 -0.356178545390482 0.0
0.205360376051269 -0.294370182215936 0.0
0.210179576299644 -0.232539653992415 0.0
0.21488550576642 -0.17069484071652 0.0
0.219404625079507 -0.108843736699664 0.0
0.223647334709216 -0.0469952072525083 0.0
0.227501562979425 0.0148396803742133 0.0
0.230824579041846 0.0766461017832848 0.0
0.233432533857433 0.138401973822882 0.0
0.235090402135715 0.200073426765639 0.0
0.235515023954652 0.261612315707103 0.0
0.234393704329686 0.322979341936519 0.0
0.23135038324539 0.38418166654562 0.0
0.235040578315719 -0.728477766882393 0.0
0.239220249106756 -0.666940213295555 0.0
0.243619973519619 -0.605243240910024 0.0
0.248235643706335 -0.543420866034109 0.0
0.253026292441829 -0.481495535642351 0.0
0.257939732392104 -0.419481055642794 0.0
0.262920029943339 -0.357386083550025 0.0
0.267908021142765 -0.29521670180723 0.0
0.272839227587734 -0.232978609129763 0.0
0.277640348790531 -0.170678430544896 0.0
0.282224459330733 -0.10832538155928 0.0
0.286485119269307 -0.0459327051073211 0.0
0.290289219866061 0.0164802669811942 0.0
0.293468373387293 0.078885875522017 0.0
0.295808964507 0.1412442677321 0.0
0.297043137553286 0.20349993425042 0.0
0.296841992165945 0.265581413067184 0.0
0.294799470476744 0.327405560499951 0.0
0.290365251282534 0.388867800826398 0.0
0.297434754697051 -0.730353947986849 0.0
0.30145193193015 -0.668653695308634 0.0
0.305821216604645 -0.606759682575606 0.0
0.310479686897649 -0.544705360434957 0.0
0.315353679051908 -0.482507646337999 0.0
0.320372634169553 -0.420173475501263 0.0
0.325469227705901 -0.357704827179673 0.0
0.330575709498585 -0.295101927144551 0.0
0.335619254250127 -0.232365812948157 0.0
0.34051680313829 -0.169500003913273 0.0
0.34516915300471 -0.106512627988403 0.0
0.349454215914712 -0.0434185314671683 0.0
0.353219126957277 0.0197576250259551 0.0
0.35627105664815 0.0829775694617213 0.0
0.358366679849225 0.146183364594069 0.0
0.359200389649715 0.209290898441431 0.0
0.358387777529517 0.272182276317385 0.0
0.3554299917321 0.334694169297501 0.0
0.349629295617133 0.396588222575894 0.0
0.359781325963825 -0.731617190685612 0.0
0.363685643286507 -0.669760135559713 0.0
0.368054979414136 -0.607669993535718 0.0
0.372770792532886 -0.545374078839921 0.0
0.37773236418891 -0.482879935522219 0.0
0.382855246519489 -0.420185074078953 0.0
0.388063731837981 -0.357282820586346 0.0
0.393283417265165 -0.294165621762811 0.0
0.398434446056243 -0.23082756859006 0.0
0.403425040271814 -0.167266095001156 0.0
0.408144681384715 -0.103484356484504 0.0
0.412456636365318 -0.0394939858348995 0.0
0.41618938692934 0.0246805042596482 0.0
0.419126727715589 0.0889956054765813 0.0
0.420995930492743 0.153378863081303 0.0
0.421452598945848 0.217715640565263 0.0
0.420056331565083 0.281829663138482 0.0
0.416221365796195 0.345451819704179 0.0
0.409107486190755 0.408162650305628 0.0
0.422018644151189 -0.73245052316843 0.0
0.4258683844754 -0.670455176823782 0.0
0.430264453341816 -0.608179730976321 0.0
0.435044442977081 -0.545638176996219 0.0
0.440089570313983 -0.482824979218655 0.0
0.445306932016996 -0.419726207793346 0.0
0.450615542879718 -0.356325038302208 0.0
0.455936076917633 -0.292604365200915 0.0
0.461182624975023 -0.228548672787248 0.0
0.466255310722967 -0.164145266377906 0.0
0.471032789419084 -0.0993864715100656 0.0
0.475364170808953 -0.034272624533589 0.0
0.479059818725084 0.0311826237019313 0.0
0.481880634653992 0.0969441539139682 0.0
0.483524759924899 0.162941173061904 0.0
0.483609520892125 0.229045249735142 0.0
0.481641853511601 0.295033077594861 0.0
0.476959470425692 0.360520575407329 0.0
0.468587258694514 0.424839248138222 0.0
0.484092282917616 -0.733110997288264 0.0
0.48794369688209 -0.671010416171987 0.0
0.492382478943323 -0.608568233993997 0.0
0.497222566683514 -0.545778450962024 0.0
0.502337829595905 -0.482620728377655 0.0
0.507632189286926 -0.41906973370449 0.0
0.513021837563093 -0.355098540564127 0.0
0.518423497233592 -0.290679467335867 0.0
0.523745419386759 -0.225784600121668 0.0
0.528879437019328 -0.16038600801219 0.0
0.533692894376789 -0.0944571435257402 0.0
0.538019900097146 -0.0279751599426198 0.0
0.54165125309916 0.0390743210652745 0.0
0.544322485576351 0.10668923288907 0.0
0.545698695327129 0.174835784537653 0.0
0.545354026580242 0.243421596017027 0.0
0.542740108108196 0.312242520050898 0.0
0.537126831816616 0.380869579222562 0.0
0.527443247970339 0.448385095800223 0.0
0.545953058929617 -0.733947849305367 0.0
0.549843511124489 -0.671788259939514 0.0
0.554323630793273 -0.609197211436645 0.0
0.559207783409783 -0.546147855211712 0.0
0.564371858599342 -0.482609362131328 0.0
0.569719975973371 -0.418549377929781 0.0
0.575166323691761 -0.353933209586458 0.0
0.580623424800282 -0.288722232272624 0.0
0.585992951561564 -0.222872908714023 0.0
0.591157307012238 -0.156335808839334 0.0
0.595970752400283 -0.0890556880427381 0.0
0.600249436338937 -0.020971966673649 0.0
0.603759446191385 0.0479792974841678 0.0
0.606201915335964 0.117861821107825 0.0
0.607193293953407 0.188730679173846 0.0
0.606238474386051 0.260615944728277 0.0
0.602693323720263 0.33348371275204 0.0
0.595712066287901 0.407129381063248 0.0
0.584150122567968 0.480817647842507 0.0
