-0.562990823523072 -0.694247186591419 0.0
0.670503368133336 -0.739222308456541 0.0
-0.453639543056488 0.61237245798111 0.0
0.61237245798111 0.61237245798111 0.0
-0.501875972666844 -0.697496530906308 0.0
0.671874578735971 -0.677681763077654 0.0
0.573994879065033 0.559703745493056 0.0
-0.475937644510224 0.534799869234775 0.0
-0.440766993767192 -0.700564036753243 0.0
0.673810529548404 -0.615773147132282 0.0
0.522915852185143 0.529318768389688 0.0
-0.491548537989869 0.46037263294127 0.0
-0.379708057552302 -0.703732914513897 0.0
0.676110619957854 -0.553468427146034 0.0
0.468840131450484 0.511204113248089 0.0
-0.50216554561557 0.388526826721913 0.0
-0.318683002938868 -0.707139806114602 0.0
0.678655626381309 -0.490749236856156 0.0
0.413917532186787 0.49993047036038 0.0
-0.50975701347899 0.318782348453938 0.0
-0.257651837706822 -0.710824540657955 0.0
0.681363454137452 -0.427595759652675 0.0
0.358645072368324 0.492790252729569 0.0
-0.515492644157593 0.250689321891256 0.0
-0.196556956110336 -0.714745493568993 0.0
0.684167611439764 -0.363982020591411 0.0
0.30317023067064 0.488404003752734 0.0
-0.520058320550382 0.183896449495135 0.0
-0.135336127755346 -0.718789254627023 0.0
0.687004070884645 -0.299873780545559 0.0
0.247578763879925 0.48604022036624 0.0
-0.523874733153756 0.118141452402134 0.0
-0.0739363793834948 -0.722800856642282 0.0
0.689801478252323 -0.235227179441517 0.0
0.191960369939288 0.485324695710776 0.0
-0.527210798221465 0.0532291093284755 0.0
-0.0123241747151615 -0.726616100835534 0.0
0.692472333469645 -0.169988083845614 0.0
0.136431469921767 0.486158889644193 0.0
-0.530244819945088 -0.010986703039484 0.0
0.0495103373029788 -0.730086080951265 0.0
0.694903879112695 -0.104091022835764 0.0
0.0812405864961143 0.489983741974632 0.0
-0.533100810846238 -0.0746144365278631 0.0
0.1115532857242 -0.733091891435647 0.0
0.696947574095781 -0.0374584648601681 0.0
0.0253152345132018 0.489285413871556 0.0
-0.53587558663291 -0.137732154710677 0.0
0.173770352760744 -0.735551541692951 0.0
0.698405951916259 0.0300005803792176 0.0
-0.031092922611962 0.48864147327754 0.0
-0.538680926268275 -0.2003903978687 0.0
0.236111088015527 -0.737422072245656 0.0
0.699014599597252 0.0983921360285084 0.0
-0.0868922688509859 0.497018352889236 0.0
-0.54191730588928 -0.262610894891448 0.0
0.298513823490837 -0.738699740320233 0.0
0.698414971719691 0.167839774208241 0.0
-0.142675537320749 0.503890005837671 0.0
-0.544178229498773 -0.324752618500527 0.0
0.360909576655232 -0.739420480136998 0.0
0.696109140578874 0.238486139441823 0.0
-0.19760060800635 0.51322413701155 0.0
-0.546688952102233 -0.386826839515935 0.0
0.423226615401536 -0.739662138652957 0.0
0.691378616307861 0.310492049859049 0.0
-0.253295456437242 0.519310867227016 0.0
-0.549933704589678 -0.448630104769667 0.0
0.485395296907456 -0.739549247511432 0.0
0.683129160816213 0.384021020271846 0.0
-0.309566334668059 0.52667501570723 0.0
-0.55319931814971 -0.51022868410616 0.0
0.547354258782399 -0.739260780454826 0.0
0.66957962209578 0.459171069316425 0.0
-0.363548407202859 0.544208352576359 0.0
-0.556570080632544 -0.571667627073094 0.0
0.60906036120941 -0.739041746695401 0.0
0.64765113598692 0.535722886027335 0.0
-0.416159602199536 0.566906815646825 0.0
-0.559732090406614 -0.632995644738619 0.0
-0.498645214393906 -0.63622228706792 0.0
-0.495430986433997 -0.574833744055127 0.0
-0.492085625905909 -0.513296016111927 0.0
-0.488867994909826 -0.451666868192712 0.0
-0.485695193115499 -0.389949470936233 0.0
-0.483098521764378 -0.32796998350933 0.0
-0.480782078203829 -0.265568998523058 0.0
-0.477785440417326 -0.202845944545502 0.0
-0.475014006359271 -0.139872627354538 0.0
-0.472288231040609 -0.0765699272959292 0.0
-0.469511146067654 -0.0128695290147655 0.0
-0.466592558836161 0.0512904862921262 0.0
-0.463421527778603 0.115968613279197 0.0
-0.459845916471935 0.18121480154084 0.0
-0.455650332227329 0.247049647867331 0.0
-0.450533173648235 0.313412404756432 0.0
-0.444104665593114 0.380037290900482 0.0
-0.43601379557237 0.446178577336629 0.0
-0.42664350623682 0.510048620625348 0.0
-0.43751349755871 -0.639261420989097 0.0
-0.434234620816523 -0.577859275072924 0.0
-0.430947464522203 -0.516321978419726 0.0
-0.427778729118763 -0.454634576835013 0.0
-0.424803228352431 -0.39272170286079 0.0
-0.422237221121594 -0.330614721060069 0.0
-0.419771413619386 -0.26834188767906 0.0
-0.417034513798193 -0.205775232141293 0.0
-0.414405945716351 -0.142963845120405 0.0
-0.411822180835656 -0.0799038358288492 0.0
-0.40921871855176 -0.0165914217720187 0.0
-0.406528035035093 0.046961682394222 0.0
-0.403668460219318 0.11071451420695 0.0
-0.400535005787535 0.174576321748524 0.0
-0.39699341627895 0.238373827770003 0.0
-0.392881766470913 0.301808888961987 0.0
-0.388028701437089 0.364426220933406 0.0
-0.382291504731956 0.425669841379623 0.0
-0.375259507178899 0.485199482983691 0.0
-0.376384081367751 -0.642458312489587 0.0
-0.373076867565904 -0.581079675484849 0.0
-0.369856377093062 -0.519564965962745 0.0
-0.366809903816246 -0.457889873473795 0.0
-0.36400036466267 -0.39604737594225 0.0
-0.36146775232208 -0.334077087795007 0.0
-0.359007818982924 -0.271965126240663 0.0
-0.356469368899818 -0.209666133168713 0.0
-0.354011080327039 -0.147221152314524 0.0
-0.351608350882712 -0.0846626732940581 0.0
-0.349219510000466 -0.0220343390883852 0.0
-0.346796026283958 0.0405974093712378 0.0
-0.344277352690653 0.103133525185019 0.0
-0.341583501152347 0.165434614064737 0.0
-0.338606216218669 0.22731905321512 0.0
-0.335199358289067 0.288579384637564 0.0
-0.331177184716397 0.349030871553851 0.0
-0.326338364935735 0.408593291526466 0.0
-0.320866961227501 0.46744797895806 0.0
-0.315265010161757 -0.645913872982818 0.0
-0.311959340651387 -0.58459672527866 0.0
-0.30882823157014 -0.523162246883683 0.0
-0.305914326340524 -0.461602378841027 0.0
-0.303236378140297 -0.39992890120559 0.0
-0.300768891596077 -0.338166601140339 0.0
-0.298381729762381 -0.276316766845815 0.0
-0.296006550073233 -0.214380368986056 0.0
-0.293708181720437 -0.152402655853454 0.0
-0.291473064572112 -0.0904331651788361 0.0
-0.289269694224692 -0.0285310486544951 0.0
-0.287055158155716 0.0332325581363715 0.0
-0.28476952939552 0.0947768557374654 0.0
-0.282326306157286 0.156021145512624 0.0
-0.279601455029478 0.216904218969694 0.0
-0.276427571058123 0.277417400347993 0.0
-0.272611592202395 0.337648932749607 0.0
-0.268054745980885 0.39784191672819 0.0
-0.263335667834146 0.458416707703727 0.0
-0.254140721618341 -0.649659777607925 0.0
-0.250861003529501 -0.588428545814079 0.0
-0.247828636964402 -0.5271099862061 0.0
-0.245039342324698 -0.465704378691266 0.0
-0.242474011790081 -0.404228319588344 0.0
-0.240083314366788 -0.342705065110953 0.0
-0.237781010445653 -0.281149630846745 0.0
-0.235529546393591 -0.219583330528685 0.0
-0.233351506458867 -0.158049719459089 0.0
-0.231233857947692 -0.0965951082907936 0.0
-0.229147584189062 -0.0352666897832543 0.0
-0.227049847156357 0.0258913535577506 0.0
-0.224879304216866 0.0868456034789953 0.0
-0.222550112769414 0.147586313595475 0.0
-0.219949386293457 0.208144348024877 0.0
-0.216947496186784 0.268612341744471 0.0
-0.213444305021891 0.329166108070171 0.0
-0.209499084889226 0.390067113521254 0.0
-0.205243281179563 0.45150050952253 0.0
-0.192976987112683 -0.653639798039159 0.0
-0.189744609993696 -0.592494933785029 0.0
-0.186813258018784 -0.531292535013553 0.0
-0.184135234700905 -0.47003661314848 0.0
-0.181663478322911 -0.40874537868343 0.0
-0.179341047319754 -0.347441932866434 0.0
-0.177106548318097 -0.286147273311086 0.0
-0.174934134469417 -0.224887428470661 0.0
-0.172827286227375 -0.16369796778716 0.0
-0.170772559734436 -0.10261302193355 0.0
-0.168744356179331 -0.0416615720984882 0.0
-0.16670562384354 0.0191370036202931 0.0
-0.164606291872052 0.0797786045371955 0.0
-0.162383457847415 0.140281344020827 0.0
-0.159968556993945 0.200690872150194 0.0
-0.157310692338106 0.261081602126142 0.0
-0.154427554575119 0.321542342337955 0.0
-0.151427696124886 0.382116341706116 0.0
-0.148056071475142 0.442729749243915 0.0
-0.131732268629479 -0.657727625629712 0.0
-0.128569293421418 -0.596649597707737 0.0
-0.125738167172973 -0.535538391973421 0.0
-0.123155294458996 -0.474399383910857 0.0
-0.120755435510206 -0.41325025633317 0.0
-0.118481261422855 -0.352112716287759 0.0
-0.116286573334289 -0.291008259356851 0.0
-0.114151719378174 -0.229960849676304 0.0
-0.112073534282269 -0.168997359959336 0.0
-0.110041412161258 -0.108141163692949 0.0
-0.10803739701896 -0.0474092878133828 0.0
-0.106037016127848 0.0131903305999175 0.0
-0.104010519704687 0.0736613269058913 0.0
-0.101927277779149 0.134021253932541 0.0
-0.0997672482960516 0.194301565788886 0.0
-0.0975434069739957 0.254544735965392 0.0
-0.0953245477731251 0.314794947971728 0.0
-0.0931841890438634 0.375098484314478 0.0
-0.0910782970039187 0.435649502873046 0.0
-0.070368584283385 -0.661760950973051 0.0
-0.0672987578045285 -0.600719017258178 0.0
-0.0645661237659334 -0.539660181746785 0.0
-0.0620617409611296 -0.478590233426553 0.0
-0.0597114188371457 -0.417525501420207 0.0
-0.0574619563728153 -0.356485624052685 0.0
-0.0552785868275655 -0.295490352349858 0.0
-0.05314753099854 -0.234560039401621 0.0
-0.0510662769546742 -0.173715012033999 0.0
-0.0490303573153448 -0.11297190901152 0.0
-0.0470324949099494 -0.0523421088663564 0.0
-0.0450640604698586 0.00816947945633971 0.0
-0.0431183108894718 0.0685647387619335 0.0
-0.0411973382809448 0.128851740620794 0.0
-0.0393252421190792 0.189040519483272 0.0
-0.0375675601345844 0.249133818947669 0.0
-0.0360467398041306 0.309109959433449 0.0
-0.0349621558278575 0.368909837282511 0.0
-0.0349032387102885 0.428420486438894 0.0
-0.00885974300894627 -0.665573590186705 0.0
-0.00590744720008415 -0.604533425415286 0.0
-0.00327143990852097 -0.543483702406803 0.0
-0.000829733219161903 -0.482430905650406 0.0
0.00149214031042205 -0.421390259722293 0.0
0.00373948926592992 -0.360379439232229 0.0
0.00593642445820537 -0.299415897932311 0.0
0.00808972230256624 -0.238516411823021 0.0
0.0101971110427042 -0.177696296102333 0.0
0.0122549424039078 -0.116967088023652 0.0
0.0142587530764445 -0.0563353580970603 0.0
0.0162012591472865 0.00419865750167796 0.0
0.0180682554593636 0.0646423388499551 0.0
0.0198314749520671 0.125012733104001 0.0
0.0214378628094736 0.18533865886399 0.0
0.0227973050233563 0.245666163194272 0.0
0.0237683478124514 0.306073227608192 0.0
0.0240830319017751 0.366702329978687 0.0
0.0226773567305484 0.427746147435186 0.0
0.0528045455362786 -0.669018335498279 0.0
0.0556166599919453 -0.607947221897203 0.0
0.0581585095098155 -0.546865341619538 0.0
0.0605522475395824 -0.485780903268757 0.0
0.0628646107689138 -0.424708764206038 0.0
0.0651296112812151 -0.363665014490951 0.0
0.0673602047307459 -0.30266476887446 0.0
0.0695548374199678 -0.241721418961808 0.0
0.0717039566908875 -0.180845924003429 0.0
0.0737943103379032 -0.120045034403854 0.0
0.0758085961760642 -0.0593199611105915 0.0
0.0777226160023743 0.00133571601826186 0.0
0.0795002224289468 0.061938731171933 0.0
0.0810855987150879 0.122520498473226 0.0
0.0823927850934266 0.183132620560143 0.0
0.0832924271487314 0.243856020038756 0.0
0.0835865291219197 0.304811886764867 0.0
0.0829176428779286 0.366151480756484 0.0
0.081017457189071 0.427844392328993 0.0
0.11461765871041 -0.671979954211822 0.0
0.117271674682857 -0.610849635325148 0.0
0.119723736184787 -0.549699853209618 0.0
0.122083581500359 -0.488541818731182 0.0
0.124403109508791 -0.427390791796737 0.0
0.126702097963536 -0.36626166812342 0.0
0.12898147131019 -0.305167448634983 0.0
0.131230139224429 -0.244118705387958 0.0
0.133429453105615 -0.183123228780942 0.0
0.135554928198253 -0.12218481833956 0.0
0.137574509319384 -0.0613023782828902 0.0
0.139444413043718 -0.00046845751846908 0.0
0.141102624318722 0.0603319987283137 0.0
0.142459757815606 0.121122671622318 0.0
0.143387158285081 0.181933854869251 0.0
0.143701781285726 0.242794911723048 0.0
0.143146446992051 0.303709144664382 0.0
0.141441849512942 0.364580411959166 0.0
0.138837480679664 0.425215835189296 0.0
0.176558008934313 -0.674380806598602 0.0
0.179043791141779 -0.613168636885971 0.0
0.181413873967729 -0.551922173872268 0.0
0.183754000287075 -0.490656712335099 0.0
0.186095405584815 -0.429388374967346 0.0
0.188441493508829 -0.368131085975482 0.0
0.190780529875959 -0.306896080516706 0.0
0.193091128213168 -0.245692007761594 0.0
0.195344427790801 -0.184525234802056 0.0
0.197503604836937 -0.123399451295484 0.0
0.199520688189337 -0.0623157144770653 0.0
0.20133123648974 -0.00127235299711399 0.0
0.202846996984133 0.0597341793537979 0.0
0.203946737113811 0.120707293119224 0.0
0.204466082219619 0.181644622503691 0.0
0.204189462938877 0.242528562852004 0.0
0.202864055239629 0.303311552221025 0.0
0.200315934139435 0.363928041794472 0.0
0.196651296803267 0.424475330627453 0.0
0.238592200662761 -0.676182179423984 0.0
0.240910044118271 -0.614871287272343 0.0
0.243210645132768 -0.553506458952585 0.0
0.245545880757823 -0.492107476329129 0.0
0.24792229172518 -0.430691114030447 0.0
0.25032596911517 -0.369270080107952 0.0
0.252732607333042 -0.307853895793391 0.0
0.255110519668642 -0.246449864092416 0.0
0.257420449897125 -0.185064127376687 0.0
0.259613179196989 -0.123702074135467 0.0
0.261625105306714 -0.0623692494888943 0.0
0.263372153619716 -0.00107221861926052 0.0
0.264742246057343 0.0601796633929061 0.0
0.265586902807112 0.121371905982691 0.0
0.265713600369408 0.182480719143744 0.0
0.264884823215596 0.243469540015625 0.0
0.262841992696536 0.304292728193751 0.0
0.259369907216607 0.364933786650273 0.0
0.254338660972776 0.425473539415409 0.0
0.300679160638389 -0.677384206181182 0.0
0.302841640478953 -0.615963351469184 0.0
0.305090389561845 -0.554465103545631 0.0
0.307436156539926 -0.492912930437738 0.0
0.309859104179322 -0.4313230582833 0.0
0.312328565790407 -0.369705999831783 0.0
0.314808666809248 -0.30806894803837 0.0
0.317258209459478 -0.246417600837191 0.0
0.319628176841157 -0.184757868548865 0.0
0.321857709000974 -0.123096896054801 0.0
0.323868644467632 -0.0614445744907886 0.0
0.325558828624825 0.000185050121856439 0.0
0.326794395240898 0.06177166638508 0.0
0.327401678135551 0.123286513216863 0.0
0.32716056887973 0.184689277280363 0.0
0.325804311067616 0.245927332346609 0.0
0.323032945421117 0.306942289121733 0.0
0.318538228008775 0.36769036075778 0.0
0.312010409829247 0.428165369939037 0.0
0.362773538809665 -0.678026578830248 0.0
0.364806090441577 -0.616490334135302 0.0
0.367024916816087 -0.554849834458581 0.0
0.369396192874065 -0.49312976582257 0.0
0.371874837250414 -0.431343510462877 0.0
0.374415536655478 -0.369497649879425 0.0
0.376972692901806 -0.307595716935474 0.0
0.379496982029748 -0.24564066425832 0.0
0.381930756353184 -0.183637020803357 0.0
0.384202633702335 -0.121592356882597 0.0
0.386221118365621 -0.0595193053210642 0.0
0.387867270581901 0.0025624127736742 0.0
0.388986502792312 0.0646231124363738 0.0
0.3893800327215 0.126620015538562 0.0
0.38879729164427 0.188493002757043 0.0
0.386931728277998 0.250162258599261 0.0
0.383421293758313 0.311529803810785 0.0
0.377848186295525 0.372487097767418 0.0
0.369734414375836 0.43292680139362 0.0
0.424829648255672 -0.67819156978431 0.0
0.426769227585111 -0.616541296896882 0.0
0.428981893084129 -0.554755949909159 0.0
0.431391106361467 -0.492857096511664 0.0
0.433930695001275 -0.430852134314951 0.0
0.436544146551123 -0.368741503102896 0.0
0.439178558830196 -0.306523263582018 0.0
0.441778174079576 -0.244195815234124 0.0
0.444278038157832 -0.18176021613787 0.0
0.446597465750289 -0.119221911906273 0.0
0.448632854478658 -0.0565932535026415 0.0
0.450249667375119 0.00610360724100338 0.0
0.451273459643799 0.0688324012545694 0.0
0.451480132246405 0.131537371069447 0.0
0.450585714503241 0.194135664556383 0.0
0.448235822989858 0.256509807915825 0.0
0.443992631630428 0.318500742525457 0.0
0.437314217240762 0.379902373454358 0.0
0.427533006956095 0.440461197080368 0.0
0.48680473109742 -0.678010206416456 0.0
0.488695642420297 -0.616255940457587 0.0
0.490923538202451 -0.554329620667069 0.0
0.493377681257605 -0.492243906624536 0.0
0.495977622798656 -0.429996945700724 0.0
0.498659895208375 -0.367580956274085 0.0
0.501366868093596 -0.304986701010374 0.0
0.504038003036147 -0.242205835555766 0.0
0.506602265245418 -0.179232935789972 0.0
0.508970771627684 -0.116067158578596 0.0
0.511028943028127 -0.0527150471520531 0.0
0.512627783332668 0.0108057527439973 0.0
0.513573876953018 0.0744605053659616 0.0
0.513617727309 0.138188960387582 0.0
0.51243953289895 0.201892304105435 0.0
0.509630533034664 0.265416037526275 0.0
0.504665691247696 0.328526519433045 0.0
0.496862353622397 0.390879982109283 0.0
0.485323050257934 0.451988431445158 0.0
0.548660921147209 -0.677672289516003 0.0
0.550546670680048 -0.615834924896492 0.0
0.552803270930084 -0.553777310646124 0.0
0.555300980296276 -0.491497567307654 0.0
0.557953288223051 -0.428982650109166 0.0
0.560693933474221 -0.366215727669384 0.0
0.563462699148522 -0.303179157028044 0.0
0.566195431088654 -0.239855586070974 0.0
0.568815770973148 -0.176229084513268 0.0
0.571227275980821 -0.112286217385128 0.0
0.573304996163435 -0.0480185495104096 0.0
0.574885941444799 0.0165735911837796 0.0
0.575757659673148 0.0814744463147939 0.0
0.575643809584061 0.14664235711064 0.0
0.574184448553534 0.211991509117625 0.0
0.570907254106993 0.277362570766412 0.0
0.565183729592038 0.342472381371767 0.0
0.556163865237026 0.406828872571003 0.0
0.542675428839583 0.469594013013401 0.0
0.610364535701672 -0.677441657922105 0.0
0.612274965959299 -0.615553114206333 0.0
0.614560390240008 -0.553374946143865 0.0
0.617090507084935 -0.490889560578532 0.0
0.619779936588599 -0.428075148414789 0.0
0.622562388568055 -0.364907942904463 0.0
0.625376007550374 -0.30136206424045 0.0
0.6281532719779 -0.237408780578612 0.0
0.630812491752159 -0.173016436418489 0.0
0.633249478233161 -0.10815049071587 0.0
0.635328365346928 -0.0427748301972774 0.0
0.636870790118514 0.0231460677492443 0.0
0.637642118115575 0.0896426387028169 0.0
0.637332499563244 0.156732430163178 0.0
0.635528407583148 0.224404070164332 0.0
0.631667433211351 0.2925862653107 0.0
0.624965282418351 0.36108124484058 0.0
0.614304398690712 0.42941689120211 0.0
0.598090154033089 0.496506438501653 0.0
