-0.540697653504426 -0.697447345511062 0.0
0.693061086303782 -0.73746041846215 0.0
-0.434421372413635 0.61237245798111 0.0
0.61237245798111 0.61237245798111 0.0
-0.479575055275183 -0.700422472738124 0.0
0.694096956863595 -0.67590662329674 0.0
0.578286866434461 0.558142735529523 0.0
-0.457851244092649 0.534384241314278 0.0
-0.418464518198677 -0.703229217168928 0.0
0.69569336027669 -0.613974949219589 0.0
0.529144281260287 0.526790453531765 0.0
-0.474085412711991 0.459457843588028 0.0
-0.357411351924529 -0.706147118444556 0.0
0.697640032814978 -0.551639199788216 0.0
0.476324230022559 0.508382546665577 0.0
-0.48493317751753 0.38714514318159 0.0
-0.296399019686534 -0.709324213472799 0.0
0.699812859017352 -0.488882260065917 0.0
0.422426383398753 0.497082375765271 0.0
-0.492513230154077 0.31700422958497 0.0
-0.235384945104808 -0.712805381830653 0.0
0.702126431790422 -0.425684928545326 0.0
0.368048485278017 0.48997982466953 0.0
-0.498086593113644 0.248586365350144 0.0
-0.174307830419396 -0.716547457863988 0.0
0.704511209736528 -0.362021272311277 0.0
0.313370125189742 0.485634607773542 0.0
-0.502394434044671 0.181532225998863 0.0
-0.113101520067037 -0.720430553401136 0.0
0.706899600526458 -0.297856616344283 0.0
0.258497708753284 0.483303735304143 0.0
-0.505892801681612 0.115570113403749 0.0
-0.0517096271902776 -0.72429047505764 0.0
0.709215549491416 -0.233146291677095 0.0
0.203539047264371 0.482618853118104 0.0
-0.508874313201612 0.0504960364931786 0.0
0.00990375140972574 -0.727953167796159 0.0
0.711365100188185 -0.16783510305758 0.0
0.148628331445631 0.483488255426982 0.0
-0.511533779178995 -0.0138437916409313 0.0
0.0717495537216583 -0.731260716213492 0.0
0.713226549074698 -0.101856418642611 0.0
0.0940737752237181 0.487728036073803 0.0
-0.514007128081696 -0.0775643991563005 0.0
0.133813759126351 -0.734086810323723 0.0
0.714638959785466 -0.0351316726209684 0.0
0.0386104322235251 0.486567764858686 0.0
-0.516400146238602 -0.140749521492885 0.0
0.196060877907479 -0.736343883952101 0.0
0.715387643539636 0.0324306646610519 0.0
-0.0173467923209984 0.485207789369487 0.0
-0.518831980027172 -0.203454811353883 0.0
0.258438537390179 -0.737985151122558 0.0
0.715184008789955 0.100935995271939 0.0
-0.072599599671927 0.494235122886705 0.0
-0.521719472513107 -0.2657078037391 0.0
0.320882645450696 -0.739004607911654 0.0
0.713634842261756 0.170504792149573 0.0
-0.127986342116267 0.501244383071645 0.0
-0.523632642655418 -0.327876194928076 0.0
0.38332148487799 -0.739437379973754 0.0
0.710190888648304 0.24127127306193 0.0
-0.182457862767637 0.510892101119194 0.0
-0.52580742260287 -0.389970508465151 0.0
0.445680428677155 -0.739362031653512 0.0
0.70405441625044 0.313375865118168 0.0
-0.237846723082929 0.51678206331373 0.0
-0.528739910472295 -0.451785284102682 0.0
0.507886937879722 -0.738905664333449 0.0
0.694002978763853 0.386933162560137 0.0
-0.293865275437422 0.523809742296277 0.0
-0.531715178419359 -0.513393992461951 0.0
0.569876984426012 -0.73825230336857 0.0
0.678038399030476 0.461919403854567 0.0
-0.347317131820505 0.541989912718345 0.0
-0.534806810022168 -0.574845130219372 0.0
0.63160537401995 -0.737655597343214 0.0
0.652703050990754 0.537793755183238 0.0
-0.399373392589508 0.565359673362102 0.0
-0.537703037260374 -0.6361834837022 0.0
-0.476608799474378 -0.63913465037803 0.0
-0.473658431778497 -0.577733543753279 0.0
-0.47058996217832 -0.516180312338449 0.0
-0.467664773218301 -0.45453441655708 0.0
-0.464800976727615 -0.392798271515923 0.0
-0.462534348505531 -0.330791795386821 0.0
-0.460573942470385 -0.26835398839117 0.0
-0.457942321566995 -0.205585775674526 0.0
-0.455549884284712 -0.142555246121771 0.0
-0.453211170181307 -0.0791794368701594 0.0
-0.45082239705377 -0.0153865225386454 0.0
-0.448284751188409 0.0488888032785389 0.0
-0.445475899021644 0.113708170888969 0.0
-0.44222832224529 0.179123828525594 0.0
-0.438305709175769 0.245156288751102 0.0
-0.433378625088933 0.311738583106435 0.0
-0.427024174033482 0.378583981028984 0.0
-0.418870055441051 0.444894068087559 0.0
-0.409373160163686 0.508775804475115 0.0
-0.415471799098232 -0.641910733223843 0.0
-0.412456038264224 -0.580491749179839 0.0
-0.409446125101143 -0.518936732516127 0.0
-0.40657237575652 -0.457229849356435 0.0
-0.40391248673261 -0.395293612610582 0.0
-0.401684609975368 -0.333159609219268 0.0
-0.39957724391365 -0.270855448921649 0.0
-0.397212423011027 -0.208248106274166 0.0
-0.394969620921997 -0.145388048837476 0.0
-0.392780406411886 -0.0822702776179942 0.0
-0.390574155918576 -0.0188904743618086 0.0
-0.388275821236932 0.0447390805702614 0.0
-0.385794447636605 0.108575003469741 0.0
-0.383013870444318 0.172520988686571 0.0
-0.379787367696828 0.236393148471101 0.0
-0.375941744886115 0.29987555216039 0.0
-0.371302109677733 0.362488272898783 0.0
-0.365744518948783 0.423655529633221 0.0
-0.358948892948377 0.483069998970176 0.0
-0.354342411328779 -0.644857328852314 0.0
-0.351296860544515 -0.583463654787386 0.0
-0.348355165785539 -0.521933850914871 0.0
-0.345608366664177 -0.460242808345133 0.0
-0.343121049883976 -0.398383114485243 0.0
-0.340933102957665 -0.336394601666067 0.0
-0.338837743695999 -0.274262132477644 0.0
-0.336679663711729 -0.211939168287509 0.0
-0.334615872482267 -0.149468471636166 0.0
-0.332617668290121 -0.0868837936950365 0.0
-0.330638320396792 -0.0242309414167267 0.0
-0.328623388795836 0.0384200642462729 0.0
-0.326505600186235 0.100964760453021 0.0
-0.324197676052203 0.163256286618951 0.0
-0.32158418603937 0.225103993121464 0.0
-0.318513505431025 0.286291939428715 0.0
-0.314800593653837 0.346632059604109 0.0
-0.310268674365119 0.406051576142369 0.0
-0.305191680413948 0.464735335858142 0.0
-0.293227907699508 -0.648086234826597 0.0
-0.290182242844073 -0.586759073099703 0.0
-0.287332398571952 -0.525316168850317 0.0
-0.28472343493775 -0.463749116970875 0.0
-0.282374416388109 -0.402069784923658 0.0
-0.280258726346776 -0.340303231956756 0.0
-0.278243566843071 -0.278450692692015 0.0
-0.276257448600656 -0.216513714339663 0.0
-0.274362954669777 -0.154539632213755 0.0
-0.272542947106972 -0.0925801119034864 0.0
-0.27076157411817 -0.0306968454873828 0.0
-0.2689708351188 0.0310361861646652 0.0
-0.267104866362031 0.0925355542480522 0.0
-0.265070300571735 0.153719237052842 0.0
-0.262735534499846 0.214527837097689 0.0
-0.259926470833191 0.274960070748188 0.0
-0.256450248695414 0.335119361654254 0.0
-0.252228805275403 0.395270417659521 0.0
-0.247906819141798 0.455851781264218 0.0
-0.232111310282341 -0.651632773426863 0.0
-0.229090156157184 -0.590398156339214 0.0
-0.226342062832652 -0.529079938120948 0.0
-0.223863240882167 -0.467678197565508 0.0
-0.221633573779975 -0.406209819962678 0.0
-0.219601794130106 -0.344698591966993 0.0
-0.217678923364115 -0.283160095818708 0.0
-0.215824615014531 -0.221616710621564 0.0
-0.214058970233206 -0.160113678683177 0.0
-0.212365629677602 -0.0986987507526409 0.0
-0.21071156712419 -0.0374201397415328 0.0
-0.209049216566608 0.0236778332716224 0.0
-0.207311725442268 0.0845632384237779 0.0
-0.205407109433831 0.145230420456051 0.0
-0.203216541186532 0.205717975394355 0.0
-0.200607208791039 0.266130576988855 0.0
-0.197483839005761 0.326659546388918 0.0
-0.193923585969742 0.387580511404171 0.0
-0.190049448693277 0.449075642212494 0.0
-0.170956341569173 -0.65543815315608 0.0
-0.167981748253084 -0.594296626644457 0.0
-0.165338096123405 -0.533103443454356 0.0
-0.162976065145897 -0.47186235953851 0.0
-0.160846331591973 -0.410591865596097 0.0
-0.158889371921532 -0.34931558983345 0.0
-0.157040992256354 -0.288055142269963 0.0
-0.155272712283018 -0.226837381326362 0.0
-0.153585511494276 -0.165698776433428 0.0
-0.151962936057716 -0.104673857688064 0.0
-0.150375923391053 -0.0437912510100656 0.0
-0.148783570072011 0.0169310984364352 0.0
-0.14713175483464 0.0774919412157749 0.0
-0.145353884705525 0.137913869140439 0.0
-0.143379374852996 0.198248429837128 0.0
-0.141159438763986 0.258576118547158 0.0
-0.138720548353731 0.318988646750542 0.0
-0.13617979750376 0.379522810746324 0.0
-0.133237942057635 0.440093215741699 0.0
-0.109719094224854 -0.65936887746375 0.0
-0.106814229244872 -0.598299907466037 0.0
-0.10427462832005 -0.537205482663544 0.0
-0.102013078745408 -0.476090536014073 0.0
-0.0999610181365994 -0.414972856133541 0.0
-0.098058094459449 -0.353874497704816 0.0
-0.096255336166833 -0.292817375703276 0.0
-0.0945306625356293 -0.231825923008587 0.0
-0.0928786489437257 -0.170927351582678 0.0
-0.0912862406909084 -0.110144915931532 0.0
-0.0897329098621285 -0.0494949330626175 0.0
-0.0881916663786602 0.0110160448252722 0.0
-0.0866306522141219 0.0713937133943032 0.0
-0.0850182243077676 0.13165818814809 0.0
-0.0833355316805653 0.191843516691673 0.0
-0.0816000779345562 0.251993911562423 0.0
-0.0798870739319865 0.312153550230512 0.0
-0.0782664816942769 0.372369456548426 0.0
-0.0766531280971246 0.432851333247595 0.0
-0.0483593413773697 -0.663253071244645 0.0
-0.0455494441720831 -0.602224353957515 0.0
-0.0431126308306887 -0.541187821783912 0.0
-0.0409347020082265 -0.480148601806195 0.0
-0.0389373827813888 -0.419122925047152 0.0
-0.0370642486152772 -0.35813059297739 0.0
-0.0352779266358544 -0.297191606134739 0.0
-0.0335625313416107 -0.236326579538533 0.0
-0.0319137284146683 -0.175555982521841 0.0
-0.0303253131129412 -0.114896322924332 0.0
-0.0287884523490386 -0.054358567542327 0.0
-0.0272933903210104 0.0060529718836893 0.0
-0.025833122136055 0.0663407123692446 0.0
-0.0244110446264421 0.12651267258 0.0
-0.023055016891527 0.186577257163537 0.0
-0.0218372532158821 0.246532347779233 0.0
-0.0208880112097399 0.306346086878173 0.0
-0.0204106160673246 0.365942646279295 0.0
-0.021024158036804 0.425184490256893 0.0
0.013150804324478 -0.666914654466351 0.0
0.0158395900496286 -0.605890179082075 0.0
0.0181749085162739 -0.544866060068618 0.0
0.0202851529851947 -0.483847960069042 0.0
0.0222492781085124 -0.422850866237269 0.0
0.0241157703399442 -0.361892500809936 0.0
0.0259110450556297 -0.300990466472388 0.0
0.0276435725012458 -0.240161690020401 0.0
0.0293123886990539 -0.179421530403853 0.0
0.0309148827217471 -0.11878136062122 0.0
0.0324472577651734 -0.0582473498221207 0.0
0.0339022912970295 0.00218090252277584 0.0
0.0352648837007122 0.062511640806991 0.0
0.0365044936093784 0.122763034616221 0.0
0.0375641949293692 0.182965512874327 0.0
0.0383490935049371 0.2431681270741 0.0
0.0387143173259485 0.303455946063031 0.0
0.0383868348627405 0.363988095162388 0.0
0.0362268907456324 0.424975420182327 0.0
0.07482252136869 -0.670197545770482 0.0
0.0773656789503786 -0.60914303979538 0.0
0.0796013404279022 -0.548087986906093 0.0
0.0816586515828406 -0.487039728010977 0.0
0.083608856862083 -0.426012843078256 0.0
0.0854888641725619 -0.365023424661192 0.0
0.0873135080604836 -0.304086670910164 0.0
0.089082441675274 -0.243216015385331 0.0
0.0907868542666565 -0.182422300432119 0.0
0.092413825247749 -0.121711879664767 0.0
0.0939458567184875 -0.0610851685828219 0.0
0.0953577927409813 -0.000534389180549682 0.0
0.0966114527921686 0.0599593749500561 0.0
0.0976475956447603 0.120430975097307 0.0
0.0983753775900912 0.180937426617327 0.0
0.0986596101315698 0.241568193304943 0.0
0.0982958511291184 0.302457470077726 0.0
0.0969140668710398 0.363771545603086 0.0
0.0942637503605808 0.425475742786723 0.0
0.136649213168664 -0.672979309905086 0.0
0.139027040604045 -0.611865195358045 0.0
0.141166817997195 -0.550741674879549 0.0
0.143185279800012 -0.489619193402877 0.0
0.145138469003188 -0.428512808602654 0.0
0.147048552154504 -0.36743745235174 0.0
0.148917781736555 -0.306406201193038 0.0
0.150735694357598 -0.245429623307192 0.0
0.152483720110743 -0.184515323828039 0.0
0.154136882683683 -0.123666636168009 0.0
0.155661889748634 -0.0628816239660573 0.0
0.157012681763933 -0.00215153406778784 0.0
0.158123558491954 0.0585404979347402 0.0
0.158899671017094 0.119220372387372 0.0
0.159204953392205 0.179920550572192 0.0
0.158847186917525 0.240671199682854 0.0
0.157558694510036 0.301471679846148 0.0
0.155056063124119 0.362210197780611 0.0
0.151643207418024 0.422680046953946 0.0
0.198608561146497 -0.675176922286964 0.0
0.200809404373933 -0.61397946877194 0.0
0.202860661048529 -0.552757232816411 0.0
0.204854491237037 -0.491525012937142 0.0
0.206825547929526 -0.43029892594451 0.0
0.208778919405737 -0.369093060132363 0.0
0.210703539967296 -0.307918822285969 0.0
0.212577985677876 -0.246784966388243 0.0
0.214372721837105 -0.185697853562938 0.0
0.216049510013621 -0.124661034387615 0.0
0.217557990682591 -0.0636753090591292 0.0
0.21883003482212 -0.00273871688692424 0.0
0.219772048568151 0.0581523913826239 0.0
0.220255533388823 0.119000897850602 0.0
0.22010696282232 0.179802530760723 0.0
0.219100408679841 0.24053541827972 0.0
0.216974446335332 0.301144957213667 0.0
0.213560930501831 0.361561415611154 0.0
0.209021637531688 0.421904342355509 0.0
0.260665874618613 -0.676747970487595 0.0
0.262688953549673 -0.615449397967564 0.0
0.264664014898813 -0.55410556080807 0.0
0.266648209702707 -0.492736173875071 0.0
0.268650459881391 -0.431358296070946 0.0
0.270657697535456 -0.369984999815052 0.0
0.272645566664031 -0.308626165531686 0.0
0.274581645091404 -0.247289448521145 0.0
0.276425227577998 -0.185981364816442 0.0
0.27812475709487 -0.124707751873316 0.0
0.279613137072896 -0.0634747734667179 0.0
0.280801325041932 -0.00228994006831189 0.0
0.281570507520743 0.0588358846090703 0.0
0.281763535851467 0.119885835532697 0.0
0.281177439987341 0.180832632772057 0.0
0.279563385472483 0.241635260694455 0.0
0.276653962269724 0.302244338946586 0.0
0.272238230837179 0.36264623895948 0.0
0.266219661965254 0.422943533489912 0.0
0.322778439163922 -0.677690362855943 0.0
0.32463586004847 -0.616278610319273 0.0
0.326552560914546 -0.554797080194642 0.0
0.328542900681849 -0.493269707121919 0.0
0.330588166457295 -0.431713312034224 0.0
0.332657631429204 -0.370138975618463 0.0
0.334714656382213 -0.308554457011945 0.0
0.336716632155247 -0.246966097294331 0.0
0.338612349978541 -0.18538061758651 0.0
0.340337737395242 -0.123806245405459 0.0
0.341810103477145 -0.062254353515714 0.0
0.342921125771672 -0.000741023822226873 0.0
0.34352884134002 0.0607106717863967 0.0
0.343449362456141 0.12206834427078 0.0
0.342450286196975 0.183287169199545 0.0
0.340251219471756 0.244309454445967 0.0
0.33654009808598 0.305072483320498 0.0
0.331005185825705 0.365532726746499 0.0
0.323353630279822 0.425695750029032 0.0
0.384899126819632 -0.67804293076931 0.0
0.386616594508585 -0.616511771634636 0.0
0.388497487931244 -0.554882752511332 0.0
0.390509498901451 -0.493181553120549 0.0
0.39260731972484 -0.431422374991008 0.0
0.39474471144026 -0.369612487524733 0.0
0.396874658461386 -0.307756133997179 0.0
0.398945805402917 -0.245857152069994 0.0
0.400897616992639 -0.183921270027932 0.0
0.402654661204816 -0.12195771611454 0.0
0.404119889346665 -0.0599814022620002 0.0
0.405166940935489 0.00198486355355361 0.0
0.405631582081643 0.0639072993315042 0.0
0.405302842621111 0.125737823215982 0.0
0.403915290359783 0.1874096688383 0.0
0.40114526433302 0.248835104908439 0.0
0.396613211277668 0.309907773305081 0.0
0.389887798596666 0.370512829008447 0.0
0.38049139802445 0.430544950604021 0.0
0.44698053966259 -0.677888564384947 0.0
0.448596093482203 -0.616238596257707 0.0
0.450465932429068 -0.554458582107813 0.0
0.452512691187161 -0.492571437228031 0.0
0.454668693449858 -0.430585406280646 0.0
0.456875763634678 -0.368501586196639 0.0
0.459079030169449 -0.306318775335887 0.0
0.461220150069555 -0.244036390190825 0.0
0.463230625056278 -0.181656959719483 0.0
0.465024893395231 -0.119188043475562 0.0
0.466492742088233 -0.0566449816206947 0.0
0.467490847950445 0.00594591218723813 0.0
0.467833332054956 0.0685426573204116 0.0
0.467281525216977 0.131081775604387 0.0
0.465533353517715 0.193470187528433 0.0
0.462212697642532 0.255577319087909 0.0
0.456856932216881 0.317228311832709 0.0
0.448898232876725 0.37819999062142 0.0
0.437650889243312 0.438225833387435 0.0
0.508978498499831 -0.677360799404736 0.0
0.510538311968711 -0.615601456586083 0.0
0.512419671967876 -0.553673513299509 0.0
0.514508745748913 -0.491590952376769 0.0
0.516722577239743 -0.429352534076197 0.0
0.518995500204907 -0.366950952585175 0.0
0.5212674726112 -0.304377607179527 0.0
0.523474871002723 -0.241625146687091 0.0
0.52554247796576 -0.178689681601849 0.0
0.527375692559524 -0.115572675502332 0.0
0.528852206629033 -0.0522840733924689 0.0
0.529812736576941 0.0111535171365904 0.0
0.530050384972211 0.0746981725391921 0.0
0.529298233228376 0.138279297860433 0.0
0.527214291587674 0.201783346989353 0.0
0.523361972648449 0.265035230017305 0.0
0.517181977745356 0.327773404308873 0.0
0.507951028658402 0.389618167634211 0.0
0.49473152494659 0.45004116093645 0.0
0.570854256139821 -0.676654626176323 0.0
0.572404260039303 -0.614806593583662 0.0
0.574311672047663 -0.552739681966348 0.0
0.576441985959419 -0.49045277630158 0.0
0.578705650527318 -0.427933092399484 0.0
0.581033869531012 -0.36516404811995 0.0
0.583363646139653 -0.302128437423318 0.0
0.585627254527134 -0.238809668710639 0.0
0.587743490605986 -0.175193059765232 0.0
0.589609288208701 -0.111267157630302 0.0
0.591090724468877 -0.0470266279041537 0.0
0.592012785763925 0.0175233802028277 0.0
0.592147053620441 0.0823596239532384 0.0
0.591196095945901 0.147428818080017 0.0
0.588772186475868 0.212627062151626 0.0
0.584366460754624 0.277766887139787 0.0
0.577302727159665 0.342521580979693 0.0
0.56667076975818 0.406333174915364 0.0
0.551231311735044 0.468271514713189 0.0
0.632573983926093 -0.676043185641625 0.0
0.634146366121734 -0.614138678475117 0.0
0.636080429050382 -0.551942248080994 0.0
0.63824077114886 -0.489436670998796 0.0
0.640538811098122 -0.426600321854188 0.0
0.642905481775532 -0.363409572411972 0.0
0.645275777699352 -0.299838686690631 0.0
0.647578073573692 -0.235859156161974 0.0
0.64972508505036 -0.171439761807485 0.0
0.651604945466262 -0.10654683467573 0.0
0.653071305542026 -0.0411459299670324 0.0
0.653931557302415 0.0247954224551921 0.0
0.65393171319532 0.0913022390284457 0.0
0.652735451235816 0.158382579541117 0.0
0.649892561863958 0.226008438910366 0.0
0.644788971942289 0.294078949642792 0.0
0.636566981355154 0.362342621568543 0.0
0.624007048764905 0.430228320097183 0.0
0.605388137838642 0.496471202766368 0.0
