-0.531265114438063 -0.698716214905074 0.0
0.702576414795462 -0.736352669070608 0.0
-0.426936781406403 0.61237245798111 0.0
0.61237245798111 0.61237245798111 0.0
-0.470138770763066 -0.70155778926837 0.0
0.703458576381964 -0.67479431942784 0.0
0.580081433950915 0.557580702894999 0.0
-0.450701487235265 0.534201584638188 0.0
-0.409027153228499 -0.704236740214418 0.0
0.704897877656454 -0.61285469091131 0.0
0.531721775064272 0.52587178261894 0.0
-0.46711063821662 0.459074760110967 0.0
-0.347975937395993 -0.707030711135985 0.0
0.706680522266787 -0.550508529323171 0.0
0.479400113566045 0.507390985931567 0.0
-0.477996249711179 0.386578691779771 0.0
-0.286968437254082 -0.710092357142246 0.0
0.708680702837109 -0.487739351264777 0.0
0.425910953824788 0.496118275977853 0.0
-0.485527853659109 0.316283407329068 0.0
-0.225961094705859 -0.713468757203881 0.0
0.710811911414158 -0.424528298642488 0.0
0.371890332001367 0.48905430870387 0.0
-0.490998625154255 0.247739680836781 0.0
-0.164891218557378 -0.717116344670303 0.0
0.713003592779864 -0.360849539743126 0.0
0.317528800145263 0.484737588114935 0.0
-0.49516958900659 0.180584729135244 0.0
-0.103691169795486 -0.720912850777251 0.0
0.715186933277214 -0.296668307327305 0.0
0.262940493394418 0.482423988409606 0.0
-0.498509667739217 0.114543038002038 0.0
-0.0423032587898796 -0.72469055840024 0.0
0.717284213041579 -0.231939694430661 0.0
0.20824033626134 0.481749732506615 0.0
-0.501320193082397 0.0494071142380568 0.0
0.0193093397642343 -0.728271576179667 0.0
0.719199125666288 -0.166608172940224 0.0
0.15356937336843 0.482624246378977 0.0
-0.503802092000694 -0.0149798795697015 0.0
0.0811580129002193 -0.731494431623804 0.0
0.720806640554276 -0.10060674638052 0.0
0.0992630257435187 0.487033196952096 0.0
-0.506095737411656 -0.0787355940700233 0.0
0.143228727051516 -0.734229849202442 0.0
0.721941126620115 -0.03385654449207 0.0
0.0439746126732726 0.485675573788962 0.0
-0.508310276013646 -0.14194604150969 0.0
0.205485595298661 -0.736387987502632 0.0
0.722381261920501 0.0337340547433514 0.0
-0.0118066290974937 0.484002014051563 0.0
-0.510567600322721 -0.204668960627562 0.0
0.267875565250242 -0.73792044820085 0.0
0.721828992002194 0.102270053664151 0.0
-0.0668449669224939 0.493293914574341 0.0
-0.513290581048056 -0.266934433168172 0.0
0.330333676045378 -0.738820203581717 0.0
0.719877323518544 0.17187046762896 0.0
-0.122088722014309 0.500341324953127 0.0
-0.515040997883034 -0.329112594613843 0.0
0.392787223879929 -0.739121895265053 0.0
0.715956300964504 0.242665755961136 0.0
-0.176397773847412 0.510094814402482 0.0
-0.517058035391828 -0.391214227684435 0.0
0.4551605324325 -0.738904168154707 0.0
0.709235829614316 0.314787355447605 0.0
-0.23168491631551 0.515901078779043 0.0
-0.519841918946317 -0.453033671721033 0.0
0.517380009508753 -0.738294894867702 0.0
0.69844063853379 0.388328258656045 0.0
-0.287624496101894 0.522786567037669 0.0
-0.52267744787514 -0.51464682475994 0.0
0.579380658292659 -0.737479808297401 0.0
0.681483032983234 0.463210652770036 0.0
-0.34089627932721 0.541187719731431 0.0
-0.525633649955174 -0.576103503304607 0.0
0.641116548065528 -0.736715632697744 0.0
0.654751632076186 0.538750492951214 0.0
-0.392764141352906 0.564808315088721 0.0
-0.528399933623386 -0.637446657320526 0.0
-0.46730213556163 -0.640263805454408 0.0
-0.46448096760783 -0.578857060666273 0.0
-0.461546946636188 -0.517297069643437 0.0
-0.458762293598635 -0.455644082795781 0.0
-0.45604579972896 -0.393900165279711 0.0
-0.453934701577035 -0.331883229632758 0.0
-0.452140446833168 -0.269431572739958 0.0
-0.449679720896721 -0.206646121098755 0.0
-0.44746410632175 -0.143593814471118 0.0
-0.445306022820937 -0.0801900993509754 0.0
-0.443099143593552 -0.016361702773562 0.0
-0.440741404260481 0.0479581052399682 0.0
-0.438106175973961 0.112832325223225 0.0
-0.435020158808419 0.178314327120848 0.0
-0.431239211077377 0.24442495146609 0.0
-0.42642354206255 0.311095394919663 0.0
-0.420138104782705 0.378031705506649 0.0
-0.41200352932112 0.444416280322904 0.0
-0.402507559991286 0.508316066526049 0.0
-0.406162585339025 -0.642911138193487 0.0
-0.403275717738861 -0.581484680542541 0.0
-0.400400262337971 -0.519921965411118 0.0
-0.39766801856665 -0.458206877189494 0.0
-0.395157945068327 -0.396261195807913 0.0
-0.393088840064615 -0.334116627952032 0.0
-0.391148673085152 -0.271800340192979 0.0
-0.388957264472854 -0.2091772097512 0.0
-0.386893772597321 -0.146298317250219 0.0
-0.38488790260757 -0.0831581306733099 0.0
-0.382866693281455 -0.0197520071269716 0.0
-0.380752218249759 0.0439076976852685 0.0
-0.378449984050338 0.10777684478855 0.0
-0.37583960500872 0.171757203051694 0.0
-0.372769746923376 0.235661025350995 0.0
-0.369063310606618 0.299165691150573 0.0
-0.364545044702368 0.361781683796507 0.0
-0.359100374336178 0.422924871742637 0.0
-0.352447995592071 0.482299132484143 0.0
-0.345032846262067 -0.645733962915011 0.0
-0.342115502743984 -0.584333449513033 0.0
-0.339308713886148 -0.52279694280616 0.0
-0.336705114508271 -0.461099075009405 0.0
-0.334370041289181 -0.399232295779793 0.0
-0.332343383066676 -0.337236479635418 0.0
-0.33041760570037 -0.275095887820339 0.0
-0.32843595755755 -0.212763443992024 0.0
-0.326554649271891 -0.150282576123115 0.0
-0.32474338371143 -0.0876874407045733 0.0
-0.322953479135073 -0.0250245868366034 0.0
-0.321128235342899 0.0376346809953864 0.0
-0.319197847680103 0.100183905931545 0.0
-0.317072377740999 0.162473425424451 0.0
-0.31463393667707 0.224309149109788 0.0
-0.311729326342225 0.285471859743912 0.0
-0.308174533957333 0.345772183519866 0.0
-0.303802778430887 0.405140190636911 0.0
-0.298920744504598 0.463761201004237 0.0
-0.283919838125565 -0.648848569158075 0.0
-0.281001532633614 -0.587516508972103 0.0
-0.278287349584811 -0.526069519212237 0.0
-0.275823457884184 -0.464499076642123 0.0
-0.273629151792096 -0.402817064417799 0.0
-0.271677464795633 -0.341048595508799 0.0
-0.269834709689555 -0.279194801917448 0.0
-0.268028238098914 -0.217257399246588 0.0
-0.266319688844328 -0.155284510671679 0.0
-0.264690526501969 -0.0933285715565716 0.0
-0.263103230371161 -0.0314522003143182 0.0
-0.261507880301793 0.0302695736869548 0.0
-0.259836424850093 0.0917523487494143 0.0
-0.257993040941421 0.152913625169131 0.0
-0.255843513532943 0.213694726072337 0.0
-0.253211572713505 0.274097209840187 0.0
-0.249904759892343 0.334230202356109 0.0
-0.245852321647241 0.394366050613068 0.0
-0.241717606815612 0.454948045541658 0.0
-0.222806043841879 -0.652291935216782 0.0
-0.21991142632088 -0.591055038800515 0.0
-0.217299940246528 -0.529736223872364 0.0
-0.214968171452933 -0.46833547985371 0.0
-0.212895724732605 -0.406869770486189 0.0
-0.211030666123809 -0.345363036350409 0.0
-0.209283040349734 -0.28383101935924 0.0
-0.20761144213807 -0.222296472394855 0.0
-0.206034973808724 -0.160805270009621 0.0
-0.204535983327311 -0.0994056866278992 0.0
-0.203079916844701 -0.038146295773098 0.0
-0.201617442268624 0.0229285582933382 0.0
-0.20007969356889 0.0837875446933558 0.0
-0.198372495865435 0.144426596755972 0.0
-0.196374963542268 0.204887260351296 0.0
-0.193953246018468 0.265278701662737 0.0
-0.191013697880798 0.325797796471631 0.0
-0.187638355576771 0.386724763843933 0.0
-0.183941594513291 0.44824078553651 0.0
-0.161654443218479 -0.656004481816861 0.0
-0.158805787383991 -0.594863386830614 0.0
-0.156299858963233 -0.533673198711398 0.0
-0.154086889919921 -0.47243753989015 0.0
-0.152116783296671 -0.411174965949606 0.0
-0.150329082291196 -0.349909260254169 0.0
-0.148658554836841 -0.288662224005973 0.0
-0.147075705770002 -0.227461007586603 0.0
-0.145580524581098 -0.166342410547899 0.0
-0.144155391216404 -0.105341095691197 0.0
-0.142769927831613 -0.0444855317490884 0.0
-0.141381799372505 0.0162069030141841 0.0
-0.139935414102633 0.0767360594390997 0.0
-0.138362874703421 0.137126227196245 0.0
-0.136592905080508 0.197431138103176 0.0
-0.134577404831598 0.257733437448926 0.0
-0.13234542006928 0.318125655875343 0.0
-0.130015204311401 0.37864209754421 0.0
-0.127268211092445 0.439194394365235 0.0
-0.100420274332886 -0.659850060704819 0.0
-0.0976411660756783 -0.598783893359099 0.0
-0.0952405841905413 -0.537695599630869 0.0
-0.0931300750186402 -0.476589886389722 0.0
-0.0912398719440126 -0.415484531767163 0.0
-0.0895084952658573 -0.354401678406058 0.0
-0.0878859178774784 -0.293363366374058 0.0
-0.0863491101588202 -0.232394187418371 0.0
-0.0848917533087937 -0.171521472166923 0.0
-0.0834998399578831 -0.110768419718105 0.0
-0.0821518629305739 -0.0501510706030082 0.0
-0.0808198972587194 0.0103245471091192 0.0
-0.0794713246905931 0.0706648931446817 0.0
-0.0780741510600896 0.130891010416491 0.0
-0.0766099240380342 0.191037849902543 0.0
-0.0750975364187438 0.25115018655108 0.0
-0.0736137142505516 0.311272211452228 0.0
-0.0722253676104817 0.371451678404348 0.0
-0.0708293230410974 0.431904848036776 0.0
-0.0390624903691089 -0.663653139879051 0.0
-0.0363787541227175 -0.602629029799096 0.0
-0.0340824702055559 -0.54160100896323 0.0
-0.0320575281305727 -0.480573876490418 0.0
-0.0302241243397669 -0.419563767970531 0.0
-0.0285246016814041 -0.358590503548916 0.0
-0.0269205716681228 -0.297674149855492 0.0
-0.0253953106988375 -0.236835407932609 0.0
-0.0239437528669296 -0.176094798943257 0.0
-0.0225590058313517 -0.115468787040646 0.0
-0.0212316343698416 -0.0549682026684682 0.0
-0.019951460386999 0.00540282507861182 0.0
-0.0187113924646299 0.0656468318879275 0.0
-0.0175153127173369 0.125771668463137 0.0
-0.0163924024270996 0.185784879407547 0.0
-0.0154170847789453 0.245682143587626 0.0
-0.014721897839324 0.305427276854962 0.0
-0.0145105328302563 0.364937532399771 0.0
-0.0154127960572935 0.424065075837098 0.0
0.0224474287797791 -0.667233782149781 0.0
0.0250089457570886 -0.60621509308812 0.0
0.0272019646088604 -0.545201025335748 0.0
0.0291572798321178 -0.484196838395518 0.0
0.0309555668935382 -0.423217365992064 0.0
0.0326465568948416 -0.362280306501581 0.0
0.034257587892505 -0.301403294929178 0.0
0.0357978250825813 -0.240603306482838 0.0
0.0372668501939626 -0.17989571978677 0.0
0.0386624860183123 -0.119291859057681 0.0
0.0399812178984106 -0.0587977685163957 0.0
0.0412158690710943 0.00158714776523664 0.0
0.0423510317720554 0.061871393156532 0.0
0.0433553779014812 0.122073474609753 0.0
0.0441707028431655 0.182224350574326 0.0
0.0447007035349327 0.242374217807127 0.0
0.0447999317186829 0.302611086602604 0.0
0.0441943264124392 0.363101080936829 0.0
0.0417151554714296 0.424062197761506 0.0
0.0841210070782578 -0.670432394351398 0.0
0.0865350311919013 -0.609384269279218 0.0
0.0886263366770742 -0.548340010444613 0.0
0.0905267517126332 -0.487306528832134 0.0
0.0923092898051104 -0.426298233810333 0.0
0.0940120249038308 -0.365331179034557 0.0
0.0956505730211049 -0.304420573031344 0.0
0.0972251120993916 -0.24357985776336 0.0
0.098727175204005 -0.182819833139775 0.0
0.100144022862728 -0.122146710889946 0.0
0.101458132298962 -0.0615606191762925 0.0
0.102644033854218 -0.00105328302011529 0.0
0.103662841146118 0.0593950266592331 0.0
0.104454124107972 0.119820469405064 0.0
0.104925385804034 0.180282171312208 0.0
0.104939561854154 0.240872997098758 0.0
0.104290243115871 0.301732366916402 0.0
0.102603110685116 0.36303248303962 0.0
0.099635976786361 0.424736958295766 0.0
0.14595167994147 -0.673123646109821 0.0
0.148197771286239 -0.612016004757241 0.0
0.150190859482809 -0.55090332666306 0.0
0.152050421536219 -0.489795662616865 0.0
0.153834170112544 -0.428707930901988 0.0
0.155565271167485 -0.367655042044752 0.0
0.157246567801479 -0.306650084447956 0.0
0.158867915262109 -0.245703620271602 0.0
0.160410848346229 -0.184823188067866 0.0
0.161850272939163 -0.12401195449434 0.0
0.163152491912658 -0.0632676809737479 0.0
0.164270647952137 -0.00258114539760759 0.0
0.165137720998841 0.058065166325628 0.0
0.165656898126404 0.11869794023684 0.0
0.165689464487507 0.179350366627505 0.0
0.165039952849618 0.240052742678926 0.0
0.163436985723953 0.300802569872649 0.0
0.160595932431082 0.361481499269526 0.0
0.156842019406611 0.421877827470239 0.0
0.207916881919874 -0.675222303485345 0.0
0.209982740015889 -0.614030997871366 0.0
0.211884752321479 -0.55281907657842 0.0
0.213717657378626 -0.491601051953314 0.0
0.215517536122533 -0.430392985270761 0.0
0.217290230724265 -0.369209001966823 0.0
0.219025031212477 -0.308060566724534 0.0
0.220700592519806 -0.246956478641674 0.0
0.222287210509122 -0.185903112333439 0.0
0.223746190748835 -0.12490399257747 0.0
0.225026345347887 -0.0639598640445824 0.0
0.226058225747342 -0.00306872036611102 0.0
0.22674630143821 0.0577730299239376 0.0
0.226959428069077 0.118567924471515 0.0
0.226520747917114 0.179310763033199 0.0
0.225200565251254 0.239977787513905 0.0
0.222734338777779 0.300511467744752 0.0
0.218956295390269 0.360840605083469 0.0
0.214050939963583 0.421094454811583 0.0
0.269981466555875 -0.676684381986845 0.0
0.27186582700839 -0.615391274932189 0.0
0.273688971494187 -0.554056746854052 0.0
0.275510244558817 -0.492700404958775 0.0
0.277339629955471 -0.431339379433714 0.0
0.279164510525234 -0.369986871461021 0.0
0.280960625940266 -0.308652905711534 0.0
0.282695379244318 -0.247345292930209 0.0
0.284327612976961 -0.186070726366024 0.0
0.285804976163041 -0.124835265486383 0.0
0.287059138302594 -0.0636453813872247 0.0
0.287999266207946 -0.00250904288449136 0.0
0.288504091569522 0.0585621813461923 0.0
0.288413283923436 0.119550358059289 0.0
0.287520010360414 0.180426690351986 0.0
0.285571193225208 0.241148286427956 0.0
0.282296026956872 0.301664243117666 0.0
0.277485331098668 0.361962176063786 0.0
0.271056637883714 0.422153873007602 0.0
0.332102135857724 -0.677506768625073 0.0
0.333816849040719 -0.616099464665791 0.0
0.33557899073422 -0.554625815138335 0.0
0.337404519786877 -0.493109875355182 0.0
0.33927532679987 -0.431568678138518 0.0
0.341160805879967 -0.37001352965467 0.0
0.343024152813433 -0.308452430260572 0.0
0.344822337373447 -0.246892006434767 0.0
0.346503427557011 -0.185339344655322 0.0
0.348002236946337 -0.123803160362318 0.0
0.349234459715882 -0.062295488779292 0.0
0.350089536110705 -0.000833310961093568 0.0
0.350422530069284 0.060559099854127 0.0
0.350045756621482 0.121847799665369 0.0
0.348722177811636 0.182986055449837 0.0
0.346166150812456 0.243914041329145 0.0
0.342060841401824 0.304567180974864 0.0
0.33609319370189 0.364901946276863 0.0
0.327977894155344 0.424928869726634 0.0
0.394231129362867 -0.677727775256064 0.0
0.395801928900985 -0.616199706133582 0.0
0.397525819207844 -0.554576732185872 0.0
0.399371319392683 -0.492884888390675 0.0
0.401293221793557 -0.431138699164761 0.0
0.403245087399104 -0.369345725342866 0.0
0.405179495958484 -0.307510525220749 0.0
0.407044444367377 -0.24563733399234 0.0
0.408778419141821 -0.183732415940169 0.0
0.4103045651483 -0.121805732522273 0.0
0.411523836408369 -0.0598731920227455 0.0
0.412307158491075 0.0020410634198725 0.0
0.412486720127276 0.0639015000777854 0.0
0.411846966359794 0.125657788792408 0.0
0.410116781239683 0.187240360337981 0.0
0.40696583855375 0.248558135224978 0.0
0.402007650246022 0.30950115939799 0.0
0.394805529692793 0.369951798524625 0.0
0.384882523117688 0.429805600504311 0.0
0.456320446011591 -0.677430313737974 0.0
0.457785721305896 -0.615781729858453 0.0
0.459496464328761 -0.554005524802723 0.0
0.461375249011281 -0.492125142677753 0.0
0.463354014189776 -0.430149186201562 0.0
0.465374108038349 -0.368079050612618 0.0
0.467380050534991 -0.305913877359997 0.0
0.469312647314349 -0.24365355007743 0.0
0.471102178972424 -0.181301260162681 0.0
0.472661351521852 -0.118865503131833 0.0
0.473877553185067 -0.0563629246042777 0.0
0.47460421927236 0.00617836426931924 0.0
0.47465119051554 0.0687139379711553 0.0
0.473774264297453 0.131177034730201 0.0
0.471664388964586 0.193470239474383 0.0
0.467936942372373 0.255457419686916 0.0
0.462119468262715 0.316956974598053 0.0
0.45363377929718 0.377738366141553 0.0
0.441787072223898 0.437529460166507 0.0
0.51832542215762 -0.676748641186115 0.0
0.519732017577372 -0.614988673650138 0.0
0.521452629486748 -0.553061929997144 0.0
0.523372483288957 -0.490982948846096 0.0
0.525407850958449 -0.428750778860873 0.0
0.527492387986387 -0.366358358943758 0.0
0.529565279393909 -0.303797407726903 0.0
0.53156186451347 -0.241061047845854 0.0
0.533405465665499 -0.178146095339705 0.0
0.534999430912711 -0.115055048457459 0.0
0.536218623736207 -0.0517993522860337 0.0
0.536899934268772 0.0115962239928601 0.0
0.536831378185569 0.075086652368525 0.0
0.535739374620143 0.138596894794432 0.0
0.533273343107871 0.202007095134603 0.0
0.528985803105458 0.265133346041641 0.0
0.522303914758192 0.327702129857884 0.0
0.512488193509712 0.389318240058498 0.0
0.498584941624643 0.449435791650668 0.0
0.580207052136668 -0.675879477017735 0.0
0.581601813972008 -0.614028645111023 0.0
0.583347233150869 -0.551959978891128 0.0
0.585307194537824 -0.489672729546834 0.0
0.587391166265021 -0.427154283774837 0.0
0.589529545014076 -0.364388230957609 0.0
0.591658421540495 -0.301357618019474 0.0
0.593708848579772 -0.23804624541772 0.0
0.595597909178867 -0.174440032724286 0.0
0.597220137822544 -0.110528444160088 0.0
0.598438298958884 -0.0463075419382512 0.0
0.599072868922782 0.018215392403472 0.0
0.598889355455169 0.0830138454591153 0.0
0.597582201592443 0.14802948749382 0.0
0.594752863793262 0.21315059824161 0.0
0.589878139106332 0.278177553144335 0.0
0.582263044490566 0.342764811744722 0.0
0.570973642456846 0.406325865032789 0.0
0.554744401147418 0.467890589893114 0.0
0.641931573781211 -0.675099260477238 0.0
0.643347614261876 -0.613189805379177 0.0
0.64511863320245 -0.550988085679883 0.0
0.64710747600774 -0.488477123902668 0.0
0.649224512248973 -0.42563545765537 0.0
0.651399771174974 -0.362439598645974 0.0
0.653567190772046 -0.298863953123032 0.0
0.655653717917964 -0.234880192173358 0.0
0.657570063615394 -0.170457372794766 0.0
0.659201546694946 -0.105562293754454 0.0
0.660397903810244 -0.0401613224960385 0.0
0.660961122273889 0.0257766054740879 0.0
0.660629763329222 0.0922740892061445 0.0
0.659057175031121 0.159335029276813 0.0
0.655778666058784 0.226924190600273 0.0
0.650159587005774 0.294927888382711 0.0
0.641312888617837 0.363071349785927 0.0
0.627978477522159 0.430740489546005 0.0
0.608386446657155 0.496593322392814 0.0
