-0.516577350407426 -0.700562880111522 0.0
0.717329507728229 -0.733984187611844 0.0
-0.416519153118134 0.61237245798111 0.0
0.61237245798111 0.61237245798111 0.0
-0.455444336712804 -0.703162058182651 0.0
0.717950096808259 -0.672420725031915 0.0
0.582792778140471 0.556870084287982 0.0
-0.44054379524934 0.53389373424088 0.0
-0.394330402903831 -0.705607880110735 0.0
0.719119010381879 -0.6104723658734 0.0
0.535577211429415 0.524723631851975 0.0
-0.457056420719935 0.4584688921588 0.0
-0.333281586128704 -0.708174296433545 0.0
0.72061811211583 -0.548115645169343 0.0
0.483977430935657 0.506231112071611 0.0
-0.467886463481471 0.385710732664227 0.0
-0.272281007026837 -0.711020843558883 0.0
0.722319778053206 -0.48533526323118 0.0
0.43108549196474 0.49506994884 0.0
-0.475258966346141 0.31519812445337 0.0
-0.211283786699736 -0.714198207428356 0.0
0.724136451559551 -0.422113056556651 0.0
0.377587005752372 0.488102929477015 0.0
-0.48050472620967 0.246478618334593 0.0
-0.15022536529408 -0.717662721910433 0.0
0.725996614371489 -0.358423507453574 0.0
0.3236855013099 0.483847124326871 0.0
-0.484408881153388 0.179183695273056 0.0
-0.0890361028834281 -0.721289127199646 0.0
0.727830183807641 -0.294231874997819 0.0
0.26950595763519 0.481563877425674 0.0
-0.487456399317242 0.113032128475776 0.0
-0.0276565169723925 -0.724904950621894 0.0
0.729557547611262 -0.229493071558034 0.0
0.21517375544974 0.480900301582531 0.0
-0.489959688773197 0.0478113295096124 0.0
0.033951539436233 -0.72832694931369 0.0
0.731079550880539 -0.164151260777613 0.0
0.160839713591736 0.481766029376914 0.0
-0.492127576540201 -0.0166399417941708 0.0
0.0958001699931289 -0.731388567930583 0.0
0.732266940600859 -0.0981391039747981 0.0
0.106882090294854 0.486413432330265 0.0
-0.494106256778366 -0.0804431266141736 0.0
0.157875454140931 -0.733956194147189 0.0
0.732947915832516 -0.0313774886286387 0.0
0.0518321640932016 0.484752092581784 0.0
-0.49600932222831 -0.14368755858043 0.0
0.220141109106743 -0.735936561200448 0.0
0.732892182348665 0.0362251266722966 0.0
-0.00370404756813011 0.482593917138357 0.0
-0.497962279649387 -0.206434087895656 0.0
0.282543309413704 -0.737278727770589 0.0
0.731788559851309 0.104772922254314 0.0
-0.0584463771404344 0.492249748457843 0.0
-0.500395776001531 -0.268716920232787 0.0
0.345016066115897 -0.737973896265108 0.0
0.72921050436563 0.174382487167393 0.0
-0.113507448170118 0.499319293019349 0.0
-0.501861811963945 -0.330907737189856 0.0
0.407485483500264 -0.738055632271994 0.0
0.724558089212096 0.245178321535085 0.0
-0.167612547002847 0.509184325567429 0.0
-0.503602391389718 -0.393018785954207 0.0
0.469874597219512 -0.7376022228679 0.0
0.716953519566816 0.317277755833215 0.0
-0.222782541115684 0.514858107301785 0.0
-0.506122495240534 -0.454845303121672 0.0
0.532108503345904 -0.736742071128025 0.0
0.705042539311764 0.390739770922924 0.0
-0.278639782011777 0.52153358268579 0.0
-0.508707316479466 -0.516465818440498 0.0
0.594120983110273 -0.735662668817253 0.0
0.686602473476678 0.465400727639144 0.0
-0.331707892157798 0.540181493716336 0.0
-0.511418676461681 -0.577931968714444 0.0
0.655865170067055 -0.734624329918446 0.0
0.657790991427303 0.54034720070576 0.0
-0.383353567184129 0.564137816456544 0.0
-0.513948364311018 -0.639283480845303 0.0
-0.452844231389258 -0.641857639550773 0.0
-0.450258609682155 -0.580441449687931 0.0
-0.447567802280409 -0.51887044819185 0.0
-0.445034919268627 -0.457206262855706 0.0
-0.442580321585413 -0.395450356633592 0.0
-0.440742752861978 -0.333418689721742 0.0
-0.439237961398839 -0.270948357855438 0.0
-0.43707586807966 -0.208139145309751 0.0
-0.435168213492658 -0.145056977470631 0.0
-0.433324798095519 -0.0816148811746335 0.0
-0.431435936907248 -0.0177373944126993 0.0
-0.429395221141539 0.0466444128703068 0.0
-0.427070296843019 0.111595756374746 0.0
-0.424280212831053 0.177172037413133 0.0
-0.420770546621345 0.243395319014065 0.0
-0.416188019369866 0.310195543537574 0.0
-0.410081940939187 0.377270902076823 0.0
-0.402064458599478 0.443780417247917 0.0
-0.392665977477437 0.507738212219188 0.0
-0.391700257735782 -0.644270369647635 0.0
-0.389048443564817 -0.582831528719663 0.0
-0.386415922715163 -0.521256327447185 0.0
-0.38393674862788 -0.459528372604221 0.0
-0.381691965509661 -0.397568596392467 0.0
-0.379901127432878 -0.335408928503478 0.0
-0.378252129937214 -0.27307552529762 0.0
-0.37636244523705 -0.210430061681463 0.0
-0.374610130069557 -0.147524623894713 0.0
-0.372922353179329 -0.0843527227258874 0.0
-0.37122295180667 -0.0209090179566056 0.0
-0.3694300468406 0.0427943374118327 0.0
-0.367444304971217 0.106712557566209 0.0
-0.365139620181429 0.17074525996682 0.0
-0.362358521490193 0.234699968979944 0.0
-0.35891902061392 0.29824537669366 0.0
-0.354646498328253 0.36087875884796 0.0
-0.349441638527867 0.422002803648117 0.0
-0.343077401061583 0.481331488776148 0.0
-0.330569537684047 -0.64686564903165 0.0
-0.327886006575782 -0.585453503045129 0.0
-0.325322431788441 -0.523905848528709 0.0
-0.322973996915584 -0.462197052662605 0.0
-0.320907326932881 -0.400319391605771 0.0
-0.319162419844203 -0.338312704892772 0.0
-0.317531159520953 -0.276160175340494 0.0
-0.315855077814204 -0.213813804719806 0.0
-0.314288958876056 -0.151317931227591 0.0
-0.312800244079835 -0.0887070893129265 0.0
-0.31133751533568 -0.0260286416492123 0.0
-0.309840924542983 0.0366445659917629 0.0
-0.30823719692984 0.0992035621450698 0.0
-0.30643286032612 0.161495027418992 0.0
-0.304306973454854 0.22332024052097 0.0
-0.301704790397547 0.284455397847786 0.0
-0.298444429955822 0.344708992644935 0.0
-0.294372052632595 0.404014337334439 0.0
-0.289831473048345 0.462555904755086 0.0
-0.269458406106181 -0.649766625421178 0.0
-0.266772267839983 -0.588425628724659 0.0
-0.264301905326644 -0.526971206774303 0.0
-0.262095425890519 -0.465394696520934 0.0
-0.260172697312635 -0.403707956487848 0.0
-0.258506451747727 -0.341936059481155 0.0
-0.256962047177064 -0.280079818119919 0.0
-0.255465328027481 -0.218141058501726 0.0
-0.254076447251125 -0.156168944483819 0.0
-0.252774862624677 -0.0942168599208834 0.0
-0.251520706192445 -0.0323485862661223 0.0
-0.250261413120226 0.0293594962600566 0.0
-0.24892600578797 0.0908217010843468 0.0
-0.247415500620482 0.151954863536412 0.0
-0.245592463687386 0.212701199402578 0.0
-0.243278057732901 0.273065924971805 0.0
-0.240280242835327 0.33316541786033 0.0
-0.236535504677645 0.39328111575174 0.0
-0.232719480116118 0.453859652126468 0.0
-0.208348613884591 -0.653013127860061 0.0
-0.20568441856807 -0.591771059255627 0.0
-0.203317581037131 -0.530449870530104 0.0
-0.201245633329192 -0.469049395767424 0.0
-0.199448047270117 -0.407586630827987 0.0
-0.197872138670733 -0.34608561713298 0.0
-0.196426754526318 -0.284562190042646 0.0
-0.195069041244132 -0.22303953812875 0.0
-0.193816604465111 -0.161564371505388 0.0
-0.192649938964082 -0.100185632428166 0.0
-0.191532355215434 -0.0389523490843544 0.0
-0.190412114401882 0.022091118809063 0.0
-0.189217682389614 0.082914243637286 0.0
-0.187852056334017 0.143515065686671 0.0
-0.186191721883304 0.203939006958186 0.0
-0.184101335007273 0.264301026003711 0.0
-0.181488281043759 0.324804878578494 0.0
-0.178436749320478 0.385735972985816 0.0
-0.1750400009119 0.447275391939426 0.0
-0.14720220349537 -0.656544957757071 0.0
-0.144582454967948 -0.595402705580443 0.0
-0.142322249306783 -0.534215483920714 0.0
-0.140371608316704 -0.472986652929077 0.0
-0.138679589500904 -0.411734763453536 0.0
-0.137184573787559 -0.35048371068894 0.0
-0.135819963041147 -0.289255466939094 0.0
-0.134554831576373 -0.228077531742256 0.0
-0.133387707591571 -0.166987136093344 0.0
-0.132299292960722 -0.106019102611293 0.0
-0.131257361626094 -0.0452016736172431 0.0
-0.130217613248681 0.0154485406658904 0.0
-0.129122477716506 0.0759328592559927 0.0
-0.127902305624951 0.136277808050777 0.0
-0.126484759398705 0.196539937240364 0.0
-0.124822022128595 0.256804550677089 0.0
-0.12294463543041 0.317165000884687 0.0
-0.12096818683426 0.377652619964414 0.0
-0.118543671875347 0.438177745376049 0.0
-0.0859733409530618 -0.660222604124082 0.0
-0.0834221713444926 -0.599158929477682 0.0
-0.0812686768155574 -0.538078424066637 0.0
-0.0794230424169145 -0.476985364737875 0.0
-0.0778140071884809 -0.41589740679581 0.0
-0.076378602358911 -0.354836718579913 0.0
-0.0750653450387101 -0.293825439278909 0.0
-0.0738498306776625 -0.232888339697297 0.0
-0.0727244067224618 -0.172052897734071 0.0
-0.0716736656323786 -0.111342228654775 0.0
-0.0706746864447909 -0.0507719997916186 0.0
-0.0696982123572002 0.00965245226772282 0.0
-0.0687105308294432 0.069938577541692 0.0
-0.0676790385127239 0.130108594287418 0.0
-0.0665854441128128 0.190198561454259 0.0
-0.065449543624782 0.250253923277682 0.0
-0.0643480568603657 0.31031905458909 0.0
-0.0633405691169317 0.370443575771493 0.0
-0.0622963202443804 0.430853762732308 0.0
-0.0246199237176973 -0.663865586856313 0.0
-0.0221639722045604 -0.602846912873038 0.0
-0.0201164994597085 -0.541830529310673 0.0
-0.0183590213964862 -0.480820630215625 0.0
-0.0168097188487016 -0.419833098553626 0.0
-0.0154092338996008 -0.358887687369219 0.0
-0.0141177180972828 -0.298004491163506 0.0
-0.0129171885852526 -0.237204297291359 0.0
-0.0118014480306683 -0.176507689032369 0.0
-0.0107625406120111 -0.115931077256899 0.0
-0.00979009693777435 -0.0554851340325064 0.0
-0.00887325439377843 0.00482620031223261 0.0
-0.00800466728202157 0.0650055137629899 0.0
-0.00718863741021618 0.125060248279206 0.0
-0.00645564647020457 0.1849965085878 0.0
-0.00588213843930283 0.24480662672502 0.0
-0.0056021038109819 0.304448165280032 0.0
-0.00581752847001309 0.363828584784524 0.0
-0.00717207322283795 0.42278499620693 0.0
0.0368874208779018 -0.667288573540214 0.0
0.0392202949268483 -0.606277448997599 0.0
0.0411623450692747 -0.545277740641978 0.0
0.04284752684296 -0.484293971070611 0.0
0.0443588842738438 -0.423340630971635 0.0
0.0457479372691872 -0.362435293903966 0.0
0.047043412664608 -0.3015955815188 0.0
0.0482555778344233 -0.240838507412787 0.0
0.0493849215714018 -0.180179471289806 0.0
0.0504300168740297 -0.119629742386568 0.0
0.0513878893018867 -0.0591952268538021 0.0
0.052251591225661 0.00112487908060634 0.0
0.0530055107738075 0.0613393437939251 0.0
0.0536175891157996 0.121467025199135 0.0
0.0540284725229585 0.181539516130456 0.0
0.0541409330874551 0.241608620062625 0.0
0.0538102172836946 0.301766731977307 0.0
0.0527624863616162 0.362190358298195 0.0
0.0497900883465824 0.423107132726612 0.0
0.0985607274718605 -0.670326933922196 0.0
0.100744132949365 -0.609287721566124 0.0
0.102581830491738 -0.548259449635311 0.0
0.104209325075733 -0.487248235199982 0.0
0.105702161164063 -0.426268114851587 0.0
0.107100165456002 -0.365334998447041 0.0
0.108420203016694 -0.304464054464754 0.0
0.109663361134878 -0.243668709364526 0.0
0.110821837980663 -0.182959697006898 0.0
0.11188333560458 -0.122343041058443 0.0
0.112830495343949 -0.061818495535428 0.0
0.113637638008591 -0.00137713538433484 0.0
0.114265188704289 0.059001847942577 0.0
0.114651485234337 0.11935639181767 0.0
0.114702359929835 0.179748567012147 0.0
0.114279035976626 0.24027609185058 0.0
0.113173504319231 0.301085926236705 0.0
0.111006776714641 0.362358696172105 0.0
0.107550846183952 0.424056108696825 0.0
0.160393551815461 -0.672851081705291 0.0
0.162405926915337 -0.611753018688312 0.0
0.164142287272817 -0.550656985291874 0.0
0.165726007150317 -0.489572278364303 0.0
0.167217290524721 -0.428513488166733 0.0
0.168640895817908 -0.36749541228083 0.0
0.170000703577694 -0.306531108149427 0.0
0.171287234750549 -0.245631107937258 0.0
0.172482395981491 -0.184802855255098 0.0
0.173561160418154 -0.124049299223804 0.0
0.17448951274046 -0.0633678131830654 0.0
0.175219762768493 -0.00274857575651969 0.0
0.175683394111395 0.0578267541437458 0.0
0.175781305535318 0.118385852948471 0.0
0.175371687447335 0.178962793387804 0.0
0.174255302793778 0.239587874331704 0.0
0.172156490596681 0.300255720703961 0.0
0.168789861458751 0.360838529851511 0.0
0.164511146773834 0.421118633262433 0.0
0.222363091989193 -0.674772432507616 0.0
0.224191112109974 -0.613590792415675 0.0
0.225832861213877 -0.552395357626665 0.0
0.227386888539504 -0.491200040093213 0.0
0.228891525746529 -0.43002070177307 0.0
0.230353932246493 -0.368871451325971 0.0
0.231764158370974 -0.307763801366739 0.0
0.23310123220535 -0.246706606993222 0.0
0.234335478659226 -0.185706275967335 0.0
0.235427840413816 -0.12476633258571 0.0
0.236326265767654 -0.0638875044338891 0.0
0.23695979225014 -0.00306781264450374 0.0
0.237230572330592 0.0576961253768684 0.0
0.237004235615438 0.118406198379744 0.0
0.236099831422909 0.179055709195 0.0
0.234283018711636 0.239618064315409 0.0
0.231285482412151 0.300031563228549 0.0
0.226945259988171 0.360223407915145 0.0
0.22148045160152 0.4203380782711 0.0
0.284433693425422 -0.676044496763243 0.0
0.286075269795361 -0.61476063292874 0.0
0.2876343387601 -0.553441743298981 0.0
0.289173658258123 -0.492107102526815 0.0
0.290705040174093 -0.430773842588003 0.0
0.292216821189973 -0.3694552997827 0.0
0.293685183838197 -0.308161690290352 0.0
0.295077589687107 -0.246901058057351 0.0
0.296352554058103 -0.18568038290855 0.0
0.29745693171048 -0.124506097155661 0.0
0.298321004499558 -0.0633851903671468 0.0
0.298851807309917 -0.00232638966826277 0.0
0.298925056390019 0.058657606200692 0.0
0.298376433422399 0.119547209824339 0.0
0.296994179888992 0.180311352439502 0.0
0.294519694138527 0.240904425779292 0.0
0.290677668368466 0.301273446853052 0.0
0.285261749397641 0.361408137253122 0.0
0.278210937672634 0.421434434838103 0.0
0.34656138194879 -0.676662372807957 0.0
0.348027839384046 -0.615263390566444 0.0
0.349522021614204 -0.553803902032659 0.0
0.351062599492703 -0.492307985293965 0.0
0.35263272604314 -0.430792907345289 0.0
0.354202338456942 -0.369270276589901 0.0
0.355734750773814 -0.307748449829319 0.0
0.357186682950593 -0.246234497175253 0.0
0.358505532426054 -0.184736083966635 0.0
0.359624907369658 -0.123262699609965 0.0
0.360458616164089 -0.0618274214678675 0.0
0.360893367958126 -0.000448625799709056 0.0
0.360780487537504 0.0608475813128679 0.0
0.359927394475815 0.122024926408797 0.0
0.35809092137907 0.183033865907683 0.0
0.354978281450514 0.243811470090599 0.0
0.35026598773625 0.304290470850916 0.0
0.343639315683395 0.364427423042407 0.0
0.334825153651195 0.424240685789343 0.0
0.408697655618595 -0.676663217954357 0.0
0.410014590141774 -0.615142009765011 0.0
0.41146680921884 -0.553531088536337 0.0
0.413024566851404 -0.491856894389598 0.0
0.414643269514158 -0.430134386280883 0.0
0.416276611158355 -0.368371556764309 0.0
0.417876987160465 -0.306573457548766 0.0
0.419391858135646 -0.244744957604787 0.0
0.420758713420196 -0.182893173261658 0.0
0.421899088742289 -0.121029219453336 0.0
0.422711540479907 -0.0591705520813246 0.0
0.423063605024295 0.00265664215169028 0.0
0.422782867353547 0.0644141810962097 0.0
0.421647711277943 0.12604837974737 0.0
0.419379303679629 0.187485521863522 0.0
0.415638025637398 0.248629590503126 0.0
0.410027500997913 0.309365314237459 0.0
0.402103403634711 0.369570951136547 0.0
0.391390734292337 0.429143807590937 0.0
0.470793811741746 -0.676129465495477 0.0
0.471999930585789 -0.614485696830182 0.0
0.473435696501724 -0.552718785826617 0.0
0.475024240331158 -0.490852894003634 0.0
0.476697470321458 -0.428897157315431 0.0
0.478396508082266 -0.366853451650674 0.0
0.480065429149565 -0.304721487468091 0.0
0.481644242255383 -0.242501916605746 0.0
0.483061914843027 -0.180199000041403 0.0
0.484229132496855 -0.117822717970165 0.0
0.485030337749279 -0.0553917552141436 0.0
0.485314836524331 0.00706300640041767 0.0
0.484886853945267 0.0694934158018745 0.0
0.483494734315002 0.131827754329772 0.0
0.480819792869017 0.193962105595483 0.0
0.476465393207457 0.255752029825317 0.0
0.469944900761138 0.317005850725243 0.0
0.460664981945014 0.377482023996997 0.0
0.447922895224268 0.436900342087091 0.0
0.532804652043744 -0.67519578210461 0.0
0.533947596128294 -0.613438019278581 0.0
0.53539048795255 -0.551517172439578 0.0
0.537017891770603 -0.489448610358506 0.0
0.538745520409298 -0.427231864947878 0.0
0.540506536741664 -0.3648603199097 0.0
0.542239468703158 -0.302326265832411 0.0
0.543878617252999 -0.239623639306216 0.0
0.545345675766303 -0.176750426806086 0.0
0.546541542315159 -0.113710799679671 0.0
0.547337542807407 -0.0505185833836207 0.0
0.547565614641562 0.0127980712569433 0.0
0.547007001859923 0.0761893313193061 0.0
0.545379034340628 0.139573334627409 0.0
0.542319150989463 0.202820581571906 0.0
0.537364376287771 0.265733724088846 0.0
0.529922264148112 0.328021002065354 0.0
0.519229496727374 0.389263572590947 0.0
0.50430863325861 0.448888979653083 0.0
0.594690969367094 -0.674060609098969 0.0
0.595818785707587 -0.612208963588899 0.0
0.597284297660339 -0.550142180259062 0.0
0.598949765514899 -0.487860138263161 0.0
0.600723807872313 -0.42535059113096 0.0
0.602536155415613 -0.362597508957705 0.0
0.604322056919568 -0.299584448327085 0.0
0.60601128230818 -0.236295935030794 0.0
0.607518947189429 -0.172718938653825 0.0
0.608736661991261 -0.108844460958638 0.0
0.609522982846972 -0.0446708405845236 0.0
0.609692470370742 0.0197912334941401 0.0
0.609002452060767 0.0845100918783655 0.0
0.607136176674761 0.149419520263166 0.0
0.603679904248402 0.214395632080507 0.0
0.598089960586902 0.279219925548624 0.0
0.589644188677657 0.343517632370027 0.0
0.577374009397708 0.406657956408866 0.0
0.559975377636723 0.467608993598627 0.0
0.656419315486167 -0.673004205946145 0.0
0.657566420579943 -0.611090759209379 0.0
0.659055633989643 -0.548885928966849 0.0
0.660747948129963 -0.486373280355141 0.0
0.662552775575381 -0.423531762584141 0.0
0.664399341647224 -0.360338255684097 0.0
0.666220544650887 -0.296767535134767 0.0
0.667941768345428 -0.232791702238703 0.0
0.669471357872642 -0.168380400070911 0.0
0.670691134117465 -0.103501317506374 0.0
0.671445781661376 -0.0381222502118871 0.0
0.671530098123986 0.0277855194142727 0.0
0.670672477337247 0.0942406821591881 0.0
0.668511856984145 0.161240538351301 0.0
0.664562955932884 0.22873848692468 0.0
0.658161408431774 0.296600760763554 0.0
0.648377298635714 0.364516104360834 0.0
0.633891049652585 0.431803061577459 0.0
0.61286187148878 0.496998880075015 0.0
