-0.51156074663233 -0.701138543490995 0.0
0.722329580286523 -0.732839430014598 0.0
-0.413670372962952 0.61237245798111 0.0
0.61237245798111 0.61237245798111 0.0
-0.450424945567791 -0.70363516095661 0.0
0.722848457232806 -0.6712752228001 0.0
0.583652664588803 0.556708603693795 0.0
-0.437636534109821 0.533770273379898 0.0
-0.389309888659701 -0.705981837840768 0.0
0.723910441683901 -0.609325903389325 0.0
0.536782586311549 0.524487451726466 0.0
-0.454087658946495 0.458248529162341 0.0
-0.328261627952458 -0.708450800347405 0.0
0.725296596129698 -0.546968807898114 0.0
0.485402754829174 0.506047878293423 0.0
-0.464833047803182 0.38541221261601 0.0
-0.267263256003881 -0.711203812546779 0.0
0.726879171725362 -0.484189161206157 0.0
0.432696007931807 0.494959014478735 0.0
-0.472103190583424 0.314837037637085 0.0
-0.206269560004599 -0.714292939076072 0.0
0.728570664987681 -0.420969131906104 0.0
0.379358865972047 0.488042292010696 0.0
-0.477234562813856 0.246067815678061 0.0
-0.14521549980105 -0.717674805390138 0.0
0.730299612452731 -0.357283400108141 0.0
0.325597591927713 0.483814495621267 0.0
-0.481016622396796 0.178733773051644 0.0
-0.0840309064547297 -0.721223547371069 0.0
0.731995892153287 -0.29309732992663 0.0
0.271540491046522 0.481542528234796 0.0
-0.483937529502289 0.112551820136609 0.0
-0.0226557936517557 -0.724765477237399 0.0
0.733579678904538 -0.228365877432755 0.0
0.217316309925522 0.480879043533282 0.0
-0.486312062322649 0.0473078112643522 0.0
0.0389483984492753 -0.728115857758102 0.0
0.734951342219918 -0.163033215799766 0.0
0.163078866300324 0.481734153604094 0.0
-0.48835083724 -0.0171608121835493 0.0
0.100794052711952 -0.73110662832971 0.0
0.735980770234551 -0.0970320107785089 0.0
0.109219556399682 0.486443484720607 0.0
-0.490201430549884 -0.0809766287350246 0.0
0.162867384062821 -0.73360282334484 0.0
0.736494746007023 -0.0302831888134411 0.0
0.0542336823049117 0.48468392406867 0.0
-0.491978526726145 -0.144229987727953 0.0
0.225132118158133 -0.73551004063027 0.0
0.736260733723152 0.0373046517494981 0.0
-0.00123654815900965 0.482373904710979 0.0
-0.493808511825598 -0.206982732529678 0.0
0.28753434033733 -0.736776420422366 0.0
0.734964054093327 0.105835323132022 0.0
-0.0559026236411168 0.492114095960069 0.0
-0.49612382171252 -0.269270563609694 0.0
0.350007903304179 -0.737392430597682 0.0
0.732172672140703 0.175424547085074 0.0
-0.110921242407752 0.499171328974008 0.0
-0.497474760825894 -0.33146448002116 0.0
0.412478703808531 -0.737391057131284 0.0
0.727277872725553 0.246194836714416 0.0
-0.164981975860276 0.509044852595477 0.0
-0.499103098579345 -0.393577815290239 0.0
0.474869533359372 -0.736850161986301 0.0
0.719387357388787 0.318258897418568 0.0
-0.220132074256594 0.514673381236867 0.0
-0.501514500473686 -0.455406790735555 0.0
0.537105220179899 -0.735897919849036 0.0
0.707122106626184 0.391664495702995 0.0
-0.275981118281679 0.521288525052753 0.0
-0.503994715757039 -0.517030199460283 0.0
0.599119277079361 -0.734721882282988 0.0
0.688216046037071 0.466219240168817 0.0
-0.329021012587025 0.539967476134474 0.0
-0.506602997309997 -0.578500184118309 0.0
0.66086461315343 -0.7335828781442 0.0
0.65875120494826 0.540931261305113 0.0
-0.380626860507795 0.564011126993285 0.0
-0.509032268382514 -0.639855144491865 0.0
-0.447925494478465 -0.642326613649364 0.0
-0.445439977898732 -0.580906730850819 0.0
-0.442851611408762 -0.519331571838169 0.0
-0.440423591915363 -0.457663325254057 0.0
-0.438077132307943 -0.395903213957575 0.0
-0.43635108569972 -0.333867176235509 0.0
-0.434963004999899 -0.271391808452545 0.0
-0.432921797569203 -0.208575883043453 0.0
-0.431138341833173 -0.145485400497322 0.0
-0.429421909455157 -0.0820325851460278 0.0
-0.427661993079904 -0.0181412568917334 0.0
-0.425751089774313 0.0462582622492488 0.0
-0.423555421466188 0.111231995738697 0.0
-0.420892179921739 0.176836205437329 0.0
-0.417504513269992 0.243093785066186 0.0
-0.413036038142915 0.309935181782193 0.0
-0.407032574137587 0.377057887106417 0.0
-0.399104658850532 0.443616756133395 0.0
-0.389793503478787 0.507613344999951 0.0
-0.386779767589511 -0.644639696568316 0.0
-0.384227863037969 -0.583196090241565 0.0
-0.381697507858059 -0.521616205013706 0.0
-0.379323520284829 -0.459883636747821 0.0
-0.377187751525049 -0.397919183965676 0.0
-0.375509897614065 -0.335754865315921 0.0
-0.373978248684359 -0.273416310136979 0.0
-0.372210072088936 -0.210764126043811 0.0
-0.370582716521816 -0.147850766260669 0.0
-0.369022677542097 -0.0846693377970891 0.0
-0.3674529306671 -0.0212141489808085 0.0
-0.365790527854983 0.0425029023321337 0.0
-0.363934840954302 0.106437115042914 0.0
-0.361758263832029 0.170487861318789 0.0
-0.359101771564056 0.234461794149551 0.0
-0.35578227576276 0.298025645871808 0.0
-0.351625809550329 0.360673174408085 0.0
-0.346538110296987 0.421802362383534 0.0
-0.340304788895605 0.481125765351513 0.0
-0.325648543053173 -0.647137391440511 0.0
-0.323064380031771 -0.585720602067203 0.0
-0.320602820987607 -0.524168598339886 0.0
-0.318359988592135 -0.462455727389335 0.0
-0.316403041024933 -0.40057422256466 0.0
-0.314772088681026 -0.338563850678396 0.0
-0.313259144816128 -0.27640734095965 0.0
-0.311705443022835 -0.214056326442028 0.0
-0.310265176911502 -0.151555380911777 0.0
-0.308905127358463 -0.0889390212049808 0.0
-0.307573092606129 -0.0262546909036463 0.0
-0.306208333574289 0.0364245000612946 0.0
-0.304736620770819 0.0989890585798308 0.0
-0.303063564740838 0.161284816327797 0.0
-0.301067535074669 0.223111870858568 0.0
-0.298593630084729 0.284245099841493 0.0
-0.29546076282544 0.344492092074333 0.0
-0.291517427151507 0.403786348968287 0.0
-0.28711076968362 0.462311230046601 0.0
-0.264537944134236 -0.649945166814881 0.0
-0.261950405273759 -0.588600275708808 0.0
-0.259581938522116 -0.527142582584066 0.0
-0.257481465065747 -0.465563395778571 0.0
-0.25566919057733 -0.403874533117227 0.0
-0.254117890185856 -0.342100980267308 0.0
-0.252692833843363 -0.280243347365117 0.0
-0.251319509947621 -0.218303409861838 0.0
-0.250057547451341 -0.156330581058515 0.0
-0.248885797714065 -0.0943784288464863 0.0
-0.247763710187311 -0.0325109786756439 0.0
-0.246637981305074 0.0291950768481302 0.0
-0.245436865774804 0.0906537220990781 0.0
-0.244060621746708 0.151781572740238 0.0
-0.242371117607386 0.21252095558348 0.0
-0.240188971409386 0.272877804958874 0.0
-0.23732189775174 0.332969939710339 0.0
-0.233705945345041 0.393080297951187 0.0
-0.230011219485194 0.453654816125831 0.0
-0.203429531798394 -0.653104018731695 0.0
-0.20086305049554 -0.59185918652116 0.0
-0.198598022717873 -0.530536267844267 0.0
-0.19663253612547 -0.469135030558902 0.0
-0.194946201684523 -0.407672427895243 0.0
-0.193486244797562 -0.346172455877424 0.0
-0.192161279581517 -0.2846508939936 0.0
-0.190928060476166 -0.223130998675178 0.0
-0.189803702489306 -0.1616596859528 0.0
-0.188768138418407 -0.100286051750209 0.0
-0.187784061241447 -0.0390592339614818 0.0
-0.186799071501931 0.0219763912328879 0.0
-0.185740944645449 0.0827904642738861 0.0
-0.184511980827011 0.143381493637744 0.0
-0.182987999866285 0.203795769213716 0.0
-0.181033056474677 0.264149509256129 0.0
-0.178553760017502 0.324647845958047 0.0
-0.175631657945052 0.385577064618484 0.0
-0.172348704081141 0.447119361344697 0.0
-0.142285142814334 -0.656553905505478 0.0
-0.139762230674683 -0.595410173309291 0.0
-0.137603820932407 -0.534222936122576 0.0
-0.135760160046246 -0.472995431539704 0.0
-0.134180227456967 -0.411746148350421 0.0
-0.132802169900819 -0.350498947542322 0.0
-0.131559055032233 -0.289275791009881 0.0
-0.130419539942669 -0.22810424287885 0.0
-0.129381682228576 -0.167021642719908 0.0
-0.128425665696227 -0.106062852948178 0.0
-0.12751871634496 -0.0452560647129298 0.0
-0.126615973381137 0.0153822894448395 0.0
-0.125659315372338 0.0758538691267121 0.0
-0.12457857970733 0.136185713243007 0.0
-0.123300968038776 0.196434997335661 0.0
-0.121778159690075 0.256687570752095 0.0
-0.120039597023255 0.31703690974362 0.0
-0.118197341025549 0.377514005451217 0.0
-0.11589192979884 0.438030594847864 0.0
-0.0810587076026862 -0.660154609315085 0.0
-0.0786036206704346 -0.599090707768542 0.0
-0.0765520120143744 -0.538011835313983 0.0
-0.0748139366635173 -0.476922077034119 0.0
-0.0733178398272759 -0.415838986777509 0.0
-0.0720003881172805 -0.354784680782907 0.0
-0.0708096946736661 -0.293781281347146 0.0
-0.0697209263886262 -0.232853586539216 0.0
-0.0687259869423121 -0.17202910949253 0.0
-0.0678090103162232 -0.111330945610155 0.0
-0.0669466206821954 -0.0507746749582205 0.0
-0.0661091317912954 0.0096345247879736 0.0
-0.0652624493095734 0.0699043256970578 0.0
-0.0643736481060879 0.130057198946793 0.0
-0.0634241277896283 0.19012942796292 0.0
-0.06243315542888 0.250166598528483 0.0
-0.0614760095179668 0.310213270751405 0.0
-0.0606083617803103 0.370320084103183 0.0
-0.0596907955012405 0.430716539187377 0.0
-0.0197078686551361 -0.663724373924482 0.0
-0.0173474684066497 -0.60270658146613 0.0
-0.0154021057516387 -0.541693260072431 0.0
-0.0137528289709363 -0.480688343571972 0.0
-0.0123173308552532 -0.4197075706362 0.0
-0.0110357840351576 -0.358770618371385 0.0
-0.00986789308624934 -0.297897550002076 0.0
-0.00879525005180456 -0.237109156988356 0.0
-0.00781125014488478 -0.176426034150257 0.0
-0.00690754701407199 -0.115864581457807 0.0
-0.00607341498236399 -0.0554354423167666 0.0
-0.00529769264777759 0.00485746600078675 0.0
-0.00457281485432252 0.0650167007105252 0.0
-0.00390295045374607 0.125049530895901 0.0
-0.00331848263186746 0.184961602618314 0.0
-0.00289560365832378 0.24474430474177 0.0
-0.0027674726350652 0.304353575160059 0.0
-0.00313416311138522 0.363694411745448 0.0
-0.00464251978027733 0.422599764160979 0.0
0.041796983557122 -0.667076348855286 0.0
0.0440345386973139 -0.60606702010299 0.0
0.0458740911557835 -0.545071515282419 0.0
0.0474503563317646 -0.484094043253843 0.0
0.0488470239833828 -0.423148918642207 0.0
0.0501161576224568 -0.362253622602463 0.0
0.0512869519943443 -0.301425735521898 0.0
0.0523700862379331 -0.240682261590236 0.0
0.0533664193269726 -0.180038599141314 0.0
0.054274855933134 -0.119506004762733 0.0
0.0550927029467446 -0.0590903595802211 0.0
0.0558132286931294 0.0012091723399922 0.0
0.0564209673717492 0.0614013952203111 0.0
0.0568839635061622 0.121505220117006 0.0
0.0571430324309586 0.181552384523799 0.0
0.0571014334726808 0.241595160566521 0.0
0.0566156023894126 0.30172728543218 0.0
0.0554128211610035 0.362128330393404 0.0
0.0522761399096763 0.423028189637932 0.0
0.103468062788199 -0.670044399254858 0.0
0.10555603156823 -0.609007697255865 0.0
0.107290658555104 -0.54798447257948 0.0
0.1088084377245 -0.486980499880616 0.0
0.110185670187036 -0.426009626748885 0.0
0.111462767031415 -0.365087665257292 0.0
0.11265706181648 -0.304229736242202 0.0
0.113770030634852 -0.243449241832817 0.0
0.114794201412013 -0.182756889598815 0.0
0.115717550479194 -0.122158652764389 0.0
0.116522928410353 -0.0616541931054073 0.0
0.11718478749625 -0.0012344269867374 0.0
0.117663604071349 0.0591217235044021 0.0
0.117897710212805 0.119452658417743 0.0
0.117792954730339 0.179821253958252 0.0
0.117210742663053 0.240326614518721 0.0
0.115943434396302 0.301117907278479 0.0
0.113611727168806 0.362378235637522 0.0
0.109993150728204 0.424069415447885 0.0
0.165299023817673 -0.672497596916328 0.0
0.167215471236795 -0.61140257553203 0.0
0.168847993944642 -0.550312158852475 0.0
0.170321110058307 -0.489235305264229 0.0
0.171695837106875 -0.428186428029437 0.0
0.172997522831009 -0.367180238365286 0.0
0.174230494861274 -0.306229752103262 0.0
0.175385625163559 -0.245345476108077 0.0
0.176445095689393 -0.184534822740818 0.0
0.177384077834246 -0.123800686352835 0.0
0.178168662135619 -0.0631403491727565 0.0
0.178751149616528 -0.00254385210371319 0.0
0.179062881346916 0.0580073353100808 0.0
0.179004472883875 0.118541116997573 0.0
0.178433714097828 0.179091766735265 0.0
0.177150893169662 0.239689558460583 0.0
0.174879824485 0.30032832305755 0.0
0.171335654765407 0.360877770845677 0.0
0.166883294345399 0.421119376108366 0.0
0.227267082816737 -0.67434623252276 0.0
0.228998317384133 -0.613168002684942 0.0
0.230535277040361 -0.551978515775259 0.0
0.231977727559989 -0.490791388332617 0.0
0.233364813233496 -0.429622346903941 0.0
0.2347042523306 -0.368485448241105 0.0
0.235986499790026 -0.307392193141158 0.0
0.237190881946734 -0.246351443037714 0.0
0.238287930279387 -0.185369618316395 0.0
0.239238693392257 -0.124450258353501 0.0
0.239991102527853 -0.0635941137249672 0.0
0.240474025503001 -0.00279925430181199 0.0
0.240589265556393 0.0579375913012248 0.0
0.240201908854045 0.118618072502858 0.0
0.23913028363463 0.179235026112873 0.0
0.237139218597151 0.239761056880053 0.0
0.233959812369665 0.300133389294094 0.0
0.229431627624854 0.360279127908192 0.0
0.223783119901478 0.420347807928136 0.0
0.289336537525231 -0.675542897797896 0.0
0.290880140700589 -0.614262660412463 0.0
0.292333316345564 -0.552949840248152 0.0
0.293760022915614 -0.491623500703368 0.0
0.295172827421125 -0.430300707474951 0.0
0.296560565027079 -0.368994800467814 0.0
0.297899765535703 -0.307716036509492 0.0
0.299158127708229 -0.246472527289699 0.0
0.300294299437397 -0.185271347975784 0.0
0.301255146678692 -0.124119062137958 0.0
0.301970813378816 -0.0630228427523964 0.0
0.302348013472128 -0.0019916773386747 0.0
0.302261927331802 0.0589613660966546 0.0
0.301547460428741 0.119816190168744 0.0
0.299991830945424 0.180541067590426 0.0
0.297335221499258 0.241089658129127 0.0
0.293301331034672 0.301408516781088 0.0
0.287684929590288 0.361488243079377 0.0
0.280431988112656 0.421459416600079 0.0
0.351463322449599 -0.67608193839153 0.0
0.352830358474789 -0.614686636812167 0.0
0.354217447407381 -0.553233137236975 0.0
0.355644350859574 -0.49174542583419 0.0
0.357094869722128 -0.430240788597735 0.0
0.358539359126784 -0.368730902342015 0.0
0.359941416561449 -0.307224226953042 0.0
0.361257936755742 -0.245727974524186 0.0
0.362436376397584 -0.18425000233518 0.0
0.363410261715731 -0.122800057172389 0.0
0.364093142903805 -0.0613915579840532 0.0
0.364371251493889 -4.33270704029993e-05 0.0
0.364095167184272 0.0612179622195453 0.0
0.363071241179131 0.122355341993323 0.0
0.361054861256573 0.183318464138444 0.0
0.357751434856959 0.244043547952144 0.0
0.352835718255335 0.304462639548091 0.0
0.345992691809546 0.364532506471875 0.0
0.336953541874348 0.424274282969915 0.0
0.413598824319929 -0.675999893338472 0.0
0.414814729855315 -0.614482229312838 0.0
0.416158632774537 -0.552877000440703 0.0
0.417601673696422 -0.491210693314691 0.0
0.419099763454624 -0.429498368477647 0.0
0.420606925584043 -0.367748145053249 0.0
0.422075776120722 -0.305965235781768 0.0
0.423453890208594 -0.244154723684118 0.0
0.424678743776594 -0.182324012336021 0.0
0.425671694394337 -0.120484599352452 0.0
0.426330908840761 -0.0586544429535895 0.0
0.426523262874648 0.0031396228592001 0.0
0.426075336304034 0.0648585996776616 0.0
0.424764070525009 0.126447796027624 0.0
0.422308657198904 0.187832282841842 0.0
0.418366944339066 0.248914627995562 0.0
0.412539724464379 0.309578066601765 0.0
0.404380465036877 0.369699791011478 0.0
0.393415287673169 0.429178093933732 0.0
0.475694235283035 -0.675378714513095 0.0
0.476797689281499 -0.613738127364769 0.0
0.478123971624683 -0.55197637399189 0.0
0.479596812959243 -0.490117791377343 0.0
0.481148468441792 -0.428171674871122 0.0
0.482720307074772 -0.366140064860429 0.0
0.484256569023917 -0.304022876299322 0.0
0.48569732041968 -0.241821034986346 0.0
0.486971441648486 -0.179539173731099 0.0
0.487989337330827 -0.117187774826945 0.0
0.488634913465445 -0.0547861949143804 0.0
0.488756603303292 0.00763379332725924 0.0
0.48815732013075 0.0700228677705398 0.0
0.48658352615873 0.132307783100601 0.0
0.483713940910652 0.194382654984898 0.0
0.47914850440895 0.256100562624669 0.0
0.472396347215464 0.317266852494712 0.0
0.462859475168864 0.377636783936599 0.0
0.449832363685404 0.436928131005187 0.0
0.53770429425336 -0.674352775533388 0.0
0.538743063188648 -0.612597585430737 0.0
0.540075424615164 -0.550681110604998 0.0
0.541586211534915 -0.488618973173167 0.0
0.543191345219133 -0.426410880737909 0.0
0.544824173156092 -0.364050397105016 0.0
0.546423340341198 -0.301530041960279 0.0
0.547923149752234 -0.238844062264444 0.0
0.549245131337127 -0.175990870097485 0.0
0.550289792012562 -0.11297522217908 0.0
0.550927760280191 -0.0498117514477958 0.0
0.550989865036786 0.0134702723856774 0.0
0.550255693142405 0.0768194582607367 0.0
0.548440189032591 0.1401517655129 0.0
0.54517746046707 0.203334651708995 0.0
0.540000004678244 0.266166562383549 0.0
0.532309394688005 0.328350062030453 0.0
0.521334784562578 0.389459003892861 0.0
0.506091223540848 0.448912970819197 0.0
0.599589828974834 -0.673120525297326 0.0
0.600612239993439 -0.611270618121248 0.0
0.601966320260476 -0.54920716390479 0.0
0.603514309816557 -0.486930279042734 0.0
0.605164956536162 -0.424427893024055 0.0
0.606848132518857 -0.361684165190664 0.0
0.60849915927925 -0.29868288594179 0.0
0.610047749870309 -0.235408885724022 0.0
0.61140877249419 -0.171849544578685 0.0
0.612473323929774 -0.107996433065757 0.0
0.613099081802009 -0.0438486973252348 0.0
0.613099227593064 0.0205818023901046 0.0
0.612229023025147 0.0852616640812838 0.0
0.610168707190669 0.150122063477351 0.0
0.606500241277251 0.215035121889205 0.0
0.600673908917463 0.279776169692295 0.0
0.59195923483203 0.34396090972752 0.0
0.579376678225695 0.406944156378084 0.0
0.561609671465628 0.467674216072314 0.0
0.661317601153787 -0.671962749651808 0.0
0.662358441378904 -0.610050034718471 0.0
0.66373541624387 -0.547847105985544 0.0
0.665309417333659 -0.485337799942387 0.0
0.666989949329619 -0.422501294725054 0.0
0.668706339165035 -0.359314680531081 0.0
0.67039150649559 -0.295752940467093 0.0
0.671970707582361 -0.231788403551786 0.0
0.673351938850316 -0.16739099382296 0.0
0.674416357439375 -0.102528783618326 0.0
0.675007541217212 -0.0371701302960734 0.0
0.674918553023928 0.0287128212177436 0.0
0.673875151012089 0.0951373899030282 0.0
0.671512319995281 0.162098623606906 0.0
0.667338867192713 0.229546098541642 0.0
0.660681570843433 0.297339327401142 0.0
0.650597347405195 0.365154838915907 0.0
0.635747900085926 0.432288562210897 0.0
0.614269720367836 0.497237294006657 0.0
