-0.508218493096318 -0.70148397715402 0.0
0.725624036950324 -0.731790618385252 0.0
-0.412430000305176 0.61237245798111 0.0
0.61237245798111 0.61237245798111 0.0
-0.447080320130639 -0.703894150282592 0.0
0.726064009474557 -0.670226705991974 0.0
0.584152974109314 0.556668485987233 0.0
-0.436220426074296 0.533667956683006 0.0
-0.385964202528971 -0.706156932859361 0.0
0.727041477578947 -0.608278487871509 0.0
0.537470293662113 0.524470260375804 0.0
-0.452540690365487 0.458084190241115 0.0
-0.324916110511325 -0.708542951199326 0.0
0.728337593805697 -0.545924014386929 0.0
0.486215235777802 0.506115794156481 0.0
-0.463168778773619 0.385204917671074 0.0
-0.263919165640378 -0.711215382371233 0.0
0.729824990927353 -0.483148976287215 0.0
0.433616484906845 0.495102161658624 0.0
-0.4703261836567 0.314597757851033 0.0
-0.202928040464988 -0.714227377470039 0.0
0.731416592151635 -0.419935854888446 0.0
0.380372476355966 0.48823205113798 0.0
-0.475346489105134 0.245804065624129 0.0
-0.141877510315914 -0.717536075117342 0.0
0.733041338440131 -0.356259547903764 0.0
0.326690190118757 0.484028155980151 0.0
-0.479018397693763 0.17845123882116 0.0
-0.0806971792349916 -0.721015597513761 0.0
0.73462946035975 -0.292085578743624 0.0
0.272699950821168 0.481764001517648 0.0
-0.481830082695547 0.112255001934406 0.0
-0.0193268050290432 -0.724491815143356 0.0
0.736101406812349 -0.227369029043549 0.0
0.218532617970747 0.48109733037234 0.0
-0.484096604762131 0.047000325971764 0.0
0.0422724320932023 -0.727779282915656 0.0
0.737357706300238 -0.162054181992091 0.0
0.164343785278087 0.481939793309613 0.0
-0.486028945335981 -0.0174760650957566 0.0
0.104113151021421 -0.730709124735557 0.0
0.738268231398769 -0.0960738144626255 0.0
0.110531200089856 0.486669797975243 0.0
-0.487775055487385 -0.0812973705912719 0.0
0.166181760884841 -0.733145564057866 0.0
0.738659480269235 -0.0293489857137474 0.0
0.0555728430017449 0.48485202344474 0.0
-0.489449966473714 -0.144554514543746 0.0
0.228442135804257 -0.734993447333453 0.0
0.73829820830349 0.0382115170977082 0.0
0.000129329578050288 0.482459979489565 0.0
-0.491180335777478 -0.207309944815697 0.0
0.29084046920538 -0.736200231998714 0.0
0.736868348137368 0.106711192839937 0.0
-0.0545106134880064 0.49221310773848 0.0
-0.493399022114067 -0.269600435959733 0.0
0.353310688447087 -0.736755754318636 0.0
0.733935356307381 0.176265173385465 0.0
-0.109517986226177 0.499245056027354 0.0
-0.49465665798243 -0.331795465163205 0.0
0.41577873480584 -0.736692399138217 0.0
0.72888609326134 0.246994745371975 0.0
-0.163571281595545 0.509098013234328 0.0
-0.496193799701194 -0.393909616806337 0.0
0.478167413079813 -0.736087449436301 0.0
0.720820413476031 0.31900984263968 0.0
-0.218725671985848 0.514698266400208 0.0
-0.49851570647325 -0.455740388205892 0.0
0.540401531081241 -0.735068536361463 0.0
0.708345105492124 0.392351476754768 0.0
-0.274586978891165 0.521286964722173 0.0
-0.500908859530083 -0.517366175779235 0.0
0.602414547790491 -0.73382274159876 0.0
0.68916792753154 0.466809523915485 0.0
-0.32764579670525 0.539938666517456 0.0
-0.503430668735547 -0.578839364958295 0.0
0.664159292442964 -0.732610574666129 0.0
0.659322833848332 0.541342004323329 0.0
-0.379257635051784 0.564017621204472 0.0
-0.505775113464666 -0.640197248658397 0.0
-0.44466609951566 -0.642582251495816 0.0
-0.442265234448106 -0.581159396450249 0.0
-0.439762823680125 -0.519580997203486 0.0
-0.437421938511711 -0.457909703872466 0.0
-0.435164669726129 -0.39614654558881 0.0
-0.433529589719841 -0.33410802530691 0.0
-0.432235773446734 -0.271630305406037 0.0
-0.43029261253327 -0.208810931014913 0.0
-0.428609591894343 -0.14571632543988 0.0
-0.426995955475897 -0.0822581936465362 0.0
-0.425340935824462 -0.0183598978677936 0.0
-0.423536649018636 0.046048740911576 0.0
-0.421448847551578 0.111034336954489 0.0
-0.41889417550387 0.176653884222471 0.0
-0.415615158654325 0.242931215652112 0.0
-0.411254741609286 0.309797980310807 0.0
-0.405358159889453 0.376953038862771 0.0
-0.397536129465879 0.443551986654931 0.0
-0.388333710583189 0.50759297495628 0.0
-0.383518966266468 -0.644811099084907 0.0
-0.381051546048981 -0.583363723161086 0.0
-0.378606789454701 -0.521780212107868 0.0
-0.376320040365532 -0.460044225764343 0.0
-0.374273794213788 -0.398076609156052 0.0
-0.372687752713796 -0.335909445601943 0.0
-0.37125085496611 -0.273567845504576 0.0
-0.369580765883496 -0.210911723292335 0.0
-0.368054066562859 -0.14799379345187 0.0
-0.366596974344432 -0.0848068195343088 0.0
-0.365132094858791 -0.021344768117224 0.0
-0.363576017163049 0.0423808065544022 0.0
-0.361827570715399 0.10632554249934 0.0
-0.359758558239547 0.170389098947593 0.0
-0.357209407486793 0.234378230808413 0.0
-0.353996801814682 0.297959285946051 0.0
-0.349947561427173 0.360624572945374 0.0
-0.344970512078161 0.421768681817459 0.0
-0.338853402219446 0.48109846409318 0.0
-0.322387276225956 -0.647225640256593 0.0
-0.319887116654811 -0.585805037442802 0.0
-0.317510827296894 -0.524249513967884 0.0
-0.315355243486966 -0.462533462386008 0.0
-0.31348798255935 -0.400649097599173 0.0
-0.311949309906593 -0.338636079172945 0.0
-0.310531625611017 -0.276476752800865 0.0
-0.309076223002505 -0.214122452863327 0.0
-0.307736808801624 -0.151617838384215 0.0
-0.306479820476151 -0.0889972783285245 0.0
-0.305252664189657 -0.0263080887414874 0.0
-0.303994165968802 0.0363766846154156 0.0
-0.302629658937483 0.0989475081735706 0.0
-0.301064391018756 0.161250009508832 0.0
-0.29917657118704 0.223083854508557 0.0
-0.296811495105313 0.284223242528166 0.0
-0.293788592860653 0.344474941100608 0.0
-0.289955774360519 0.403771633172121 0.0
-0.285653185764479 0.46229519592793 0.0
-0.261277008651466 -0.649952913058425 0.0
-0.25877275813183 -0.588604558086524 0.0
-0.256489181295421 -0.527143895288151 0.0
-0.254475904501016 -0.465562227178784 0.0
-0.252753503790235 -0.403871311752742 0.0
-0.25129492393731 -0.342096007185629 0.0
-0.249965593953393 -0.280236701641717 0.0
-0.248690906903213 -0.218295054960352 0.0
-0.247530125225176 -0.156320549800636 0.0
-0.24646176203433 -0.0943667506173653 0.0
-0.24544491192431 -0.0324977095073249 0.0
-0.244425918294789 0.0292098012508856 0.0
-0.243332722188976 0.0906696336578283 0.0
-0.242065352101872 0.15179824113601 0.0
-0.240485553157811 0.212537810748028 0.0
-0.238413839337807 0.272894215316977 0.0
-0.235657297877323 0.332985219274221 0.0
-0.232148749080575 0.393093251027894 0.0
-0.22854527337615 0.453662197037291 0.0
-0.200169653538283 -0.653034898277109 0.0
-0.197685590391227 -0.591787229564969 0.0
-0.195505059302848 -0.530462214009617 0.0
-0.193626751523421 -0.469059560594775 0.0
-0.192030550931545 -0.407596143563148 0.0
-0.19066377868631 -0.346095855203566 0.0
-0.1894350536466 -0.284574358151583 0.0
-0.188300959199161 -0.223054881928274 0.0
-0.187278297587324 -0.161584410774091 0.0
-0.186346684260759 -0.100212081270609 0.0
-0.185468492708863 -0.0389870724872421 0.0
-0.184591017596397 0.0220462038728895 0.0
-0.183641759087842 0.0828573828652411 0.0
-0.182522774759761 0.143445028228746 0.0
-0.181109614670041 0.203855559030821 0.0
-0.179265778773349 0.264205344835245 0.0
-0.176896187213546 0.324699535736382 0.0
-0.174077305078091 0.385624243243694 0.0
-0.170879632461116 0.447163611175851 0.0
-0.139027008795851 -0.656412013844316 0.0
-0.136585583342352 -0.595266240539546 0.0
-0.134511314783955 -0.534077971577482 0.0
-0.132754885775239 -0.472850331556379 0.0
-0.131265423375337 -0.411601712700957 0.0
-0.12998106817288 -0.350355888242957 0.0
-0.128834783052424 -0.289134752686314 0.0
-0.127795006962749 -0.227965867077699 0.0
-0.126859502940332 -0.166886613486909 0.0
-0.126008149979726 -0.105931875177001 0.0
-0.125207872098318 -0.045129843439035 0.0
-0.124413519339497 0.0155030773548578 0.0
-0.123566693762625 0.07596861178787 0.0
-0.12259693603423 0.136293896142054 0.0
-0.121431000514662 0.196536203200761 0.0
-0.120019599610404 0.256781417122756 0.0
-0.118389844612068 0.317122987747687 0.0
-0.116648914142851 0.377592371635129 0.0
-0.114430327838514 0.438103955429802 0.0
-0.0778029553915976 -0.659943979038979 0.0
-0.0754284479011796 -0.598878898877638 0.0
-0.0734606978497389 -0.537800119844572 0.0
-0.0718099886616563 -0.476711558201102 0.0
-0.0704047698044748 -0.415630646889491 0.0
-0.0691815942063467 -0.354579413843378 0.0
-0.0680883855711165 -0.29357992669167 0.0
-0.0671000551492415 -0.232656974528597 0.0
-0.0662082120459992 -0.171838084941406 0.0
-0.0653966901360537 -0.111146353726783 0.0
-0.0646418198624463 -0.0505973456879187 0.0
-0.0639136309786145 0.00980379070329162 0.0
-0.0631777392676953 0.0700647642153525 0.0
-0.0624008622129789 0.13020807609993 0.0
-0.0615638047992617 0.190270020065146 0.0
-0.0606846379555269 0.250296203615549 0.0
-0.0598362717082576 0.310331431059073 0.0
-0.0590704349268584 0.370427358005108 0.0
-0.0582428315991375 0.430815407056662 0.0
-0.0164550473858031 -0.66344855676238 0.0
-0.0141744163591559 -0.602430438056328 0.0
-0.0123127290179804 -0.54141829095689 0.0
-0.0107510372877939 -0.480415827514437 0.0
-0.00940688913834597 -0.419438638540233 0.0
-0.00822024045907111 -0.358506303879752 0.0
-0.00715053719381974 -0.297638830729818 0.0
-0.00617908276262613 -0.236856992238697 0.0
-0.00529896956555719 -0.176181383962846 0.0
-0.00450155087754847 -0.115628406333567 0.0
-0.00377581036965117 -0.0552087060433315 0.0
-0.00311030319248391 0.00507378173321689 0.0
-0.00249716324147419 0.0652215606390405 0.0
-0.00194017128336238 0.125241777660912 0.0
-0.0014690816913142 0.185139848119235 0.0
-0.00115896443353956 0.244906794626638 0.0
-0.00114109675902459 0.304498069790373 0.0
-0.00161297576065844 0.363818022855758 0.0
-0.0032220984317506 0.422697984596437 0.0
0.0450464490011244 -0.666738163036461 0.0
0.0472048869112088 -0.605729303714577 0.0
0.0489608249484282 -0.544735946684979 0.0
0.0504491978280431 -0.483762035648221 0.0
0.051753983723574 -0.42282171501309 0.0
0.0529275557195508 -0.361932359856926 0.0
0.0539994247682717 -0.301111490357041 0.0
0.0549805884976995 -0.240376084266837 0.0
0.0558722215578484 -0.179741530849698 0.0
0.0566735352486145 -0.11921908229383 0.0
0.0573821328308153 -0.0588146197210311 0.0
0.0579915780842428 0.00147268522293307 0.0
0.058486732961743 0.0616516209800416 0.0
0.0588360772938863 0.121741087449113 0.0
0.0589811096060577 0.181772868921683 0.0
0.0588262173740614 0.241799485058301 0.0
0.0582295679539784 0.301915401103061 0.0
0.0569202157954899 0.36230169304774 0.0
0.0536790491808918 0.423188738049661 0.0
0.10671388630297 -0.669645833495647 0.0
0.108723182184405 -0.608610319346471 0.0
0.110374112729115 -0.547590081967476 0.0
0.111803598529085 -0.486590603074693 0.0
0.11308835766934 -0.425625548322195 0.0
0.114269189079252 -0.364710620376617 0.0
0.115363788892321 -0.303860877288751 0.0
0.116373976986806 -0.24308968726148 0.0
0.11729260971484 -0.182407736233013 0.0
0.11810797641011 -0.121820975273677 0.0
0.118803227838301 -0.0613290356196673 0.0
0.119353115087923 -0.000922784243245918 0.0
0.11971844298957 0.0594189465465483 0.0
0.119837961871117 0.119734731881147 0.0
0.119618124073979 0.180087795830575 0.0
0.11892122745021 0.240577905509714 0.0
0.117540803909839 0.301355348313457 0.0
0.115098650063231 0.362604546055295 0.0
0.111376680142124 0.424288288178955 0.0
0.168541051149957 -0.672039821732488 0.0
0.170379025902568 -0.610946624771788 0.0
0.171927611847225 -0.549859898880971 0.0
0.17331193480633 -0.488788302873603 0.0
0.174593534709274 -0.427746072500759 0.0
0.175798207017063 -0.366747817383782 0.0
0.176930675583153 -0.305806496749658 0.0
0.177982173645407 -0.24493258620983 0.0
0.178935218035905 -0.184133477616889 0.0
0.179765290614552 -0.123412045736166 0.0
0.180438770011932 -0.0627655486442243 0.0
0.180908229763931 -0.00218399444516385 0.0
0.18110528633997 0.058351192898378 0.0
0.180930865676609 0.11886797767492 0.0
0.1802431470238 0.17940069858274 0.0
0.178842915779397 0.239979639367618 0.0
0.176454585501703 0.300598378134402 0.0
0.172794511436706 0.361125834969942 0.0
0.168232750719611 0.421344102259577 0.0
0.2305052722036 -0.673829660656971 0.0
0.23215796865885 -0.612653810470691 0.0
0.233610587000912 -0.551468590994822 0.0
0.234963646456402 -0.490287338732187 0.0
0.236256889659577 -0.429125627592128 0.0
0.237498521872428 -0.367997436470686 0.0
0.238679414795871 -0.306914231325849 0.0
0.239779264944338 -0.245884864729161 0.0
0.2407689378727 -0.184915764904607 0.0
0.241609781651332 -0.12401049266635 0.0
0.242249992020885 -0.0631698361145301 0.0
0.242618667307562 -0.00239192624201343 0.0
0.242617814082777 0.0583264110380161 0.0
0.242112706090257 0.118986673111768 0.0
0.240921857687771 0.179581467501587 0.0
0.238810294664387 0.240083077997615 0.0
0.235509446601648 0.300428408452109 0.0
0.230860208959503 0.36054495200491 0.0
0.22509687134249 0.420585363902952 0.0
0.292570937417424 -0.674967247574108 0.0
0.294035667220257 -0.613689858920801 0.0
0.295403940765747 -0.552381762449388 0.0
0.296740571127282 -0.491061790163299 0.0
0.298058766048322 -0.429746900759312 0.0
0.299347866706738 -0.368450395707618 0.0
0.300584828985204 -0.307182534091695 0.0
0.301737724258594 -0.245951459237905 0.0
0.302765529215123 -0.18476430412455 0.0
0.30361539424792 -0.123627718549627 0.0
0.304217699597195 -0.0625489962572795 0.0
0.304479341560503 -0.00153728838691976 0.0
0.304275622850104 0.0593941234342968 0.0
0.303441499860366 0.120224877780615 0.0
0.301764151026794 0.180922951437185 0.0
0.29898361539986 0.241441740843453 0.0
0.294823506561608 0.30172777193977 0.0
0.289079566715443 0.361772418379627 0.0
0.281702022083521 0.421709142494366 0.0
0.354694051972216 -0.675446274498593 0.0
0.35598162566172 -0.614054187007956 0.0
0.357283119845074 -0.552605740635409 0.0
0.358619197116366 -0.491124766940313 0.0
0.359974306651355 -0.429628506208204 0.0
0.361319311032993 -0.368128646086135 0.0
0.362618234842135 -0.306633694803366 0.0
0.363828343443312 -0.24515094640914 0.0
0.364897413684811 -0.183688375784324 0.0
0.365759236910269 -0.122255888062823 0.0
0.366327563617924 -0.0608671072586398 0.0
0.366488744497748 0.000458888196932587 0.0
0.366093372692668 0.0616951190339186 0.0
0.364947666447236 0.122804272360349 0.0
0.362806677721824 0.183735640639897 0.0
0.359375237682425 0.244425116221199 0.0
0.354327465786329 0.304804572628538 0.0
0.34734844446012 0.364831172857752 0.0
0.338172271775178 0.4245280262437 0.0
0.4168260590992 -0.675302643648058 0.0
0.417961699100668 -0.6137884233399 0.0
0.419219222735566 -0.552188429707916 0.0
0.420570653251847 -0.490529093172371 0.0
0.421972525024443 -0.428825495644903 0.0
0.423379357583488 -0.367085817690389 0.0
0.424744189655924 -0.305315368253878 0.0
0.426014961462464 -0.243519365703713 0.0
0.427129456102594 -0.181705395100765 0.0
0.428009269537929 -0.119885190095007 0.0
0.428552719457458 -0.0580770078560661 0.0
0.428626714399279 0.00369194903413537 0.0
0.428057702549426 0.0653822410866377 0.0
0.426622259568158 0.126938664537959 0.0
0.424038890346464 0.188285711895407 0.0
0.419964372938818 0.249325320184256 0.0
0.413998148084656 0.309940117627472 0.0
0.405692602148943 0.370007012972833 0.0
0.394574987814428 0.429425398151163 0.0
0.478918201977693 -0.674617677563932 0.0
0.47994043925707 -0.612980587198003 0.0
0.481179517484354 -0.55122407598302 0.0
0.482559962084534 -0.489372530283697 0.0
0.48401460335944 -0.427435326665425 0.0
0.485485288711646 -0.365414611055901 0.0
0.486916673929331 -0.303310439147329 0.0
0.488249181436271 -0.241123924035933 0.0
0.489411980845076 -0.178859944580315 0.0
0.490315680363041 -0.116529302503109 0.0
0.490844274285935 -0.0541517647097538 0.0
0.490846122008239 0.00824037424592735 0.0
0.490123832053878 0.0705971345199078 0.0
0.488423233232387 0.13284444841541 0.0
0.485421962908948 0.194875412857769 0.0
0.480718310999627 0.256541868567256 0.0
0.4738191444199 0.3176477285542 0.0
0.464123827090287 0.377946808470066 0.0
0.45092554386344 0.437156418120944 0.0
0.540925282623235 -0.673525142689677 0.0
0.541881831347892 -0.6117732886929 0.0
0.543126178539849 -0.54986186472375 0.0
0.544543805589679 -0.487806629466689 0.0
0.546051154301874 -0.425607412814044 0.0
0.547582034633926 -0.363257920131415 0.0
0.549075498690657 -0.300750850058948 0.0
0.550466193742798 -0.238080680187573 0.0
0.551675916681571 -0.175246121754778 0.0
0.552605337381143 -0.11225232250493 0.0
0.553125101859428 -0.0491144309863125 0.0
0.553065847020366 0.0141375964604937 0.0
0.552206665551419 0.0774514451629767 0.0
0.550261575353111 0.140741820375994 0.0
0.546863156806916 0.203874469272114 0.0
0.541541570507968 0.266645517393916 0.0
0.53369501290494 0.328754450849929 0.0
0.522548109838364 0.389771250903814 0.0
0.507111406600302 0.449111645212646 0.0
0.602808239556642 -0.672222947530481 0.0
0.603747495340068 -0.61037598574209 0.0
0.605012808656196 -0.548317175655949 0.0
0.606466908798162 -0.486046807308256 0.0
0.608019029623562 -0.423552970301155 0.0
0.609599491824098 -0.360820001513268 0.0
0.611144012012101 -0.297831898737079 0.0
0.612582631004333 -0.234573743070573 0.0
0.613830457113999 -0.171033228609779 0.0
0.614778704581711 -0.107202334151579 0.0
0.615284991593361 -0.0430807548042037 0.0
0.615162179953694 0.0213188874407607 0.0
0.614164829656494 0.0859621018432858 0.0
0.611971920108292 0.150778463479045 0.0
0.60816335060274 0.21563768249618 0.0
0.602186205204887 0.280311395219712 0.0
0.593305245099426 0.344409628336536 0.0
0.580534211486806 0.407278699202077 0.0
0.562548418040997 0.467855599937229 0.0
0.664534057920408 -0.670991504728223 0.0
0.665490989664875 -0.609081120253675 0.0
0.666778505962884 -0.546882120931043 0.0
0.668257931215345 -0.48437860061951 0.0
0.669839230804349 -0.42154997086478 0.0
0.671452160477659 -0.358373539369882 0.0
0.673030015790804 -0.294824501652674 0.0
0.674498357427089 -0.23087541036187 0.0
0.67576538747029 -0.166496446554959 0.0
0.676712324512664 -0.101656003726416 0.0
0.677182592930446 -0.0363228699377079 0.0
0.676968776748808 0.029530196815764 0.0
0.675795660992375 0.0959195950313526 0.0
0.673296499898086 0.162838917609764 0.0
0.668977201624383 0.23023532222495 0.0
0.662159830810068 0.297964101061922 0.0
0.651893836090344 0.365694103274165 0.0
0.63682969680302 0.432706982944802 0.0
0.615089384932915 0.497474061577333 0.0
