-0.506614262751007 -0.701601408611279 0.0
0.727151017548472 -0.730880210901677 0.0
-0.412808060646057 0.61237245798111 0.0
0.61237245798111 0.61237245798111 0.0
-0.445474145687644 -0.703943548309682 0.0
0.727536844844315 -0.669317495314524 0.0
0.584279184715343 0.556746076730394 0.0
-0.436310315151892 0.533587449234294 0.0
-0.384357033234288 -0.706139939628934 0.0
0.728454279157392 -0.607372244101331 0.0
0.537623412062953 0.52466709114044 0.0
-0.452434646032006 0.457976558932373 0.0
-0.323308727471076 -0.708459765899138 0.0
0.729685421886852 -0.545023121281525 0.0
0.486397611078272 0.506423821202663 0.0
-0.462916309973094 0.385089270689716 0.0
-0.262312443728202 -0.711066808581005 0.0
0.731103770960809 -0.482256217630093 0.0
0.433828736195993 0.495482922338232 0.0
-0.46995366645766 0.314480382041645 0.0
-0.201322958944221 -0.714015010588634 0.0
0.732623032158459 -0.419054303352885 0.0
0.380608688547113 0.488652777138599 0.0
-0.474869026998595 0.245687135740333 0.0
-0.140275153041537 -0.71726223929958 0.0
0.734172885969255 -0.355392510057359 0.0
0.32694342902689 0.484467255114736 0.0
-0.478445363172225 0.178335545342706 0.0
-0.079098694512986 -0.720683185363871 0.0
0.735684294859248 -0.291236571247287 0.0
0.272964010151444 0.482206995885262 0.0
-0.481167738187464 0.112140832889436 0.0
-0.0177333220956471 -0.72410404155317 0.0
0.737078457934726 -0.226541772090123 0.0
0.218802120217435 0.481534059854638 0.0
-0.483349441312539 0.0468877631387292 0.0
0.0438599003648972 -0.727339432292743 0.0
0.738256688002544 -0.161252601689664 0.0
0.164613898183717 0.482362932985323 0.0
-0.485200416489601 -0.0175870542207905 0.0
0.105693790762054 -0.730220347456318 0.0
0.739089678209642 -0.0953020493491758 0.0
0.110796224201996 0.487071752740127 0.0
-0.486867996663026 -0.0814069208364087 0.0
0.167755013760446 -0.73261073484677 0.0
0.739404769698815 -0.0286113947260097 0.0
0.0558288996015029 0.48523779128566 0.0
-0.488466825200852 -0.144662891939863 0.0
0.230007731167965 -0.734415068287646 0.0
0.738969545654922 0.0389103445345132 0.0
0.000372305365555179 0.48283692200581 0.0
-0.490123232629776 -0.207417626562393 0.0
0.292398437866229 -0.735580355282431 0.0
0.73746867906288 0.107366418197049 0.0
-0.0542919483189413 0.49253085210451 0.0
-0.492269162478994 -0.26970853074347 0.0
0.354861362351443 -0.736095904157133 0.0
0.734468144899029 0.176871661035587 0.0
-0.109318777837719 0.499526286378241 0.0
-0.493457527014339 -0.331902805860354 0.0
0.417322734008225 -0.735993482249748 0.0
0.729354841095665 0.24754692694991 0.0
-0.163400954983905 0.509331581536762 0.0
-0.494926761205374 -0.394016405719933 0.0
0.479705618517903 -0.735349649834158 0.0
0.721227635124032 0.319501319386176 0.0
-0.218583652420824 0.514922844723242 0.0
-0.497180655216579 -0.455848352746253 0.0
0.541935040081755 -0.734291194757535 0.0
0.708690097196635 0.392773806329767 0.0
-0.274477707858759 0.521520899819516 0.0
-0.499506562861176 -0.517476018416726 0.0
0.603944607384914 -0.733004219926095 0.0
0.689441765883938 0.467148291925078 0.0
-0.327601936295345 0.540089234266882 0.0
-0.501960792783835 -0.578951773701017 0.0
0.665687202881223 -0.731748108388863 0.0
0.659496976856798 0.54156317470744 0.0
-0.379265949168754 0.564152541204877 0.0
-0.504238279818936 -0.640312042624302 0.0
-0.443127440034954 -0.642629089276564 0.0
-0.440793492035647 -0.581203986591583 0.0
-0.438358266788218 -0.519623258803858 0.0
-0.436084513110772 -0.457949909135979 0.0
-0.433895213950896 -0.396184822004096 0.0
-0.432328294470381 -0.334145616269266 0.0
-0.43110404289824 -0.271668085898472 0.0
-0.429233777674048 -0.20884838207222 0.0
-0.427625117259239 -0.145753669488168 0.0
-0.426087765376195 -0.0822954215203264 0.0
-0.424511248630577 -0.0183968062756078 0.0
-0.422788007503546 0.0460126049155186 0.0
-0.420784270434972 0.110999792674121 0.0
-0.418317431314784 0.17662234141214 0.0
-0.4151311866993 0.242905107319993 0.0
-0.41087023023373 0.309781591575832 0.0
-0.405082130318324 0.376954002976281 0.0
-0.39737967516088 0.443583426405975 0.0
-0.388305266205662 0.507673559268794 0.0
-0.381979252682143 -0.64479136529799 0.0
-0.379578609418271 -0.5833412219987 0.0
-0.37720060641301 -0.521755133368253 0.0
-0.374980876031983 -0.460016890626546 0.0
-0.37300239241002 -0.398047555914437 0.0
-0.371484739253256 -0.335879246894134 0.0
-0.370117739925814 -0.273536576997046 0.0
-0.368520030947364 -0.210879150306092 0.0
-0.367067393178014 -0.147959827741928 0.0
-0.365686158545041 -0.0847710955051468 0.0
-0.364299052538702 -0.0213065952227107 0.0
-0.362822806009291 0.0424225410343863 0.0
-0.361156458167671 0.106372530089935 0.0
-0.359172131323189 0.170443828708543 0.0
-0.356710718873846 0.234444235912892 0.0
-0.353589562152058 0.298041251500101 0.0
-0.349636428201917 0.360727770439988 0.0
-0.344761301052948 0.421896324417285 0.0
-0.338743748596781 0.481243990696636 0.0
-0.320847145238358 -0.64713943322984 0.0
-0.318413349783658 -0.585715855368873 0.0
-0.316103318218589 -0.524157627866091 0.0
-0.314014371176532 -0.462439247568273 0.0
-0.312214511142805 -0.400552931983239 0.0
-0.310744203303047 -0.338538200322274 0.0
-0.309396478552058 -0.27637709264858 0.0
-0.308013038026658 -0.214020720225814 0.0
-0.306747218541045 -0.151513676010024 0.0
-0.30556543366744 -0.0888900573062041 0.0
-0.304415090948292 -0.0261968527355427 0.0
-0.303235039929487 0.0364932736596429 0.0
-0.301950696283043 0.0990712158584145 0.0
-0.300467502108324 0.1613830273489 0.0
-0.29866403486064 0.22322867792612 0.0
-0.296386139114889 0.284382321300231 0.0
-0.293453490583456 0.344649993391422 0.0
-0.289710572329185 0.403962584484356 0.0
-0.285480496702 0.46250015935575 0.0
-0.259737029337954 -0.649801149713596 0.0
-0.257298495355078 -0.588449772258086 0.0
-0.255080555355851 -0.526986425131776 0.0
-0.253133429204845 -0.465402424688074 0.0
-0.251478094321781 -0.403709450079939 0.0
-0.250087790006663 -0.341932194864574 0.0
-0.248828344026154 -0.280070812135935 0.0
-0.247625312375992 -0.218126785968496 0.0
-0.246537756319388 -0.156149490724761 0.0
-0.245544122392622 -0.0941923060004704 0.0
-0.24460348031785 -0.0323191004942568 0.0
-0.243662207221547 0.029393498504887 0.0
-0.242648383502175 0.0908593989777397 0.0
-0.241462332429744 0.151994941695948 0.0
-0.239966243244701 0.212741916764984 0.0
-0.237980961521523 0.273105352385116 0.0
-0.235312582010564 0.33320146598064 0.0
-0.231887983022105 0.393310178054752 0.0
-0.22834382652397 0.453871963883811 0.0
-0.198630443602141 -0.652819293940903 0.0
-0.196211260752335 -0.591568728534386 0.0
-0.194095688303326 -0.530241231062431 0.0
-0.192283063740844 -0.468836458925101 0.0
-0.190753674561998 -0.407371173310602 0.0
-0.189455121199164 -0.345869108728699 0.0
-0.188296261222621 -0.284345755631535 0.0
-0.187233728293504 -0.222824226369842 0.0
-0.186284194737757 -0.161351439176464 0.0
-0.185427206041493 -0.0999764634514022 0.0
-0.184625115161491 -0.0387484567214704 0.0
-0.183825264507508 0.0222881086176943 0.0
-0.182955290344465 0.0831026825839696 0.0
-0.18191745567419 0.143693465243911 0.0
-0.180587430190544 0.204106261022314 0.0
-0.178828206176932 0.264456480073228 0.0
-0.176542124168657 0.32494793430143 0.0
-0.173798173449881 0.385865511021506 0.0
-0.170655249861643 0.447396098728802 0.0
-0.137489307582844 -0.65613503786988 0.0
-0.135111798707587 -0.594986674943865 0.0
-0.133101814647072 -0.533796336379508 0.0
-0.1314106783791 -0.472567045922411 0.0
-0.129987886178833 -0.411317068615435 0.0
-0.128771798019692 -0.350070041224828 0.0
-0.127695499953792 -0.288847739027939 0.0
-0.126727413261673 -0.227677656543869 0.0
-0.125865185833896 -0.166597155900154 0.0
-0.125088606992632 -0.10564112660964 0.0
-0.12436454478445 -0.0448378160277375 0.0
-0.123647829414286 0.0157962455248171 0.0
-0.12288005724857 0.0762625677023277 0.0
-0.121990683658157 0.136587965052531 0.0
-0.120906026632174 0.196829277781831 0.0
-0.119575375299032 0.257071915102788 0.0
-0.118022300792192 0.31740915183096 0.0
-0.116347775248205 0.377873708105053 0.0
-0.114181777349613 0.438383833774648 0.0
-0.0762676284785112 -0.659608671382925 0.0
-0.0739559998787837 -0.598541470136758 0.0
-0.0720519011529646 -0.537461217195548 0.0
-0.0704661936910251 -0.476371687720064 0.0
-0.069127624890055 -0.415290179314329 0.0
-0.0679728830308473 -0.354238600465542 0.0
-0.0669499168136077 -0.29323893105295 0.0
-0.0660335566761034 -0.232315918752764 0.0
-0.0652152690350988 -0.171497088044677 0.0
-0.0644787475897495 -0.110805558635669 0.0
-0.0638001901405476 -0.0502569550742744 0.0
-0.0631494861847894 0.0101434712138352 0.0
-0.0624920504747466 0.070403278784139 0.0
-0.061794204478958 0.130544775691462 0.0
-0.0610358731220218 0.190604052135146 0.0
-0.0602332713328575 0.250626616614034 0.0
-0.0594560307326597 0.310657568547216 0.0
-0.0587519407048316 0.370749552098909 0.0
-0.0579756486986884 0.431134565212316 0.0
-0.0149230271985062 -0.663058261234675 0.0
-0.0127042097734249 -0.602038610517613 0.0
-0.010905602771069 -0.541025712469406 0.0
-0.00940872372745722 -0.480023102274889 0.0
-0.00813131497715181 -0.419046225060436 0.0
-0.00701336753787984 -0.358114547132481 0.0
-0.00601425818100285 -0.297247999095108 0.0
-0.00511514069505569 -0.236467316537692 0.0
-0.00430891200930637 -0.175793087309749 0.0
-0.00358671689921944 -0.115241725416051 0.0
-0.00293731432229202 -0.054823913518944 0.0
-0.00234899012471386 0.00545635527315403 0.0
-0.00181349328586239 0.0656015118000334 0.0
-0.00133395845436791 0.125618639369741 0.0
-0.000938978683980072 0.185513164203734 0.0
-0.00070163026649752 0.24527634196214 0.0
-0.000750259005857528 0.304864313346733 0.0
-0.00127912712558942 0.364182640291374 0.0
-0.0029338197181168 0.423063675562673 0.0
0.0465742513038712 -0.666296264942152 0.0
0.0486719234023942 -0.605286539335162 0.0
0.0503652732364051 -0.544293223906538 0.0
0.0517889230234095 -0.483320053445412 0.0
0.0530267848327114 -0.422381014139745 0.0
0.0541313066726539 -0.361493366197596 0.0
0.0551321615772954 -0.300674554346116 0.0
0.0560405690600563 -0.239941515483159 0.0
0.0568579617619382 -0.179309623801142 0.0
0.0575838302849981 -0.118790136218554 0.0
0.0582160883266782 -0.0583889586835568 0.0
0.0587486749571068 0.00189469141526514 0.0
0.0591669631488193 0.0620695383446311 0.0
0.0594402022595573 0.122154411170239 0.0
0.0595110906021458 0.182181047596104 0.0
0.059285786722803 0.242201993499196 0.0
0.0586247327171753 0.302311813693248 0.0
0.0572594164655293 0.362691492230896 0.0
0.0539757991278622 0.423570126491649 0.0
0.10823666475501 -0.669155555578763 0.0
0.110186177827279 -0.608119882063397 0.0
0.111774914592274 -0.547100505168246 0.0
0.113139666815998 -0.486102671578865 0.0
0.114357230657476 -0.42513987837057 0.0
0.115468593930565 -0.36422771182487 0.0
0.116491705555904 -0.303381155401686 0.0
0.117428679884631 -0.242613536091585 0.0
0.118272696425788 -0.18193552440619 0.0
0.119012393266714 -0.121353078496005 0.0
0.119631310636855 -0.0608658611476834 0.0
0.120104665456458 -0.000464799096047231 0.0
0.120393869690928 0.059871185642537 0.0
0.120438519116001 0.120180554909881 0.0
0.120146262449863 0.180526419764245 0.0
0.119381010755841 0.24100847874179 0.0
0.117938285271073 0.301777040767705 0.0
0.115442425261395 0.363016691877047 0.0
0.111678545976524 0.42469209318441 0.0
0.170058167984336 -0.671504085770515 0.0
0.171837228931353 -0.610411452361896 0.0
0.173323896217642 -0.54932640504357 0.0
0.174643371119737 -0.488257350683112 0.0
0.175857422963948 -0.427218353130428 0.0
0.176992148854985 -0.366223909410557 0.0
0.178052612664913 -0.305286910033348 0.0
0.179030413821771 -0.244417795321466 0.0
0.179908458879643 -0.183623948576882 0.0
0.180662648757285 -0.12290826077104 0.0
0.181259830232999 -0.0622680327040186 0.0
0.181653130144444 -0.00169334359864548 0.0
0.181774860077768 0.0588342868594776 0.0
0.18152685466016 0.119342721221214 0.0
0.180768481312418 0.179866236991737 0.0
0.17930200917335 0.240435182594647 0.0
0.176853597455158 0.301043465417897 0.0
0.173141512304997 0.361560980404347 0.0
0.168536930680123 0.421771921509527 0.0
0.232016296967685 -0.673250993364909 0.0
0.233610786066698 -0.612076426544883 0.0
0.235001620445325 -0.550893685653426 0.0
0.23628960954051 -0.489715851044168 0.0
0.237514875087668 -0.428558332262986 0.0
0.238686030838305 -0.367435007853829 0.0
0.239794370588339 -0.306357287961966 0.0
0.240820026571979 -0.245334002142315 0.0
0.241734320406075 -0.184371581861023 0.0
0.242499088847435 -0.123473614978201 0.0
0.243063070854718 -0.0626409396106715 0.0
0.243355994450928 -0.00187175629212426 0.0
0.2432806235391 0.058837032647598 0.0
0.242703155203168 0.1194868713655 0.0
0.241443206677095 0.180070392765939 0.0
0.239267044978301 0.240560066031335 0.0
0.23590737549699 0.300893257581284 0.0
0.231206265434984 0.360998339131284 0.0
0.225399234299319 0.42102905293619 0.0
0.294075665571897 -0.674347703804501 0.0
0.295482687499955 -0.613072296177005 0.0
0.296789155008405 -0.551767444937711 0.0
0.298060384794421 -0.490451738205088 0.0
0.299310102692601 -0.429141991298097 0.0
0.300528154632781 -0.367851427427278 0.0
0.301691993147751 -0.306590270318349 0.0
0.302770190222809 -0.245366658519281 0.0
0.303722241199615 -0.184187743939819 0.0
0.304495849001481 -0.12306021502527 0.0
0.305022000674328 -0.0619914195200636 0.0
0.305208276345578 -0.000990569183140015 0.0
0.304930760063815 0.0599290053724479 0.0
0.304025291117926 0.120746936969358 0.0
0.302280003237511 0.181431285066939 0.0
0.299435886625876 0.24193567041855 0.0
0.295217414476489 0.302207041563743 0.0
0.289421176626368 0.362237446948467 0.0
0.281998854292868 0.422161414125213 0.0
0.356192507242932 -0.674787356526906 0.0
0.357422629690734 -0.613397901105363 0.0
0.358662131914487 -0.55195341396099 0.0
0.359932377219736 -0.490477515444869 0.0
0.361218451968348 -0.428987338083346 0.0
0.362491804945844 -0.367494523358446 0.0
0.363717021941565 -0.306007572277036 0.0
0.36485192644619 -0.244533798855136 0.0
0.365844869210055 -0.183081218119972 0.0
0.366630247772074 -0.121659790099251 0.0
0.367122466995628 -0.0602832013526427 0.0
0.367208591075468 0.00102941133280407 0.0
0.366739985899588 0.0622510341687919 0.0
0.365523678258549 0.123344371357462 0.0
0.363315508224124 0.184258817179688 0.0
0.359820988683421 0.244930482655201 0.0
0.354714763458805 0.305291610942127 0.0
0.347682441675682 0.365299970451056 0.0
0.33845956871078 0.424979821531974 0.0
0.418318483484316 -0.674605205092616 0.0
0.419396664733401 -0.613094187602559 0.0
0.420591853342666 -0.551498788524186 0.0
0.421876935327143 -0.489845283260973 0.0
0.423209173350372 -0.428148695416107 0.0
0.424543736967316 -0.366417200549197 0.0
0.425834279059286 -0.304656136347284 0.0
0.427029346316181 -0.24287077399624 0.0
0.428067341717324 -0.1810687691351 0.0
0.428870509587595 -0.119261938115927 0.0
0.429337854101171 -0.0574686251351388 0.0
0.429337007412775 0.00428388813356043 0.0
0.428695160930909 0.0659561097784968 0.0
0.427189608875825 0.127492834965653 0.0
0.424539475476359 0.188818634553235 0.0
0.42040196346172 0.249835630033666 0.0
0.414376685685839 0.310426772068521 0.0
0.406016112289157 0.370469516918506 0.0
0.394848604722702 0.429864477719652 0.0
0.480405037450154 -0.673881806863728 0.0
0.481369546433619 -0.612248365550443 0.0
0.482545813925282 -0.55049697403873 0.0
0.483859334507988 -0.488651942840908 0.0
0.485243725230718 -0.426722649747182 0.0
0.48664152935869 -0.364711283993403 0.0
0.487998057977767 -0.302617973769249 0.0
0.48925437893641 -0.240443927015621 0.0
0.490340318939488 -0.178194135406519 0.0
0.491167167260685 -0.11587952780637 0.0
0.491619626042813 -0.0535200073621429 0.0
0.491546777018802 0.00885199468225455 0.0
0.4907519327397 0.0711863752845475 0.0
0.488981545859183 0.133408976552854 0.0
0.485913704123502 0.195412863164796 0.0
0.481146854028283 0.257049930257873 0.0
0.474187619869042 0.318124268839314 0.0
0.46443480575345 0.378390090649706 0.0
0.451181835970652 0.437565874590875 0.0
0.542407151981266 -0.672750024741904 0.0
0.543305478439295 -0.611002089353653 0.0
0.544486450621616 -0.549096168313068 0.0
0.545836554101056 -0.487048037588517 0.0
0.547273045435085 -0.424857591904096 0.0
0.548730460691322 -0.362518634679059 0.0
0.550148537326573 -0.300023987373964 0.0
0.551462598945175 -0.237368271044837 0.0
0.552595130811838 -0.174550360128289 0.0
0.553447512252038 -0.111575586510253 0.0
0.553891115967563 -0.0484593055796365 0.0
0.553757300407126 0.0147682951172347 0.0
0.552825828622871 0.0780546441443882 0.0
0.550811259356307 0.141314162861307 0.0
0.547346468068188 0.204412286024239 0.0
0.541961502155668 0.267144799792595 0.0
0.534053838072321 0.329210843949935 0.0
0.52284665371916 0.39018015256963 0.0
0.507349101106032 0.449468958193762 0.0
0.604285942761226 -0.671406702582684 0.0
0.605166343872192 -0.609563701028554 0.0
0.606367688581334 -0.547510608006327 0.0
0.607753679975728 -0.485247817927923 0.0
0.609234376427112 -0.422763558949295 0.0
0.610740840011104 -0.360042327868992 0.0
0.612209492661164 -0.297068296868789 0.0
0.613571076936801 -0.23382673577637 0.0
0.614741419303925 -0.17030554618869 0.0
0.615612474355627 -0.106496941000841 0.0
0.616042613588788 -0.0424008869405114 0.0
0.615845435182349 0.0219696685940416 0.0
0.614776162746999 0.0865798293076911 0.0
0.612514274602167 0.1513586384485 0.0
0.608639864248626 0.216175068524782 0.0
0.602599691659283 0.280799682545094 0.0
0.593657357417329 0.344840919020344 0.0
0.580824190071549 0.407642864028047 0.0
0.562771852883098 0.46814022820822 0.0
0.66600861957999 -0.670131010941759 0.0
0.666906059457018 -0.608224359221955 0.0
0.668129041558083 -0.546031063142819 0.0
0.669539832547053 -0.483535452212509 0.0
0.671049209280987 -0.420717169695371 0.0
0.672587669127784 -0.357553742609704 0.0
0.674089225766495 -0.294020577966955 0.0
0.675480165229599 -0.230090441325289 0.0
0.67666943988108 -0.165733738452549 0.0
0.677539046602496 -0.100919110672915 0.0
0.677933203525243 -0.0356156306826032 0.0
0.677645269766138 0.0302036012030651 0.0
0.676400724610678 0.0965545457803614 0.0
0.673833330963228 0.16343018767216 0.0
0.669449147982305 0.230776751882149 0.0
0.662569739618098 0.29844795433615 0.0
0.652242901553626 0.366109770207198 0.0
0.637115524614293 0.433038431953432 0.0
0.615303267631849 0.497695693924139 0.0
