-0.506787802724896 -0.701493474531081 0.0
0.726872857678263 -0.730139654681191 0.0
-0.414801502227783 0.61237245798111 0.0
0.61237245798111 0.61237245798111 0.0
-0.445646176777977 -0.703787658581423 0.0
0.727230648289733 -0.668578911393157 0.0
0.584023059420133 0.55694049742676 0.0
-0.437907172500192 0.533529619874869 0.0
-0.384528142037524 -0.705936858548381 0.0
0.728114006838742 -0.606638291139147 0.0
0.537233689929982 0.525073509946264 0.0
-0.453774712392175 0.457926510105618 0.0
-0.323479248746334 -0.708208968774611 0.0
0.729306799414331 -0.544296960855965 0.0
0.485941434066427 0.506961452956577 0.0
-0.464084052424857 0.385065745480676 0.0
-0.26248287044834 -0.710767550776142 0.0
0.730683842834592 -0.481541340662352 0.0
0.433323470468376 0.49608657297722 0.0
-0.470996655785475 0.314484919283878 0.0
-0.201494104759154 -0.71366703600982 0.0
0.732159957624728 -0.418354463137352 0.0
0.380057440230506 0.489287578820831 0.0
-0.475815444607586 0.245716599863749 0.0
-0.140448218395752 -0.716866224367299 0.0
0.733665878444575 -0.354711708100302 0.0
0.326346704602936 0.485113861430651 0.0
-0.479312827749391 0.178385880634332 0.0
-0.0792752264160314 -0.7202409426008 0.0
0.735133660325895 -0.290579067978423 0.0
0.272321724508168 0.482853227766835 0.0
-0.48196771607465 0.112208165271437 0.0
-0.0179150761037908 -0.723618454813645 0.0
0.736485710838552 -0.225912107161343 0.0
0.218113686191386 0.482171054841779 0.0
-0.484089621637818 0.0469686853736387 0.0
0.0436711482692158 -0.726814218571777 0.0
0.737624734924014 -0.160655613896106 0.0
0.16387800383327 0.482985823778727 0.0
-0.485886078077512 -0.0174954649777155 0.0
0.105496429891638 -0.729659759492295 0.0
0.738423065357465 -0.0947428882629787 0.0
0.110003538387425 0.487632393384247 0.0
-0.487502826388098 -0.0813071749132162 0.0
0.167547749914063 -0.73201927580214 0.0
0.738709997782283 -0.0280955150078065 0.0
0.0549906887983804 0.485825143811318 0.0
-0.489053400312129 -0.144557189618717 0.0
0.229789693247906 -0.733797241159122 0.0
0.738255465505002 0.0393772182698854 0.0
-0.000518749682936871 0.483488916235127 0.0
-0.490663216387556 -0.207307985872848 0.0
0.292169242885786 -0.73494044333398 0.0
0.736747001181809 0.10777837719733 0.0
-0.0552570024520268 0.493053813459639 0.0
-0.492761993437083 -0.269597145916134 0.0
0.354621146019877 -0.735437768130037 0.0
0.733754128417637 0.177222790885 0.0
-0.110333921506435 0.500002968632392 0.0
-0.49390679831306 -0.331788910395114 0.0
0.417072153293367 -0.735320355985803 0.0
0.728668276766718 0.247831672591916 0.0
-0.164481116425695 0.509735405250385 0.0
-0.495333105634276 -0.393900685636001 0.0
0.479445827766123 -0.734663913600604 0.0
0.720594285920188 0.319715246528353 0.0
-0.219716769304843 0.515339180451121 0.0
-0.497542212797892 -0.455733239790268 0.0
0.54166763587461 -0.733594104968434 0.0
0.708143729750573 0.392915219551897 0.0
-0.275665035763554 0.521983539724688 0.0
-0.499822439470433 -0.517362316681784 0.0
0.603671529513787 -0.732295571479717 0.0
0.689026430055848 0.467221599062311 0.0
-0.328901601073678 0.540413268300845 0.0
-0.502229732096248 -0.578840021061763 0.0
0.66541056911051 -0.731025797138711 0.0
0.659266607724352 0.541584853610693 0.0
-0.380665848920333 0.564410068448601 0.0
-0.504459830815384 -0.640202153554019 0.0
-0.443347583744561 -0.642471435087148 0.0
-0.441061103795018 -0.581044808801266 0.0
-0.438672541240177 -0.519462647075898 0.0
-0.436444173972721 -0.457788199739147 0.0
-0.434299887235 -0.396022257064132 0.0
-0.432776624535533 -0.333984078111383 0.0
-0.431595547913744 -0.27150914932268 0.0
-0.429771292704601 -0.208692100087179 0.0
-0.42820919361949 -0.145601132999221 0.0
-0.426719888147756 -0.0821477790859137 0.0
-0.425193741413399 -0.0182552762071854 0.0
-0.423524213267041 0.0461468009252528 0.0
-0.421578939570123 0.111125570135897 0.0
-0.41917734227954 0.176739053291707 0.0
-0.41606605660249 0.24301318795498 0.0
-0.411893920075261 0.30988391977637 0.0
-0.406213753528861 0.377058660220264 0.0
-0.398642469721495 0.443708490824482 0.0
-0.389714060554874 0.507851242239277 0.0
-0.382198682608735 -0.644586507056014 0.0
-0.379845383362181 -0.58313460225242 0.0
-0.377513546150507 -0.521546969616048 0.0
-0.375338879064936 -0.45980759602327 0.0
-0.373404673762769 -0.397837924053648 0.0
-0.371930289081766 -0.335670073291988 0.0
-0.370606645039668 -0.273328192115131 0.0
-0.369053898419342 -0.210671961293229 0.0
-0.367647023125661 -0.147754268521009 0.0
-0.366312855363988 -0.0845673937667328 0.0
-0.364974726666094 -0.0211046772799375 0.0
-0.36355011123011 0.042623238902088 0.0
-0.361939007888417 0.106573372490481 0.0
-0.360014770241842 0.170647459577666 0.0
-0.357619780762948 0.23465524103212 0.0
-0.354572958526274 0.298266843953285 0.0
-0.350703259768231 0.36097772651667 0.0
-0.345920076907614 0.422179719874125 0.0
-0.339985377975232 0.481556449593396 0.0
-0.321066198682663 -0.646886510636579 0.0
-0.318679400505956 -0.585460801540844 0.0
-0.316414884609242 -0.523900670005721 0.0
-0.314370243009794 -0.462180772340206 0.0
-0.312613794399365 -0.400293348317404 0.0
-0.311186253485218 -0.338277746892254 0.0
-0.309881510601169 -0.276115785912188 0.0
-0.308542013703668 -0.213758433291606 0.0
-0.307320860115003 -0.151250066454053 0.0
-0.30618476079189 -0.0886243945640102 0.0
-0.305081519442702 -0.0259278887434577 0.0
-0.303950469905275 0.0367674733717062 0.0
-0.302717634362022 0.0993534652539573 0.0
-0.301289212576213 0.161677178678941 0.0
-0.299544690513442 0.223539609368292 0.0
-0.297330832888843 0.284715501489752 0.0
-0.294467340196141 0.345010291596163 0.0
-0.290792649387 0.404352211674117 0.0
-0.286603561995118 0.46291920716048 0.0
-0.259956055626597 -0.649499358658025 0.0
-0.257563945124521 -0.588145407740087 0.0
-0.255390676599391 -0.526679646178304 0.0
-0.253486957492824 -0.46509342239103 0.0
-0.251874199699501 -0.403398319124218 0.0
-0.25052606188487 -0.341618832295366 0.0
-0.249309001622111 -0.279754872141932 0.0
-0.248148993973777 -0.217807691550146 0.0
-0.24710507280571 -0.155826383089657 0.0
-0.246155893214041 -0.0938639666625924 0.0
-0.245260832679145 -0.0319839248231845 0.0
-0.244366691124613 0.0297374777590092 0.0
-0.243402142962254 0.0912143883119684 0.0
-0.242268331761726 0.152363084173294 0.0
-0.24082846148588 0.21312470926152 0.0
-0.238904163134 0.27350268333864 0.0
-0.236300251759611 0.333610213672726 0.0
-0.232935171236028 0.393722722020277 0.0
-0.229417834439568 0.4542757413347 0.0
-0.198849959080421 -0.652468432397331 0.0
-0.196476410393778 -0.591214919779088 0.0
-0.194404567724477 -0.529884540525984 0.0
-0.192634457017185 -0.468476908392607 0.0
-0.191146899306625 -0.407008640428579 0.0
-0.189889956133787 -0.345503263937547 0.0
-0.188772953332492 -0.283976046807791 0.0
-0.187752796875178 -0.222449898271544 0.0
-0.186846217937492 -0.160971540134962 0.0
-0.186032942784138 -0.099589870970971 0.0
-0.185275604927599 -0.0383539675149293 0.0
-0.184521949198157 0.0226916101444732 0.0
-0.183700159516788 0.0835159480729814 0.0
-0.182713153406991 0.144116467716526 0.0
-0.181437117594286 0.20453762207237 0.0
-0.179734614785814 0.264892758550356 0.0
-0.177504595911196 0.325382990432377 0.0
-0.174806269167022 0.386290874352341 0.0
-0.171686607147899 0.447806740403282 0.0
-0.137710104453849 -0.655735938354089 0.0
-0.135377251784642 -0.594584447179897 0.0
-0.133410027692777 -0.533390985119134 0.0
-0.131760594481672 -0.472158489620694 0.0
-0.130379036366575 -0.410905071855491 0.0
-0.129204156260921 -0.349654188061239 0.0
-0.128169389503109 -0.288427446815312 0.0
-0.127243342193633 -0.227252216239041 0.0
-0.126423731225872 -0.166165779004115 0.0
-0.125690474717772 -0.10520301881882 0.0
-0.125010633111859 -0.0443922966660448 0.0
-0.12433928782663 0.0162495766772734 0.0
-0.123618302474942 0.0767236169821382 0.0
-0.122777263886992 0.137055899870219 0.0
-0.121742079440176 0.197302304491074 0.0
-0.120460193078705 0.257547251303461 0.0
-0.118950478428395 0.317883670326497 0.0
-0.117306393981928 0.378346301350286 0.0
-0.115157803256511 0.438858466263141 0.0
-0.0764907915680045 -0.659163354282836 0.0
-0.0742226728445842 -0.598093096450256 0.0
-0.0723603733734892 -0.537009781734592 0.0
-0.0708156736953953 -0.475917075773942 0.0
-0.0695179088610253 -0.414832130920319 0.0
-0.0684041500229263 -0.353776709620181 0.0
-0.0674225854448039 -0.292772674868477 0.0
-0.0665481426302146 -0.231844703644782 0.0
-0.0657723018709268 -0.171020302322162 0.0
-0.0650787806470255 -0.110322640145874 0.0
-0.0644438087431624 -0.0497674779323221 0.0
-0.0638372827468496 0.0106396968898564 0.0
-0.0632245102091683 0.0709061052935729 0.0
-0.0625713868878117 0.131053638261752 0.0
-0.0618566890641771 0.191117966444706 0.0
-0.061094142073682 0.251144371636483 0.0
-0.0603492130941745 0.311178285777676 0.0
-0.0596657503713918 0.371273302818961 0.0
-0.0589010605553731 0.431660635604027 0.0
-0.0151498539842403 -0.662569819532087 0.0
-0.0129732508558965 -0.601547431354762 0.0
-0.0112155067105022 -0.540531828362375 0.0
-0.00975905657877946 -0.479526418808259 0.0
-0.0085221724273473 -0.418546509276592 0.0
-0.00744513188239213 -0.357611440788628 0.0
-0.00648743394123789 -0.296741050584252 0.0
-0.00563022597928001 -0.235956020525699 0.0
-0.0048663221301006 -0.175276924892604 0.0
-0.00418675564767621 -0.114720206602055 0.0
-0.00358013169283289 -0.0542966188863234 0.0
-0.00303448643326388 0.00598974539758206 0.0
-0.00254110719575182 0.0661412229356443 0.0
-0.00210223544702199 0.126164888250534 0.0
-0.00174478714207936 0.18606641298864 0.0
-0.00153899506006291 0.245837871139937 0.0
-0.00160924354788048 0.30543724111884 0.0
-0.00214590205009445 0.364773124328735 0.0
-0.00379006707735117 0.423681521838757 0.0
0.0463423891085194 -0.665768594057631 0.0
0.0483992634341671 -0.604756656244873 0.0
0.0500526527968616 -0.543761235473024 0.0
0.0514363452203908 -0.482785919820994 0.0
0.0526338349644288 -0.421844554591082 0.0
0.0536974090058973 -0.360954280908351 0.0
0.054656744552199 -0.300132456565569 0.0
0.0555231808779429 -0.239395966255204 0.0
0.0562983446902468 -0.178760165689765 0.0
0.056981972480833 -0.118236327878457 0.0
0.0575722964547983 -0.0578304103447776 0.0
0.0580637045655344 0.00245828392970172 0.0
0.058442256820192 0.0626383649735511 0.0
0.058678297505181 0.122728529371821 0.0
0.0587162312470877 0.182760372273259 0.0
0.0584646225375797 0.24278624194764 0.0
0.0577867323260679 0.302900175336661 0.0
0.0564171546869965 0.36328148535178 0.0
0.053154122053564 0.424156285591687 0.0
0.107998471424412 -0.668593043850807 0.0
0.109908679844116 -0.60755583930538 0.0
0.111458307728641 -0.546535139684168 0.0
0.112783471115243 -0.485536021207002 0.0
0.113960706039975 -0.424571831330683 0.0
0.115030986772188 -0.363658037549511 0.0
0.116012399555884 -0.302809540583788 0.0
0.116907297026104 -0.242039621856895 0.0
0.117709169402782 -0.181358945033605 0.0
0.118407032342255 -0.120773506461383 0.0
0.11898489818963 -0.060283063908403 0.0
0.119418610308554 0.000121286273684786 0.0
0.119670459946571 0.060460352904142 0.0
0.119681309171526 0.120772197056305 0.0
0.119360590684271 0.181119357775471 0.0
0.118574547530723 0.241600736808898 0.0
0.117121511809487 0.30236557076964 0.0
0.114629811017679 0.363597460640036 0.0
0.110886585886736 0.425263800438516 0.0
0.169812553392903 -0.670911329132098 0.0
0.17155381845363 -0.60981795627767 0.0
0.173002150368108 -0.548732499830052 0.0
0.174282299027563 -0.487663169474047 0.0
0.175455967872661 -0.426623868451939 0.0
0.176549403598348 -0.365628974607313 0.0
0.177567946248054 -0.304691301009271 0.0
0.178503558093284 -0.243821251248382 0.0
0.179339582035458 -0.183026213979845 0.0
0.18005243882065 -0.122309133495713 0.0
0.180609616073418 -0.0616674208140021 0.0
0.180965067857897 -0.00109132998468181 0.0
0.181052214166969 0.0594373833752826 0.0
0.180774391189723 0.119946319899771 0.0
0.179992949946535 0.18046957207428 0.0
0.178512630316462 0.241037609600135 0.0
0.176062488592994 0.30164525039092 0.0
0.172363410960029 0.362165118409151 0.0
0.167783655666317 0.422384961562645 0.0
0.231762471180404 -0.672632549845304 0.0
0.233320614519292 -0.61145810730461 0.0
0.234673773215456 -0.550275958425921 0.0
0.235922584506417 -0.489098958660639 0.0
0.237107324051876 -0.427942346977683 0.0
0.238236926891031 -0.366819883086361 0.0
0.239303104624384 -0.30574290324651 0.0
0.240286481057064 -0.244720201901395 0.0
0.241158946500291 -0.183758210539736 0.0
0.24188300680975 -0.122860550408614 0.0
0.242408214706672 -0.0620281221916724 0.0
0.242665319670799 -0.00125920373202043 0.0
0.242558390573193 0.0594492483655316 0.0
0.24195527933292 0.120098725455489 0.0
0.240677622291257 0.180682141992024 0.0
0.238493977415208 0.241172659755469 0.0
0.235139283738562 0.301508890228236 0.0
0.230456631781514 0.36162056756366 0.0
0.224678150565219 0.42166045893491 0.0
0.293813195820363 -0.673707880315869 0.0
0.295185180294635 -0.612433500154776 0.0
0.296454477890909 -0.551130293079846 0.0
0.297686553037565 -0.489816598095155 0.0
0.298895517010855 -0.428509055759658 0.0
0.300071707771189 -0.367220774520674 0.0
0.301193133535506 -0.305961907295189 0.0
0.302228983825717 -0.244740552770845 0.0
0.303139452037864 -0.183563843610318 0.0
0.303873052001754 -0.122438459477061 0.0
0.30436173921232 -0.0613717350101268 0.0
0.304514271422542 -0.00037283883316065 0.0
0.304208167291578 0.0605450150961353 0.0
0.303280978672825 0.121361713249871 0.0
0.301522792981771 0.182045777596288 0.0
0.298676657841421 0.242551542610459 0.0
0.294468870710779 0.302826833369517 0.0
0.28869676162848 0.362864271114188 0.0
0.281310636861649 0.422797607188776 0.0
0.35592134037311 -0.674130011192899 0.0
0.357117505565645 -0.61274249544616 0.0
0.358320151740174 -0.551300724228732 0.0
0.359551131214432 -0.489828056801952 0.0
0.360796142277765 -0.428341459943057 0.0
0.362027284613338 -0.366852474256394 0.0
0.363209826087654 -0.305369539108911 0.0
0.3643023235065 -0.243899926877557 0.0
0.365253943841024 -0.182451615123065 0.0
0.366000021482333 -0.121034514736948 0.0
0.36645606040568 -0.0596622314420755 0.0
0.366510425113331 0.00164623841655264 0.0
0.36601600878839 0.0628641189736095 0.0
0.364781588141199 0.123954494711597 0.0
0.362564922312502 0.184867324537941 0.0
0.359073480638437 0.245539486755754 0.0
0.353983618912205 0.305904141180942 0.0
0.346981922462758 0.365919874243353 0.0
0.337803894011002 0.425611251655032 0.0
0.418038939054027 -0.673933543645834 0.0
0.419083934636691 -0.612425352968275 0.0
0.420242362909792 -0.550833731062337 0.0
0.421487934571389 -0.489184705045495 0.0
0.422778727341779 -0.427493163174037 0.0
0.424070698548562 -0.365767210448027 0.0
0.425318292002577 -0.304012145680632 0.0
0.426470888950331 -0.242233209486232 0.0
0.427467812784324 -0.180438015817661 0.0
0.42823235516332 -0.118638308638071 0.0
0.428664732780492 -0.0568523052107569 0.0
0.428633984942897 0.00489292540023757 0.0
0.427968917335199 0.0665582298058002 0.0
0.426448628906027 0.128088915767457 0.0
0.423794179701665 0.189410292333359 0.0
0.419664713981391 0.250425485531341 0.0
0.413661576296255 0.311018705585938 0.0
0.405338527371021 0.371068796870114 0.0
0.394225013640448 0.430477703834082 0.0
0.480117776193295 -0.673198148232091 0.0
0.481049501745452 -0.611568349855191 0.0
0.48218888380596 -0.549821752404979 0.0
0.483462535993951 -0.487982468967512 0.0
0.484805052602743 -0.426059799324806 0.0
0.486159872242251 -0.364055913004613 0.0
0.487473185204512 -0.301970940765736 0.0
0.48868697978517 -0.239806090574037 0.0
0.48973209479732 -0.177566330709008 0.0
0.49052096653386 -0.115262521269317 0.0
0.490939614695175 -0.0529144232829428 0.0
0.490838632298351 0.00944578565138389 0.0
0.490023041591978 0.0717684199054177 0.0
0.488241179796592 0.133979970869517 0.0
0.485173131206488 0.195974466434149 0.0
0.480419334264573 0.257605160754658 0.0
0.473488240719264 0.318677950759688 0.0
0.463780247154311 0.378949307495278 0.0
0.45059059884658 0.438140524196945 0.0
0.542113125583747 -0.672055508949722 0.0
0.542978681659445 -0.610311896483473 0.0
0.544122455024795 -0.548411703234052 0.0
0.545432261877095 -0.48637060411324 0.0
0.546826444567067 -0.424188499822413 0.0
0.54824050984236 -0.361859245835304 0.0
0.549615142220238 -0.29937572711812 0.0
0.550886658825866 -0.236732617171424 0.0
0.551978641137195 -0.173928812964982 0.0
0.552793712121182 -0.110969617755673 0.0
0.553204669746237 -0.0478702774656174 0.0
0.553044499693012 0.0153392544517812 0.0
0.552094796512415 0.078606829869431 0.0
0.55007213106539 0.141847574565819 0.0
0.546611512003719 0.204928034244962 0.0
0.541245131402668 0.267645672535025 0.0
0.533372465976537 0.329702067661986 0.0
0.522218432083758 0.39067040904462 0.0
0.506794035258713 0.449971891855944 0.0
0.603986339174978 -0.670700909438351 0.0
0.604833644407424 -0.608862690537729 0.0
0.60599736306503 -0.546816139783645 0.0
0.607342624750119 -0.484561684398851 0.0
0.60878062686397 -0.422087666153476 0.0
0.610243446019172 -0.359378720411879 0.0
0.611668502537496 -0.296419156664231 0.0
0.612987599032578 -0.23319436686772 0.0
0.614117743512992 -0.169692347864781 0.0
0.614952240228689 -0.105905365167268 0.0
0.615351014600474 -0.0418333699515056 0.0
0.615129447555074 0.0225108149906931 0.0
0.614044786222105 0.0870925908249248 0.0
0.611778768251126 0.151841567821496 0.0
0.607913951645922 0.216627701762482 0.0
0.601899682789769 0.281223180373864 0.0
0.593002073956114 0.345239070178593 0.0
0.580234470254902 0.408023702757042 0.0
0.562269546530021 0.468518859443777 0.0
0.665704844717773 -0.669411447500222 0.0
0.666568676166675 -0.607509731136752 0.0
0.667753600277948 -0.545323646507616 0.0
0.669123303827371 -0.482837731931029 0.0
0.67058970207807 -0.420031856370441 0.0
0.672084326897532 -0.356883764189047 0.0
0.673542234463232 -0.29336906925899 0.0
0.674890840383717 -0.229460735197784 0.0
0.676040375874374 -0.165129355165663 0.0
0.676874317601037 -0.100343738583852 0.0
0.677238610340909 -0.0350730882800744 0.0
0.676928629846561 0.0307094354140701 0.0
0.675672208621993 0.0970198550538971 0.0
0.673105856761269 0.163851419588372 0.0
0.66873884888291 0.231150951234854 0.0
0.661896504392858 0.298773315330406 0.0
0.651630875075027 0.366386579830456 0.0
0.636593066375141 0.433270738460618 0.0
0.614900845043751 0.497894529303851 0.0
