-0.631726490138029 -0.713744309794114 0.0
0.604151154623795 -0.806401059927124 0.0
-0.467515027523041 0.61237245798111 0.0
0.61237245798111 0.61237245798111 0.0
-0.570850486962619 -0.720160589715048 0.0
0.607691332501861 -0.744738970428657 0.0
0.567911003682938 0.549468081623105 0.0
-0.487244821496109 0.528980451926138 0.0
-0.509935165860252 -0.726220457072979 0.0
0.612151574563553 -0.682510483381797 0.0
0.51455088417972 0.508556015607511 0.0
-0.504250317609189 0.451409411178746 0.0
-0.449064000023551 -0.732367782584783 0.0
0.617225079592402 -0.619666532463033 0.0
0.458433078050906 0.481294986372166 0.0
-0.517387357867874 0.377383620444651 0.0
-0.38822502248363 -0.738771853752943 0.0
0.622721128108513 -0.556178078326843 0.0
0.401553124697832 0.462903300953354 0.0
-0.527886961692328 0.305931438597178 0.0
-0.327373888310288 -0.745488994686698 0.0
0.628503752046566 -0.492018597215037 0.0
0.34459469988411 0.450559637471709 0.0
-0.536676385910139 0.236427349378567 0.0
-0.266437201751568 -0.752477737900638 0.0
0.634462711649859 -0.427156216417768 0.0
0.287793705598997 0.442570809936791 0.0
-0.544354995433161 0.168444433245012 0.0
-0.205327556350948 -0.759599379737421 0.0
0.640496495487456 -0.361549911055685 0.0
0.231242107166498 0.437913504943954 0.0
-0.551311723548202 0.101680871417148 0.0
-0.143964326747059 -0.766652267635671 0.0
0.646500359945543 -0.295147091076565 0.0
0.175001050566541 0.435990321195279 0.0
-0.557803564196866 0.0359170639236897 0.0
-0.0822914502814848 -0.773414577814599 0.0
0.652356168665581 -0.227882165595413 0.0
0.119150574355671 0.436536887790607 0.0
-0.564003954690971 -0.029009518626809 0.0
-0.0202871948264606 -0.779680095407184 0.0
0.657922433736881 -0.159674774068566 0.0
0.0639170636790992 0.440821057914459 0.0
-0.570034620014883 -0.0932179509837935 0.0
0.0420334551855936 -0.785281789756814 0.0
0.663023227381446 -0.0904283721701269 0.0
0.00818725021682945 0.441470546953187 0.0
-0.575992925768082 -0.156790777575981 0.0
0.104622556684629 -0.790104380351001 0.0
0.667434963274258 -0.0200280595664572 0.0
-0.0480268497154633 0.442810304286448 0.0
-0.582003887953213 -0.219773334447561 0.0
0.167405813213087 -0.794089364318668 0.0
0.67086942049563 0.0516620311275468 0.0
-0.103152314841559 0.45406842156485 0.0
-0.588557730419949 -0.282152774512136 0.0
0.230290592600438 -0.797236314807999 0.0
0.672950613403419 0.124803248144021 0.0
-0.158317735164501 0.464338999792744 0.0
-0.593770360483896 -0.344479489492727 0.0
0.293173076268338 -0.799603403009473 0.0
0.673180869650405 0.199588998392733 0.0
-0.212416693793794 0.477884931053377 0.0
-0.599341898740327 -0.406732324034281 0.0
0.355945902589381 -0.801309254969023 0.0
0.670888425948106 0.276258682528144 0.0
-0.267987567407103 0.490031650377691 0.0
-0.605907236881286 -0.468598781977805 0.0
0.418505815204887 -0.802537443407084 0.0
0.665143043213393 0.355127741028595 0.0
-0.324531813641872 0.504207720863572 0.0
-0.612430326554183 -0.530173627331391 0.0
0.480762480414694 -0.803545011899033 0.0
0.654625876278061 0.436665559715518 0.0
-0.378153519985179 0.527127582991473 0.0
-0.619065432521782 -0.59150157125104 0.0
0.542651200085981 -0.804677823136059 0.0
0.637520548102279 0.521734861424806 0.0
-0.42883437251527 0.559543982094367 0.0
-0.625329700576027 -0.652685114936187 0.0
-0.564498378607474 -0.659065697676545 0.0
-0.558158686752518 -0.597792826107122 0.0
-0.551560462538517 -0.536313952794851 0.0
-0.545099334897742 -0.474698260065653 0.0
-0.538664194893017 -0.41295817503412 0.0
-0.533006009987211 -0.35083899787118 0.0
-0.527662191538367 -0.288123061672373 0.0
-0.52135206073953 -0.224991224431207 0.0
-0.515349959090271 -0.161521880897964 0.0
-0.509427047577875 -0.0976205201167945 0.0
-0.503473330799199 -0.0332017284410873 0.0
-0.497396547788175 0.0318137616184941 0.0
-0.491088329124866 0.0975048198709363 0.0
-0.484403456979964 0.163947600833389 0.0
-0.477142399065942 0.231197181823071 0.0
-0.469042055843065 0.299235170251681 0.0
-0.459813182827931 0.367832281073105 0.0
-0.4493935544949 0.436214376273403 0.0
-0.439069475255372 0.502301043406453 0.0
-0.503565822078913 -0.665086041121897 0.0
-0.497131660485673 -0.603801104912334 0.0
-0.490620707991558 -0.542314367046801 0.0
-0.484221851834736 -0.4806001972413 0.0
-0.47803974948978 -0.418552177250437 0.0
-0.472384966175514 -0.356201054293703 0.0
-0.466826355148314 -0.293601670215916 0.0
-0.460868479702908 -0.230606991285129 0.0
-0.455049542737829 -0.167257231183329 0.0
-0.449305119294058 -0.103547350109255 0.0
-0.44357156988507 -0.0394673793430626 0.0
-0.437788152786309 0.0249780516463846 0.0
-0.431886834973102 0.0897527606638198 0.0
-0.425788162346966 0.154762735384207 0.0
-0.419408713259852 0.219811173237139 0.0
-0.41269354797339 0.284532072922004 0.0
-0.405699601888 0.348317543678961 0.0
-0.398737536069798 0.410322427330175 0.0
-0.391775377919902 0.469731866578451 0.0
-0.442617448955843 -0.671268509574093 0.0
-0.43614850593354 -0.610001711733837 0.0
-0.4297340944725 -0.548517948833144 0.0
-0.423500905621706 -0.48677872767627 0.0
-0.417542063505541 -0.424770494753019 0.0
-0.411922514532562 -0.36254497485784 0.0
-0.406365280645807 -0.300093993713067 0.0
-0.400678252691453 -0.237362667923894 0.0
-0.395095069561313 -0.174389974194695 0.0
-0.389606161042469 -0.111213643273641 0.0
-0.384182875365309 -0.047884418921281 0.0
-0.378796129313955 0.0155185986323553 0.0
-0.373415803277572 0.0788730331523721 0.0
-0.368010577251425 0.141998946787234 0.0
-0.362550593013964 0.204650197081584 0.0
-0.357010690939108 0.26652859505414 0.0
-0.351364259936395 0.327343651219757 0.0
-0.345484748905013 0.386917640399861 0.0
-0.338998770664053 0.445342612176956 0.0
-0.381675274603472 -0.677732121280576 0.0
-0.375220932788564 -0.616527752177134 0.0
-0.368939014089173 -0.555118418957282 0.0
-0.362894155077876 -0.493490221712198 0.0
-0.357120389645504 -0.431657813760235 0.0
-0.351592514535141 -0.369655586051775 0.0
-0.346142382705633 -0.307491017977356 0.0
-0.340693426125052 -0.245166870834674 0.0
-0.335353441150055 -0.182735662201042 0.0
-0.330130730505105 -0.12026119254846 0.0
-0.325015400856188 -0.0578221329938366 0.0
-0.319992287113713 0.00448349528177594 0.0
-0.315038808345749 0.0665384668088164 0.0
-0.310118586508165 0.128215172397072 0.0
-0.305172137727328 0.18939643634544 0.0
-0.300104386494987 0.250011952952321 0.0
-0.294759063795681 0.310081020201088 0.0
-0.288847758188826 0.369748564013689 0.0
-0.281742801257359 0.429257964196871 0.0
-0.32072657623642 -0.684526194068882 0.0
-0.314326896185483 -0.623417255442899 0.0
-0.308195986694065 -0.562133062708561 0.0
-0.302335163295527 -0.500674702537667 0.0
-0.296728108572609 -0.439066252335624 0.0
-0.291319239497646 -0.377342213371079 0.0
-0.28600511876707 -0.315527898065121 0.0
-0.280753495212231 -0.253654468612953 0.0
-0.275617265963324 -0.191779548307243 0.0
-0.270607195003624 -0.12996881476282 0.0
-0.265718482637226 -0.0682931121336793 0.0
-0.260936234565753 -0.00682472789003868 0.0
-0.256232130603528 0.0543705133904689 0.0
-0.251558413479313 0.115246835667546 0.0
-0.246841506036227 0.175795816687062 0.0
-0.241973779952395 0.236065463711102 0.0
-0.236789492183416 0.296176077076577 0.0
-0.230975803828688 0.35632989856098 0.0
-0.223771772576858 0.416822006998205 0.0
-0.259727063445469 -0.691589924832339 0.0
-0.253415331505393 -0.630579919503431 0.0
-0.247442281994799 -0.569427381347438 0.0
-0.241751348345954 -0.508142437696217 0.0
-0.236289878245693 -0.446754409272413 0.0
-0.230994360437721 -0.385299834876722 0.0
-0.225798121621884 -0.323813042345447 0.0
-0.220686267404094 -0.26233379281753 0.0
-0.215686708800207 -0.200913953044843 0.0
-0.210808959242503 -0.139606859884537 0.0
-0.206050615585613 -0.0784627370786418 0.0
-0.201399425948168 -0.0175238058592263 0.0
-0.196831867239689 0.0431817447076392 0.0
-0.192311363513274 0.10364683517762 0.0
-0.18778715444764 0.163890526493877 0.0
-0.183190402839776 0.223959676201307 0.0
-0.178413188565749 0.283923659535792 0.0
-0.17323315222171 0.343863783875 0.0
-0.167052712982695 0.403871667623632 0.0
-0.198615652240358 -0.698765594258603 0.0
-0.19242337934033 -0.637830867664462 0.0
-0.186608076949141 -0.576782314775821 0.0
-0.181065676621196 -0.515635425392575 0.0
-0.175720545512911 -0.454421275993229 0.0
-0.170510582101063 -0.393176105304844 0.0
-0.165391311199405 -0.331935688076492 0.0
-0.160356589961851 -0.27073832698148 0.0
-0.15542471880041 -0.209626295347996 0.0
-0.150606698304245 -0.148639476493405 0.0
-0.145906181906248 -0.0878119695387072 0.0
-0.141320568389979 -0.0271690645466734 0.0
-0.136841372840952 0.0332753395055551 0.0
-0.13245479944491 0.0935211191223749 0.0
-0.128141926450959 0.153582561351147 0.0
-0.12387399673661 0.213489478762116 0.0
-0.119592015440315 0.273292996752 0.0
-0.115155708349085 0.333093407723626 0.0
-0.110358716901976 0.393161767812251 0.0
-0.137331373532397 -0.705839495587966 0.0
-0.131290121796078 -0.644939484840493 0.0
-0.125628440792884 -0.583946095785735 0.0
-0.120209213936459 -0.522877807919703 0.0
-0.114946304554069 -0.461765292034293 0.0
-0.109784645268855 -0.400642618307725 0.0
-0.10469598069638 -0.339543269786845 0.0
-0.0996817730594942 -0.278500871650215 0.0
-0.0947597860331519 -0.217549118947339 0.0
-0.0899462990105715 -0.156718168834647 0.0
-0.0852544425116472 -0.0960328435620013 0.0
-0.0806951349854894 -0.0355113337785504 0.0
-0.0762785335421076 0.0248351618073627 0.0
-0.0720160016970063 0.0850021424058494 0.0
-0.0679220839058244 0.144989126188979 0.0
-0.0640151037207666 0.204795559136313 0.0
-0.0603194470936592 0.264414764390628 0.0
-0.0569183275527901 0.323830429756935 0.0
-0.0543955895689374 0.383010554807333 0.0
-0.0758280061112085 -0.712585515118692 0.0
-0.0699686121317804 -0.651672798610255 0.0
-0.0644543177386757 -0.590676829871918 0.0
-0.0591320117030773 -0.529618210367298 0.0
-0.0539168714605858 -0.468526532829665 0.0
-0.04876567404365 -0.407433076741915 0.0
-0.0436648937559403 -0.346367782428413 0.0
-0.0386247801303214 -0.285359081207437 0.0
-0.0336677982651372 -0.224433545539191 0.0
-0.0288179548441632 -0.16361372205752 0.0
-0.0240991358439318 -0.102916932962843 0.0
-0.0195359971076179 -0.0423539141581939 0.0
-0.0151556000693668 0.0180725848386947 0.0
-0.0109892663130374 0.0783705315513608 0.0
-0.00707420916182947 0.138562971468488 0.0
-0.00345596011738549 0.198698909696987 0.0
-0.000206406105992728 0.258877056393642 0.0
0.00245485736418348 0.319289964736223 0.0
0.00339430063584331 0.380230944569322 0.0
-0.0140830866655114 -0.718799170654596 0.0
-0.00843307437604707 -0.657827140181935 0.0
-0.00305819852271288 -0.596771385187447 0.0
0.00219258611549878 -0.535654929808361 0.0
0.00739179852387039 -0.474506522976983 0.0
0.0125663676666859 -0.413354689595253 0.0
0.0177146656957451 -0.352225531555379 0.0
0.0228160970532903 -0.291142382500738 0.0
0.0278403849354988 -0.230125546448379 0.0
0.0327540356295473 -0.169190779290933 0.0
0.0375211887447381 -0.108348087109166 0.0
0.0421022153482365 -0.0475996803959118 0.0
0.0464513067068183 0.0130629304259031 0.0
0.0505132737428636 0.0736642680851427 0.0
0.0542185961874274 0.13425296265475 0.0
0.0574714211031695 0.194915909851675 0.0
0.0601078505159856 0.255796244327902 0.0
0.0617546528414644 0.317087371304738 0.0
0.0619836125570979 0.378790678538084 0.0
0.0478987406740254 -0.724318897998885 0.0
0.053318806043907 -0.663246589416419 0.0
0.0585649149954098 -0.602080326867417 0.0
0.0637683632977138 -0.540846435128357 0.0
0.068979646798371 -0.479573292967942 0.0
0.0742055869020212 -0.418286836467254 0.0
0.0794284601009325 -0.357009381256529 0.0
0.0846159772417014 -0.295759643817859 0.0
0.0897279576040647 -0.234552902821752 0.0
0.0947196565223141 -0.173400131900069 0.0
0.0995411761044328 -0.112307285493514 0.0
0.104134783884715 -0.0512738384956575 0.0
0.108430715643575 0.00970888223846727 0.0
0.112341048785501 0.0706600254835883 0.0
0.115749445015513 0.131609949775895 0.0
0.118490644728946 0.19259680109502 0.0
0.120308975666437 0.253643940038556 0.0
0.120866016809061 0.314675790519197 0.0
0.120241845321252 0.375470611450036 0.0
0.110087778177573 -0.729036600555379 0.0
0.115268189159563 -0.667831137358972 0.0
0.120400442908047 -0.606513129188123 0.0
0.125579943310173 -0.545113004896337 0.0
0.130827325992599 -0.483658912710158 0.0
0.136126632844238 -0.422174105735415 0.0
0.141443466287984 -0.360677161094149 0.0
0.146733126390628 -0.299182808189297 0.0
0.151944382049525 -0.237702823209986 0.0
0.157020120577208 -0.176246030084902 0.0
0.16189513016157 -0.114818554685674 0.0
0.166492053156999 -0.0534236798366752 0.0
0.170715709326656 0.00793780329099192 0.0
0.174445308892959 0.0692668155268456 0.0
0.17752297942642 0.130562286913078 0.0
0.179737277928254 0.191813072028985 0.0
0.180816171438699 0.252979606056641 0.0
0.180505136140549 0.313989462166425 0.0
0.178687783706018 0.374899897708712 0.0
0.172434187136638 -0.732901295784325 0.0
0.177379529081997 -0.671538805357461 0.0
0.182418490525825 -0.610038339477748 0.0
0.187597091499546 -0.548434454035608 0.0
0.192900865997708 -0.486754352134902 0.0
0.198290067675955 -0.425017860888 0.0
0.203713988201763 -0.363239399670047 0.0
0.209115746618432 -0.301429840226857 0.0
0.21443302109381 -0.239598223579822 0.0
0.219596356005923 -0.17775260656362 0.0
0.22452544814053 -0.115901224518 0.0
0.229124000159598 -0.054053380603877 0.0
0.23327314453448 0.00777906289334211 0.0
0.236823129612148 0.0695799363061544 0.0
0.239582761353339 0.131325057840997 0.0
0.241309374734695 0.192977569249272 0.0
0.241712600563989 0.254485860719645 0.0
0.240474924158943 0.315809378933118 0.0
0.23721450558564 0.376961268256199 0.0
0.234874684568049 -0.735919788603171 0.0
0.239606173308199 -0.674385729685432 0.0
0.244578483748567 -0.612682724656178 0.0
0.249778674136839 -0.55084797084901 0.0
0.255155238682558 -0.488905775757231 0.0
0.260645642999672 -0.426870905920865 0.0
0.266184392156653 -0.364752435549276 0.0
0.271703591607807 -0.302556586864342 0.0
0.277130692785944 -0.240289127531484 0.0
0.282384758988103 -0.177956849858757 0.0
0.287371430581267 -0.115569389069407 0.0
0.291976828859466 -0.0531408161263096 0.0
0.296060224592605 0.00930813628302167 0.0
0.299445282900778 0.0717476729297204 0.0
0.301909978753214 0.134134934062227 0.0
0.303177471840018 0.196410495450035 0.0
0.302909136731179 0.258498354486889 0.0
0.300687065568169 0.320310915980981 0.0
0.295940006761251 0.381737969112723 0.0
0.29733871593966 -0.738157339592099 0.0
0.301894780701366 -0.67644707916162 0.0
0.306831955945263 -0.614532057893607 0.0
0.312074265230266 -0.552448501043226 0.0
0.317535100643567 -0.49021456637608 0.0
0.323132202377387 -0.427837527331811 0.0
0.328787854562924 -0.365319245225224 0.0
0.33442497099732 -0.302659670283645 0.0
0.339962114842796 -0.239859620850453 0.0
0.345308024900612 -0.176922624582227 0.0
0.350355418242054 -0.113857205432687 0.0
0.354974003205824 -0.0506791643681368 0.0
0.359002367507111 0.0125851241120607 0.0
0.362238587055865 0.0758946702971431 0.0
0.364429464118408 0.139187507026749 0.0
0.365258397870237 0.202373801488962 0.0
0.364327994996698 0.265327763630718 0.0
0.361121603477073 0.327874933502264 0.0
0.354910270972003 0.389758773279619 0.0
0.359755002536845 -0.739740449595821 0.0
0.364189258663819 -0.677860645841544 0.0
0.369124374763388 -0.615734864889524 0.0
0.374424687553847 -0.55339236992335 0.0
0.379974532146728 -0.490841025779747 0.0
0.385676744733411 -0.428077877283365 0.0
0.391444623180437 -0.365095486497666 0.0
0.39719395486893 -0.301885521318751 0.0
0.402835786207119 -0.238441462902367 0.0
0.40826956161325 -0.174760447249945 0.0
0.413375963415229 -0.110845788979713 0.0
0.418009142179437 -0.0467099188993484 0.0
0.421987871526388 0.0176209543478317 0.0
0.425085380446249 0.0821003414004566 0.0
0.427017212377647 0.146650924135256 0.0
0.42742561060981 0.211150390870677 0.0
0.425854038481154 0.275410431853451 0.0
0.421694473450273 0.339142523892687 0.0
0.414069256212772 0.401893208288796 0.0
0.422056901829936 -0.740863183702578 0.0
0.426432269696615 -0.678833999595279 0.0
0.431394360860377 -0.61650917381962 0.0
0.436760340610077 -0.553903257290034 0.0
0.442395156524907 -0.491009849345813 0.0
0.448192597409673 -0.42781367420951 0.0
0.454060299165112 -0.364296505971062 0.0
0.459908730919425 -0.300439979712572 0.0
0.465642377901313 -0.236227565909406 0.0
0.471151902275441 -0.171645879886596 0.0
0.476306247392457 -0.106686983412264 0.0
0.480944203793601 -0.0413515415518134 0.0
0.484864861537334 0.0243455904290503 0.0
0.487816551388911 0.0903667365960744 0.0
0.489483184673611 0.156636378699488 0.0
0.48946574455273 0.223017746038227 0.0
0.487251767943868 0.289272791922894 0.0
0.482153745676154 0.354990348789164 0.0
0.473156976252514 0.419448817208313 0.0
0.484185340086817 -0.741798794805941 0.0
0.488562632163367 -0.67965592842064 0.0
0.493569261153196 -0.617151659253946 0.0
0.498996935582398 -0.554278607258348 0.0
0.504702810445614 -0.491014376897848 0.0
0.510577307515574 -0.427331611534672 0.0
0.516524986621103 -0.363201594588633 0.0
0.522451944037465 -0.298595109831775 0.0
0.528256184916477 -0.233482941265944 0.0
0.533819174832534 -0.167836079611741 0.0
0.538997306994024 -0.101627166953095 0.0
0.543612698170468 -0.034832941037548 0.0
0.547442628499084 0.0325607423273357 0.0
0.550207071367958 0.100550482842071 0.0
0.551553003959772 0.169099263057833 0.0
0.551033436787328 0.238108104692615 0.0
0.54807547832837 0.307359696823987 0.0
0.541920169935866 0.376397154826054 0.0
0.531458142432382 0.444236220231429 0.0
0.54608643389123 -0.742920171454343 0.0
0.550506116785267 -0.680713125722432 0.0
0.555556150065298 -0.618047021926864 0.0
0.561028973872671 -0.554891914557113 0.0
0.566784044614734 -0.491214417873527 0.0
0.572711963509698 -0.426980183761766 0.0
0.578714971830078 -0.362152893759347 0.0
0.584694378838941 -0.296692473374235 0.0
0.590540741817838 -0.23055397669877 0.0
0.59612488918542 -0.163686540006527 0.0
0.601288473814293 -0.0960334752979205 0.0
0.605833362396241 -0.0275328618050469 0.0
0.609508923675856 0.0418802375519121 0.0
0.611996222093516 0.112269763139684 0.0
0.612887236779245 0.183689545596118 0.0
0.611656993561429 0.256165838339966 0.0
0.607625719860332 0.329656406033925 0.0
0.599907489899491 0.403938922771509 0.0
0.587315201722139 0.478229098808357 0.0
