-0.508754428024157 -0.701162634438697 0.0
0.724776781699855 -0.729587097838351 0.0
-0.418394184112549 0.61237245798111 0.0
0.61237245798111 0.61237245798111 0.0
-0.447611709261417 -0.703430166150246 0.0
0.725133315059986 -0.66802900009864 0.0
0.583383172103066 0.557253975681609 0.0
-0.440998593554117 0.533495681402578 0.0
-0.386492789617221 -0.705552517251707 0.0
0.726009350043884 -0.606094488122326 0.0
0.536301894118468 0.525686037517444 0.0
-0.456552573016404 0.457935271491204 0.0
-0.325442894049168 -0.70779650412358 0.0
0.727191288387744 -0.54376311475837 0.0
0.484847217123736 0.507719843411802 0.0
-0.466666584085323 0.38513506295359 0.0
-0.264445623837797 -0.710324672132231 0.0
0.728555686362042 -0.481021556122798 0.0
0.432100382123179 0.49690174458465 0.0
-0.473451861830522 0.314611512603548 0.0
-0.203456610245654 -0.713191637292336 0.0
0.730018784258426 -0.417853079472172 0.0
0.3787178082578 0.490123853349527 0.0
-0.478184140284862 0.245892074845248 0.0
-0.142411781523352 -0.71635732357125 0.0
0.731512661301792 -0.354233326442354 0.0
0.324898680945006 0.485954729193692 0.0
-0.481620613426098 0.178601412477725 0.0
-0.0812417725491742 -0.719699242857903 0.0
0.73297080260961 -0.290128596513414 0.0
0.270771483255483 0.48368915890006 0.0
-0.484231101253402 0.112455793053289 0.0
-0.0198869593333036 -0.723046460105245 0.0
0.734317259315646 -0.225494808144152 0.0
0.216465510211889 0.482994727137993 0.0
-0.486319395159488 0.047241579274042 0.0
0.0416914208175457 -0.72621601263958 0.0
0.735456712280732 -0.160277141060445 0.0
0.162134109269728 0.483794532513953 0.0
-0.488089284235683 -0.0172030611960733 0.0
0.103506482941923 -0.729040618345293 0.0
0.73626392734137 -0.0944093038670158 0.0
0.108151519470323 0.4883398053808 0.0
-0.489683968033535 -0.0810000982330171 0.0
0.165545582152695 -0.731385242663109 0.0
0.736571238343242 -0.0278132714953597 0.0
0.0530563792330137 0.486601789855589 0.0
-0.491215164790139 -0.144239531746671 0.0
0.227773855280128 -0.73315472638767 0.0
0.73615242033394 0.0396013562972904 0.0
-0.00254492992758064 0.484400195572947 0.0
-0.492806801920286 -0.206983266140859 0.0
0.290138951106642 -0.734295867093188 0.0
0.734699950877842 0.107937518407653 0.0
-0.0574048934496192 0.493772102183279 0.0
-0.494885096565452 -0.269268599772281 0.0
0.352576342563793 -0.73479723776476 0.0
0.731789895637656 0.177310312773475 0.0
-0.112562958556846 0.500666041543861 0.0
-0.496013083176642 -0.331456182842593 0.0
0.415013523506054 -0.734689352285357 0.0
0.726822675700376 0.247842069473924 0.0
-0.166811537927728 0.510301955847046 0.0
-0.497422477035381 -0.393564931086929 0.0
0.477374779854585 -0.734046948689748 0.0
0.718916050289066 0.31964601846549 0.0
-0.222125949531143 0.515941104458753 0.0
-0.499611088445392 -0.455397545342719 0.0
0.539586236312963 -0.732994309030211 0.0
0.706700893234497 0.392771273961328 0.0
-0.278151284222742 0.522667752090169 0.0
-0.501868288555926 -0.517027568205494 0.0
0.601582374027306 -0.73171416053637 0.0
0.687916163663802 0.467025881086984 0.0
-0.33154726400716 0.540905177273573 0.0
-0.504250415284465 -0.578506591908821 0.0
0.66331655249097 -0.730461355333089 0.0
0.658626626067296 0.541404204795204 0.0
-0.383462126692143 0.564784533716398 0.0
-0.50645386858546 -0.639870054010792 0.0
-0.445340616671319 -0.642112963042327 0.0
-0.443080989885954 -0.580685518278587 0.0
-0.440717446600744 -0.519102800206085 0.0
-0.438511631251141 -0.457428187906064 0.0
-0.436388325871257 -0.395662428888303 0.0
-0.43488316940168 -0.333626915135874 0.0
-0.433717853013592 -0.271156892885487 0.0
-0.431911669812329 -0.208345369184199 0.0
-0.430367288948668 -0.145261860138687 0.0
-0.428896743809569 -0.0818182423013706 0.0
-0.42739177184427 -0.0179380851227609 0.0
-0.425747533477515 0.0464487815297506 0.0
-0.423833983697148 0.111409382389242 0.0
-0.421473822150245 0.177002016430538 0.0
-0.418418351103249 0.243253738062646 0.0
-0.414322901109835 0.310103470772623 0.0
-0.408748448697544 0.377265543021323 0.0
-0.401318259263338 0.443925246697584 0.0
-0.39255311693285 0.508122664796332 0.0
-0.384191320661766 -0.644201332646773 0.0
-0.381864776112482 -0.582748651600822 0.0
-0.379557403267083 -0.521160483611066 0.0
-0.377404758486286 -0.459421068251265 0.0
-0.375490283314852 -0.397452383510113 0.0
-0.374033007186214 -0.335286515394794 0.0
-0.372725149190203 -0.272947187818621 0.0
-0.371188913185809 -0.210294545488517 0.0
-0.36979847287572 -0.14738138050996 0.0
-0.368481554373174 -0.0841998413429203 0.0
-0.36716257618786 -0.0207429962112935 0.0
-0.365760351383357 0.0429790605134899 0.0
-0.364176582229278 0.106924351222003 0.0
-0.362286762676755 0.170996341158318 0.0
-0.359935798048379 0.235007557772988 0.0
-0.356945151176404 0.298632152579887 0.0
-0.353145340070121 0.361370039048838 0.0
-0.348443724541027 0.422613715320442 0.0
-0.342576585766015 0.482030174233652 0.0
-0.323058472848699 -0.646472804702649 0.0
-0.320698162702443 -0.585045792125704 0.0
-0.318457319427936 -0.523484532275963 0.0
-0.316433580577161 -0.461763890612467 0.0
-0.314695506413556 -0.399876146859986 0.0
-0.313284107384782 -0.337860451112733 0.0
-0.311994353901121 -0.275698487266043 0.0
-0.310669771176515 -0.213341163297062 0.0
-0.309463353520975 -0.150832494995421 0.0
-0.308342431147275 -0.0882056949944347 0.0
-0.307255599299796 -0.0255065383598869 0.0
-0.306143138957717 0.0371939723081446 0.0
-0.304932208232126 0.0997889204973445 0.0
-0.303530340270703 0.162127022946839 0.0
-0.301818494398988 0.224010999631298 0.0
-0.299644775348455 0.285216816520572 0.0
-0.296828793700172 0.345549489558447 0.0
-0.293200669109065 0.40493386304645 0.0
-0.28902257639416 0.463545455516598 0.0
-0.261948094303432 -0.649054600599313 0.0
-0.259581989502561 -0.587698516300247 0.0
-0.257431344663402 -0.526230591016819 0.0
-0.255547237190751 -0.464642221251447 0.0
-0.253951539615065 -0.402944876509072 0.0
-0.252618449586055 -0.341162824941909 0.0
-0.251415280499481 -0.279295731461402 0.0
-0.25026867984443 -0.2173445674958 0.0
-0.249237831889983 -0.155357975697059 0.0
-0.248301878128104 -0.0933884490173678 0.0
-0.247420839121244 -0.0314988894217774 0.0
-0.246542329838863 0.0302350110688531 0.0
-0.2455960773971 0.0917278181083587 0.0
-0.244484577223601 0.152895799223271 0.0
-0.24307263158496 0.213679222888239 0.0
-0.241183149107732 0.274079178764608 0.0
-0.238619502879932 0.334204463268275 0.0
-0.235289522019385 0.394324038990406 0.0
-0.231767169216783 0.454866756180475 0.0
-0.200842175585822 -0.651990504093466 0.0
-0.19849391153554 -0.590733991568245 0.0
-0.196443509429739 -0.529400317348856 0.0
-0.194691713072918 -0.467989059504748 0.0
-0.193219998900549 -0.406516662022705 0.0
-0.191977066118159 -0.345006399222565 0.0
-0.190872935442475 -0.283473270869191 0.0
-0.18986500694421 -0.221939901440114 0.0
-0.18897026259171 -0.160452689528043 0.0
-0.188168863070197 -0.099060262456694 0.0
-0.187424026010514 -0.0378115581306936 0.0
-0.186684255600484 0.0232487511968395 0.0
-0.185878697979337 0.0840892169433623 0.0
-0.184911381368487 0.144706082476815 0.0
-0.183659427691738 0.205141734885694 0.0
-0.181985105838555 0.265506378453515 0.0
-0.179783295750286 0.325997067659808 0.0
-0.177101258377758 0.386892835720079 0.0
-0.173973484799727 0.448387974543252 0.0
-0.139703337338281 -0.655224022186265 0.0
-0.137394801725355 -0.594068865861654 0.0
-0.135447776546486 -0.532871216083975 0.0
-0.133815448178609 -0.471633940014233 0.0
-0.132448698856797 -0.410374971006088 0.0
-0.131286993288002 -0.34911754416109 0.0
-0.130264340831973 -0.287883057534283 0.0
-0.129349736055652 -0.226698695678979 0.0
-0.128541152236006 -0.165601603762365 0.0
-0.12781885823423 -0.104626647761638 0.0
-0.127150358806001 -0.0438023577856242 0.0
-0.126491261992175 0.0168540252734208 0.0
-0.125783978761007 0.077342752029386 0.0
-0.124958458771372 0.137688751316528 0.0
-0.123940255964693 0.197946419798628 0.0
-0.122674608303188 0.258198669937505 0.0
-0.121174617675523 0.318537878541603 0.0
-0.119524941457675 0.37900148388921 0.0
-0.117358620703588 0.439519093094243 0.0
-0.0784863313681443 -0.65861841781428 0.0
-0.0762413024199855 -0.59754416932244 0.0
-0.0743979380817384 -0.536456193042249 0.0
-0.0728692640356541 -0.475358079043354 0.0
-0.0715854842393424 -0.414266827466823 0.0
-0.0704842966966077 -0.353204031262042 0.0
-0.0695143440053624 -0.292191410296341 0.0
-0.0686508312761559 -0.231253543562034 0.0
-0.0678854135979874 -0.170417905328915 0.0
-0.0672020013359945 -0.109707740096094 0.0
-0.0665770269421045 -0.0491390205005749 0.0
-0.0659805494282443 0.0112823988650709 0.0
-0.0653778751340886 0.0715632162417788 0.0
-0.0647344646843454 0.131724682929805 0.0
-0.064027710603542 0.191801831791244 0.0
-0.0632682610830384 0.251839580875718 0.0
-0.0625165673531567 0.311883717039102 0.0
-0.0618124998063211 0.371988749228691 0.0
-0.0610194833264401 0.432383767640694 0.0
-0.0171493430839873 -0.661994651786097 0.0
-0.0149943344751323 -0.600968317469178 0.0
-0.0132542481934643 -0.539948037286158 0.0
-0.0118128735250189 -0.478937145612411 0.0
-0.0105893399850266 -0.417950820883018 0.0
-0.00952446151610787 -0.357008270296074 0.0
-0.00857805284490658 -0.29612922389402 0.0
-0.00773140263051144 -0.235334296055221 0.0
-0.00697736097757785 -0.174644043681112 0.0
-0.00630695387661775 -0.114074956013557 0.0
-0.00570871243786715 -0.0536378940539003 0.0
-0.00517045437712211 0.00666290360035191 0.0
-0.00468294539980317 0.0668296502901807 0.0
-0.00424731218434376 0.126869451234192 0.0
-0.00388831530100887 0.186788428144139 0.0
-0.00367254206337275 0.246580004138687 0.0
-0.00371943119462239 0.306205055890174 0.0
-0.00421480942037521 0.365576923164595 0.0
-0.00579271836571724 0.424537740558848 0.0
0.0443371428852549 -0.665167530720735 0.0
0.046374174758141 -0.604152022932752 0.0
0.0480111947232185 -0.543152321055706 0.0
0.049380648685959 -0.482171932493778 0.0
0.0505652666629559 -0.421224582704732 0.0
0.0516169381301949 -0.360327293065775 0.0
0.0525651823685988 -0.299497326247009 0.0
0.05342134997878 -0.238751506369948 0.0
0.0541871901162991 -0.178105170136011 0.0
0.0548626429496555 -0.117569621085387 0.0
0.0554462570909517 -0.0571508986935886 0.0
0.0559329305741174 0.003151563944772 0.0
0.0563095705583444 0.0633462062326931 0.0
0.0565479211685098 0.123451522280068 0.0
0.0565945759046018 0.183498859560886 0.0
0.0563611190403893 0.24354014127522 0.0
0.0557141701453596 0.303668268196459 0.0
0.0543921059951918 0.36405937925848 0.0
0.0512123698507349 0.424935009556159 0.0
0.105985708218496 -0.6679715563098 0.0
0.10787804239262 -0.606931425103048 0.0
0.109412586389746 -0.545907176328871 0.0
0.110724244660018 -0.484903784825038 0.0
0.111888957231627 -0.423934471565052 0.0
0.112947479213649 -0.363014586679771 0.0
0.113917912342517 -0.302158943431976 0.0
0.114802783315328 -0.241380776319549 0.0
0.115595871571833 -0.180690753373711 0.0
0.116286589346502 -0.120094942529222 0.0
0.11685949298578 -0.0595932617505286 0.0
0.117291200671353 0.000822912174650125 0.0
0.117545140682782 0.0611739399314029 0.0
0.117563845353864 0.121497197438536 0.0
0.117259100651754 0.181854200349392 0.0
0.116500183496296 0.242342339882447 0.0
0.115089042144522 0.303108707211134 0.0
0.112659389576586 0.364334770162424 0.0
0.108999231027659 0.425991378678475 0.0
0.167790754432555 -0.670275596298312 0.0
0.169516258024133 -0.609180141819532 0.0
0.170950756303216 -0.5480921273753 0.0
0.172218027876247 -0.487019625400273 0.0
0.173379413589316 -0.425976394384833 0.0
0.174461151485886 -0.364976690352047 0.0
0.175468785295889 -0.304033243527365 0.0
0.176394626983594 -0.243156422029496 0.0
0.177222491965533 -0.182353635877833 0.0
0.177929410586471 -0.121627921279897 0.0
0.178483672221098 -0.0609768677509319 0.0
0.178840319023335 -0.000391007975746086 0.0
0.178934277831959 0.0601475264779417 0.0
0.178670962447017 0.120665913278774 0.0
0.177914484951253 0.18119793076457 0.0
0.17647302510779 0.24177420945305 0.0
0.174079666387073 0.302391014919176 0.0
0.170458593453574 0.362925357363651 0.0
0.165971062347848 0.423169913943054 0.0
0.229730506208149 -0.671989065424464 0.0
0.231275046852532 -0.610813531024435 0.0
0.232615537320489 -0.549630005297999 0.0
0.233851981786286 -0.488451155853029 0.0
0.235024578867039 -0.427292049726056 0.0
0.236142488277796 -0.366166313267524 0.0
0.23719782413091 -0.305085193955201 0.0
0.238171746018814 -0.244057441547726 0.0
0.239036813613066 -0.183089486355022 0.0
0.239756369965266 -0.122184991028706 0.0
0.240281039197015 -0.0613449329952877 0.0
0.240542970293236 -0.000567677369476239 0.0
0.240448070222562 0.0601497831112929 0.0
0.239866562648781 0.120809079461397 0.0
0.238623006317599 0.181403648949938 0.0
0.236489290022008 0.241907828696673 0.0
0.233203535432969 0.302262225150288 0.0
0.228609690520083 0.362398397699809 0.0
0.222931914024084 0.422466110253245 0.0
0.291770416521885 -0.673063107673274 0.0
0.293130882809369 -0.611788724378238 0.0
0.294388529704159 -0.550485454361605 0.0
0.295608608510068 -0.489171388701242 0.0
0.296805472777897 -0.427862966824993 0.0
0.29796992710649 -0.366573149757583 0.0
0.299080581122499 -0.305311987163361 0.0
0.300107345433674 -0.244087505256443 0.0
0.30101127755162 -0.182906781505067 0.0
0.301741947206922 -0.121776441705352 0.0
0.302232626509417 -0.060703743222387 0.0
0.302393731222286 0.000302287959913406 0.0
0.302104855170144 0.0612287136264071 0.0
0.30120608175252 0.122055923397942 0.0
0.299490443368195 0.182753267878338 0.0
0.296704147923255 0.243276268122344 0.0
0.292576277801338 0.303574062788001 0.0
0.286904795113211 0.363639728982967 0.0
0.279635823718595 0.423604406120109 0.0
0.353867621804632 -0.673490073628128 0.0
0.355054144208358 -0.612103706679965 0.0
0.356245941203917 -0.550663276388014 0.0
0.357465130207607 -0.489191837872301 0.0
0.358697980915168 -0.42770613902889 0.0
0.359917292853735 -0.366217568347935 0.0
0.36108912144531 -0.304734451795367 0.0
0.362172917124882 -0.243263960792651 0.0
0.363118890962909 -0.181813960156387 0.0
0.363863630764338 -0.120394210425117 0.0
0.364324170778447 -0.0590180968879209 0.0
0.364390749966913 0.00229571799080397 0.0
0.363918532609454 0.0635209611614661 0.0
0.362718979236156 0.12462145035317 0.0
0.360552896006638 0.18554815876478 0.0
0.357130985000466 0.246239264005635 0.0
0.352132508113179 0.306629367652959 0.0
0.345245493020689 0.366678060557051 0.0
0.336203937035927 0.426409345842227 0.0
0.415974675535165 -0.673303918708122 0.0
0.417011556745818 -0.611798058341106 0.0
0.41815966273579 -0.550209237864227 0.0
0.419393471163625 -0.488563149598399 0.0
0.420671941900436 -0.426874473624266 0.0
0.421951939375346 -0.365151181529772 0.0
0.423188857987489 -0.303398467597427 0.0
0.424333125524706 -0.24162146026126 0.0
0.425325271006142 -0.179827621585743 0.0
0.42609001779826 -0.118028470861915 0.0
0.426529307537882 -0.0562418885228146 0.0
0.426514258231087 0.00550555475103438 0.0
0.425876151685873 0.0671754265654289 0.0
0.424396972864186 0.128714049147646 0.0
0.421801035451253 0.190048113444878 0.0
0.417750952111465 0.251082548124908 0.0
0.411851381627553 0.311703731291099 0.0
0.403658622367454 0.371792702786926 0.0
0.392703212459469 0.431252812904576 0.0
0.478043837077956 -0.672583321555733 0.0
0.478968507645179 -0.610957018144711 0.0
0.480097790023621 -0.549214704268663 0.0
0.481359540219611 -0.487380179865318 0.0
0.482689496938895 -0.42546259039442 0.0
0.484032173103746 -0.363464024123808 0.0
0.485334843633598 -0.301384545334975 0.0
0.486540675181757 -0.239225268063254 0.0
0.487581857578107 -0.176991002278505 0.0
0.488372424928355 -0.114692345574797 0.0
0.488800310353988 -0.0523486420840659 0.0
0.488718395396801 0.0100085688649416 0.0
0.487934409527695 0.0723305508650533 0.0
0.486199832898681 0.134545170857139 0.0
0.483198299409548 0.196548396069364 0.0
0.47853409649757 0.258196117007356 0.0
0.471719618217309 0.319297628710869 0.0
0.462159079025261 0.379613482351915 0.0
0.449151191784235 0.438869372731047 0.0
0.540030775267448 -0.671458535479146 0.0
0.540889790322886 -0.609719489420663 0.0
0.542023402721656 -0.547825039052352 0.0
0.54332105378668 -0.485790643707641 0.0
0.544702416828719 -0.423616152245566 0.0
0.546104191879903 -0.361295426099671 0.0
0.54746825267913 -0.298821353993087 0.0
0.548732208985439 -0.236188570521432 0.0
0.549821129263899 -0.173395854603447 0.0
0.550639398198662 -0.11044826890209 0.0
0.551061922883309 -0.0473606355193606 0.0
0.550924209555154 0.0158377877569979 0.0
0.550010837176398 0.0790959497432342 0.0
0.54804185903582 0.142330658439797 0.0
0.544656266890919 0.205410977400087 0.0
0.539390689616971 0.268138039983277 0.0
0.531649396739248 0.330218613214732 0.0
0.520662357276741 0.391232998923676 0.0
0.505445840393909 0.450611740850466 0.0
0.601897133239198 -0.670122820444448 0.0
0.602737880834592 -0.608290031379885 0.0
0.603891181547579 -0.546250616016679 0.0
0.605224009356063 -0.484004963564733 0.0
0.606648988085592 -0.421541503415492 0.0
0.608099459208317 -0.35884498660356 0.0
0.609514114014884 -0.295899821316285 0.0
0.610826154230321 -0.232691453674863 0.0
0.611954214247618 -0.169207862369564 0.0
0.612793539310865 -0.105441183212349 0.0
0.613206392370589 -0.0413910642396069 0.0
0.613010968311709 0.0229302461823991 0.0
0.611967886138279 0.0874891487096908 0.0
0.609762898822219 0.152216917739839 0.0
0.605983308737114 0.21698621142817 0.0
0.600083996333119 0.281573540738149 0.0
0.591337348186109 0.345596824936873 0.0
0.578763341477854 0.408415144987569 0.0
0.561040649047057 0.468986751059073 0.0
0.663610547277748 -0.668850414576507 0.0
0.664467440476674 -0.606954652914491 0.0
0.665641652655625 -0.544777035400527 0.0
0.66699873369617 -0.482302279939552 0.0
0.668452036941629 -0.419510472769234 0.0
0.669934398226247 -0.356379571611612 0.0
0.67138221900007 -0.292885390846988 0.0
0.672724427747881 -0.229001075710672 0.0
0.673873042226919 -0.164697367872524 0.0
0.674713699217051 -0.0999431635657894 0.0
0.675094981612829 -0.0347076397813739 0.0
0.674815501962107 0.0310362666800504 0.0
0.673607084529099 0.0973051405825088 0.0
0.671111208106309 0.164093369052643 0.0
0.666843419564088 0.231349905105607 0.0
0.660137065784231 0.298933502358447 0.0
0.650054435058974 0.366519330986695 0.0
0.63525884361315 0.433400453160949 0.0
0.613879015466906 0.498069456758182 0.0
