-0.512503981025874 -0.70061136775709 0.0
0.720875559649888 -0.729225741368797 0.0
-0.42355705499649 0.61237245798111 0.0
0.61237245798111 0.61237245798111 0.0
-0.451360567953849 -0.702873967604259 0.0
0.721257535690101 -0.667670897698525 0.0
0.582365602389921 0.557691619846219 0.0
-0.445559100843289 0.533487240295527 0.0
-0.390240772659287 -0.70499022075626 0.0
0.722153039301991 -0.605743821109134 0.0
0.534838138219038 0.526502327732862 0.0
-0.460746718830195 0.458004481868302 0.0
-0.329189423052949 -0.707226094161582 0.0
0.723351732432157 -0.543424330554191 0.0
0.483124644515205 0.508692732171331 0.0
-0.470644951115782 0.385298260400958 0.0
-0.268190413820214 -0.709742322903186 0.0
0.724732297467973 -0.480699283881608 0.0
0.430168385048933 0.497921613105065 0.0
-0.477301972657855 0.314860518074421 0.0
-0.207200117374269 -0.712593395676773 0.0
0.726212671177526 -0.417552155237147 0.0
0.376598254198091 0.491154566524284 0.0
-0.481958905470455 0.246213306929469 0.0
-0.146155391585053 -0.715740533253818 0.0
0.727726541771644 -0.353958861828265 0.0
0.322607539288887 0.486982613784024 0.0
-0.485353291667914 0.178981379094598 0.0
-0.084987758491098 -0.719063457046857 0.0
0.729209136403036 -0.289886058495127 0.0
0.268321259969141 0.48470730440446 0.0
-0.48794304755505 0.112882543972237 0.0
-0.0236382398911869 -0.722393738576211 0.0
0.730586558290135 -0.225290092852064 0.0
0.213865367607345 0.483997343207189 0.0
-0.490024376303195 0.0477049463520684 0.0
0.0379316404085309 -0.725550722817873 0.0
0.731766019260646 -0.160116628985928 0.0
0.159389710888946 0.484780248307531 0.0
-0.491796035250648 -0.0167115973689863 0.0
0.0997350910593624 -0.728368963885942 0.0
0.73262547948764 -0.0942998831363217 0.0
0.10524824749589 0.489188169553764 0.0
-0.493397762912651 -0.0804876432337979 0.0
0.161759890619992 -0.730714704447003 0.0
0.733001357447996 -0.0277623086802263 0.0
0.0500337906991381 0.487560166701279 0.0
-0.494938776079971 -0.143712020254065 0.0
0.223971846427947 -0.732493518252236 0.0
0.732672716624144 0.0395861334002764 0.0
-0.00569712284658793 0.485556724808629 0.0
-0.496540953812234 -0.206445677425224 0.0
0.286319439274744 -0.733652445734671 0.0
0.731339008095595 0.107848298297542 0.0
-0.060723709339177 0.494679885868045 0.0
-0.498625773473976 -0.268725174024341 0.0
0.348739063072809 -0.734179865193997 0.0
0.728585758636489 0.177139797339478 0.0
-0.11599471360155 0.501509887883208 0.0
-0.499763972692522 -0.330906977545385 0.0
0.411159165535874 -0.734105677746112 0.0
0.723826741310889 0.247584771941715 0.0
-0.17038152937684 0.511026762888454 0.0
-0.501182758646111 -0.393011556473079 0.0
0.473504970988003 -0.733503556460802 0.0
0.716199455673252 0.319301208275109 0.0
-0.225801980917993 0.516724405612917 0.0
-0.503375507359262 -0.454843708206657 0.0
0.535703470867057 -0.732496168198694 0.0
0.704365253604404 0.3923500074907 0.0
-0.28192887560224 0.523566479015524 0.0
-0.50563270879827 -0.516474224795969 0.0
0.59768985781348 -0.731263905346948 0.0
0.686111175280471 0.466568589871018 0.0
-0.335531231407846 0.541559685397975 0.0
-0.508011846068913 -0.577953946020105 0.0
0.659417913352146 -0.730058296359816 0.0
0.657574313906123 0.541026030300461 0.0
-0.387649516801453 0.565270268174848 0.0
-0.510209812312377 -0.639318212861237 0.0
-0.449095940257586 -0.641556557439734 0.0
-0.446842133821874 -0.580128983667407 0.0
-0.44448156588182 -0.518546566874127 0.0
-0.442275102058985 -0.456872697988234 0.0
-0.440148400797561 -0.395108132691676 0.0
-0.438635493863615 -0.333076864120926 0.0
-0.437458244097735 -0.270613968506819 0.0
-0.435641884562188 -0.207810745130662 0.0
-0.434086075632288 -0.144738288298239 0.0
-0.43260469372187 -0.0813091031591385 0.0
-0.431091368177761 -0.0174473479138373 0.0
-0.429443623119706 0.0469166444771409 0.0
-0.427534618591988 0.111849576910763 0.0
-0.42519154410709 0.17740986026141 0.0
-0.422172044970337 0.243625679591121 0.0
-0.41814023017941 0.310439406272467 0.0
-0.412668100218733 0.37757384073884 0.0
-0.405387687031588 0.444232352956472 0.0
-0.396802897321182 0.50848483194164 0.0
-0.387946534222972 -0.643639133923974 0.0
-0.385625740110623 -0.582186646098915 0.0
-0.383320741334701 -0.52059892986549 0.0
-0.381166720611435 -0.458860532650649 0.0
-0.379247098199751 -0.396894116446197 0.0
-0.377780474219448 -0.334731700326903 0.0
-0.376460550580595 -0.272396628921017 0.0
-0.374912080494751 -0.20974989169871 0.0
-0.373508458048071 -0.14684406604672 0.0
-0.372178677303594 -0.0836712463102085 0.0
-0.370848715845075 -0.0202242631783187 0.0
-0.369439311237921 0.0434873839474688 0.0
-0.367854602719351 0.107422906244804 0.0
-0.365973126949514 0.171487912118544 0.0
-0.363643354776402 0.235498499106084 0.0
-0.36069031290309 0.299134147348029 0.0
-0.356946616881954 0.361901013919272 0.0
-0.352316552355976 0.42319363759279 0.0
-0.346504244673181 0.482659782952759 0.0
-0.326813293042524 -0.645902028052402 0.0
-0.324458554417553 -0.584474527976464 0.0
-0.322219166573999 -0.522912898096671 0.0
-0.320192586970268 -0.461192261160162 0.0
-0.31844753857552 -0.39930495493936 0.0
-0.317025370325175 -0.337289905765866 0.0
-0.315722339323335 -0.275128753779303 0.0
-0.314383367108349 -0.212772431993793 0.0
-0.313161487107239 -0.150264455401322 0.0
-0.312024968322475 -0.0876374406961558 0.0
-0.31092359087841 -0.0249363012175232 0.0
-0.309799045980112 0.0377692055674139 0.0
-0.308580162211512 0.10037387829346 0.0
-0.307176396923066 0.162728614039687 0.0
-0.30547078161642 0.224638525246848 0.0
-0.303313249923744 0.285881422294662 0.0
-0.30052335414028 0.346262131189342 0.0
-0.296921062824671 0.405701535312625 0.0
-0.292726734781449 0.464372397636545 0.0
-0.26570241951591 -0.64847102204502 0.0
-0.263341508113074 -0.587113239777479 0.0
-0.261191083709599 -0.525643392972817 0.0
-0.259302470889966 -0.464052942724539 0.0
-0.257698022545838 -0.40235323095808 0.0
-0.256352588751228 -0.340568271931715 0.0
-0.255134554964246 -0.278697486564457 0.0
-0.25397148913349 -0.216741519262663 0.0
-0.252922906966997 -0.154748402180761 0.0
-0.251968714694876 -0.0927699424584187 0.0
-0.251069912348141 -0.0308682758494743 0.0
-0.250175324776057 0.0308816806921437 0.0
-0.249216195479553 0.0923950877656385 0.0
-0.248096912736411 0.153588265761826 0.0
-0.24668448107954 0.214400409068706 0.0
-0.24480363260468 0.274829617415989 0.0
-0.24225629537075 0.334978967106797 0.0
-0.238937885682083 0.395109058478937 0.0
-0.235380426144409 0.455640099246311 0.0
-0.204596304512361 -0.651390092199288 0.0
-0.202252598773074 -0.590130529396135 0.0
-0.200201013794486 -0.528793147848854 0.0
-0.198443030778704 -0.467377499380813 0.0
-0.196960895139902 -0.405899829090256 0.0
-0.195704113471562 -0.344383116459244 0.0
-0.19458362126468 -0.282842051255303 0.0
-0.193557532021299 -0.221298895354759 0.0
-0.192643272687609 -0.159799601339941 0.0
-0.191821693286904 -0.0983924270792999 0.0
-0.191056900590706 -0.0371261124833249 0.0
-0.190298517409693 0.0239545403263819 0.0
-0.189477071381321 0.0848173927143415 0.0
-0.188498169267764 0.145457136833038 0.0
-0.187240317073097 0.20591341650596 0.0
-0.185565703764874 0.266292252225764 0.0
-0.183364623897309 0.326785290799381 0.0
-0.180670414741232 0.387666749827791 0.0
-0.177504276713176 0.449135172035105 0.0
-0.143458139082097 -0.654604290979026 0.0
-0.141153226981379 -0.59344493884892 0.0
-0.139203528214785 -0.532242043385403 0.0
-0.137563424561077 -0.470998419152662 0.0
-0.136184796963343 -0.409731800486475 0.0
-0.135007984320595 -0.348465163668191 0.0
-0.133967790356244 -0.287219654673559 0.0
-0.133033801141583 -0.22602221882148 0.0
-0.1322044361492 -0.164909806034714 0.0
-0.13146053952869 -0.103917250378352 0.0
-0.130770315791002 -0.0430733008355828 0.0
-0.130090180827435 0.0176042319189428 0.0
-0.12936338406915 0.0781145763594345 0.0
-0.128520491678469 0.138481123513864 0.0
-0.12748680666379 0.198756279732711 0.0
-0.126205084279988 0.259020925971724 0.0
-0.124681694266083 0.319366626344595 0.0
-0.122991244200174 0.379834087921242 0.0
-0.12077307348132 0.440360413596754 0.0
-0.0822432818305382 -0.657979238156971 0.0
-0.0800005950518129 -0.596900070642043 0.0
-0.0781530140401821 -0.535805838920193 0.0
-0.0766151201206116 -0.47470009294302 0.0
-0.0753182579588735 -0.413599675796146 0.0
-0.074200991179219 -0.352525989480938 0.0
-0.0732126294432595 -0.291500585810852 0.0
-0.0723288374572891 -0.230547919027717 0.0
-0.0715416100517466 -0.16969541679665 0.0
-0.0708352248267351 -0.108966422544847 0.0
-0.0701864949000524 -0.048377192678203 0.0
-0.0695658082051033 0.0120659246620829 0.0
-0.068938594003285 0.072368924765485 0.0
-0.0682698986790579 0.132552199674765 0.0
-0.0675355446186196 0.192649923780228 0.0
-0.0667425812869008 0.252706501724218 0.0
-0.0659456442569535 0.312768078145454 0.0
-0.0651805459814155 0.372890053004654 0.0
-0.0643199306051503 0.433298107392299 0.0
-0.0209104062200099 -0.661338441195354 0.0
-0.018756076008697 -0.600306952954988 0.0
-0.0170101794612024 -0.539280023444861 0.0
-0.0155582810101082 -0.478260967611115 0.0
-0.0143206873100598 -0.417264848008058 0.0
-0.0132389951761254 -0.356310731340471 0.0
-0.0122735291329378 -0.295418228170434 0.0
-0.0114058706798068 -0.234607872948687 0.0
-0.0106290309979569 -0.173900202603186 0.0
-0.00993414137869082 -0.113311771500765 0.0
-0.00930974990398559 -0.0528535880889121 0.0
-0.00874350336795428 0.00746991189870755 0.0
-0.00822561057599029 0.0676607775651943 0.0
-0.0077558998024236 0.127726160170908 0.0
-0.00735655387756433 0.187672789035886 0.0
-0.0070897851041609 0.247495881778113 0.0
-0.00706917520156384 0.307160134694639 0.0
-0.00747537926907079 0.366585125429515 0.0
-0.00893284239049171 0.42562136609292 0.0
0.0405697466125027 -0.664498979570121 0.0
0.0426081527982949 -0.603478536703075 0.0
0.0442526325188335 -0.542472367883694 0.0
0.0456337961858679 -0.481483967468665 0.0
0.0468332692325543 -0.420526964222421 0.0
0.0479023076801063 -0.359618261388743 0.0
0.0488701075395126 -0.298775020590155 0.0
0.0497479161432989 -0.238013999362941 0.0
0.0505375251252582 -0.177350517500626 0.0
0.0512390257829113 -0.116795926742218 0.0
0.0518512679255299 -0.0563563833318929 0.0
0.05236970351676 0.00396849845772493 0.0
0.0527822234482364 0.0641869213728563 0.0
0.0530622451630331 0.12431709382583 0.0
0.0531589953933505 0.184389995941122 0.0
0.0529876553033289 0.24445689302745 0.0
0.052418726350056 0.304608973066617 0.0
0.0511950353369806 0.365017818164603 0.0
0.0481597702328996 0.425898933746364 0.0
0.102209775313984 -0.667297121681747 0.0
0.104105889468185 -0.606252649983372 0.0
0.10564958766954 -0.545222601798212 0.0
0.106974038568871 -0.484211921716825 0.0
0.10815425321608 -0.42323372993792 0.0
0.109230559455428 -0.362303263374406 0.0
0.110220946827035 -0.301435245754028 0.0
0.111128043653817 -0.240642865820091 0.0
0.111945887160079 -0.179936809558036 0.0
0.1126642935671 -0.119323252003884 0.0
0.113268421261411 -0.0588023382034497 0.0
0.113735794454331 0.00163416305051963 0.0
0.114031214459776 0.0620059865442469 0.0
0.114099260525118 0.122349543789242 0.0
0.113854608810121 0.182724888068787 0.0
0.113170237482297 0.243227209993064 0.0
0.111852477293686 0.304000415491843 0.0
0.109541733485858 0.36522268898541 0.0
0.106025727440644 0.426868850408369 0.0
0.164004352323765 -0.669602936638929 0.0
0.1657363137587 -0.608504027184737 0.0
0.167181669146884 -0.547411265211941 0.0
0.168462713198453 -0.486332648583469 0.0
0.169640126409267 -0.425281810030832 0.0
0.170739974142268 -0.364272884180854 0.0
0.17176792282123 -0.303318515760359 0.0
0.172716610680238 -0.242429041010975 0.0
0.173570350181929 -0.181611909166484 0.0
0.174306857921338 -0.120870288177985 0.0
0.174895370670596 -0.0602020149222163 0.0
0.175292261089805 0.000401995352849875 0.0
0.175434338440799 0.060959094592107 0.0
0.175229641954874 0.121495872999948 0.0
0.174545788808564 0.18204565314834 0.0
0.173195329845176 0.242639231244577 0.0
0.170916457378574 0.30327477381649 0.0
0.167437265917123 0.363835161890593 0.0
0.163107850988664 0.424119257825128 0.0
0.225932171585801 -0.671326505762495 0.0
0.227485998992553 -0.610148617535174 0.0
0.228838995406876 -0.548961686024652 0.0
0.230090072725116 -0.487778231783595 0.0
0.231279115937913 -0.426613152387861 0.0
0.232415403521071 -0.365479929772791 0.0
0.233491425600542 -0.304389710717569 0.0
0.234488909369296 -0.243351193274718 0.0
0.235381171070327 -0.182370807630462 0.0
0.236132544280985 -0.121452268089188 0.0
0.236694965493689 -0.0605966458003168 0.0
0.237002341969575 0.00019759228020616 0.0
0.236962929543683 0.0609334266604492 0.0
0.236450015376653 0.121612703601124 0.0
0.235291957370319 0.182229594042719 0.0
0.233264987759755 0.242760044455486 0.0
0.230111327049247 0.303147342673011 0.0
0.225675566673901 0.363325299090412 0.0
0.220169405062578 0.423438737352833 0.0
0.287959284192255 -0.672419167425534 0.0
0.289331861777856 -0.611143688622443 0.0
0.290603524389522 -0.549838567078707 0.0
0.291838944344954 -0.488521652118343 0.0
0.293052563763418 -0.427209160262535 0.0
0.294235615652321 -0.365913876393024 0.0
0.295367342970875 -0.304645717885971 0.0
0.296418466559136 -0.243412609050849 0.0
0.297351059050079 -0.182221539576455 0.0
0.298115975105994 -0.12107904041749 0.0
0.298648134427101 -0.0599922332443485 0.0
0.298860072621889 0.00103008937934043 0.0
0.298634079669476 0.061975410536699 0.0
0.297813569862841 0.122824852181655 0.0
0.296195492967727 0.183548931475415 0.0
0.293530299593782 0.244104794098331 0.0
0.28955078786645 0.304443292826839 0.0
0.284055422538687 0.364557816199719 0.0
0.276983405880999 0.424575089500189 0.0
0.350043484970657 -0.672873049540874 0.0
0.351244757445556 -0.611486961866777 0.0
0.352451843572443 -0.550046393170019 0.0
0.353686889641534 -0.488574057696109 0.0
0.354936680758231 -0.427086436551918 0.0
0.356174749094991 -0.365594719137328 0.0
0.357368026987634 -0.304107070015148 0.0
0.358477002708656 -0.242630504135484 0.0
0.359453143031118 -0.181172702728035 0.0
0.360234589092154 -0.119743180514699 0.0
0.360740319510873 -0.0583549706946356 0.0
0.360863004646099 0.00297378041525831 0.0
0.360460806950147 0.0642175519216052 0.0
0.359348789199296 0.125341226779177 0.0
0.357291918108611 0.186297214687259 0.0
0.354005389052567 0.247025488643953 0.0
0.349172547775573 0.307462568726725 0.0
0.342483334076777 0.367569181734465 0.0
0.333668849037458 0.427367875845683 0.0
0.412137985230985 -0.672721481916096 0.0
0.413191876256301 -0.611217359284301 0.0
0.41435621821174 -0.549630236397998 0.0
0.415606178213873 -0.487985391621091 0.0
0.416901645340034 -0.426297229417744 0.0
0.418200491425328 -0.36457352927347 0.0
0.419459203042231 -0.302819319031166 0.0
0.420629449018317 -0.241039537408208 0.0
0.421653231985498 -0.179241389491849 0.0
0.422457074279401 -0.117436024550902 0.0
0.422945138017899 -0.0556407859548269 0.0
0.422991275278286 0.0061185263048641 0.0
0.42243009116323 0.0678045647322478 0.0
0.421047525661567 0.129365142577528 0.0
0.418572454730998 0.190728941809797 0.0
0.41467248159831 0.251803443900671 0.0
0.408957167822108 0.31247803825004 0.0
0.400986628204448 0.372636690989831 0.0
0.390292553396741 0.432184170621193 0.0
0.474195646840583 -0.672042064983098 0.0
0.475139026267488 -0.610418995168834 0.0
0.476285108499676 -0.548680302299943 0.0
0.477563088557872 -0.486849365017521 0.0
0.478909992854839 -0.424935102951084 0.0
0.480271566252366 -0.362939465021706 0.0
0.481596354080861 -0.300862383202245 0.0
0.482828940599713 -0.238704787474688 0.0
0.483903187451438 -0.176471199839671 0.0
0.484735159663361 -0.114171769226688 0.0
0.485215282614693 -0.0518251591295435 0.0
0.485199487924462 0.0105380980287472 0.0
0.484499196627415 0.0728707238878419 0.0
0.482870281306557 0.135102654393273 0.0
0.480001476985506 0.197132725682943 0.0
0.47550278865273 0.258820676957966 0.0
0.468892702399692 0.319980706606297 0.0
0.45958154278661 0.380379158062288 0.0
0.446873204430507 0.439747584298378 0.0
0.536172633876702 -0.67096339473636 0.0
0.537051364174869 -0.609229029157082 0.0
0.538201965252565 -0.547340161470038 0.0
0.539515765766318 -0.485311927403011 0.0
0.540913988496893 -0.423144069512068 0.0
0.54233472634252 -0.36083041127026 0.0
0.543721263508526 -0.298363787580789 0.0
0.545012781699792 -0.235738705799667 0.0
0.546136207922067 -0.172953690855833 0.0
0.54699818790482 -0.110013360081076 0.0
0.547476403771281 -0.0469318085273337 0.0
0.547409759346431 0.016262846299116 0.0
0.546586957981904 0.0795212981207491 0.0
0.544732999266674 0.142762976291336 0.0
0.541492714104777 0.205860811316471 0.0
0.536409490520369 0.268621513596861 0.0
0.528895256815884 0.330759667786558 0.0
0.518188485158763 0.391866174909788 0.0
0.503314290415543 0.451385067485192 0.0
0.598030935002181 -0.669676277232066 0.0
0.598891690286895 -0.607849422994026 0.0
0.600061893983361 -0.545817539441188 0.0
0.601410746730668 -0.483580910875182 0.0
0.602852557992751 -0.421128029578976 0.0
0.604322160293921 -0.358443739959108 0.0
0.605759766379936 -0.295512511180348 0.0
0.607100294902455 -0.232319777348267 0.0
0.608264430465794 -0.16885338886025 0.0
0.609149929657823 -0.105105174995792 0.0
0.609622155814326 -0.0410742019397358 0.0
0.609503129230099 0.0232282921286748 0.0
0.608558172065591 0.0877703873696156 0.0
0.606478797904659 0.152486085184693 0.0
0.602859337195391 0.217252412407929 0.0
0.597163188190402 0.2818528213968 0.0
0.588672878496873 0.345916189011954 0.0
0.576419867819935 0.408818674463684 0.0
0.559094246350222 0.469544133365548 0.0
0.65973838849652 -0.668451348378856 0.0
0.660615047021144 -0.606562411304559 0.0
0.661806007676461 -0.544394300264731 0.0
0.663179090464758 -0.48193188390672 0.0
0.664649358012854 -0.419155456721324 0.0
0.666151194673468 -0.356043185353336 0.0
0.667622626424319 -0.29257107837507 0.0
0.668994454522772 -0.228712446905851 0.0
0.670180966860887 -0.164438143893473 0.0
0.671070615344044 -0.0997170741819803 0.0
0.671515505488013 -0.0345182383129811 0.0
0.671318677892798 0.0311859250081305 0.0
0.670217556202878 0.0974130484409929 0.0
0.667860777365152 0.164159507266787 0.0
0.663773188210363 0.231377880905294 0.0
0.657300422526949 0.298933491285229 0.0
0.647521028999934 0.366513534258889 0.0
0.633118737756651 0.433433340951758 0.0
0.612242708204938 0.498226143810198 0.0
