-0.518000220663136 -0.699842173920442 0.0
0.715208044797542 -0.729043121148409 0.0
-0.430248212814331 0.61237245798111 0.0
0.61237245798111 0.61237245798111 0.0
-0.456856487557091 -0.702121196641836 0.0
0.715641307952617 -0.667492118594178 0.0
0.580984677872275 0.558260587235871 0.0
-0.45155035139101 0.533506275029559 0.0
-0.395735792184533 -0.704251727552218 0.0
0.716582322134508 -0.605573704758102 0.0
0.532862129413573 0.527521068889732 0.0
-0.466322571781359 0.458136141619942 0.0
-0.334682492137133 -0.706499138536814 0.0
0.717824693102029 -0.543267845389265 0.0
0.480792847888466 0.509876926956177 0.0
-0.475986732695062 0.385556645723277 0.0
-0.273680832590152 -0.709021565666965 0.0
0.719249585000957 -0.48056150620418 0.0
0.427545986556699 0.499144406869926 0.0
-0.482515682334273 0.315232469354867 0.0
-0.212688126305711 -0.711873046200904 0.0
0.720776881074173 -0.417438340921054 0.0
0.373717061681168 0.492378835467057 0.0
-0.487108927433291 0.246680145240158 0.0
-0.151642421911432 -0.715016245099475 0.0
0.722342117607517 -0.353874556522454 0.0
0.319491466117431 0.488196915262355 0.0
-0.49048016518982 0.179525068178521 0.0
-0.0904763920291323 -0.71833358630887 0.0
0.723882549827175 -0.289837211984816 0.0
0.264989146950186 0.485906923031522 0.0
-0.493072738927164 0.11348726059481 0.0
-0.0291319219084073 -0.721659824888108 0.0
0.72532671359195 -0.225283159848777 0.0
0.210331197457013 0.485177736723881 0.0
-0.495173482976835 0.0483572831297162 0.0
0.0324290391547913 -0.724817320574183 0.0
0.726584875246296 -0.160158642716615 0.0
0.155662446788943 0.485940199370436 0.0
-0.496974889769957 -0.0160228418416741 0.0
0.0942197455118406 -0.72764309600576 0.0
0.727538913766954 -0.0943984860796982 0.0
0.101312098356856 0.490178348346867 0.0
-0.498612351831849 -0.079771777466537 0.0
0.156228436260147 -0.730005177456005 0.0
0.72803033396355 -0.0279257149271344 0.0
0.045941049587459 0.488698057356743 0.0
-0.500191922022787 -0.142976768705702 0.0
0.218421694195913 -0.731810240471101 0.0
0.727844877425723 0.0393492898776943 0.0
-0.0099555172069377 0.486947509557647 0.0
-0.501832890733361 -0.205697436033175 0.0
0.280748984717283 -0.733005809905955 0.0
0.726690920601543 0.107529323764184 0.0
-0.065190373584687 0.495775664749629 0.0
-0.503950802607666 -0.267969157531678 0.0
0.343147805382075 -0.733580200609583 0.0
0.72416626119115 0.176730716673038 0.0
-0.120607018164527 0.502532579062123 0.0
-0.505125743155337 -0.330143645852733 0.0
0.405547757649026 -0.733562731882758 0.0
0.719702222587996 0.247080031109425 0.0
-0.17516951187513 0.511908661012664 0.0
-0.506579719070213 -0.392242967580014 0.0
0.467875211588067 -0.733025936841243 0.0
0.712462624344871 0.318701569396284 0.0
-0.230724890659947 0.517686862118493 0.0
-0.508800783345353 -0.45407416146989 0.0
0.530058229188145 -0.732090659981745 0.0
0.701150150895751 0.39167195795756 0.0
-0.286979484774517 0.524672685284289 0.0
-0.511080591050145 -0.515704737843711 0.0
0.592032897204077 -0.730934570169895 0.0
0.683618635088626 0.465868307987171 0.0
-0.3408344818103 0.542371990440287 0.0
-0.513478524927487 -0.577184549677454 0.0
0.65375354979087 -0.729805220199399 0.0
0.656110180716691 0.540463036776046 0.0
-0.393211056611732 0.565861842829077 0.0
-0.515691785339536 -0.63854911186433 0.0
-0.454577651983443 -0.640804331823893 0.0
-0.452309009641209 -0.579377295142359 0.0
-0.449929771770939 -0.517796011700486 0.0
-0.4476998913628 -0.456123769263156 0.0
-0.445545865918792 -0.3943613819786 0.0
-0.443999842762788 -0.33233589176297 0.0
-0.442783485958178 -0.26988227663345 0.0
-0.440929180809582 -0.207090045166433 0.0
-0.439333276362467 -0.144032134687273 0.0
-0.437811921811479 -0.0806219537851228 0.0
-0.436261140847916 -0.0167844995426841 0.0
-0.434581462494562 0.0475491501486624 0.0
-0.432650106726245 0.112445151574295 0.0
-0.430299920103108 0.17796185983223 0.0
-0.427296503401633 0.244128584234183 0.0
-0.42331495012584 0.310891548475074 0.0
-0.417941100159953 0.377983407167688 0.0
-0.410818352191841 0.444629090304755 0.0
-0.402431329785384 0.508935206052164 0.0
-0.393428381487437 -0.64290164792802 0.0
-0.391092713183699 -0.581450301888574 0.0
-0.388768408207737 -0.519864002245006 0.0
-0.386590055258819 -0.45812765891522 0.0
-0.384640878821217 -0.396164761006387 0.0
-0.383138953135414 -0.33400723325085 0.0
-0.381779624288152 -0.27167808755438 0.0
-0.380190669899858 -0.209039526191326 0.0
-0.378744737385987 -0.146143801597421 0.0
-0.37737245642117 -0.0829830332085151 0.0
-0.376001823720987 -0.0195498530922066 0.0
-0.374556073419935 0.0441468715519337 0.0
-0.372942500795898 0.108067704528771 0.0
-0.371043576609089 0.17212077336051 0.0
-0.368712385962236 0.236126462673258 0.0
-0.365778596869349 0.299770782676163 0.0
-0.362077641967794 0.362567805170442 0.0
-0.357510152601939 0.42391548577707 0.0
-0.351743355749575 0.483440399740585 0.0
-0.332294665201898 -0.645175563587089 0.0
-0.329924967274422 -0.583748378328532 0.0
-0.32766524113874 -0.522187124194574 0.0
-0.325612535213378 -0.460467228979099 0.0
-0.323835650560051 -0.398581108512235 0.0
-0.322376311429465 -0.336567445484663 0.0
-0.32103225153015 -0.274407926074974 0.0
-0.319650093850828 -0.212053592848149 0.0
-0.318383056624343 -0.149547330821389 0.0
-0.317200662259553 -0.0869210710046407 0.0
-0.316054264540651 -0.0242187132246542 0.0
-0.314887426122083 0.0384914798687125 0.0
-0.313631184869536 0.101106398602653 0.0
-0.31219753009037 0.163479639579409 0.0
-0.310472205438878 0.225419339277557 0.0
-0.308307548222206 0.286705759558682 0.0
-0.305523263804269 0.347143815349416 0.0
-0.30192783242955 0.406650012321887 0.0
-0.297693791191494 0.465393992000692 0.0
-0.2711829679871 -0.647749674541034 0.0
-0.268806833470705 -0.586390626100085 0.0
-0.266634665778932 -0.524919102059924 0.0
-0.264717904824813 -0.463326645955738 0.0
-0.263079394824185 -0.401624461206535 0.0
-0.261694742955666 -0.339836286341022 0.0
-0.260433610574742 -0.277961302134237 0.0
-0.259224726319633 -0.215999784595289 0.0
-0.258128119453064 -0.153999004036824 0.0
-0.257124737657184 -0.0920099319461102 0.0
-0.25617689611779 -0.0300937614515483 0.0
-0.25523502604532 0.0316755603473169 0.0
-0.254232356477583 0.0932139638694848 0.0
-0.253075721618637 0.154437897519631 0.0
-0.251634958518114 0.215285321698871 0.0
-0.249737233575324 0.275750763956598 0.0
-0.247183207750998 0.33593038776675 0.0
-0.24385450642483 0.396074617767861 0.0
-0.240234533946239 0.456592876005465 0.0
-0.210076192522749 -0.650667925245728 0.0
-0.20771672933034 -0.589405267402886 0.0
-0.20564179528466 -0.528063782362612 0.0
-0.203853614564991 -0.466643006794723 0.0
-0.202335304173281 -0.405158964342156 0.0
-0.201037338331974 -0.343634301364017 0.0
-0.199871777924102 -0.282083358370504 0.0
-0.198797664422743 -0.220527959987015 0.0
-0.197833064150102 -0.159013494059525 0.0
-0.196959770892308 -0.0975877520488111 0.0
-0.196143085809287 -0.0362992134990928 0.0
-0.19533411159459 0.0248071823785029 0.0
-0.19446518253624 0.0856984729505346 0.0
-0.193443966954338 0.146367461919179 0.0
-0.192150842081165 0.206850423219226 0.0
-0.190448223830149 0.267248209422913 0.0
-0.188221501043802 0.327745737850741 0.0
-0.185488345979886 0.388611022469392 0.0
-0.182255643796169 0.45004687453232 0.0
-0.148938241913284 -0.653877131459186 0.0
-0.146616690041988 -0.592713063671449 0.0
-0.144641921446722 -0.531503889418848 0.0
-0.142969667207839 -0.470252389342349 0.0
-0.14155299551517 -0.408976079625568 0.0
-0.140333322810653 -0.347697641941113 0.0
-0.139246460758054 -0.286437929503352 0.0
-0.13826278725469 -0.225223592989966 0.0
-0.137381358485771 -0.164091328371012 0.0
-0.136583819793127 -0.103075919120774 0.0
-0.135839333993953 -0.0422063737378818 0.0
-0.135105412769812 0.0184988022935552 0.0
-0.134326449123592 0.0790375785986972 0.0
-0.133433908008361 0.139431441154916 0.0
-0.132353000775271 0.199730318260195 0.0
-0.131023826331135 0.260012534190975 0.0
-0.129445203597444 0.320368521814694 0.0
-0.127680509535546 0.380842691668965 0.0
-0.125378321081446 0.44138083056089 0.0
-0.0877252341779755 -0.657245809659105 0.0
-0.0854645970479555 -0.596160805518799 0.0
-0.083590144136946 -0.53505875072468 0.0
-0.0820183038038743 -0.47394319047443 0.0
-0.0806818211665872 -0.4128308066353 0.0
-0.0795203566334529 -0.351742789254067 0.0
-0.0784840955111231 -0.29070049681483 0.0
-0.0775493437904289 -0.229728230991552 0.0
-0.0767086037682852 -0.168853356178809 0.0
-0.0759466993882146 -0.10809933422511 0.0
-0.0752410104074755 -0.047482771087808 0.0
-0.0745624336965175 0.0129893727189921 0.0
-0.073876668649273 0.073322216838785 0.0
-0.0731484072008349 0.133535079238512 0.0
-0.0723517773588347 0.193661052485449 0.0
-0.0714897928463566 0.253743862237386 0.0
-0.0706105458947102 0.313829988450273 0.0
-0.0697456742324085 0.373975709719896 0.0
-0.0687797209916714 0.434402083564321 0.0
-0.0263964675819944 -0.660600711243033 0.0
-0.0242223846184741 -0.599562867506428 0.0
-0.0224477280609359 -0.538527337737422 0.0
-0.0209602395313655 -0.477497471011443 0.0
-0.019681711770722 -0.416488226207552 0.0
-0.0185547657394606 -0.355518522951097 0.0
-0.0175404286148854 -0.294607839970419 0.0
-0.016620728796374 -0.233776619274062 0.0
-0.0157889692681869 -0.173045375232684 0.0
-0.0150365077314331 -0.112430746458608 0.0
-0.0143520131472012 -0.0519439303742744 0.0
-0.0137230287958221 0.00841038298013867 0.0
-0.0131392025052881 0.0686340235083257 0.0
-0.01259892906986 0.128734173741001 0.0
-0.0121214629782851 0.188718268884361 0.0
-0.0117640059914907 0.248583659063357 0.0
-0.0116334690783606 0.30829960723986 0.0
-0.0119047414726871 0.367793179882406 0.0
-0.0131901490852432 0.426925199976298 0.0
0.0350769651749968 -0.663761895277157 0.0
0.037137443092787 -0.602735150875532 0.0
0.0388126701114788 -0.541720340843276 0.0
0.0402309445858001 -0.480721012972853 0.0
0.0414724551111501 -0.419750722440076 0.0
0.042587590680289 -0.358826256488436 0.0
0.0436050569664112 -0.297964670618147 0.0
0.0445358783209672 -0.237182651056966 0.0
0.0453818008874176 -0.176495504672726 0.0
0.0461430035526945 -0.115914651873034 0.0
0.0468186069898267 -0.0554464050204794 0.0
0.0474046396999617 0.00490938193182033 0.0
0.0478900828239487 0.0651605973678926 0.0
0.0482502593931821 0.125325064285046 0.0
0.0484374221241345 0.185433257364042 0.0
0.0483708733854683 0.245535544214712 0.0
0.0479254888397045 0.305720862954227 0.0
0.0468491932869006 0.36615500506367 0.0
0.0440169580997335 0.427046159268796 0.0
0.0967076415712725 -0.666568017382362 0.0
0.0986286329001392 -0.605517780695584 0.0
0.100205157703796 -0.544479681569351 0.0
0.101568137866396 -0.483458704599651 0.0
0.102791327147044 -0.42246789531702 0.0
0.103914417188283 -0.361522382648446 0.0
0.104955153110153 -0.300636800123242 0.0
0.10591618505031 -0.239824293502492 0.0
0.106791766757087 -0.179095581966545 0.0
0.107572113370852 -0.118456984681284 0.0
0.108243027298982 -0.0579089417953471 0.0
0.108783048806656 0.00255627414915387 0.0
0.109158559933633 0.0629575963354964 0.0
0.109316526396443 0.123330199455853 0.0
0.109175005492891 0.183732251375142 0.0
0.108611291991761 0.244256082200895 0.0
0.107436805436812 0.305041415028545 0.0
0.105299828180608 0.366261996453039 0.0
0.101986651194062 0.427896876729342 0.0
0.158490525426972 -0.668890839069677 0.0
0.160250567628492 -0.607787080356664 0.0
0.161730881097923 -0.546687364887032 0.0
0.163051772469929 -0.485599678485136 0.0
0.164272964659682 -0.424537548246312 0.0
0.165420182043905 -0.363514989486184 0.0
0.166499125414024 -0.302544560505425 0.0
0.167502726226475 -0.241636570820761 0.0
0.168415806771559 -0.180798527925653 0.0
0.169216832264422 -0.120033772023615 0.0
0.169876114702474 -0.0593404563582494 0.0
0.170351576709584 0.00129001737869795 0.0
0.170582255465365 0.0618743430515524 0.0
0.170479324540529 0.122438353210145 0.0
0.169914601946674 0.183014754365784 0.0
0.168705883537867 0.243634463867688 0.0
0.16659747914492 0.304297886440971 0.0
0.163321905738024 0.364895027037014 0.0
0.15921384141696 0.425232038681504 0.0
0.220404850182466 -0.670641463557536 0.0
0.221990218276704 -0.609459927886191 0.0
0.22338028197588 -0.548267528464164 0.0
0.224672404297926 -0.487076680714486 0.0
0.225905915901833 -0.425902117429817 0.0
0.227090100237281 -0.364757167536204 0.0
0.228217786766596 -0.303652867567015 0.0
0.229271290141892 -0.242597859053124 0.0
0.230224756579491 -0.18159857527462 0.0
0.231043647315845 -0.120658794932716 0.0
0.231681432678303 -0.059779703564739 0.0
0.23207411296017 0.00104010881096568 0.0
0.232132774051256 0.0618035923793025 0.0
0.231734423023151 0.122512859463699 0.0
0.230712053536373 0.183162981324546 0.0
0.228847208962157 0.243731877346975 0.0
0.225887068132496 0.304166111700682 0.0
0.221676574058553 0.364402118296393 0.0
0.216410605079861 0.424577980213358 0.0
0.282417370688237 -0.671771657030496 0.0
0.283825016609861 -0.610493947819336 0.0
0.285135727565444 -0.549185135260438 0.0
0.286413227097806 -0.487862836065369 0.0
0.287671883175094 -0.426543025659354 0.0
0.288903307537346 -0.365238287587022 0.0
0.290087395499503 -0.30395838131103 0.0
0.291195753165341 -0.242711103346707 0.0
0.292191603722657 -0.181503327178153 0.0
0.293027298298068 -0.120341453500598 0.0
0.293639715149795 -0.0592324180608407 0.0
0.293943948565981 0.00181529804567119 0.0
0.29382557963731 0.0627897248757248 0.0
0.293132124313335 0.123672915978999 0.0
0.291665390860909 0.184436851218486 0.0
0.289181116716552 0.24504068675344 0.0
0.285416690129689 0.305437334694689 0.0
0.280170904867512 0.365620311252601 0.0
0.273373409618547 0.425710184918475 0.0
0.344486665646371 -0.672273455036582 0.0
0.345726375968567 -0.610886723563852 0.0
0.346974238021634 -0.549444467900588 0.0
0.3482521798636 -0.487969029817679 0.0
0.349547432203119 -0.426476580708237 0.0
0.350834277886289 -0.364978068464571 0.0
0.35208060020748 -0.30348145272464 0.0
0.353248053562646 -0.241993541424666 0.0
0.354289555164107 -0.180521767557455 0.0
0.355145081240526 -0.11907531291299 0.0
0.355735949194306 -0.0576667386304739 0.0
0.355957796484367 0.00368649087891891 0.0
0.355672488317864 0.0649598332435112 0.0
0.354699584408749 0.12611953753393 0.0
0.352809298937097 0.187119831161634 0.0
0.349722546614722 0.247902924400327 0.0
0.345127892755735 0.308407659659038 0.0
0.338717643681289 0.368595949947995 0.0
0.330218718331915 0.428487969682701 0.0
0.406566735054242 -0.67217959853348 0.0
0.407662028610474 -0.610676556193026 0.0
0.408868499693146 -0.549089938961304 0.0
0.410161909576239 -0.487444539261288 0.0
0.411503105397997 -0.425754424474313 0.0
0.412851049025561 -0.364027128473608 0.0
0.41416344344942 -0.302267455934338 0.0
0.415393375631852 -0.240480084360225 0.0
0.41648457194674 -0.17867186459975 0.0
0.417365702368795 -0.116853441224276 0.0
0.417943625696162 -0.0550414350967023 0.0
0.418095563546818 0.00673937634247788 0.0
0.417660271415854 0.0684530664511428 0.0
0.416428693165884 0.130049378118598 0.0
0.414135554611958 0.191459541587327 0.0
0.410454949525719 0.252594268970788 0.0
0.405002914527979 0.313346705296976 0.0
0.397344672861918 0.373604355085496 0.0
0.387013192939908 0.433273326956312 0.0
0.468611165721568 -0.671566544034922 0.0
0.46959826787782 -0.609946369950135 0.0
0.470787375455926 -0.548210528148224 0.0
0.472109094983351 -0.486381876300019 0.0
0.473501861973665 -0.424469042847097 0.0
0.47491279080345 -0.36247378437176 0.0
0.476291863970337 -0.300395839951659 0.0
0.477585303928605 -0.238235871880835 0.0
0.478728946121411 -0.175997993395092 0.0
0.479641300441467 -0.113691731154722 0.0
0.480215843949562 -0.0513348221983277 0.0
0.480312300646337 0.0110435510664613 0.0
0.479746749162176 0.0733980409734958 0.0
0.478280687793933 0.135661294830006 0.0
0.475609492126074 0.197735875182051 0.0
0.47135075030529 0.259486481557371 0.0
0.465031207001664 0.320733584425206 0.0
0.456069635646515 0.38125085649674 0.0
0.443776879302755 0.440776959886955 0.0
0.530576715735182 -0.670561029164516 0.0
0.531500657898696 -0.608831370298874 0.0
0.53269471863156 -0.546947798549183 0.0
0.534052346922883 -0.484925026386369 0.0
0.535496508852619 -0.422762640857131 0.0
0.53696686789892 -0.360454387705814 0.0
0.538408319536498 -0.297992994954698 0.0
0.539761876803913 -0.235372760445603 0.0
0.540956676781323 -0.172591828032135 0.0
0.541902105297937 -0.109654178155338 0.0
0.542479265032805 -0.0465728952653983 0.0
0.542531314644513 0.0166254586955119 0.0
0.541852204010477 0.0798939265856864 0.0
0.540173329825119 0.14315543306459 0.0
0.537147215689439 0.206288027855123 0.0
0.532326351189915 0.269105763441467 0.0
0.525133252018411 0.331333465927213 0.0
0.514818467820947 0.392575830822903 0.0
0.500419693280593 0.452294104373617 0.0
0.592425776794046 -0.669351008278345 0.0
0.59333234434856 -0.607530496563483 0.0
0.594546091715259 -0.545506396565519 0.0
0.595938796146376 -0.48327882727433 0.0
0.597426685586019 -0.420836322432166 0.0
0.598946286632807 -0.358163800017857 0.0
0.600439562181082 -0.295245755514753 0.0
0.601843444078545 -0.232067549463666 0.0
0.603081068936849 -0.168616801102795 0.0
0.604053252260872 -0.104884867695682 0.0
0.604629197104957 -0.0408699724550371 0.0
0.604635736891192 0.0234180651840541 0.0
0.603844205648914 0.0879496427107323 0.0
0.601953604894043 0.152662485644193 0.0
0.598567571998251 0.217439552818179 0.0
0.593161034943829 0.282073694819785 0.0
0.585030632758222 0.346208599666678 0.0
0.57322441428038 0.409243446347382 0.0
0.55644980237677 0.47019623971117 0.0
0.654126391031375 -0.668202815098302 0.0
0.655048762789655 -0.606321470163763 0.0
0.656283251019335 -0.544163743999648 0.0
0.657700319838992 -0.4817146300058 0.0
0.659216985475635 -0.418954622883167 0.0
0.660769401218358 -0.355862094600437 0.0
0.662297473377001 -0.292413243057346 0.0
0.663734211797466 -0.228581532120711 0.0
0.664996632450484 -0.164337893184729 0.0
0.665976629373629 -0.0996511686852919 0.0
0.666530684083651 -0.0344900436510473 0.0
0.666467421258516 0.0311737973736087 0.0
0.665531431078359 0.0973594908792595 0.0
0.663380651503722 0.164066201925409 0.0
0.659552205974381 0.231251552240119 0.0
0.65340823063646 0.298789978866918 0.0
0.644049565755845 0.366385402909468 0.0
0.63018876056034 0.43338425905426 0.0
0.610005684270554 0.498376686159768 0.0
