-0.533954936525377 -0.697660806057553 0.0
0.698861833462217 -0.729089147287853 0.0
-0.44798721075058 0.61237245798111 0.0
0.61237245798111 0.61237245798111 0.0
-0.472811549489444 -0.700031319358098 0.0
0.699468047496939 -0.667547710122426 0.0
0.577233924437339 0.559822623517124 0.0
-0.467609080805279 0.533635784689025 0.0
-0.411688811477236 -0.702246092289014 0.0
0.700571353941486 -0.605650186030644 0.0
0.527499973897714 0.530162997039035 0.0
-0.481415715627143 0.458595689681304 0.0
-0.350629900868459 -0.704570181784543 0.0
0.701975177127981 -0.543376494003621 0.0
0.474426516699084 0.512880331228628 0.0
-0.490562521659026 0.386364735944003 0.0
-0.289619883199814 -0.707154191839065 0.0
0.703566616804468 -0.480713600616689 0.0
0.42035424684634 0.502214366216999 0.0
-0.496837165456569 0.31634753743061 0.0
-0.228618508331316 -0.710050231603521 0.0
0.705270113423245 -0.417645439283563 0.0
0.365795018080653 0.495432836147217 0.0
-0.501336631199511 0.248049963977618 0.0
-0.16756696335576 -0.713224180416373 0.0
0.70702553015195 -0.354148839631548 0.0
0.310910954934141 0.491213709096067 0.0
-0.504715362045865 0.181100494346831 0.0
-0.10640100624139 -0.716565201329362 0.0
0.708774942140717 -0.290191815164284 0.0
0.25580646926708 0.488880110392107 0.0
-0.507380151987116 0.115225554792907 0.0
-0.0450649200846115 -0.719916316320207 0.0
0.710452783496005 -0.225732456497057 0.0
0.200588187618703 0.488099473958318 0.0
-0.509594124622512 0.0502223576702192 0.0
0.0164780369614642 -0.723107946415104 0.0
0.711976870294096 -0.160718449597756 0.0
0.145386090280501 0.488803120041258 0.0
-0.511533773777007 -0.014061074742249 0.0
0.0782410092286848 -0.725983906257777 0.0
0.713238931818321 -0.0950861530720371 0.0
0.0904714910766132 0.492620473299083 0.0
-0.513323294585065 -0.0777382552483131 0.0
0.14021320206541 -0.728417308051153 0.0
0.714093444223531 -0.0287600354145992 0.0
0.0346748453265281 0.491530591534449 0.0
-0.515060528224741 -0.14089208026284 0.0
0.202362997516338 -0.730318169066556 0.0
0.714343396596395 0.0383484648248856 0.0
-0.0216536281036911 0.490408567056717 0.0
-0.51685805386065 -0.203578443493839 0.0
0.264642227416964 -0.73163576235898 0.0
0.713720476785585 0.106342009930473 0.0
-0.0774166208571541 0.498546069937201 0.0
-0.519116181241562 -0.265829122501029 0.0
0.326991094301419 -0.732358739473151 0.0
0.711854859995076 0.175338801666869 0.0
-0.133226237076398 0.50512494750179 0.0
-0.520438186563529 -0.327984598285048 0.0
0.389342069516447 -0.732515429082183 0.0
0.708224629580978 0.245471669542377 0.0
-0.188254533813646 0.514155529236516 0.0
-0.522033873556949 -0.390070355840623 0.0
0.451624414608546 -0.732175948483155 0.0
0.702064477307112 0.316881277292519 0.0
-0.244172642904756 0.520150052513929 0.0
-0.524378267077839 -0.451898291451952 0.0
0.513768940632193 -0.731456976299413 0.0
0.692189987657809 0.389685190017315 0.0
-0.300766935197196 0.527481105914752 0.0
-0.526765395519388 -0.513527799664293 0.0
0.57571409145549 -0.730529684943988 0.0
0.67664190629444 0.463865036134032 0.0
-0.355260007892829 0.544454484730906 0.0
-0.529260715211583 -0.575006079812775 0.0
0.637415753768322 -0.729631859123881 0.0
0.65197145128684 0.53887167132394 0.0
-0.408322225896755 0.56734461062067 0.0
-0.531561420388781 -0.636369811223207 0.0
-0.470447697543903 -0.638717672134563 0.0
-0.468092906294161 -0.577293565347255 0.0
-0.465617003068601 -0.515716899799607 0.0
-0.463277737270818 -0.454050434944283 0.0
-0.461003084453947 -0.392295247842834 0.0
-0.459320714808117 -0.330285758915147 0.0
-0.457950726801697 -0.267856963772043 0.0
-0.455943102758208 -0.205094486679464 0.0
-0.454186844973066 -0.142075804952463 0.0
-0.452503856096658 -0.0787169097889893 0.0
-0.450796376538306 -0.0149451878165802 0.0
-0.448972769235831 0.0493061023653123 0.0
-0.446920799750965 0.11410137743581 0.0
-0.44448793023345 0.179498382948599 0.0
-0.441460226985928 0.245528594084052 0.0
-0.437541012846846 0.312146905948261 0.0
-0.432351992855866 0.37910913597994 0.0
-0.42556782840151 0.445692175256081 0.0
-0.417632766848199 0.510094077086802 0.0
-0.409299244756166 -0.640900618195962 0.0
-0.406877463435962 -0.579454272941553 0.0
-0.404455160999782 -0.517873583877566 0.0
-0.402165067954391 -0.456144356663659 0.0
-0.400089474445698 -0.394192145377064 0.0
-0.398445119186626 -0.332048645868285 0.0
-0.396931008018142 -0.269736333257905 0.0
-0.395182265634106 -0.207120855927936 0.0
-0.393570192711846 -0.144253548641504 0.0
-0.392029738606594 -0.0811268202364788 0.0
-0.390494257382842 -0.0177330339208788 0.0
-0.388893625179561 0.0459202845961133 0.0
-0.387143535215878 0.109796819802826 0.0
-0.385136943769756 0.173810715702689 0.0
-0.382739327174943 0.237792812072737 0.0
-0.379793108871242 0.301445354453563 0.0
-0.376142312394598 0.364302748664346 0.0
-0.371680541877744 0.425773868632116 0.0
-0.365993542043517 0.485439492924319 0.0
-0.348164073998987 -0.643250043561656 0.0
-0.345708394100672 -0.581825804957503 0.0
-0.343348313560857 -0.520267483275489 0.0
-0.341179349876635 -0.458551265651075 0.0
-0.339270172030562 -0.396669797998046 0.0
-0.337663327981491 -0.334661241729419 0.0
-0.3361599902061 -0.272507629663276 0.0
-0.33461102938933 -0.210160462935938 0.0
-0.333170476842737 -0.14766103179911 0.0
-0.331811273880133 -0.0850396654407431 0.0
-0.330489058892319 -0.0223378373984434 0.0
-0.329152506188928 0.0403798432912557 0.0
-0.327738704416028 0.103015457261568 0.0
-0.326166608777291 0.165429396551901 0.0
-0.324329505659306 0.227437565519594 0.0
-0.322086679742857 0.288826844130801 0.0
-0.319259618725297 0.349403292256395 0.0
-0.315631884223391 0.409073941739757 0.0
-0.311266662400837 0.468000891904063 0.0
-0.287049385414052 -0.64588293815583 0.0
-0.284587113400525 -0.584522615405803 0.0
-0.2823113216598 -0.523048497215885 0.0
-0.280273235072138 -0.461452356374953 0.0
-0.278496664977148 -0.399745103663454 0.0
-0.276958997268556 -0.337949877949784 0.0
-0.275532991098133 -0.276065393068995 0.0
-0.274150372398265 -0.214091076198717 0.0
-0.272872738668189 -0.152072263294957 0.0
-0.271683934057871 -0.0900578423574244 0.0
-0.270549901326384 -0.0281066295979268 0.0
-0.269425478848002 0.033709920754632 0.0
-0.26824930242912 0.0953097975931802 0.0
-0.266934823188217 0.156609986446394 0.0
-0.265359570198785 0.217545672512277 0.0
-0.263357713228412 0.278102842731834 0.0
-0.260728666228675 0.338360798972385 0.0
-0.25732395938977 0.398544677007981 0.0
-0.253511198235822 0.459035514351351 0.0
-0.225939419948289 -0.648842447932734 0.0
-0.223493096086801 -0.587573477327888 0.0
-0.221310770146422 -0.526222705134702 0.0
-0.219396098768976 -0.464789679479508 0.0
-0.217734192224992 -0.403289926557618 0.0
-0.216277888188447 -0.34174532313086 0.0
-0.214942078290276 -0.280169397422463 0.0
-0.213688271762757 -0.218582884641203 0.0
-0.212536388168566 -0.157029703720536 0.0
-0.211470862000463 -0.0955564239767321 0.0
-0.210460295453189 -0.0342107973829786 0.0
-0.209459844073588 0.0269619947451118 0.0
-0.208406763087832 0.0879270455548351 0.0
-0.207214371757346 0.148672545636435 0.0
-0.20576843294531 0.209226400534525 0.0
-0.203933145751881 0.269676467643658 0.0
-0.201583937972676 0.33019043229647 0.0
-0.198702942365023 0.391019450044046 0.0
-0.195264711404461 0.452373798609312 0.0
-0.16479992031121 -0.652079446323857 0.0
-0.162389961590435 -0.590904429768149 0.0
-0.160303723082855 -0.529679761522789 0.0
-0.15850001249667 -0.468408211986824 0.0
-0.156934775872061 -0.407106808382113 0.0
-0.155552144474476 -0.345797537948036 0.0
-0.154290545721785 -0.284500542752273 0.0
-0.153122519577317 -0.223241713293107 0.0
-0.152048961288844 -0.162057052868273 0.0
-0.151053795683521 -0.1009811616 0.0
-0.150108888850392 -0.0400436406946912 0.0
-0.149174840086094 0.0207353142907991 0.0
-0.148199315224142 0.0813505470429512 0.0
-0.147116564244485 0.141818751483032 0.0
-0.145852360248663 0.202183541672459 0.0
-0.144341435079444 0.262516561971381 0.0
-0.142565688672682 0.32290477904771 0.0
-0.140562868614666 0.383400693388589 0.0
-0.138008151951577 0.443970820479574 0.0
-0.1035889839989 -0.655469718198488 0.0
-0.101237312517469 -0.594370337284519 0.0
-0.0992470673003105 -0.53324811639946 0.0
-0.0975391559447408 -0.472106690367639 0.0
-0.0960498424860693 -0.410962401937336 0.0
-0.0947216305887023 -0.349835948340161 0.0
-0.0935070532337481 -0.288748216076644 0.0
-0.0923842322758966 -0.227723106886394 0.0
-0.0913471919390852 -0.166787793202653 0.0
-0.0903824016292846 -0.105966007125582 0.0
-0.089468966330214 -0.0452752168439044 0.0
-0.0885794051161038 0.0152760760097261 0.0
-0.0876805121896474 0.07569076035396 0.0
-0.0867366392153411 0.135985384834639 0.0
-0.0857184496482134 0.196190193358844 0.0
-0.0846199750765933 0.256346975847677 0.0
-0.0834743974152191 0.316502683357541 0.0
-0.0823045623686364 0.376715342913824 0.0
-0.0810250408792945 0.437193469937374 0.0
-0.042267586801342 -0.658848469559429 0.0
-0.039998551392169 -0.597794347931949 0.0
-0.0381035092534268 -0.536735938435246 0.0
-0.0364756764355325 -0.475676805272683 0.0
-0.035040690055057 -0.414631726929931 0.0
-0.0337439094342551 -0.353619300509551 0.0
-0.0325483288577712 -0.292658695462268 0.0
-0.0314373332478324 -0.231770124129676 0.0
-0.0304052180000027 -0.17097404213116 0.0
-0.0294441896722531 -0.110287309720158 0.0
-0.0285435271860026 -0.0497216301398144 0.0
-0.0276908621430908 0.0107176043479761 0.0
-0.0268748573612211 0.0710315594005408 0.0
-0.0260908672870942 0.131227301046394 0.0
-0.0253515773831115 0.191313705099947 0.0
-0.0247027038229757 0.251292922189188 0.0
-0.0242358359080983 0.311144821077528 0.0
-0.0241127101893455 0.370814115107767 0.0
-0.024913783017522 0.430186666691517 0.0
0.0191921571658917 -0.662043757031285 0.0
0.0213529023051343 -0.601000326368932 0.0
0.0231534276198781 -0.539961856053724 0.0
0.0247160535570886 -0.478932182823114 0.0
0.026117142004765 -0.417924772936607 0.0
0.027404668912313 -0.356956180824208 0.0
0.0286058624493832 -0.296043230128413 0.0
0.0297309301675754 -0.235202449247444 0.0
0.0307812362770136 -0.174449133852497 0.0
0.0317569005409068 -0.113794910619072 0.0
0.032657427599997 -0.0532465383867736 0.0
0.0334799671468641 0.00719544356333273 0.0
0.0342158553070092 0.0675380109081022 0.0
0.034844721142052 0.127797842546674 0.0
0.0353257913009585 0.188003903826557 0.0
0.0355879129865673 0.248204013471297 0.0
0.0355160119982188 0.308481172073302 0.0
0.0348700782736689 0.368986547697199 0.0
0.0326047618918022 0.429910521203557 0.0
0.0808026233682373 -0.664900836689875 0.0
0.0828305554895327 -0.603834788175465 0.0
0.0845376091900964 -0.542773938002345 0.0
0.0860487402326606 -0.481723543725874 0.0
0.0874342326652541 -0.420696570138001 0.0
0.0887318878126884 -0.359707941221028 0.0
0.0899585582456896 -0.298772106581863 0.0
0.0911166771562683 -0.237902135089492 0.0
0.09220077275503 -0.177108860075504 0.0
0.0932017924953516 -0.116399002246996 0.0
0.0941068815408076 -0.0557737973031646 0.0
0.0948968421972108 0.00477314161044297 0.0
0.0955417022512017 0.0652586287239515 0.0
0.0959940324841291 0.12571458010804 0.0
0.0961798891274951 0.186194197036713 0.0
0.0959867738325824 0.24678224844267 0.0
0.0952380977303156 0.307607296891946 0.0
0.0936009127302012 0.368830746989593 0.0
0.0908551753823853 0.430439855100987 0.0
0.142559367825832 -0.66729633159027 0.0
0.144434190583839 -0.606178660372408 0.0
0.146050494890102 -0.545058480585392 0.0
0.147523139592001 -0.483943926386447 0.0
0.148909054564843 -0.422848367642839 0.0
0.150232772808028 -0.361785585838587 0.0
0.1514997806703 -0.300767964407983 0.0
0.152703466484452 -0.239805776405415 0.0
0.153829667507593 -0.178906704075435 0.0
0.154858474933001 -0.118074553462353 0.0
0.15576265521379 -0.0573083162508385 0.0
0.156503780422468 0.00339932178111415 0.0
0.157026231710475 0.0640633065456439 0.0
0.15724878024309 0.124707412862877 0.0
0.157053481366682 0.185362537488663 0.0
0.156270939945347 0.246059460330519 0.0
0.154660350960557 0.306803511558684 0.0
0.151964122312372 0.367501616481896 0.0
0.148472905183245 0.427977172731685 0.0
0.204442860969365 -0.669144488126312 0.0
0.206151677379473 -0.607951727131124 0.0
0.207683244463344 -0.546742220150997 0.0
0.209130476581027 -0.485528288978821 0.0
0.210530870149145 -0.424324350379981 0.0
0.21189335892468 -0.363143405083879 0.0
0.213211311617731 -0.301996245797999 0.0
0.214468237354872 -0.240891392919186 0.0
0.215640110674926 -0.17983530334716 0.0
0.216694992662159 -0.118831933816673 0.0
0.217589998499482 -0.0578827793906967 0.0
0.218266204780732 0.00301322453881449 0.0
0.218641653921773 0.0638588876311182 0.0
0.218602578181245 0.124656876206089 0.0
0.217993533733347 0.185404331732114 0.0
0.216609333536175 0.246083845125906 0.0
0.214209324399028 0.306649845835477 0.0
0.210637851216243 0.367044855788304 0.0
0.206043780908435 0.427388782854873 0.0
0.266421533854552 -0.670398682646356 0.0
0.267961654936882 -0.609113044810921 0.0
0.269419162638563 -0.547791302063542 0.0
0.270854769028563 -0.486450633688791 0.0
0.272282184564648 -0.425106485960004 0.0
0.273693597683558 -0.363770974793998 0.0
0.275070225443202 -0.302453479397163 0.0
0.27638562073607 -0.241161478161785 0.0
0.277605654969518 -0.179901546875247 0.0
0.278686234392415 -0.118679748191187 0.0
0.279568998113465 -0.0575025392222405 0.0
0.280175365023489 0.00362238715862412 0.0
0.280399151824734 0.0646844246217194 0.0
0.280098235542927 0.125667926478216 0.0
0.279086782396506 0.186548460785601 0.0
0.277133998534065 0.247290078666781 0.0
0.273988727515085 0.30785054669769 0.0
0.269449617888777 0.368222887755053 0.0
0.263419916193143 0.428510496174558 0.0
0.328455869929854 -0.671051223997993 0.0
0.329836863921148 -0.609660362377494 0.0
0.33123626686265 -0.548210014765883 0.0
0.332674800885093 -0.486721695571319 0.0
0.334140340531785 -0.425210844598649 0.0
0.335608680029391 -0.363687817589784 0.0
0.337049777288252 -0.30216005399557 0.0
0.338427947743992 -0.240633820833101 0.0
0.339699529270503 -0.179115893383606 0.0
0.340808938721726 -0.1176145715496 0.0
0.341683267037513 -0.056141176571266 0.0
0.342225592019367 0.0052885976215968 0.0
0.342307182274426 0.0666527188844418 0.0
0.341759140972694 0.127920900878627 0.0
0.340365270348022 0.18905192526903 0.0
0.337861368399142 0.249993506353264 0.0
0.333949543909199 0.310689950434979 0.0
0.328328018535715 0.371105268716936 0.0
0.320712007976436 0.431252035362888 0.0
0.390501811781487 -0.67113386084678 0.0
0.391746332653063 -0.609630923062519 0.0
0.393108209928563 -0.54804162580559 0.0
0.394564056582634 -0.486389598510687 0.0
0.396076669220468 -0.424688074398433 0.0
0.397607382889528 -0.362943959623109 0.0
0.399116648782054 -0.301161468814942 0.0
0.400560859477853 -0.239344575349482 0.0
0.401887870857687 -0.177499173463407 0.0
0.40303161787463 -0.115634554246418 0.0
0.403905695841364 -0.0537654201042926 0.0
0.404395876810263 0.00808613833281092 0.0
0.404351592389543 0.069887889138863 0.0
0.403576819140655 0.131594541038809 0.0
0.401821696301761 0.193143807278095 0.0
0.398777609293015 0.254454497479157 0.0
0.39407805613229 0.31542895492225 0.0
0.387302253431585 0.375962935967912 0.0
0.377986321767514 0.43596450514447 0.0
0.452514750968183 -0.670720647390234 0.0
0.453657511756706 -0.609105153486221 0.0
0.455004770550267 -0.547372542038105 0.0
0.456490103482093 -0.485544364635628 0.0
0.458055062273595 -0.423628500047977 0.0
0.45964984932263 -0.361626187861897 0.0
0.46122775770241 -0.299536629168813 0.0
0.462738880887923 -0.237359737737135 0.0
0.464123835748576 -0.1750984986259 0.0
0.465307185161782 -0.112760745907198 0.0
0.466190102184795 -0.0503617291413403 0.0
0.466642029886714 0.0120729535214384 0.0
0.466491160696127 0.074503029813158 0.0
0.465513837151846 0.136868210500928 0.0
0.463423220130932 0.199080680864587 0.0
0.459857549047807 0.261017831722706 0.0
0.454366508400569 0.322516009552474 0.0
0.446392774932139 0.383367140252201 0.0
0.43526639778684 0.443326675277397 0.0
0.514452935973705 -0.669934095679778 0.0
0.515536922106583 -0.608213812730783 0.0
0.516890710150629 -0.546339760375372 0.0
0.518412601637904 -0.484325544873532 0.0
0.520029554411584 -0.422170322661155 0.0
0.521684835229727 -0.359867589431658 0.0
0.52332709458067 -0.297409728340645 0.0
0.524901713923646 -0.234790409017298 0.0
0.526343227987608 -0.172006685878705 0.0
0.527567856664671 -0.109060770004306 0.0
0.528465390611694 -0.0459629905044668 0.0
0.528889974498164 0.0172642756323154 0.0
0.528649319180148 0.0805803277265125 0.0
0.527491872738072 0.143917325475689 0.0
0.525091029952955 0.207166754411229 0.0
0.521024495205126 0.270161823130477 0.0
0.514744855242341 0.332653917495518 0.0
0.505537817764927 0.394283189353069 0.0
0.492477733886804 0.454554058742146 0.0
0.576279766353492 -0.668955377475176 0.0
0.577348491896593 -0.607148638778751 0.0
0.578722625992046 -0.545140597798515 0.0
0.580280051087111 -0.482930897280435 0.0
0.581941447234234 -0.420508110847089 0.0
0.583647261529477 -0.357857262027141 0.0
0.585343567411205 -0.29496281620958 0.0
0.586972132569377 -0.231809832640849 0.0
0.588462117299271 -0.168385205791489 0.0
0.589722003461481 -0.104678923045628 0.0
0.590630787881908 -0.0406868465195767 0.0
0.591027780024514 0.0235851009812699 0.0
0.590700142822446 0.0881136067869948 0.0
0.589366916082278 0.152846431264896 0.0
0.586657097999882 0.217682446594353 0.0
0.582077727755008 0.282439649391351 0.0
0.574965871887232 0.346801281233285 0.0
0.564418972290367 0.410227796505298 0.0
0.549198748107824 0.471827090701291 0.0
0.63796375472356 -0.668040268478344 0.0
0.639048528521015 -0.606176266871693 0.0
0.640443770406484 -0.544041637970633 0.0
0.642026252773317 -0.481621568332235 0.0
0.643717545724994 -0.418896939020816 0.0
0.645457920416444 -0.35584652980186 0.0
0.647191728023258 -0.292446913211115 0.0
0.648857312476225 -0.228671836159277 0.0
0.650378417572866 -0.164492316089959 0.0
0.651655584580395 -0.0998769021333397 0.0
0.652556467856753 -0.034793302360898 0.0
0.652904160258378 0.0307889610964194 0.0
0.652462078555194 0.0968932153738084 0.0
0.650912929710989 0.163526304785637 0.0
0.647826995957982 0.230659666252196 0.0
0.642611704236933 0.298192705311386 0.0
0.634430351407454 0.365875278612075 0.0
0.622078953561921 0.433139636757383 0.0
0.60383324839029 0.498733619225397 0.0
