-0.544207944637319 -0.696254848157659 0.0
0.688392986043823 -0.729223214362066 0.0
-0.45889139175415 0.61237245798111 0.0
0.61237245798111 0.61237245798111 0.0
-0.483065128001421 -0.698695874226906 0.0
0.689115648952076 -0.667687639694024 0.0
0.574935746509313 0.560826093721856 0.0
-0.477536958327348 0.533750918586535 0.0
-0.421941144472298 -0.700976067073099 0.0
0.690330591079542 -0.605802406881551 0.0
0.524199519993515 0.531783359778043 0.0
-0.490797495148552 0.45892797423653 0.0
-0.360878448781732 -0.703360813293241 0.0
0.69184707553809 -0.543547257905707 0.0
0.470478341565969 0.514703986843475 0.0
-0.499661977476776 0.386917124010725 0.0
-0.299862544579298 -0.705995807126536 0.0
0.69355562631235 -0.480909058216709 0.0
0.415872609984484 0.504076689763243 0.0
-0.505809230882765 0.317091505149491 0.0
-0.238854655521518 -0.708931658959768 0.0
0.695383265579748 -0.417871842610421 0.0
0.360843856256976 0.497284984933686 0.0
-0.510276136271475 0.248952201579116 0.0
-0.177797903905765 -0.71213596046533 0.0
0.69727230285554 -0.354412772483775 0.0
0.305538047587134 0.493042442348411 0.0
-0.51368221529859 0.182130199419853 0.0
-0.116629982487816 -0.715501835629237 0.0
0.699167565875019 -0.290500409614067 0.0
0.250048852716647 0.490681217084579 0.0
-0.516412580739764 0.116356093968798 0.0
-0.0552967221689119 -0.718877320043404 0.0
0.701006905013604 -0.226093575701945 0.0
0.194473221790752 0.489867812559021 0.0
-0.51871619609963 0.0514312885621687 0.0
0.0062377101006151 -0.722097833648956 0.0
0.702712567961781 -0.161140820713221 0.0
0.138931267907618 0.490529945906993 0.0
-0.520759936217044 -0.0127924465252185 0.0
0.0679862692845036 -0.725011493640696 0.0
0.704182131782444 -0.0955794290172194 0.0
0.0836634575858213 0.494104456298569 0.0
-0.52266122020908 -0.0764254066164463 0.0
0.129938629513198 -0.727494717124063 0.0
0.705277844176964 -0.0293347482895059 0.0
0.0275978849144454 0.493246103755517 0.0
-0.524512895096316 -0.139547756572436 0.0
0.192064161072488 -0.729459781441902 0.0
0.705813103695999 0.0376811271286384 0.0
-0.028993109936611 0.492478139934705 0.0
-0.526423464075164 -0.202213020854873 0.0
0.254316047028684 -0.730857254838694 0.0
0.705533748159166 0.105570745533454 0.0
-0.0850698062043512 0.500236867117933 0.0
-0.528784046759658 -0.26445061721233 0.0
0.31663606782998 -0.731676226123924 0.0
0.704089693058527 0.174453370136911 0.0
-0.141128123288485 0.506707741610803 0.0
-0.530211520479678 -0.326594505755184 0.0
0.378958395792439 -0.731944654307755 0.0
0.700987636937537 0.244465461881781 0.0
-0.196447187819988 0.515533699990722 0.0
-0.53190883985356 -0.38867207048565 0.0
0.441214031973254 -0.731731420894129 0.0
0.695505830297547 0.315757206596655 0.0
-0.252595879598399 0.521655648777919 0.0
-0.534343479482809 -0.450497807515194 0.0
0.503335469944178 -0.731150903404504 0.0
0.686529782403463 0.388470052901468 0.0
-0.309404664562636 0.529172137260528 0.0
-0.536810622736977 -0.512126280335149 0.0
0.565262633698285 -0.730370548952776 0.0
0.672217973144572 0.462646961302321 0.0
-0.364279005797544 0.545719200934669 0.0
-0.53937990105407 -0.573603033021996 0.0
0.626952445375888 -0.729622405672375 0.0
0.649324380097778 0.537904605510146 0.0
-0.417768705961193 0.568229481751408 0.0
-0.541748170376955 -0.634965728536294 0.0
-0.480635020306311 -0.637384797776474 0.0
-0.478213505167003 -0.575962977602846 0.0
-0.475664260439055 -0.514389688566214 0.0
-0.473243750852002 -0.452727284876652 0.0
-0.470880545739605 -0.39097704453129 0.0
-0.469099792494202 -0.328977700083347 0.0
-0.467620196005279 -0.266564355808075 0.0
-0.465501992379888 -0.203820486029755 0.0
-0.46363024284741 -0.140826320937279 0.0
-0.4618302868657 -0.0774994995152364 0.0
-0.46000814455793 -0.0137689349478136 0.0
-0.458076955236034 0.0504307007056437 0.0
-0.455930897836722 0.115162651411875 0.0
-0.45342629011756 0.180484120162915 0.0
-0.450361563607478 0.246427604492956 0.0
-0.446457102712548 0.312952713116224 0.0
-0.4413565024191 0.379828249349187 0.0
-0.43475467701631 0.446360721861452 0.0
-0.427077531840573 0.510801524576986 0.0
-0.419487134248308 -0.639634085439635 0.0
-0.416998710678094 -0.578191499084278 0.0
-0.414502390816712 -0.516614915218243 0.0
-0.412129635728277 -0.45489068047348 0.0
-0.409961989294209 -0.392945579939551 0.0
-0.408215382008648 -0.330811203161812 0.0
-0.406590772635875 -0.268509807447596 0.0
-0.404727540794929 -0.205909218979445 0.0
-0.402996408179907 -0.143060222136193 0.0
-0.40133497624069 -0.0799554873762303 0.0
-0.399679902284132 -0.016587309409444 0.0
-0.397965170073123 0.0470374827483267 0.0
-0.396111675298173 0.110884309232088 0.0
-0.39401889424921 0.174870743080068 0.0
-0.391560087308133 0.238833663315983 0.0
-0.388585916238331 0.302484808252142 0.0
-0.384946593677817 0.365370737097179 0.0
-0.380533398326349 0.426907758239787 0.0
-0.374890331945086 0.486653126185686 0.0
-0.358350832915969 -0.642043522371578 0.0
-0.355828730650882 -0.580621837534683 0.0
-0.353393326013599 -0.519066021955298 0.0
-0.351139001975479 -0.457352723541369 0.0
-0.349134199409953 -0.395474749829368 0.0
-0.347421892526466 -0.333469999222306 0.0
-0.345805169038597 -0.271320791454638 0.0
-0.344137405880833 -0.208978963887918 0.0
-0.342573261831813 -0.146484872693295 0.0
-0.341087823050812 -0.0838679488883216 0.0
-0.339639420391423 -0.0211682795664386 0.0
-0.338179958416129 0.0415516436254966 0.0
-0.336650375358106 0.104196938275474 0.0
-0.334974104693752 0.166632008427686 0.0
-0.333049375651419 0.228677405624047 0.0
-0.330740249635161 0.290124103625294 0.0
-0.327870298870495 0.350779246320286 0.0
-0.324210645933141 0.410544970971388 0.0
-0.319764671322725 0.46957885111221 0.0
-0.297233769480866 -0.644725691481574 0.0
-0.294705188052544 -0.583365313730544 0.0
-0.292352223557641 -0.52189028034261 0.0
-0.290225745336652 -0.460292518716649 0.0
-0.288350014458847 -0.39858279539452 0.0
-0.286703409912932 -0.336783933625319 0.0
-0.28516047500502 -0.274894417333919 0.0
-0.283654744997131 -0.212913196830183 0.0
-0.282248865287347 -0.150884459292256 0.0
-0.280928522880285 -0.088855863420217 0.0
-0.279661965775177 -0.026884809777283 0.0
-0.278406835980255 0.0349587544504306 0.0
-0.277105208847789 0.096594102902019 0.0
-0.275674748564466 0.157938656648938 0.0
-0.273997925502309 0.218926145308998 0.0
-0.271913641619095 0.27953776569152 0.0
-0.269221689117981 0.339843154673715 0.0
-0.265757980262881 0.400052634436934 0.0
-0.261823591237142 0.46052963829063 0.0
-0.236121000113463 -0.64772294566677 0.0
-0.233608187024788 -0.58645074115349 0.0
-0.231346540087206 -0.525094839142869 0.0
-0.229340369717587 -0.463654819528544 0.0
-0.227575876505622 -0.402145939108932 0.0
-0.226007263576678 -0.340589642646552 0.0
-0.224551096878675 -0.278998994519871 0.0
-0.223170404746199 -0.21739408078667 0.0
-0.221886312346381 -0.155817925053644 0.0
-0.220684943128717 -0.0943163409374425 0.0
-0.219537003218619 -0.0329366019048041 0.0
-0.218400227536949 0.028276035001114 0.0
-0.217215006721704 0.0892855997673321 0.0
-0.215898296732979 0.150077653656529 0.0
-0.214339473824659 0.210675242433563 0.0
-0.212404496806561 0.27115856432046 0.0
-0.209964113694517 0.331684934626263 0.0
-0.206981037573758 0.392494777744754 0.0
-0.20341154942316 0.453801066878124 0.0
-0.174979392494879 -0.650988392078152 0.0
-0.172502296971658 -0.589807148142325 0.0
-0.170334394113836 -0.528573357528905 0.0
-0.168436176060915 -0.467289814369937 0.0
-0.166765245358678 -0.405973276163396 0.0
-0.165267340938308 -0.344645329329828 0.0
-0.16388247247344 -0.283325693123993 0.0
-0.162584534224166 -0.22203978836972 0.0
-0.161375617219782 -0.160823174251936 0.0
-0.16024112203705 -0.0997103030661511 0.0
-0.159154665187769 -0.0387310821645249 0.0
-0.158078856670015 0.0220933389723254 0.0
-0.156963532763837 0.0827559932373684 0.0
-0.155744908737442 0.143270754190018 0.0
-0.154349553783013 0.203677459982937 0.0
-0.152709725605868 0.264043644020994 0.0
-0.150798268704399 0.324453820363297 0.0
-0.148638722235822 0.384964558943643 0.0
-0.145923294985398 0.445554277850055 0.0
-0.113768269774434 -0.654402112290132 0.0
-0.111348170370293 -0.593294207292017 0.0
-0.109273756764411 -0.532159757178452 0.0
-0.107468522779982 -0.471002485238354 0.0
-0.10587081692225 -0.409838551653617 0.0
-0.104424862577279 -0.348688366979015 0.0
-0.103084644841711 -0.287572531399577 0.0
-0.101829449680135 -0.226514691298559 0.0
-0.100654314351969 -0.165541880767652 0.0
-0.0995468134795958 -0.104677968861876 0.0
-0.0984872284622602 -0.0439409167487649 0.0
-0.0974492276212413 0.0166598677681687 0.0
-0.0964004935703865 0.0771259397017362 0.0
-0.0953054970149388 0.137472164294241 0.0
-0.0941332909828093 0.19772700830526 0.0
-0.0928731701740776 0.257930957254738 0.0
-0.0915501366412602 0.318131020084825 0.0
-0.0901823846460887 0.378386096140973 0.0
-0.0887017064533103 0.438896967679746 0.0
-0.0524496743703227 -0.657804456837366 0.0
-0.0501101317374216 -0.596740430117049 0.0
-0.0481282368381987 -0.535667860346963 0.0
-0.0464004581102846 -0.474590481838056 0.0
-0.0448547596702092 -0.413522987841394 0.0
-0.0434381928651451 -0.352483792205893 0.0
-0.0421150026396567 -0.291491879497839 0.0
-0.0408694791996228 -0.230567318650449 0.0
-0.039696623689428 -0.169730524000062 0.0
-0.0385892802267199 -0.108998489031016 0.0
-0.0375372463331992 -0.0483832336702934 0.0
-0.0365283962146707 0.0121093921312045 0.0
-0.0355510505461086 0.0724800789606412 0.0
-0.0345990824077218 0.132735677341218 0.0
-0.0336817161647292 0.192885664418072 0.0
-0.0328384210809881 0.252934621684896 0.0
-0.0321523661600888 0.312868082554948 0.0
-0.0317779607950072 0.372640398392052 0.0
-0.0322757827350602 0.432151483638481 0.0
0.00900358809237876 -0.661028457251695 0.0
0.0112377897232694 -0.599974656115374 0.0
0.0131280667501786 -0.538921281452279 0.0
0.0147931140767702 -0.477872391570357 0.0
0.0163069303327502 -0.416841427390859 0.0
0.017715962207169 -0.355844819049651 0.0
0.0190464586323991 -0.294899259016351 0.0
0.0203080322317118 -0.23402118606708 0.0
0.0215017003986689 -0.173225896858269 0.0
0.022627415412102 -0.112525157632286 0.0
0.0236847601740718 -0.0519260242620475 0.0
0.0246713748029759 0.00857050400046315 0.0
0.0255797801038507 0.0689707793236439 0.0
0.0263918943826388 0.129290684552621 0.0
0.0270707520720942 0.189558138430371 0.0
0.0275504769062791 0.249819291134859 0.0
0.0277215786787377 0.310153543042372 0.0
0.0273510111150107 0.370703560605163 0.0
0.0254404740487767 0.431649562844021 0.0
0.0706036849839363 -0.663923565653289 0.0
0.0727088870281252 -0.602847481548784 0.0
0.074508811797274 -0.541772036682906 0.0
0.0761247291249097 -0.480702706559914 0.0
0.0776247313006105 -0.419652440131503 0.0
0.0790453765912559 -0.358636058146726 0.0
0.080402872063343 -0.297667912609398 0.0
0.0816994065458331 -0.236761036417934 0.0
0.0829295519839442 -0.175926342934636 0.0
0.0840845650766193 -0.115170809749338 0.0
0.0851522525523915 -0.054496172308558 0.0
0.086114608065804 0.00610312152575773 0.0
0.0869436471872628 0.0666425752381101 0.0
0.0875950550150091 0.127152100421995 0.0
0.0879993739089936 0.18768185629986 0.0
0.0880498459117788 0.248311986416625 0.0
0.0875766281157156 0.309164186203049 0.0
0.0862574245286741 0.370391976463401 0.0
0.0838672867581866 0.431986152706915 0.0
0.132346443502032 -0.666369579092763 0.0
0.13430311241929 -0.605242855785933 0.0
0.136015582038514 -0.544109260045237 0.0
0.137595276604777 -0.482977072313705 0.0
0.139097304463163 -0.421859602821429 0.0
0.140545353377502 -0.360770514168808 0.0
0.14194465840197 -0.299722099060124 0.0
0.143288761498895 -0.238724619631391 0.0
0.144563986817491 -0.1777858737848 0.0
0.145751274621115 -0.116909960165279 0.0
0.146824729072458 -0.0560963914934772 0.0
0.14774796229574 0.00466134872147602 0.0
0.148468388535796 0.0653771117111679 0.0
0.148909130409121 0.126073353536441 0.0
0.148958136734051 0.186779723679619 0.0
0.148453404775516 0.247526610985145 0.0
0.147162692385253 0.308321735674579 0.0
0.144833620994379 0.369081262532349 0.0
0.141728076195507 0.429638248717811 0.0
0.19421300281848 -0.66828288618762 0.0
0.196008811416043 -0.607082562751411 0.0
0.197639908399735 -0.545861501785967 0.0
0.199196324437048 -0.484632025653319 0.0
0.200714282728551 -0.42340839527893 0.0
0.202202361509255 -0.362203435119851 0.0
0.203654121754162 -0.30102780518324 0.0
0.205053664996197 -0.23988996353604 0.0
0.206377941493339 -0.178796391419867 0.0
0.20759645183857 -0.117751165580665 0.0
0.208668376572129 -0.056755987677946 0.0
0.209537712961826 0.00418996290872115 0.0
0.210126546492434 0.0650893444179588 0.0
0.210326507944398 0.125945034959471 0.0
0.209988950001573 0.186755213450007 0.0
0.208916488938289 0.247504961160459 0.0
0.206875483820475 0.308153028943058 0.0
0.203709089919552 0.368645249933363 0.0
0.199537445190728 0.429090504866595 0.0
0.256172741491273 -0.669618076378138 0.0
0.257805293751396 -0.60832676443135 0.0
0.259365604572049 -0.546995861580225 0.0
0.26091233019447 -0.48564233682152 0.0
0.262458597103771 -0.424281348858823 0.0
0.263996785002796 -0.362924750920376 0.0
0.265508767789455 -0.301581705647376 0.0
0.266969141074944 -0.24025950930887 0.0
0.268345247655398 -0.178964568029465 0.0
0.26959501696075 -0.117702754344238 0.0
0.270662843606384 -0.0564802598170894 0.0
0.271473851884334 0.00469565710674206 0.0
0.271926726939999 0.0658151414556839 0.0
0.271885511857128 0.126863817479441 0.0
0.271171757098908 0.187819243121778 0.0
0.26956269666264 0.248648183937106 0.0
0.266813816163239 0.309311024862383 0.0
0.262723112873101 0.369800064376264 0.0
0.25717737394613 0.430207931825891 0.0
0.318187244875937 -0.670367859045109 0.0
0.319666053894619 -0.608973546564136 0.0
0.321171239649091 -0.547516868363142 0.0
0.322722534405779 -0.486018885747564 0.0
0.32430800340373 -0.424494623053503 0.0
0.325904189517133 -0.362954094175627 0.0
0.327482157503885 -0.301404434504629 0.0
0.329007695486824 -0.239851591914313 0.0
0.330439082797172 -0.178301952462874 0.0
0.331723305174643 -0.1167632955485 0.0
0.332790842476639 -0.0552462148058359 0.0
0.333549189240164 0.00623462781266545 0.0
0.333875245959805 0.067658653686434 0.0
0.333607077255591 0.128997569695034 0.0
0.332536713645036 0.190212755933515 0.0
0.330408955091044 0.251255013967422 0.0
0.326934018618119 0.312071560662218 0.0
0.321813523159083 0.372627080349406 0.0
0.314755450504897 0.432928896426381 0.0
0.380213597914331 -0.670563614840239 0.0
0.381560865949703 -0.609059747846642 0.0
0.383031005855546 -0.547467334075749 0.0
0.38460087748671 -0.48580933565669 0.0
0.386234255081399 -0.424098500632444 0.0
0.38789374007308 -0.362341366296267 0.0
0.38954129504631 -0.300541796217413 0.0
0.391135175072985 -0.2387033412924 0.0
0.392625611205561 -0.176831321030107 0.0
0.393949618388988 -0.114934215814254 0.0
0.395024786764253 -0.0530255845440546 0.0
0.395742015341539 0.00887407473239616 0.0
0.395957196478805 0.0707347070658683 0.0
0.395482254290015 0.132513927194139 0.0
0.394076783067539 0.194153206868977 0.0
0.391442820182559 0.255575979282328 0.0
0.387224667181875 0.316689698312576 0.0
0.381010277948817 0.377394432784184 0.0
0.372337703955192 0.437598576062721 0.0
0.442208269104465 -0.670278174923385 0.0
0.443457852351405 -0.608664519312787 0.0
0.444915196482006 -0.546932347621275 0.0
0.446515417418539 -0.485102443121626 0.0
0.448201754794418 -0.423182241728286 0.0
0.449926108748488 -0.361172674181437 0.0
0.451643622262938 -0.29907261501099 0.0
0.453306594218452 -0.23688152132697 0.0
0.454858416667042 -0.174601692007682 0.0
0.456227222098048 -0.11223993733821 0.0
0.457318782475714 -0.0498100111754463 0.0
0.458008414080538 0.0126646310888349 0.0
0.458131702105419 0.075146734134193 0.0
0.457474130475943 0.13758018236125 0.0
0.45575990857332 0.19988280717513 0.0
0.452640225421164 0.261939379430681 0.0
0.447679311848587 0.323595364614453 0.0
0.440335152324731 0.384652968669408 0.0
0.429949900615649 0.444876585395718 0.0
0.504130410770995 -0.669631721803221 0.0
0.505324092462765 -0.607916163466452 0.0
0.506789088020776 -0.546046381270713 0.0
0.50842640640173 -0.484035319577375 0.0
0.510165230188088 -0.421881876166308 0.0
0.511950834647636 -0.359579389960838 0.0
0.513733987669562 -0.29712002441815 0.0
0.515462577781947 -0.234497055051619 0.0
0.517074292346781 -0.171706862917152 0.0
0.518489404221811 -0.10875057746166 0.0
0.519602923553605 -0.0456368573550747 0.0
0.520275670281496 0.0176144408401737 0.0
0.520323804793202 0.0809663633896482 0.0
0.519506354918875 0.144356572715421 0.0
0.517509812261182 0.207684520131819 0.0
0.513927915854573 0.27079471124739 0.0
0.508232677856417 0.33345409566549 0.0
0.499732842688039 0.395323393239162 0.0
0.487526719677577 0.455931452475863 0.0
0.565944047739404 -0.668801540851526 0.0
0.567123972225625 -0.607002284972569 0.0
0.568609874571388 -0.545002548573498 0.0
0.570283136067262 -0.482801684364684 0.0
0.572066943153483 -0.420388277958789 0.0
0.573903942252587 -0.357747396799445 0.0
0.575742537849646 -0.294863464112026 0.0
0.577527286723556 -0.231721331480367 0.0
0.579190881447031 -0.168307429737194 0.0
0.580646364512107 -0.104610893898683 0.0
0.581778631092345 -0.0406261374330793 0.0
0.582434587160173 0.0236432879050393 0.0
0.582411133942224 0.0881778760099851 0.0
0.581439770681601 0.152931436890976 0.0
0.579165454037816 0.217812407935854 0.0
0.575115732179529 0.282653863438356 0.0
0.568654007747944 0.347162701951061 0.0
0.558910774817111 0.410835876571044 0.0
0.544685359607995 0.472834244993013 0.0
0.627617996225802 -0.668037209354617 0.0
0.628814312143636 -0.606183009215433 0.0
0.630321691099279 -0.54406110585732 0.0
0.632020537320682 -0.481656768869846 0.0
0.633834992097839 -0.418951072864659 0.0
0.635707645930609 -0.355923005645278 0.0
0.637585381266088 -0.292549331831079 0.0
0.63940962808801 -0.228803939087535 0.0
0.641108081756881 -0.164657869493649 0.0
0.642586428829617 -0.100079468951372 0.0
0.643719045111667 -0.0350358288061564 0.0
0.644337810492611 0.0305048645705282 0.0
0.644217673869709 0.0965685060463163 0.0
0.643056638443263 0.163166629270387 0.0
0.640445638760154 0.230279097261561 0.0
0.635820601027723 0.297820546589235 0.0
0.628384710281613 0.36556888924705 0.0
0.616988723404902 0.433008908880062 0.0
0.599975244584776 0.498985261041704 0.0
