-0.555797672142788 -0.694643719565709 0.0
0.676576418574877 -0.72935265744776 0.0
-0.471037948131561 0.61237245798111 0.0
0.61237245798111 0.61237245798111 0.0
-0.494655602292932 -0.697167701719277 0.0
0.67743117934752 -0.667823779053447 0.0
0.572414931721006 0.561978311035021 0.0
-0.488616565286714 0.533902469703002 0.0
-0.433530141187806 -0.69952480834285 0.0
0.678773728722476 -0.605952162462094 0.0
0.520555909383285 0.533598356951351 0.0
-0.501289529369827 0.459331038019475 0.0
-0.372462919152961 -0.701981099343589 0.0
0.680419776129819 -0.543717286864774 0.0
0.466092377520678 0.516744715947431 0.0
-0.509854979048052 0.387569605277975 0.0
-0.311439875081847 -0.704676622671849 0.0
0.682263565051546 -0.481105855203115 0.0
0.410875296502569 0.506168319858284 0.0
-0.515872529879308 0.317959683437528 0.0
-0.250423861050546 -0.707660128778895 0.0
0.684234891113466 -0.418101979401814 0.0
0.355310176609244 0.499371262185683 0.0
-0.520313503463744 0.24999814921103 0.0
-0.189360170044565 -0.710900959804962 0.0
0.686278684573453 -0.354683164918589 0.0
0.299523379938197 0.495105848679203 0.0
-0.523759250939466 0.183319176095719 0.0
-0.128188690638586 -0.714296547057954 0.0
0.688342733946027 -0.290818566293172 0.0
0.243595694639937 0.492714886348449 0.0
-0.526571107622783 0.117658155188818 0.0
-0.0668570421780282 -0.717700478837938 0.0
0.690368588569605 -0.2264678075558 0.0
0.187612754135892 0.491864303011887 0.0
-0.528982450204214 0.0528212252188444 0.0
-0.00533048567636865 -0.720953784389891 0.0
0.692283325313772 -0.161580394300358 0.0
0.13168321405127 0.492475662435962 0.0
-0.531149525164655 -0.0113356296236091 0.0
0.0564036338472474 -0.723909469839866 0.0
0.693990927491755 -0.0960946407929794 0.0
0.0760166355658121 0.495791124817909 0.0
-0.533182237916316 -0.0749190877666726 0.0
0.118335426572647 -0.726447763029401 0.0
0.695362190853764 -0.0299368798286484 0.0
0.0196451127072356 0.495180374555019 0.0
-0.535167883440573 -0.138006235301607 0.0
0.180435287916278 -0.728483603952986 0.0
0.69622199561446 0.0369800462567904 0.0
-0.0372371606828965 0.494779370245476 0.0
-0.537210438867621 -0.200647912633654 0.0
0.242657845474439 -0.729969153721351 0.0
0.69633181285348 0.10475851785977 0.0
-0.0936570598153078 0.502146017556006 0.0
-0.539690857063172 -0.262870853320772 0.0
0.304946594122955 -0.730894137436817 0.0
0.695363382538681 0.173518886706922 0.0
-0.149999338524238 0.508494081002153 0.0
-0.541240803872684 -0.325001838354426 0.0
0.367237576237548 -0.731286247921865 0.0
0.692855042617355 0.24340143685134 0.0
-0.205647810978238 0.517094088936092 0.0
-0.543055975724828 -0.38707034710792 0.0
0.429463725730616 -0.731213131251684 0.0
0.688133225603426 0.314566416754792 0.0
-0.262061570546671 0.523349626642375 0.0
-0.545595702112308 -0.448893592923299 0.0
0.491559427942431 -0.730786737983809 0.0
0.680160989494971 0.38718051106463 0.0
-0.319116141059573 0.531049096407917 0.0
-0.548156271692323 -0.510520784273206 0.0
0.553466300272788 -0.730170494639132 0.0
0.667228541021351 0.461351544372221 0.0
-0.374410309820284 0.547130898838621 0.0
-0.550812238093947 -0.571995598788249 0.0
0.615142497305884 -0.729590172872804 0.0
0.646322389797828 0.536872588256986 0.0
-0.428383018851466 0.569207758858826 0.0
-0.553259889032407 -0.633356936023623 0.0
-0.492147466664922 -0.635859737115981 0.0
-0.489647538819814 -0.57444065142109 0.0
-0.48701240586174 -0.512871348254907 0.0
-0.484497126748133 -0.451213700971193 0.0
-0.482030745067726 -0.389469231454001 0.0
-0.480135738665109 -0.327481398634526 0.0
-0.47852900496779 -0.265085473527791 0.0
-0.476281885813159 -0.20236258819878 0.0
-0.474275370838431 -0.139396095074027 0.0
-0.472338582353927 -0.0761054939177564 0.0
-0.470381740030577 -0.0124214265487266 0.0
-0.468323298080058 0.0517198246693041 0.0
-0.466064562630457 0.11638014755667 0.0
-0.463471673747407 0.181616058776955 0.0
-0.460356759799495 0.247461036292738 0.0
-0.456459120550658 0.313879602323359 0.0
-0.451446806589067 0.380654296493689 0.0
-0.445038325382074 0.44712318619401 0.0
-0.437644319016963 0.511595171214161 0.0
-0.431000158898101 -0.638187007356997 0.0
-0.42843344935921 -0.576748918266642 0.0
-0.425850567460922 -0.515177216291431 0.0
-0.423381477256336 -0.453458858183121 0.0
-0.421106789816772 -0.391521990074326 0.0
-0.419241533309898 -0.329398121483905 0.0
-0.417488664978436 -0.267109311058166 0.0
-0.415492167304007 -0.204525823107701 0.0
-0.413622252365971 -0.141697862380581 0.0
-0.411819479591824 -0.0786184339082485 0.0
-0.410024201916371 -0.0152798052825076 0.0
-0.40817500948583 0.048311904751748 0.0
-0.406198643470068 0.112123953317711 0.0
-0.404001932392175 0.176077585194791 0.0
-0.401466988240116 0.240016182767007 0.0
-0.398454041685696 0.303661759218509 0.0
-0.394821046916052 0.366574169035602 0.0
-0.390458462422637 0.428178382307338 0.0
-0.3848694273406 0.488008270074727 0.0
-0.36986234665383 -0.640667306600516 0.0
-0.367262277520935 -0.579248809987142 0.0
-0.364738925112462 -0.517696131590819 0.0
-0.362385288022425 -0.455986440094247 0.0
-0.360269461969864 -0.394112742902561 0.0
-0.358434842728169 -0.332112683131232 0.0
-0.356686535833194 -0.269968930419579 0.0
-0.354880654043966 -0.20763371821483 0.0
-0.353172626076776 -0.145146398640556 0.0
-0.351539957902626 -0.0825354494201798 0.0
-0.349944026369375 -0.0198394705069998 0.0
-0.348340409284786 0.0428813328374398 0.0
-0.346674450895578 0.105535371255727 0.0
-0.344874760270498 0.167991415811708 0.0
-0.342845373575818 0.230075107555948 0.0
-0.340456165837415 0.29158197881235 0.0
-0.337533903354532 0.352320592563618 0.0
-0.333837875225872 0.412188174443992 0.0
-0.329308999991188 0.471337204678717 0.0
-0.308742177817745 -0.643408095043186 0.0
-0.30613586351247 -0.582047988081223 0.0
-0.303692963274701 -0.520572271866641 0.0
-0.301463813735263 -0.458973061090128 0.0
-0.299473088249932 -0.397260986063918 0.0
-0.297700210022307 -0.335458548470045 0.0
-0.296021639568794 -0.27356400032262 0.0
-0.294372910051868 -0.211575781027795 0.0
-0.292817883494029 -0.149536823956485 0.0
-0.291344343635019 -0.0874934450352404 0.0
-0.289923166584584 -0.0255014895090224 0.0
-0.288515201690543 0.0363707655254872 0.0
-0.287066471049874 0.0980440449048234 0.0
-0.285499490312138 0.159436330882202 0.0
-0.283702465402007 0.220479903045571 0.0
-0.281519964659836 0.281150930862685 0.0
-0.27875303786224 0.341508741596835 0.0
-0.275221922608911 0.4017476018558 0.0
-0.27115559476884 0.462211151968504 0.0
-0.247625613595715 -0.64645066206789 0.0
-0.24503500353491 -0.585175134965746 0.0
-0.242681097238399 -0.52381379905743 0.0
-0.240568798079688 -0.462366286971536 0.0
-0.238685440608838 -0.400847576376419 0.0
-0.236986696193246 -0.339278650619061 0.0
-0.235390957214311 -0.277672069896874 0.0
-0.233862946451698 -0.216047202947298 0.0
-0.23242517353711 -0.154446077089846 0.0
-0.231065690797923 -0.0929136540037935 0.0
-0.229757609624531 -0.0314966450113321 0.0
-0.228461619868643 0.0297596660842745 0.0
-0.22712171606911 0.0908182223457582 0.0
-0.22565906879914 0.151661802954785 0.0
-0.22396735018486 0.212308235798618 0.0
-0.221914982125927 0.27282940047847 0.0
-0.219368433775396 0.333371173776806 0.0
-0.216270091212802 0.394161705163987 0.0
-0.212556315852265 0.45541572289578 0.0
-0.186480782532919 -0.649750451184323 0.0
-0.183925324164107 -0.588562461954133 0.0
-0.181662616330112 -0.527318687592909 0.0
-0.179654908274225 -0.466021964804865 0.0
-0.177861582698955 -0.404688764607135 0.0
-0.176230133205228 -0.343340235331221 0.0
-0.174702316832244 -0.281995624783477 0.0
-0.173253552399523 -0.220679821390707 0.0
-0.171887305274122 -0.159427871734028 0.0
-0.170590673866718 -0.0982740330120529 0.0
-0.169339295675136 -0.0372485074694502 0.0
-0.168098117811483 0.0236265561505266 0.0
-0.166819534175324 0.084342252018994 0.0
-0.165442163352193 0.144909394854107 0.0
-0.16389380808547 0.205363675276904 0.0
-0.162104534419573 0.265768012876557 0.0
-0.160037902182788 0.326203920304849 0.0
-0.157702383331648 0.38673186041243 0.0
-0.154809458103079 0.447343088834857 0.0
-0.125268395361932 -0.653192234690132 0.0
-0.122768660799583 -0.592074913537058 0.0
-0.120596712042 -0.530926883381724 0.0
-0.118678832258546 -0.469751980055276 0.0
-0.116955648670404 -0.408566168329082 0.0
-0.11537328437049 -0.347389540355477 0.0
-0.113887347292526 -0.286242370523403 0.0
-0.112478449692986 -0.225148007247105 0.0
-0.111142807729987 -0.164133311542303 0.0
-0.109869293398093 -0.103222280694657 0.0
-0.108639586559732 -0.0424333970138511 0.0
-0.107428756473817 0.0182229498800511 0.0
-0.106205646985637 0.0787468488028058 0.0
-0.104935112741993 0.139151288858055 0.0
-0.103584781622365 0.199462715113606 0.0
-0.102139174408467 0.259720049333439 0.0
-0.100614728866155 0.319970184962801 0.0
-0.0990247689532652 0.380272891894048 0.0
-0.0973191791854962 0.440820368395657 0.0
-0.0639517227209528 -0.656622073706774 0.0
-0.0615303962060095 -0.595546971527131 0.0
-0.0594480292787568 -0.534458522116421 0.0
-0.0576046574732788 -0.473360662543136 0.0
-0.0559308199029522 -0.412267996902821 0.0
-0.0543754585224181 -0.351198734630244 0.0
-0.0529042355291033 -0.290171649254403 0.0
-0.0515024929000394 -0.229206642479462 0.0
-0.0501660791752553 -0.168324075561543 0.0
-0.0488886277440786 -0.107541086934027 0.0
-0.0476606174252528 -0.0468700551136512 0.0
-0.0464703327482168 0.0136826353548605 0.0
-0.0453059087344295 0.0741170858741922 0.0
-0.0441598464188819 0.134439784171258 0.0
-0.0430379051535233 0.194660646930351 0.0
-0.0419731066660691 0.254786563448723 0.0
-0.0410398159121221 0.314808752704958 0.0
-0.0403846083182126 0.374691447530911 0.0
-0.0405454025479236 0.434349234346078 0.0
-0.00250439650902687 -0.659878593270648 0.0
-0.000185285229585979 -0.598813083160342 0.0
0.0018086471698615 -0.537742856378595 0.0
0.0035920731790135 -0.476672232443399 0.0
0.00523634831770246 -0.415614631000418 0.0
0.00678618889295871 -0.354586346070654 0.0
0.00826671253934885 -0.293603923933423 0.0
0.00968681423564044 -0.232683703680168 0.0
0.0110470554973577 -0.171840986151118 0.0
0.0123471160099879 -0.111087702125188 0.0
0.0135865575332887 -0.0504312575102711 0.0
0.0147634264735112 0.0101268014581895 0.0
0.0158713783919431 0.0705920761928441 0.0
0.0168946375059137 0.130979480642121 0.0
0.0178001700668347 0.191315665880109 0.0
0.0185276243210813 0.251644841418598 0.0
0.01897342592366 0.31204244442702 0.0
0.0189121599910893 0.372642057905625 0.0
0.0173969974193176 0.433613098126049 0.0
0.0590854535987232 -0.662816023288231 0.0
0.0612796717461689 -0.6017285031021 0.0
0.0631866917199667 -0.540636423163647 0.0
0.0649236536785117 -0.479545518216899 0.0
0.0665561711062757 -0.418468728885766 0.0
0.0681193718165756 -0.357420766291592 0.0
0.0696286899324888 -0.296415877236115 0.0
0.071085978371762 -0.235467058092089 0.0
0.072485783018075 -0.17458531633564 0.0
0.0738196167180961 -0.113777923076545 0.0
0.0750759162430748 -0.0530471807832893 0.0
0.0762378694430803 0.0076115198780531 0.0
0.0772795369519706 0.0682122085181048 0.0
0.078159856256024 0.128782553747862 0.0
0.0788140950976967 0.189369327126174 0.0
0.079141569130248 0.250047536926937 0.0
0.0789795984578762 0.310931236240331 0.0
0.078017280122962 0.372164959518909 0.0
0.0760236554239375 0.433742475735483 0.0
0.120813890387261 -0.665317829717789 0.0
0.122864559254683 -0.604180684873279 0.0
0.124687773818061 -0.543031659570825 0.0
0.126391071244048 -0.48187921587625 0.0
0.128027469431144 -0.420736609271096 0.0
0.129619652787007 -0.359617377645126 0.0
0.131172511524741 -0.298533718220027 0.0
0.132679687869616 -0.237495885755625 0.0
0.134127969190914 -0.176511811914515 0.0
0.135499151196431 -0.115585927180272 0.0
0.136768721693583 -0.0547183329463184 0.0
0.137902435875722 0.00609658497170385 0.0
0.13885092512752 0.0668714319346927 0.0
0.139541955977956 0.12762713893598 0.0
0.139869791391872 0.188391844899842 0.0
0.139680367384879 0.249195248228709 0.0
0.138750625253939 0.310047223496725 0.0
0.136833434671073 0.370873354157736 0.0
0.13415739951602 0.43151691042383 0.0
0.182662737033031 -0.667302934092588 0.0
0.184558199618624 -0.606093787869069 0.0
0.18630378815336 -0.544859285876164 0.0
0.187986227366315 -0.483611771946051 0.0
0.189640240771993 -0.422365347361002 0.0
0.191273935681161 -0.361132650219426 0.0
0.192881013317482 -0.299924200668939 0.0
0.194446158177127 -0.238748394827657 0.0
0.195947324611499 -0.177611749724318 0.0
0.197355525286816 -0.116518488080139 0.0
0.19863213752472 -0.0554705620114596 0.0
0.199724291334417 0.00553254083213263 0.0
0.200558433798625 0.0664932427016346 0.0
0.201032043108382 0.127414535542146 0.0
0.201003853102202 0.18829554452278 0.0
0.200284952419765 0.249123800299006 0.0
0.198649194015204 0.309862452119297 0.0
0.195937799878014 0.370460726308618 0.0
0.192238764515557 0.431015480959972 0.0
0.244602376956548 -0.668727427247969 0.0
0.246340604337816 -0.607429355604891 0.0
0.248019071994844 -0.546087614921379 0.0
0.249694026765011 -0.484718962733469 0.0
0.251377848221475 -0.42333825347745 0.0
0.253063044409198 -0.36195706020215 0.0
0.254732140123645 -0.30058431534075 0.0
0.256360811156188 -0.239227124005594 0.0
0.257917954944701 -0.177891718241392 0.0
0.259363665494674 -0.116583780540597 0.0
0.260645311550051 -0.0553092408896687 0.0
0.261692042834826 0.00592507086018097 0.0
0.26240785892153 0.0671100480042621 0.0
0.262663557332612 0.12823259392079 0.0
0.262288789482538 0.189272286915331 0.0
0.261069561881978 0.250198660962722 0.0
0.25876844450863 0.310974722530548 0.0
0.255182275778979 0.371591668827672 0.0
0.250179538239325 0.432130130552657 0.0
0.306595585625531 -0.669584612888128 0.0
0.308186072432923 -0.608185996174714 0.0
0.309812773892506 -0.546721589794528 0.0
0.31149418337829 -0.485211974305609 0.0
0.313218472833576 -0.423671728742093 0.0
0.314962927840825 -0.362110500597067 0.0
0.316699760627644 -0.300535100296449 0.0
0.318396315990685 -0.238951135746206 0.0
0.320012952343177 -0.177364579742382 0.0
0.321499433563412 -0.115782660875019 0.0
0.322789932218972 -0.0542152053341797 0.0
0.323796784013949 0.00732421032612622 0.0
0.32440309049795 0.0688165325551716 0.0
0.324454605178879 0.130235554469247 0.0
0.3237524529386 0.191545363944221 0.0
0.322051343426298 0.25269994026588 0.0
0.319070314776906 0.31364936594737 0.0
0.314514542988048 0.374358591064447 0.0
0.308084059320302 0.43482873807813 0.0
0.368600697929045 -0.669905605722151 0.0
0.370065184640509 -0.608400240524457 0.0
0.371659660555985 -0.546803656181915 0.0
0.37336111763745 -0.485138095128269 0.0
0.375134309636887 -0.423415782578544 0.0
0.376943153658666 -0.361642859947657 0.0
0.378751207312848 -0.299822814614154 0.0
0.380518715588254 -0.237958744292641 0.0
0.382198474056821 -0.17605535162662 0.0
0.383730852393066 -0.114120247377043 0.0
0.385037822612783 -0.0521657657150633 0.0
0.386015939434409 0.00978929755875573 0.0
0.386528254328128 0.0717172084798859 0.0
0.386395526499941 0.13357866898391 0.0
0.385387877057649 0.195319119034257 0.0
0.383219197956002 0.256866815194831 0.0
0.37954580080361 0.318134417100842 0.0
0.373965368935424 0.379026139104591 0.0
0.366018110674385 0.439450077040573 0.0
0.430575374939419 -0.669762014371612 0.0
0.43194679862122 -0.608149958213169 0.0
0.433530580367381 -0.546417573149508 0.0
0.435263412677378 -0.484584807855626 0.0
0.437090306352313 -0.422658621008877 0.0
0.43896495543007 -0.360639612855527 0.0
0.440844472821709 -0.298526307544679 0.0
0.4426835289487 -0.236317669882768 0.0
0.444428528611822 -0.174015257707691 0.0
0.446011511532307 -0.111624776104365 0.0
0.447343317815296 -0.0491583667123477 0.0
0.448305772868842 0.0133628200649448 0.0
0.44874269393601 0.0759047661505459 0.0
0.448449784617057 0.13841581979854 0.0
0.447163647574774 0.200819822950091 0.0
0.444550044921375 0.263009347469434 0.0
0.440189640087959 0.324839394058022 0.0
0.43355775180697 0.386122725024888 0.0
0.424010074820054 0.446632492937888 0.0
0.492479784716293 -0.669271562858759 0.0
0.493798613427722 -0.607560852994674 0.0
0.495391373978277 -0.545695138982134 0.0
0.497161966027161 -0.483686645175684 0.0
0.49904194325139 -0.421533993789803 0.0
0.500978718888907 -0.35923035783345 0.0
0.502925326703634 -0.29676766409191 0.0
0.504832362129573 -0.234138760246402 0.0
0.506640947312811 -0.171339296022369 0.0
0.508275805748717 -0.108369227939113 0.0
0.509637717087014 -0.0452354070885978 0.0
0.510594921894012 0.0180450311534236 0.0
0.51097302130681 0.0814391687236592 0.0
0.510542921714996 0.144890578764287 0.0
0.509005895561877 0.208307241253727 0.0
0.505973889306579 0.271545708007275 0.0
0.500941128901493 0.334389433669521 0.0
0.493242840657777 0.396520753661721 0.0
0.482004730151934 0.45749367197933 0.0
0.554278673318082 -0.668607339827851 0.0
0.555585533080576 -0.60681606116532 0.0
0.557199900677913 -0.54482492540005 0.0
0.5590069456704 -0.482632975583034 0.0
0.560932539204288 -0.420228814314542 0.0
0.562921676050657 -0.357597556554348 0.0
0.564925262201255 -0.294723576714191 0.0
0.566890873240057 -0.231591496635998 0.0
0.568755057563848 -0.168187239546854 0.0
0.570435872837634 -0.104499011923715 0.0
0.571824740715362 -0.0405196537969955 0.0
0.572777018081813 0.0237498531171735 0.0
0.573100493788003 0.088294121639813 0.0
0.572540667550609 0.153073496580419 0.0
0.570760533111817 0.218006728060442 0.0
0.567310995274774 0.282943111326843 0.0
0.561585762554234 0.347614927547259 0.0
0.552753899619811 0.411558124150071 0.0
0.53965937590383 0.473989611309624 0.0
0.615941233320643 -0.668012139729439 0.0
0.617264969260116 -0.606168586305795 0.0
0.618901291474982 -0.54406029242883 0.0
0.620734544262885 -0.481672613200287 0.0
0.622691626252561 -0.418986823227249 0.0
0.624717608744997 -0.355982125739018 0.0
0.626762095343375 -0.292635485854736 0.0
0.628769859602406 -0.22892093926 0.0
0.630672910800406 -0.164809552958274 0.0
0.632382588957763 -0.100269452437561 0.0
0.63378069446004 -0.0352670604263827 0.0
0.634708856188583 0.0302308868721796 0.0
0.634954865678856 0.0962530747145205 0.0
0.634233819511529 0.162816134827274 0.0
0.632159816772607 0.229909090334196 0.0
0.628200909232105 0.297463130118404 0.0
0.62160561830415 0.365286642935644 0.0
0.611287941645748 0.432921467973665 0.0
0.595670746457271 0.499317407284952 0.0
