-0.568558051480301 -0.692832242156807 0.0
0.663579496901097 -0.72941221043483 0.0
-0.484328389167786 0.61237245798111 0.0
0.61237245798111 0.61237245798111 0.0
-0.507416816328909 -0.695448003098061 0.0
0.664578314095938 -0.667890936690586 0.0
0.569721097613236 0.563273171687239 0.0
-0.500746978098653 0.534092116233585 0.0
-0.446289573637851 -0.69788994508296 0.0
0.666060678563957 -0.606034336455886 0.0
0.516628219218468 0.535600443650497 0.0
-0.512789723761103 0.459805994917615 0.0
-0.38521702079439 -0.700425138007678 0.0
0.667849346660719 -0.543821557695945 0.0
0.461331794337959 0.519001431374977 0.0
-0.52103742524685 0.388322229435605 0.0
-0.324185515783271 -0.703187279988705 0.0
0.669842574523234 -0.481239087045732 0.0
0.405429166017949 0.508495048711843 0.0
-0.52692025147871 0.318951088132334 0.0
-0.263159682726126 -0.706222910501251 0.0
0.671973120039317 -0.418271091767849 0.0
0.349264265340529 0.501702824454855 0.0
-0.531338745998211 0.251185952912005 0.0
-0.202087213321254 -0.709503146016229 0.0
0.674188702503078 -0.354895433003134 0.0
0.29294022676405 0.497418654602713 0.0
-0.534833009585353 0.184664881676982 0.0
-0.140910449895971 -0.712930040312805 0.0
0.676440268067524 -0.291081899911261 0.0
0.2365227606677 0.494997906230249 0.0
-0.537738615248042 0.119128669545223 0.0
-0.0795790426565101 -0.716363237013904 0.0
0.678673329333341 -0.226790986238408 0.0
0.180084567745156 0.494106627260063 0.0
-0.540271998569161 0.0543887074020575 0.0
-0.0180595386885576 -0.719649953693328 0.0
0.680820161729998 -0.161973240398992 0.0
0.123721327818796 0.494658003515526 0.0
-0.542577816063168 -0.00969436822170361 0.0
0.0436602956011811 -0.722648650814507 0.0
0.682791671000691 -0.0965681064659978 0.0
0.0676122586245559 0.497702267810246 0.0
-0.54475775456138 -0.0732232438964072 0.0
0.105570960648338 -0.72524386262283 0.0
0.684467914358715 -0.030503005595568 0.0
0.010898403585713 0.497349135458574 0.0
-0.546893023402685 -0.136271601033358 0.0
0.167643900717623 -0.727353592724488 0.0
0.685686230526785 0.0363083781532536 0.0
-0.0463023462856401 0.497318986216735 0.0
-0.549082644321099 -0.198887301780029 0.0
0.229835269664715 -0.728931896392363 0.0
0.686225059586837 0.103968191477704 0.0
-0.103092596593558 0.504285250119392 0.0
-0.551696472680427 -0.261094114317201 0.0
0.292090404459905 -0.729969339631778 0.0
0.685779814959362 0.172597864855888 0.0
-0.15975399649801 0.510494343279706 0.0
-0.55338207355717 -0.323210925399181 0.0
0.354347380956831 -0.730493458032632 0.0
0.68392311059128 0.242341599069575 0.0
-0.215770255569961 0.518847146959116 0.0
-0.555327506026259 -0.385269563840687 0.0
0.416541256807939 -0.730570667724699 0.0
0.68003352303857 0.313369991471318 0.0
-0.272484753652348 0.525237252275597 0.0
-0.557983411980349 -0.447090095558442 0.0
0.478608519634445 -0.730310372770026 0.0
0.673158126180332 0.38587564084463 0.0
-0.329817597353666 0.533109592948596 0.0
-0.560647134396789 -0.508715839714466 0.0
0.540492699918753 -0.729871694050208 0.0
0.661730851582128 0.460032886537257 0.0
-0.38556823371992 0.548688963074433 0.0
-0.563398866931571 -0.570188402812433 0.0
0.602153396104009 -0.729473603943979 0.0
0.642997656319393 0.53581613973715 0.0
-0.440078472856819 0.57027889566173 0.0
-0.565934109947329 -0.631548151698372 0.0
-0.504822481553035 -0.634143587761682 0.0
-0.502236057500198 -0.572727586830165 0.0
-0.499506141980139 -0.511162778811331 0.0
-0.496886263988029 -0.449510497289027 0.0
-0.494305817525164 -0.387772547068748 0.0
-0.492284481773845 -0.325797535175621 0.0
-0.490536948455675 -0.26342095037985 0.0
-0.488146456851706 -0.200721341231926 0.0
-0.485989799641771 -0.137785585706586 0.0
-0.483900212709386 -0.074535236663627 0.0
-0.481792515847949 -0.010902849718326 0.0
-0.479590992063975 0.0531735029623532 0.0
-0.477204755351715 0.117754188142173 0.0
-0.474510689355881 0.182894909961386 0.0
-0.471335890278234 0.248630093342173 0.0
-0.467440357142879 0.314929349851185 0.0
-0.462519131244641 0.381589589606726 0.0
-0.456317886130876 0.447982045465842 0.0
-0.449236507167267 0.512476590698147 0.0
-0.44367567983061 -0.636556902965804 0.0
-0.441022645959711 -0.575123943223779 0.0
-0.438344310819222 -0.513557804274709 0.0
-0.435768918108159 -0.451846127804421 0.0
-0.433375964959164 -0.38991855129304 0.0
-0.43137947983433 -0.327806544752094 0.0
-0.429484450830739 -0.265531972487358 0.0
-0.427339793901761 -0.202967763745102 0.0
-0.425315272664499 -0.140163537300003 0.0
-0.423354694530756 -0.0771126988650893 0.0
-0.4214024827807 -0.0138075249269946 0.0
-0.419402313877945 0.0497465910061918 0.0
-0.417287398935402 0.113518837962152 0.0
-0.414972738501783 0.177434353221569 0.0
-0.412350374321665 0.241343435918017 0.0
-0.409291511798002 0.304979059986126 0.0
-0.405663628953555 0.367915373298408 0.0
-0.401358415876496 0.429587122555991 0.0
-0.395839938708801 0.48950520615602 0.0
-0.382535890153789 -0.639115384451206 0.0
-0.379849906834389 -0.577700613985697 0.0
-0.377229636038069 -0.516151628313544 0.0
-0.374766446276593 -0.454446181809076 0.0
-0.372527969064282 -0.392577525035317 0.0
-0.37055800849313 -0.330583058450155 0.0
-0.368663778685921 -0.268445852960431 0.0
-0.366704343945517 -0.206118588410286 0.0
-0.364836036087816 -0.143639557579458 0.0
-0.363039044029021 -0.0810362347254688 0.0
-0.36127813438704 -0.0183456405390235 0.0
-0.359512996711447 0.0443744593377817 0.0
-0.357693944218577 0.107035998603198 0.0
-0.355755486703633 0.169512431513789 0.0
-0.353608398040602 0.231634880751208 0.0
-0.351129535744274 0.293203852097216 0.0
-0.34815020487015 0.354029640855368 0.0
-0.344418842307609 0.414004577062876 0.0
-0.339811504667873 0.473275440705476 0.0
-0.321411785413106 -0.641920685396674 0.0
-0.318719899266238 -0.580561098154698 0.0
-0.316177950166266 -0.519084888619807 0.0
-0.313835563823817 -0.457484395881471 0.0
-0.311717781999168 -0.395770126216976 0.0
-0.309805113193837 -0.333964255856265 0.0
-0.307976055967099 -0.272064798500196 0.0
-0.306168318385004 -0.210069648838662 0.0
-0.304447139999759 -0.148020392950713 0.0
-0.302802648060494 -0.085961898441922 0.0
-0.301208666897013 -0.023948324045676 0.0
-0.299629661230824 0.0379538779206345 0.0
-0.298016122359033 0.0996670453436655 0.0
-0.29629608682309 0.161109854017882 0.0
-0.294364343506808 0.222213169425122 0.0
-0.292072146779185 0.282947965351808 0.0
-0.289222812845055 0.343362729709682 0.0
-0.28562096572534 0.40363457094353 0.0
-0.281417735135363 0.464085247869823 0.0
-0.260290316298111 -0.645012767967818 0.0
-0.257614171857698 -0.583733776531451 0.0
-0.255158712830216 -0.522366697510868 0.0
-0.252929367966629 -0.460911239666537 0.0
-0.250914639549871 -0.399382094247902 0.0
-0.249071758524636 -0.337799754652175 0.0
-0.247321083721753 -0.276176234854335 0.0
-0.245629197865819 -0.214530119476257 0.0
-0.244020167564464 -0.152902343813839 0.0
-0.242484209873828 -0.0913369222444011 0.0
-0.240997143366273 -0.0298799162888554 0.0
-0.239522995610823 0.0314234243697065 0.0
-0.238009850339009 0.0925349565730735 0.0
-0.236383700894666 0.153434567119004 0.0
-0.234543247889844 0.214134571839381 0.0
-0.232360157184865 0.274697953694986 0.0
-0.229697114791307 0.335258159376916 0.0
-0.226475285365381 0.396029538080384 0.0
-0.222609125334012 0.457227531782188 0.0
-0.199141007320436 -0.648349498352941 0.0
-0.196499517724661 -0.587154215613743 0.0
-0.194132504725499 -0.525899626454925 0.0
-0.192004035200819 -0.464588628377954 0.0
-0.190075382970505 -0.403237388880958 0.0
-0.188295930720652 -0.341866579636209 0.0
-0.18660933651814 -0.280494925793028 0.0
-0.184992705572928 -0.219146719142927 0.0
-0.183451051526762 -0.157856423693078 0.0
-0.1819733916586 -0.0966580481646442 0.0
-0.180537659659523 -0.0355820667500406 0.0
-0.179111479032497 0.025348345622719 0.0
-0.177650213222058 0.0861222420651239 0.0
-0.176095363597284 0.14674717085211 0.0
-0.174376467244226 0.207254332328299 0.0
-0.172421764485136 0.267701538838943 0.0
-0.170185371798773 0.328166710627584 0.0
-0.167659799820249 0.388713909557344 0.0
-0.164577793388604 0.449348123186907 0.0
-0.137926121011056 -0.651820701834619 0.0
-0.135339092927317 -0.590693061090531 0.0
-0.133059880035089 -0.529530159338102 0.0
-0.13101774150394 -0.468335964842748 0.0
-0.129155762795532 -0.40712623077252 0.0
-0.127422133671923 -0.345920695511745 0.0
-0.125774245230083 -0.284739264147306 0.0
-0.12419419166186 -0.223604940972849 0.0
-0.12267953188551 -0.162544375244705 0.0
-0.121220630399857 -0.101581677311025 0.0
-0.119800797837835 -0.0407358701561427 0.0
-0.118396776428093 0.0199816088973448 0.0
-0.116978878086539 0.0805692587843752 0.0
-0.115512657283246 0.141038003040212 0.0
-0.113964569881158 0.20141201210765 0.0
-0.112314396283881 0.261728358012476 0.0
-0.110569655218061 0.322033606441237 0.0
-0.108738494438195 0.382388400365451 0.0
-0.106789301623583 0.44297559497919 0.0
-0.0766103225770119 -0.655278680678098 0.0
-0.0740994811595061 -0.594191336308805 0.0
-0.0719066613700829 -0.533085368894123 0.0
-0.0699357611245637 -0.471964943463908 0.0
-0.0681201266922905 -0.41084456527136 0.0
-0.0664107764461392 -0.349742213213364 0.0
-0.064774947556479 -0.288676419391333 0.0
-0.0631991758656567 -0.22766689128804 0.0
-0.0616802998539572 -0.166733922869485 0.0
-0.0602129008156295 -0.105894807189656 0.0
-0.0587883167282064 -0.045162322969955 0.0
-0.0573954363252476 0.0154565296823177 0.0
-0.0560224057475701 0.0759611361397199 0.0
-0.0546605199893601 0.136357445796537 0.0
-0.0533121406162566 0.196655599408644 0.0
-0.0520037141961819 0.256864580536876 0.0
-0.0508004631839929 0.316981181537162 0.0
-0.0498405594880479 0.376979583720274 0.0
-0.0496363300209184 0.436789416486009 0.0
-0.0151682122498145 -0.658568242408857 0.0
-0.0127562870651791 -0.597489701057397 0.0
-0.0106484390157841 -0.536400771543279 0.0
-0.00873439394612186 -0.475306064409602 0.0
-0.00694570305945104 -0.414218974976304 0.0
-0.0052395695763693 -0.353155644112324 0.0
-0.00359215189331944 -0.292132453275175 0.0
-0.00199539289241725 -0.231165629734962 0.0
-0.000449299036811103 -0.170270480993831 0.0
0.00104542247224228 -0.109459127882922 0.0
0.00248819569073023 -0.0487393820290908 0.0
0.00387736209048825 0.0118865702604361 0.0
0.00520762354448811 0.0724234417049337 0.0
0.00646547728543717 0.132884988982601 0.0
0.00762189061416366 0.193296357811973 0.0
0.00862224066032557 0.253699541702979 0.0
0.00936920494312041 0.314165696384173 0.0
0.00964575651122825 0.37481888933483 0.0
0.00856081837933401 0.435817221086555 0.0
0.0464116846809499 -0.661548957135 0.0
0.0487031063306404 -0.600448628627663 0.0
0.0507277925388112 -0.539337983018474 0.0
0.0525983315137987 -0.478223044461945 0.0
0.054377586783778 -0.417116745323645 0.0
0.0560990792038727 -0.356033675864849 0.0
0.0577773483746777 -0.294987967133252 0.0
0.0594138207381144 -0.233992576836593 0.0
0.0610029418980132 -0.173058619952975 0.0
0.0625364172990336 -0.112193697421023 0.0
0.0640032644938536 -0.0514007457314546 0.0
0.0653878416522334 0.00932379438758635 0.0
0.0666662750907654 0.069992318580949 0.0
0.0678008466350357 0.13063002273209 0.0
0.0687317367124323 0.191279966213764 0.0
0.069364620000399 0.252011555443258 0.0
0.0695443688676542 0.312930497363718 0.0
0.0689721999500244 0.374171293714599 0.0
0.0674101540974054 0.435730073701613 0.0
0.108125620043036 -0.664108445571967 0.0
0.110278867808717 -0.602959550827475 0.0
0.112223739461293 -0.541793203025231 0.0
0.11406345370939 -0.480618070025346 0.0
0.115848684069817 -0.419447350718816 0.0
0.11760096288475 -0.358294448668157 0.0
0.11932474633266 -0.297171458938135 0.0
0.121013722914393 -0.236088631703799 0.0
0.122655113616387 -0.175054050394792 0.0
0.12423156387744 -0.114072516799903 0.0
0.125719971608364 -0.0531447891557531 0.0
0.127088309316768 0.00773373852261446 0.0
0.128290569843556 0.0685742711157577 0.0
0.12925940446727 0.129395999352548 0.0
0.129895748143339 0.190225265893613 0.0
0.130053952289977 0.2510907259614 0.0
0.12952069176078 0.312004054162097 0.0
0.128054054334568 0.372900222188934 0.0
0.125844940489503 0.43363322659493 0.0
0.169956105274841 -0.666168551595676 0.0
0.171960287481016 -0.604949377658582 0.0
0.17383164322038 -0.543699678708961 0.0
0.17565318910964 -0.482431831223718 0.0
0.177457935901273 -0.421159768254387 0.0
0.179253412213211 -0.35989592974668 0.0
0.181033410072603 -0.298650689071051 0.0
0.182783185118583 -0.237432382494162 0.0
0.184481716467218 -0.176247577431644 0.0
0.186101587430469 -0.115100673630921 0.0
0.187606481995234 -0.0539939257522342 0.0
0.188946844140197 0.00707279218589081 0.0
0.190053759350317 0.0681015581458484 0.0
0.190830948617524 0.129095339307295 0.0
0.191145046298211 0.190054048552429 0.0
0.190816205699326 0.250967522248141 0.0
0.18962616355525 0.311803258489724 0.0
0.187413383939628 0.372513903881159 0.0
0.184230690660177 0.433183536395804 0.0
0.231874576277006 -0.667687158838503 0.0
0.233728101222875 -0.606381312876919 0.0
0.235536371910138 -0.545027198074759 0.0
0.237352890517231 -0.483641352650578 0.0
0.239189138072101 -0.422238308421732 0.0
0.241037693677815 -0.36082934212862 0.0
0.242881727803774 -0.299423145899897 0.0
0.244698029849878 -0.238026630361038 0.0
0.246457125925729 -0.176645857506147 0.0
0.248121400712698 -0.115286332227826 0.0
0.249641393262719 -0.0539537451212529 0.0
0.2509505678644 0.00734546973830566 0.0
0.251958643958767 0.0686029111145549 0.0
0.252543710152641 0.129806712739842 0.0
0.252544169048081 0.190938426529429 0.0
0.251755453837211 0.251970315261762 0.0
0.249947536080197 0.312867922013135 0.0
0.246915513245359 0.373620940779069 0.0
0.242508020924404 0.434296972833346 0.0
0.293845079429351 -0.668658363175208 0.0
0.295557457560094 -0.60725467511303 0.0
0.297317677083142 -0.545781293585985 0.0
0.299142759275625 -0.48425828847381 0.0
0.301020907635709 -0.422699765854764 0.0
0.302930148120487 -0.36111498710801 0.0
0.304843880100728 -0.299510424011953 0.0
0.306731083689907 -0.237891333803326 0.0
0.308554323742894 -0.176263266062489 0.0
0.310266335637723 -0.114632887844279 0.0
0.311805266000759 -0.0530092451625073 0.0
0.313088685900555 0.00859518704850239 0.0
0.314006427581828 0.0701629017182028 0.0
0.314412608121682 0.131669805312041 0.0
0.314118238566418 0.193082719032116 0.0
0.312888735402419 0.254358787518476 0.0
0.310452522505861 0.315450794967989 0.0
0.306518381802056 0.376323450496047 0.0
0.300777842878607 0.436970775834989 0.0
0.355827302715228 -0.66911311844192 0.0
0.357419802250381 -0.607605784874815 0.0
0.359150934248871 -0.546004132305749 0.0
0.360997720607517 -0.484329633919067 0.0
0.362925902629777 -0.422593960348497 0.0
0.364900763990357 -0.360802838019272 0.0
0.366887538666019 -0.298959363373906 0.0
0.368848582582111 -0.237066164197181 0.0
0.370739434202781 -0.175127303129944 0.0
0.372504076323093 -0.113149488352712 0.0
0.374069227172515 -0.0511437833276428 0.0
0.37533759543525 0.0108727806626119 0.0
0.376180049098286 0.0728748716750486 0.0
0.376427012927639 0.134826377077674 0.0
0.375860123033517 0.196676805510627 0.0
0.374206205197398 0.258359291703549 0.0
0.371134621716845 0.319791607653627 0.0
0.36625360517604 0.380881731711118 0.0
0.35910570385356 0.441536713127393 0.0
0.417780214602886 -0.669121813157171 0.0
0.419284792898425 -0.607511223555729 0.0
0.421007590280575 -0.545778128235975 0.0
0.422886921183245 -0.483941582697964 0.0
0.424869654208805 -0.422008042576055 0.0
0.426911373349589 -0.35997776574118 0.0
0.428971277983502 -0.297848914420548 0.0
0.431006568851569 -0.235619941889594 0.0
0.432966889342648 -0.173291632597157 0.0
0.434788506822582 -0.110868536167129 0.0
0.436387774983867 -0.0483611085640778 0.0
0.437653631943492 0.0142119076597807 0.0
0.43843892197041 0.0768198702979263 0.0
0.438550584200419 0.139415769165192 0.0
0.43773886927299 0.201929665403165 0.0
0.435685606357817 0.264262136759761 0.0
0.431989597010796 0.326277839148159 0.0
0.426145275349175 0.387799979563606 0.0
0.417523040770274 0.448609874213946 0.0
0.479665114596058 -0.668799586866577 0.0
0.4811208154023 -0.60709395506581 0.0
0.482854105921241 -0.545232255875621 0.0
0.484771963775993 -0.483225946533568 0.0
0.486808460907885 -0.421073366202766 0.0
0.488913276386352 -0.35876752268714 0.0
0.491041853671273 -0.296300101360676 0.0
0.493147686522067 -0.233663504944875 0.0
0.49517560107364 -0.170852617179517 0.0
0.497055150272754 -0.10786616368893 0.0
0.49869340713506 -0.0447090987439174 0.0
0.499966742196762 0.0186042949935723 0.0
0.500711138873416 0.0820453231776432 0.0
0.500710611649564 0.145563730235783 0.0
0.499682801155867 0.209076370622035 0.0
0.497259900113327 0.272452271775896 0.0
0.492960948333438 0.335491865804765 0.0
0.486150813900628 0.397899470365925 0.0
0.475985599680503 0.459254053028673 0.0
0.541447576227494 -0.668315028724142 0.0
0.542893364286684 -0.606532320092244 0.0
0.544649085875526 -0.544550215013998 0.0
0.546603987851864 -0.482367438675769 0.0
0.548686803255938 -0.419972623883763 0.0
0.550845021262897 -0.357350944659367 0.0
0.553032213824156 -0.294486729654545 0.0
0.555199194944837 -0.231364362280573 0.0
0.557286677135329 -0.167969233694818 0.0
0.559218165545762 -0.10428857479679 0.0
0.560892205189653 -0.0403135714237761 0.0
0.562173414641831 0.0239574963554883 0.0
0.562881558686404 0.0885135680797879 0.0
0.562777593499328 0.153321843632034 0.0
0.561544511769456 0.218311869144759 0.0
0.558759267007104 0.283349874396371 0.0
0.553849644158962 0.348194541952719 0.0
0.546028547416324 0.412422141234809 0.0
0.534191300370597 0.475306852034823 0.0
0.603097260913203 -0.667903582798307 0.0
0.604560540774899 -0.606071608610313 0.0
0.606338788591165 -0.543977922855236 0.0
0.60832059454821 -0.481607978099401 0.0
0.610435798406206 -0.418943260995976 0.0
0.612632109411103 -0.35596320185898 0.0
0.614862034111299 -0.292644979294095 0.0
0.617073934084475 -0.228962790571746 0.0
0.619204474953447 -0.164887737771108 0.0
0.62117112909854 -0.100387724874767 0.0
0.62286378235615 -0.0354284806403129 0.0
0.62413471354129 0.0300247791096772 0.0
0.624785778452468 0.0960036778419236 0.0
0.624550833824999 0.162530224353386 0.0
0.623069464437993 0.229603103782577 0.0
0.619845199240022 0.297170947502244 0.0
0.614176977829393 0.365074208971663 0.0
0.605050169175724 0.432914640760289 0.0
0.590981368060661 0.499752188641387 0.0
