-0.596818736858799 -0.688635741084923 0.0
0.634819495406218 -0.729062178790938 0.0
-0.513902950286865 0.61237245798111 0.0
0.61237245798111 0.61237245798111 0.0
-0.535678992003867 -0.69144578789129 0.0
0.636126623154949 -0.667558970007241 0.0
0.564013810417032 0.566241493506689 0.0
-0.527700402324007 0.534589458010258 0.0
-0.474546964688306 -0.694065770091934 0.0
0.637909031848577 -0.605736747627588 0.0
0.508167632777533 0.540117418528911 0.0
-0.5383430017338 0.460971146346216 0.0
-0.413461141467384 -0.696765626525216 0.0
0.640005311925118 -0.543573884276769 0.0
0.450961400003632 0.52413861468292 0.0
-0.545885878225856 0.390122021182622 0.0
-0.35240864207387 -0.699664462414178 0.0
0.642322612072496 -0.481056320747504 0.0
0.393488029466727 0.513854930157119 0.0
-0.551469063422168 0.321292759350651 0.0
-0.291358025107752 -0.70280346280117 0.0
0.644800175583867 -0.418168291670002 0.0
0.335953370567552 0.50712408535495 0.0
-0.555836442503593 0.253972274526001 0.0
-0.230262421649776 -0.706157359529627 0.0
0.647391789382392 -0.354888409257717 0.0
0.278403399930714 0.502830249102565 0.0
-0.559436890961678 0.187808484771139 0.0
-0.169069817544266 -0.709638292987953 0.0
0.650055271424382 -0.291187850173285 0.0
0.220867203673163 0.500360121745611 0.0
-0.562548879773238 0.122554705996812 0.0
-0.107734624646665 -0.713119368123295 0.0
0.652744791151338 -0.227029033745492 0.0
0.163387036274339 0.499383117838874 0.0
-0.565351162760792 0.0580342463038678 0.0
-0.0462265271848862 -0.716461753301688 0.0
0.655404025881279 -0.162364833655307 0.0
0.106028488760259 0.499790976349392 0.0
-0.567962515600262 -0.00588177076589297 0.0
0.0154654941805869 -0.719536375483072 0.0
0.657959112399552 -0.0971372285516494 0.0
0.0489131368675228 0.502272525328993 0.0
-0.570466205076525 -0.0692870430272839 0.0
0.0773325606503485 -0.722237766028421 0.0
0.660310519416184 -0.0312761038659547 0.0
-0.00859014342493302 0.502442933690132 0.0
-0.572929766501762 -0.132247572843725 0.0
0.139348254097822 -0.724491188555463 0.0
0.662323041747692 0.0353029000970545 0.0
-0.0665034454370585 0.50313670088264 0.0
-0.575441097595383 -0.194804491214338 0.0
0.201471992523413 -0.726255343098966 0.0
0.663812449544714 0.10270123524238 0.0
-0.124107177708591 0.509291575556164 0.0
-0.578345209908344 -0.256974995191818 0.0
0.263653148780857 -0.727523055494941 0.0
0.664526064829217 0.171042335256908 0.0
-0.181509940614246 0.515171164712603 0.0
-0.580324747345136 -0.319059776188303 0.0
0.325834328845543 -0.728321843029138 0.0
0.664111345223619 0.24047815884498 0.0
-0.238374612060931 0.522967644543945 0.0
-0.582551201487563 -0.381096335180597 0.0
0.387955388770688 -0.728715653843975 0.0
0.662060295009933 0.311199923069019 0.0
-0.295802375743934 0.529611268600305 0.0
-0.585456288039348 -0.442910998672853 0.0
0.449957638003518 -0.728808430947042 0.0
0.657602591311296 0.383451608927703 0.0
-0.353794775924567 0.537773414121863 0.0
-0.588339459728163 -0.504533677781252 0.0
0.511789091509465 -0.728749849095995 0.0
0.649486928174435 0.45753858559049 0.0
-0.410562788904181 0.552240878368287 0.0
-0.591294089256114 -0.566001258802109 0.0
0.573412894176998 -0.728743782986591 0.0
0.635544071449096 0.533791224146799 0.0
-0.466308359575384 0.572698381616365 0.0
-0.594013592305719 -0.627357583957558 0.0
-0.532903313153458 -0.630149253540754 0.0
-0.530135182600843 -0.568740006908586 0.0
-0.527204842236055 -0.50718524004738 0.0
-0.524362350583776 -0.445545101259029 0.0
-0.521537493779345 -0.383822053130708 0.0
-0.519243924073664 -0.321876317900285 0.0
-0.517190936046568 -0.259543954390525 0.0
-0.51448789986921 -0.196897411158288 0.0
-0.512002642642577 -0.134031905235797 0.0
-0.509577588990278 -0.0708735810645686 0.0
-0.507137890995386 -0.00735929618848493 0.0
-0.504620931765554 0.0565688474602102 0.0
-0.501953349670628 0.120967778022747 0.0
-0.49903610362817 0.185891296986045 0.0
-0.495729819484189 0.251375696730763 0.0
-0.491841028719373 0.31740125206688 0.0
-0.48712637671281 0.383795117060144 0.0
-0.481397809748784 0.449998368719607 0.0
-0.475053458795599 0.514510123303676 0.0
-0.471756928228697 -0.632743405503521 0.0
-0.468922662539472 -0.57132204367278 0.0
-0.466042545695371 -0.509768572328589 0.0
-0.463240754446203 -0.448072244317777 0.0
-0.460594068340162 -0.38616607864444 0.0
-0.458314189782363 -0.324081625169258 0.0
-0.456110316649458 -0.26184029826358 0.0
-0.45364223654016 -0.199320908403544 0.0
-0.451278876666949 -0.136571954613924 0.0
-0.44897135184143 -0.0735877984053967 0.0
-0.446673281522529 -0.0103608047194015 0.0
-0.444339877812073 0.0531051516822849 0.0
-0.441919090123027 0.116783402723769 0.0
-0.43934467824054 0.180607465846297 0.0
-0.436531838592587 0.244442526994129 0.0
-0.4333782867469 0.30804514931318 0.0
-0.429776895153139 0.371020414308793 0.0
-0.42563026104116 0.432825260212878 0.0
-0.420332410331418 0.492926276458464 0.0
-0.41061147054234 -0.635464987835192 0.0
-0.407745295472348 -0.574058754936224 0.0
-0.404920052865782 -0.512518386354517 0.0
-0.402223172777796 -0.450823019231772 0.0
-0.399721020415278 -0.388966533620949 0.0
-0.397458158838828 -0.326985885799778 0.0
-0.395246310352891 -0.264865050859569 0.0
-0.392951069187836 -0.202557715409776 0.0
-0.39073089754835 -0.140099934808827 0.0
-0.388572091599072 -0.0775170348957458 0.0
-0.386447189875732 -0.0148426258290188 0.0
-0.38432540242144 0.0478708117906676 0.0
-0.382168695421539 0.110542850894984 0.0
-0.379925670839527 0.173057107633942 0.0
-0.377523645949392 0.235256633941807 0.0
-0.374857489988834 0.296952892420143 0.0
-0.371772546462471 0.357960412082373 0.0
-0.367999697310644 0.418161771320934 0.0
-0.36327776734212 0.47769041540385 0.0
-0.349476713715891 -0.638402211972464 0.0
-0.346605562318993 -0.577043972416216 0.0
-0.343853923982145 -0.515567050028776 0.0
-0.34126951122522 -0.453964357252326 0.0
-0.338877974022303 -0.392246198390912 0.0
-0.336662100230208 -0.330434086950773 0.0
-0.334504819455701 -0.268525521706115 0.0
-0.332348691040165 -0.206517208718285 0.0
-0.330262145921087 -0.144447801855035 0.0
-0.328240709879131 -0.0823589853859434 0.0
-0.326265054057026 -0.0203011864370735 0.0
-0.324308117991837 0.041663217291211 0.0
-0.322330964532793 0.103460244178171 0.0
-0.320274812064468 0.165010356092575 0.0
-0.318050377636377 0.22624177458228 0.0
-0.315525671970583 0.287114777821044 0.0
-0.312511949757136 0.347654934968839 0.0
-0.308782695960317 0.408002178673486 0.0
-0.30431371924414 0.468428679254527 0.0
-0.28834182082059 -0.641591693219749 0.0
-0.285486693802786 -0.580305032142912 0.0
-0.282815966680474 -0.518925424871094 0.0
-0.280335934222492 -0.457452808780421 0.0
-0.278037523563201 -0.395901286290702 0.0
-0.275881336476385 -0.334290286406275 0.0
-0.27379206252868 -0.272630600182824 0.0
-0.271740470462044 -0.21093905358163 0.0
-0.269754228241676 -0.149254135456491 0.0
-0.267828574227244 -0.0876176893447284 0.0
-0.265945651320775 -0.026074208226373 0.0
-0.264077343006731 0.0353313414040789 0.0
-0.262181436471385 0.0965587220350189 0.0
-0.260195512977454 0.157581844224937 0.0
-0.258030703575355 0.218401333676702 0.0
-0.255567721465257 0.279060927942986 0.0
-0.252663271577177 0.339666520840413 0.0
-0.249192743109784 0.400400428924486 0.0
-0.245018435196734 0.461476374404586 0.0
-0.227179504096318 -0.6449963839265 0.0
-0.224358150784911 -0.583784684134021 0.0
-0.221769720524588 -0.522506045395611 0.0
-0.219382085354151 -0.461163537199466 0.0
-0.217160605462272 -0.399772667201338 0.0
-0.215058812635268 -0.33835303460465 0.0
-0.213024597356307 -0.276922160449872 0.0
-0.211038894724793 -0.215502951434173 0.0
-0.209110316938236 -0.154128498179355 0.0
-0.207232377887277 -0.0928321372631929 0.0
-0.205388447829018 -0.0316447828795102 0.0
-0.203552571005922 0.0294083163318753 0.0
-0.201687377688038 0.0903119103760394 0.0
-0.199741717640939 0.151066498016254 0.0
-0.197650294261568 0.211693372075905 0.0
-0.195338984116472 0.272238688210373 0.0
-0.192742503171901 0.33277128527763 0.0
-0.18981807230425 0.39336121987815 0.0
-0.186345533988139 0.454043667223429 0.0
-0.165955615763968 -0.648517190711035 0.0
-0.163186150565847 -0.587366135694555 0.0
-0.160678904213001 -0.5261698596276 0.0
-0.158369606488009 -0.46493263805638 0.0
-0.156206752684375 -0.403669740302348 0.0
-0.154143125654788 -0.34240008032137 0.0
-0.152140129748497 -0.281142683852015 0.0
-0.15018326589463 -0.219919721356502 0.0
-0.148273260482713 -0.158757293982485 0.0
-0.146404058518497 -0.0976796747587234 0.0
-0.144562966586072 -0.0367070001753688 0.0
-0.142730963183114 0.0241470303738229 0.0
-0.140882336493048 0.084877392120529 0.0
-0.138985156220144 0.145490316866995 0.0
-0.137004485532576 0.206004632434634 0.0
-0.134910844938032 0.266452755875694 0.0
-0.132692684937675 0.326879834501012 0.0
-0.130346192468212 0.387348331627235 0.0
-0.127876028111279 0.448020511534433 0.0
-0.104638104670272 -0.652020331517795 0.0
-0.101940112556876 -0.590905041933661 0.0
-0.0995121312511791 -0.529759509377256 0.0
-0.0972666019018803 -0.468588400448718 0.0
-0.0951431221157189 -0.407405972364705 0.0
-0.093097373395374 -0.346229648557137 0.0
-0.0911001820218552 -0.2850773750873 0.0
-0.0891408795825228 -0.223968382678277 0.0
-0.0872187123471666 -0.162922783194948 0.0
-0.0853306566410585 -0.101958203668479 0.0
-0.0834703558495508 -0.0410883489466176 0.0
-0.0816285804242839 0.0196782919034129 0.0
-0.0797942244771275 0.0803392483208839 0.0
-0.0779568443719474 0.140898772752731 0.0
-0.0761123916312033 0.201366634366627 0.0
-0.0742738892196405 0.26175508438396 0.0
-0.0724871590920319 0.322071338925653 0.0
-0.0708712894701841 0.382309180004367 0.0
-0.0698779421552499 0.442428671500033 0.0
-0.0432039354136857 -0.655364586127782 0.0
-0.040597722241079 -0.594256143780177 0.0
-0.0382469749341218 -0.533124757425024 0.0
-0.0360512552135009 -0.471975669146644 0.0
-0.0339486485459441 -0.410822189315268 0.0
-0.0319007141720244 -0.349680083527916 0.0
-0.0298865645760099 -0.288565336885265 0.0
-0.0279001658475463 -0.227493912039781 0.0
-0.025943003676499 -0.16648113728515 0.0
-0.0240169326282279 -0.105539594175973 0.0
-0.022123212790509 -0.04467808355716 0.0
-0.0202633382524434 0.0160996273892275 0.0
-0.0184409043245697 0.0767960242499907 0.0
-0.0166651103112334 0.13742193428353 0.0
-0.0149569013584556 0.197998732252251 0.0
-0.0133588467800971 0.258563164958082 0.0
-0.0119545205137216 0.319177064632614 0.0
-0.0109412864314269 0.379944741236987 0.0
-0.0110859359997804 0.441000554928703 0.0
0.0183572691063857 -0.658421758621813 0.0
0.0208525895239778 -0.597291903410782 0.0
0.023128558411523 -0.536138926555415 0.0
0.0252874973417057 -0.474969475606657 0.0
0.0273860331100979 -0.413796437491205 0.0
0.0294539943539479 -0.352634109974106 0.0
0.0315037963296463 -0.291496352104851 0.0
0.0335357499155849 -0.230396034760841 0.0
0.03554386625511 -0.169344528198641 0.0
0.0375200114259453 -0.108350203234014 0.0
0.0394541567725904 -0.0474174664565747 0.0
0.0413328413413722 0.0134548215328807 0.0
0.0431362705650913 0.0742753200927144 0.0
0.0448335622285153 0.135063627246792 0.0
0.0463751709306251 0.195854496036975 0.0
0.0476803016888134 0.256704922436034 0.0
0.0486101971221591 0.317702144223146 0.0
0.0488927408007708 0.378957809502796 0.0
0.048273868297564 0.440471115716547 0.0
0.0800419791103012 -0.66108913794779 0.0
0.0824109949110711 -0.599913037273392 0.0
0.0846160798092216 -0.538707031543298 0.0
0.0867506353968386 -0.477480225923343 0.0
0.0888599632397558 -0.4162456739614 0.0
0.0909628945078716 -0.35501646856076 0.0
0.0930627749517967 -0.293804475694561 0.0
0.0951532282221969 -0.23261994512367 0.0
0.0972222376112924 -0.171471321009096 0.0
0.0992540919486492 -0.110364270636132 0.0
0.10122852346812 -0.0493010759245616 0.0
0.103118067250833 0.0117205278257323 0.0
0.10488374642997 0.0727084688883837 0.0
0.106468550795119 0.133677786898815 0.0
0.107787663625122 0.194650315191779 0.0
0.10871353605782 0.255651418371119 0.0
0.109053844116119 0.316694966715484 0.0
0.10857702013729 0.377734019582175 0.0
0.107386200662517 0.438645682904012 0.0
0.141834069044431 -0.663295512587902 0.0
0.144067668250018 -0.602053016033046 0.0
0.146208450924884 -0.540768382318665 0.0
0.148330928448686 -0.479454045440571 0.0
0.150464122607007 -0.41812355741185 0.0
0.152614125155591 -0.356788921691284 0.0
0.154774780956258 -0.295460201373795 0.0
0.156932451253742 -0.234145629843762 0.0
0.159068204385326 -0.172851935745991 0.0
0.161157894943097 -0.111583990289182 0.0
0.163170077070429 -0.0503448455576215 0.0
0.165062262213001 0.0108645613956208 0.0
0.166775504889035 0.0720452051634142 0.0
0.168227024840403 0.133199440951704 0.0
0.169300611534212 0.194328046712329 0.0
0.169836095829203 0.255424689545748 0.0
0.16963190310274 0.316465003019383 0.0
0.168518409324305 0.377408449757816 0.0
0.166470931448059 0.438312260021297 0.0
0.203707194694086 -0.665003177002992 0.0
0.205804839013546 -0.603679149808288 0.0
0.207891605009982 -0.542296453867773 0.0
0.210014614039626 -0.480871136320276 0.0
0.212183163359217 -0.419417022763829 0.0
0.214389838582125 -0.357944756641821 0.0
0.216619098910611 -0.296462536561168 0.0
0.218850054104424 -0.234976900951419 0.0
0.221056681804709 -0.173493622052662 0.0
0.223206275267948 -0.112017940954344 0.0
0.225256225324365 -0.0505552129236807 0.0
0.227149384880307 0.0108887108339643 0.0
0.228807987456684 0.0723065542778815 0.0
0.230126131758317 0.133688545742744 0.0
0.23096143906055 0.195019753430262 0.0
0.231129839459468 0.256277438835756 0.0
0.230416636534624 0.317431676260834 0.0
0.228611559259644 0.378467960783542 0.0
0.225520358007064 0.439425689759034 0.0
0.265628161285135 -0.666208363610668 0.0
0.267599472349613 -0.60479269546963 0.0
0.269646560646091 -0.543298431094388 0.0
0.27178290712153 -0.481744518796205 0.0
0.273996609631522 -0.420144045668907 0.0
0.27626719534925 -0.358505463528155 0.0
0.27857056369939 -0.296834558010756 0.0
0.280879189279154 -0.235135897626245 0.0
0.283160400156974 -0.173414217063601 0.0
0.285373400666258 -0.111675112221732 0.0
0.287465050087021 -0.0499261451356722 0.0
0.289364463001569 0.0118223064052183 0.0
0.290976373987538 0.0735556870968047 0.0
0.29217344913779 0.135253946123196 0.0
0.292788555705249 0.196889118931863 0.0
0.292610476462313 0.258424258558006 0.0
0.291387519896301 0.319816654396714 0.0
0.288835420065695 0.381028755977366 0.0
0.284627768909748 0.442038069583088 0.0
0.327559653091688 -0.666941979478848 0.0
0.329424910790528 -0.605429794390228 0.0
0.331450014649162 -0.543816127278713 0.0
0.333611824497328 -0.482120775594124 0.0
0.335878123217371 -0.420354230608122 0.0
0.338217099026529 -0.358521365330835 0.0
0.340597583842137 -0.296624494814174 0.0
0.342986502710544 -0.234665316821267 0.0
0.345345380321711 -0.172646626054691 0.0
0.34762614409703 -0.11057333706919 0.0
0.349766014778675 -0.0484539825590082 0.0
0.351681386926341 0.0136979240662775 0.0
0.353260569672529 0.0758618375925304 0.0
0.354355572169809 0.138007972525481 0.0
0.354773665267833 0.200093839862795 0.0
0.354270236976321 0.262061934168512 0.0
0.352543129330845 0.323839276375554 0.0
0.34922333187189 0.385339493511788 0.0
0.343858362255421 0.446464999700817 0.0
0.38946358772226 -0.667271943125156 0.0
0.391252609163127 -0.605664383601749 0.0
0.393274752906297 -0.54392916269115 0.0
0.395471771542646 -0.482083405881965 0.0
0.397794536124837 -0.420132520769474 0.0
0.400202709367062 -0.358076085582373 0.0
0.402660009800188 -0.295911555931644 0.0
0.405129156107618 -0.233636373964506 0.0
0.407566908306127 -0.171249775589029 0.0
0.409918889256222 -0.108753979589962 0.0
0.412113725689182 -0.0461560296522841 0.0
0.414056260948224 0.0165302106270306 0.0
0.415619588363058 0.0792809320610017 0.0
0.41663588402541 0.142058484192631 0.0
0.416886034871312 0.204805367827226 0.0
0.416087853790584 0.267437931961391 0.0
0.41388062084397 0.329839351630847 0.0
0.409801073259411 0.39185192507285 0.0
0.403251110697367 0.453270082588582 0.0
0.451303878931006 -0.667307824238031 0.0
0.453052547505204 -0.605613494188077 0.0
0.455088669161042 -0.543760379372259 0.0
0.457325966211642 -0.481758306661042 0.0
0.459704001606354 -0.419605064364803 0.0
0.462177373807978 -0.357293372500207 0.0
0.464706769641548 -0.29481447071747 0.0
0.467252030710405 -0.232159890285319 0.0
0.469766155595296 -0.169322976766987 0.0
0.472189423743547 -0.106299958353023 0.0
0.474442962781279 -0.0430919248546585 0.0
0.47642137833952 0.0202926589037533 0.0
0.47798401772895 0.0838337029777439 0.0
0.478944466864863 0.147493483796777 0.0
0.47905737229091 0.211206775126597 0.0
0.478000810646236 0.27486757179915 0.0
0.47535016827939 0.338309820077602 0.0
0.470537395240005 0.401280231937731 0.0
0.462785898206807 0.463403655864388 0.0
0.513048101851741 -0.667208314425096 0.0
0.51479166060187 -0.605444906079487 0.0
0.516852141615815 -0.54348275702103 0.0
0.519127811697721 -0.481319976499602 0.0
0.521553663002414 -0.418945330163109 0.0
0.524082610590683 -0.356344178327557 0.0
0.526674039063508 -0.293500808877518 0.0
0.529285868550185 -0.230399159134932 0.0
0.531868012007296 -0.167023564175282 0.0
0.534356082938105 -0.103359282353619 0.0
0.536664536803095 -0.039394128102912 0.0
0.538678758152634 0.0248791440169146 0.0
0.540245446939353 0.0894583290439632 0.0
0.541160423809896 0.154324635354039 0.0
0.541151955367959 0.21942959134686 0.0
0.539856285366882 0.284673714774259 0.0
0.536779381331396 0.349868711806112 0.0
0.531235721943837 0.414670786223222 0.0
0.522240501857342 0.478464817617697 0.0
0.574667198825109 -0.667192524028493 0.0
0.576429796237648 -0.6053867903759 0.0
0.578514139345502 -0.543325772611099 0.0
0.580818215841072 -0.480995193896885 0.0
0.583278297847486 -0.418377027808749 0.0
0.585847834847243 -0.35545121565855 0.0
0.588485664009518 -0.292195424070811 0.0
0.591148014525927 -0.228584241982545 0.0
0.593781821058002 -0.164588912729876 0.0
0.59631814549652 -0.100176958257083 0.0
0.598664855763844 -0.0353127487860276 0.0
0.600697973140806 0.0300415744111791 0.0
0.602250752731693 0.0959236524821401 0.0
0.603098974776909 0.162366556621573 0.0
0.602939256342329 0.229388849142 0.0
0.601354782364324 0.296974937755562 0.0
0.597758602870002 0.365030708317378 0.0
0.5913006054667 0.433279323232143 0.0
0.580722604039555 0.501001653251724 0.0
